# k_mean_over_bin [h Mpc^-1] P_bin [h^-3 Mpc^3] N_modes
1.069098562002182007e-01 3.667690429687500000e+02 1.800000000000000000e+01
1.868873286631799469e-01 2.902799269153225623e+02 6.200000000000000000e+01
2.625667106132117956e-01 1.187131895727040671e+02 9.800000000000000000e+01
3.401783364159720047e-01 7.079660528273809916e+01 2.100000000000000000e+02
4.270541402271815778e-01 6.061424665178571303e+01 3.500000000000000000e+02
5.128694812456766616e-01 3.527496310763888943e+01 4.500000000000000000e+02
5.924409924947542372e-01 2.721437331291528139e+01 6.020000000000000000e+02
6.723074055719250319e-01 2.102071542814960736e+01 7.620000000000000000e+02
7.587901043808397139e-01 1.677108246223730248e+01 1.142000000000000000e+03
8.455790008544922243e-01 1.417788281250000004e+01 1.250000000000000000e+03
9.266650900755726283e-01 1.256432586376886107e+01 1.458000000000000000e+03
1.007750481597118108e+00 1.086658670410694683e+01 1.814000000000000000e+03
1.092835777828297106e+00 9.062530489554637469e+00 2.178000000000000000e+03
1.177363493043580345e+00 8.231135689801840627e+00 2.498000000000000000e+03
1.258028102048383667e+00 7.187380816170862552e+00 2.622000000000000000e+03
1.340799984066267880e+00 6.715447007002696367e+00 3.338000000000000000e+03
1.426850896250618783e+00 5.699521531602633750e+00 3.722000000000000000e+03
1.512363651158998401e+00 5.452990576288969216e+00 4.170000000000000000e+03
1.594785008970998508e+00 4.666669056906838087e+00 4.358000000000000000e+03
1.677071395354181815e+00 4.549407777115614060e+00 5.034000000000000000e+03
1.761985857460855120e+00 4.201138377231361076e+00 5.714000000000000000e+03
1.846083158874384234e+00 3.872000441428451900e+00 5.982000000000000000e+03
1.928661813341607134e+00 3.601642376363223264e+00 6.602000000000000000e+03
2.011378788847742793e+00 3.501829856241234218e+00 7.130000000000000000e+03
2.095637332393009089e+00 3.218146364279935057e+00 8.034000000000000000e+03
2.180555667263281983e+00 3.019113663432488881e+00 8.606000000000000000e+03
2.264340071811755895e+00 2.911387024666335588e+00 9.066000000000000000e+03
2.348016592997236973e+00 2.678356073391387149e+00 9.962000000000000000e+03
2.431996440706659879e+00 2.675407471860189457e+00 1.055000000000000000e+04
2.515341052179898895e+00 2.469508214747015984e+00 1.122600000000000000e+04
2.598773628370227406e+00 2.400855187664663326e+00 1.214600000000000000e+04
2.681898646405362463e+00 2.325128070214580678e+00 1.260600000000000000e+04
2.765270270259289287e+00 2.213455817091726008e+00 1.380200000000000000e+04
2.849850551988659220e+00 2.109404917734173601e+00 1.475400000000000000e+04
2.933772609879409909e+00 1.995994769728181906e+00 1.519400000000000000e+04
3.017238585326163403e+00 1.944744391561322505e+00 1.645400000000000000e+04
3.101311446264710892e+00 1.863150654548501706e+00 1.715400000000000000e+04
3.185186132992604779e+00 1.798536000971750815e+00 1.826600000000000000e+04
3.268289649175008194e+00 1.730681770833333299e+00 1.875000000000000000e+04
3.351647662541441530e+00 1.705224266704556735e+00 2.023400000000000000e+04
3.436091650782765239e+00 1.623994391025640915e+00 2.145000000000000000e+04
3.520270179566676205e+00 1.602535416287223402e+00 2.196200000000000000e+04
3.603861709535706392e+00 1.552610005008098204e+00 2.346200000000000000e+04
3.687484650452812929e+00 1.501027823704350839e+00 2.404200000000000000e+04
3.771595824668082741e+00 1.445585151612965413e+00 2.594600000000000000e+04
3.855312792317719062e+00 1.399363884581514839e+00 2.611800000000000000e+04
3.938028496533734213e+00 1.364628825301752224e+00 2.750600000000000000e+04
4.021431216072791415e+00 1.348540955282804710e+00 2.906600000000000000e+04
4.105840509662095350e+00 1.309483528325123158e+00 3.045000000000000000e+04
4.190344247210492590e+00 1.295133665569277337e+00 3.174200000000000000e+04
4.273947828100633117e+00 1.224534399224806114e+00 3.225000000000000000e+04
4.357501119655414534e+00 1.199825729927007423e+00 3.425000000000000000e+04
4.441647719320134691e+00 1.171521438871495402e+00 3.545400000000000000e+04
4.525392379562855893e+00 1.134202213248614033e+00 3.643400000000000000e+04
4.608518969537498400e+00 1.132364362460856588e+00 3.768200000000000000e+04
4.691740922213826437e+00 1.098539515415839496e+00 3.929400000000000000e+04
4.776039686402365980e+00 1.068118829358374100e+00 4.142600000000000000e+04
4.860154063182579698e+00 1.056296764310844960e+00 4.206600000000000000e+04
4.943517626628406880e+00 1.019979090020694423e+00 4.349000000000000000e+04
5.027384526744921089e+00 1.000862243446676292e+00 4.570200000000000000e+04
5.111447781105825428e+00 9.840639005339452128e-01 4.663400000000000000e+04
5.195348147294732932e+00 9.686590091702023120e-01 4.855400000000000000e+04
5.278356443076916982e+00 9.430004827859627126e-01 4.887000000000000000e+04
5.361498069859376159e+00 9.304705078655389761e-01 5.155400000000000000e+04
5.446046268496986364e+00 9.186031816185986631e-01 5.409000000000000000e+04
5.530257906132226786e+00 8.899857771476966661e-01 5.431400000000000000e+04
5.614055059061300312e+00 8.668716915963802228e-01 5.691000000000000000e+04
5.697714059662542851e+00 8.626985268214397706e-01 5.748200000000000000e+04
5.781614503695933216e+00 8.396358926038333115e-01 6.062600000000000000e+04
5.865571886738293550e+00 8.192875290004248967e-01 6.120600000000000000e+04
5.948642163157025209e+00 8.117705045349209447e-01 6.257000000000000000e+04
6.032247506670804782e+00 7.964471726190476275e-01 6.573000000000000000e+04
6.116202609789227473e+00 7.776256799590618440e-01 6.668600000000000000e+04
6.200338050909933507e+00 7.686515619171282454e-01 6.969800000000000000e+04
6.284184080576646458e+00 7.526448881486876852e-01 7.002600000000000000e+04
6.367735154784823770e+00 7.435480236885877448e-01 7.274600000000000000e+04
6.451745661739480830e+00 7.281408002102522925e-01 7.491000000000000000e+04
6.535332300795173133e+00 7.193070334579119152e-01 7.572200000000000000e+04
6.618657591294924813e+00 7.082475112595371103e-01 7.837800000000000000e+04
6.702212198046048286e+00 6.913398198331874855e-01 8.003000000000000000e+04
6.786191249900881850e+00 6.862750060857596424e-01 8.318600000000000000e+04
6.870329813067023395e+00 6.718486556734698523e-01 8.466600000000000000e+04
6.954215657456758848e+00 6.614957201228248707e-01 8.654600000000000000e+04
7.037715246920486223e+00 6.560983310924274337e-01 8.813400000000000000e+04
7.121547139301203089e+00 6.431459817234371767e-01 9.153800000000000000e+04
7.205739104639491188e+00 6.352812828813158008e-01 9.313800000000000000e+04
7.289302562894590665e+00 6.168751339597579042e-01 9.447800000000000000e+04
7.372793903598283016e+00 6.129526035991118560e-01 9.727400000000000000e+04
7.456586938722763236e+00 6.056846928603671909e-01 9.969000000000000000e+04
7.540727849410562733e+00 5.963156968880982678e-01 1.025900000000000000e+05
7.624726899722253037e+00 5.846448651464778434e-01 1.037700000000000000e+05
7.708301949249494633e+00 5.774809128340511188e-01 1.063460000000000000e+05
7.792073202214887750e+00 5.669705268964310152e-01 1.085460000000000000e+05
7.875590350490393909e+00 5.572007421472824351e-01 1.107260000000000000e+05
7.958880241426510516e+00 5.504490229540962565e-01 1.123220000000000000e+05
8.042278013378316714e+00 5.449048194947795354e-01 1.158900000000000000e+05
8.126250782754576463e+00 5.383893341212973027e-01 1.187660000000000000e+05
8.210824485795901850e+00 5.298332824841779365e-01 1.222980000000000000e+05
8.294696866383139522e+00 5.233118242689819288e-01 1.220900000000000000e+05
8.378213958279353335e+00 5.159051533562515335e-01 1.258100000000000000e+05
8.461948784979133720e+00 5.055675413448786903e-01 1.281900000000000000e+05
8.545861912066349930e+00 4.995200460040154500e-01 1.309940000000000000e+05
8.629829070974631477e+00 4.919624528873334235e-01 1.337220000000000000e+05
8.713023213538299672e+00 4.853359679596821463e-01 1.338860000000000000e+05
8.796849328478236529e+00 4.781006182491567835e-01 1.405380000000000000e+05
8.881002057237468605e+00 4.697540546716076348e-01 1.405940000000000000e+05
8.964535854632408984e+00 4.658038680237335805e-01 1.435940000000000000e+05
9.048105800131455823e+00 4.598142428747180599e-01 1.463100000000000000e+05
9.132180630417705558e+00 4.511950817291735527e-01 1.506500000000000000e+05
9.216334569657748332e+00 4.471101350928814999e-01 1.519140000000000000e+05
9.299613886090023485e+00 4.412544797683151110e-01 1.533980000000000000e+05
9.383076715811887070e+00 4.335812294921009280e-01 1.578660000000000000e+05
9.466957210946844725e+00 4.279650912186134804e-01 1.606580000000000000e+05
9.551001030929990421e+00 4.233099878429269491e-01 1.641020000000000000e+05
9.634679217300240239e+00 4.188464334309126569e-01 1.649940000000000000e+05
9.718288873285626295e+00 4.130124926405651653e-01 1.698500000000000000e+05
9.802505913321919451e+00 4.099105653781230929e-01 1.729860000000000000e+05
9.886246806166026246e+00 4.013283595178672170e-01 1.738940000000000000e+05
9.969472594688919997e+00 3.976374587759788914e-01 1.767780000000000000e+05
1.005318025662911374e+01 3.936783733127248719e-01 1.818020000000000000e+05
1.013721966898855698e+01 3.872501169142764654e-01 1.844300000000000000e+05
1.022118986876454727e+01 3.813325051938133425e-01 1.872420000000000000e+05
1.030498420635128198e+01 3.761845433639947611e-01 1.902500000000000000e+05
1.038865879785050694e+01 3.719118778236485401e-01 1.925700000000000000e+05
1.047268787066241202e+01 3.685285432450290943e-01 1.982540000000000000e+05
1.055654631656024378e+01 3.635321426588042915e-01 1.980740000000000000e+05
1.063992050874177231e+01 3.600864962261816626e-01 2.020500000000000000e+05
1.072342909671023747e+01 3.544357612699632898e-01 2.055020000000000000e+05
1.080749259245351190e+01 3.488942137672904065e-01 2.106660000000000000e+05
1.089152248600719375e+01 3.429809822008605402e-01 2.124260000000000000e+05
1.097500893551614531e+01 3.405684727909759624e-01 2.139180000000000000e+05
1.105881432508122764e+01 3.354285071087902415e-01 2.209940000000000000e+05
1.114281827806075675e+01 3.315086932674858322e-01 2.215220000000000000e+05
1.122659733627983947e+01 3.286956603988263614e-01 2.263140000000000000e+05
1.131012448294715078e+01 3.235848312097987511e-01 2.272940000000000000e+05
1.139373491340957045e+01 3.197400152707308707e-01 2.329620000000000000e+05
1.147791396342367420e+01 3.162581259618700291e-01 2.378180000000000000e+05
1.156185786192584786e+01 3.134921696071275576e-01 2.383980000000000000e+05
1.164526418449005440e+01 3.084025942556065103e-01 2.414180000000000000e+05
1.172886167625361331e+01 3.047689428546540014e-01 2.468180000000000000e+05
1.181275352276138690e+01 3.025128385773050432e-01 2.499060000000000000e+05
1.189671323999418817e+01 2.979320563835383684e-01 2.547020000000000000e+05
1.198029050867584644e+01 2.953719678344299271e-01 2.544180000000000000e+05
1.206365995307397831e+01 2.918674549843674471e-01 2.603540000000000000e+05
1.214748111162727895e+01 2.870005642062994911e-01 2.649740000000000000e+05
1.223153609351346027e+01 2.828302227766986143e-01 2.687220000000000000e+05
1.231542005092308401e+01 2.806515524079216117e-01 2.715620000000000000e+05
1.239926414254153109e+01 2.773812269581908962e-01 2.755860000000000000e+05
1.248326018835918916e+01 2.749690221367643295e-01 2.801900000000000000e+05
1.256718689365069075e+01 2.710442289028193175e-01 2.828340000000000000e+05
1.265082201539840945e+01 2.678094152172388331e-01 2.851700000000000000e+05
1.273428590217279144e+01 2.650187541395582769e-01 2.898860000000000000e+05
1.281807025163205793e+01 2.613920021377099667e-01 2.944740000000000000e+05
1.290206487994812434e+01 2.591393817738348870e-01 2.994980000000000000e+05
1.298575998115805419e+01 2.560139930006867237e-01 2.999580000000000000e+05
1.306931917580193137e+01 2.540010396981605689e-01 3.058580000000000000e+05
1.315318222821372096e+01 2.512148571481431225e-01 3.107940000000000000e+05
1.323705865044962771e+01 2.479642164432959983e-01 3.130820000000000000e+05
1.332048162954101578e+01 2.455918204944849692e-01 3.160460000000000000e+05
1.340413573615346365e+01 2.417991517000912249e-01 3.222180000000000000e+05
1.348834417846224731e+01 2.380210251413736322e-01 3.285620000000000000e+05
1.357223695452436729e+01 2.359343082106162004e-01 3.279900000000000000e+05
1.365596925306868847e+01 2.336900821547235052e-01 3.352820000000000000e+05
1.373963440686360471e+01 2.309832816174063053e-01 3.359700000000000000e+05
1.382343709261304809e+01 2.290431287165834440e-01 3.440660000000000000e+05
1.390711154340320732e+01 2.266890572358735700e-01 3.437180000000000000e+05
1.399068919637316455e+01 2.239560217981325652e-01 3.514980000000000000e+05
1.407457421522249952e+01 2.218351680594033704e-01 3.544580000000000000e+05
1.415828615108818589e+01 2.188563045227377990e-01 3.585660000000000000e+05
1.424237341329648920e+01 2.174087249263906285e-01 3.661220000000000000e+05
1.432626916020835672e+01 2.147163785503403421e-01 3.658100000000000000e+05
1.440982743915939146e+01 2.110650657792057794e-01 3.716220000000000000e+05
1.449360657137520469e+01 2.097790875192161453e-01 3.759860000000000000e+05
1.457752624362193217e+01 2.076198910170866385e-01 3.821700000000000000e+05
1.466117168697845941e+01 2.048652147423641601e-01 3.818180000000000000e+05
1.474463292325917685e+01 2.028364035138381927e-01 3.895740000000000000e+05
1.482845717927088813e+01 2.007137688659835495e-01 3.936980000000000000e+05
1.491237844591757877e+01 1.982107826417295326e-01 3.994580000000000000e+05
1.499620869344033025e+01 1.963366934180626744e-01 4.022220000000000000e+05
1.507994841028436639e+01 1.942594342404687091e-01 4.069220000000000000e+05
1.516379287905045814e+01 1.925081962348792197e-01 4.128420000000000000e+05
1.524761726947007823e+01 1.905419103891695110e-01 4.153460000000000000e+05
1.533130236314283046e+01 1.888122296299462044e-01 4.211820000000000000e+05
1.541507271489498443e+01 1.869024150153640595e-01 4.250180000000000000e+05
1.549892486087325949e+01 1.840735122802907575e-01 4.311380000000000000e+05
1.558273944082544205e+01 1.825288211182783671e-01 4.343820000000000000e+05
1.566651676212105748e+01 1.810478982182592567e-01 4.395140000000000000e+05
1.575031987626283225e+01 1.793469553984593234e-01 4.447380000000000000e+05
1.583416895458823603e+01 1.773621974616292618e-01 4.489100000000000000e+05
1.591764298541166056e+01 1.755839861867480034e-01 4.506180000000000000e+05
1.600124934657456777e+01 1.734354973789804799e-01 4.595540000000000000e+05
1.608512892540650085e+01 1.726106914507693768e-01 4.631060000000000000e+05
1.616876936376802121e+01 1.703999556299160278e-01 4.670940000000000000e+05
1.625266730092459966e+01 1.697148331729615156e-01 4.749380000000000000e+05
1.633654362034594953e+01 1.680997098091729369e-01 4.771860000000000000e+05
1.642042973451647470e+01 1.657777618018445587e-01 4.846700000000000000e+05
1.650430805090920217e+01 1.640938937342149295e-01 4.870100000000000000e+05
1.658806155565851981e+01 1.632977740850654891e-01 4.933140000000000000e+05
1.667181202155569864e+01 1.606625052637199180e-01 4.963220000000000000e+05
1.675536979785300673e+01 1.598386280600834763e-01 5.017020000000000000e+05
1.683913437464611107e+01 1.581775243234846418e-01 5.085620000000000000e+05
1.692311287467790493e+01 1.569744430880791741e-01 5.142420000000000000e+05
1.700686134416512019e+01 1.548440442412982176e-01 5.161580000000000000e+05
1.709049145912358725e+01 1.537205894734424982e-01 5.226020000000000000e+05
1.717439271307012660e+01 1.518371855083688604e-01 5.306580000000000000e+05
1.725814844798823344e+01 1.507723532993612003e-01 5.300420000000000000e+05
1.734170549116967663e+01 1.496348808310972167e-01 5.388780000000000000e+05
1.742552841692270604e+01 1.480925255683384623e-01 5.441300000000000000e+05
1.750952475613275183e+01 1.465332327174808658e-01 5.511060000000000000e+05
1.759341552867108760e+01 1.449095480539079051e-01 5.539820000000000000e+05
1.767712427740806902e+01 1.438148268358525605e-01 5.582420000000000000e+05
1.776076336549380486e+01 1.431822954861074193e-01 5.645460000000000000e+05
1.784454049115150198e+01 1.412228919147265338e-01 5.704940000000000000e+05
1.792845098480595212e+01 1.400337682614319346e-01 5.767620000000000000e+05
1.801209967098870024e+01 1.388238125698246783e-01 5.782340000000000000e+05
1.809567304656415843e+01 1.383311371156939196e-01 5.856660000000000000e+05
1.817956177579962329e+01 1.373287191982114352e-01 5.944460000000000000e+05
1.826340897759345694e+01 1.355413691726165548e-01 5.952500000000000000e+05
1.834709561527148480e+01 1.347449673890706301e-01 6.034020000000000000e+05
1.843085104599287050e+01 1.331381805437105437e-01 6.073820000000000000e+05
1.851480060957681317e+01 1.325149967180434818e-01 6.170100000000000000e+05
1.859860657464781752e+01 1.312519962612155311e-01 6.167780000000000000e+05
1.868221643305014013e+01 1.301337363504528333e-01 6.247460000000000000e+05
1.876579233005788794e+01 1.285376931337988970e-01 6.280620000000000000e+05
1.884963899569083878e+01 1.277836697111399411e-01 6.394100000000000000e+05
1.893369961008885838e+01 1.264267642008604087e-01 6.429540000000000000e+05
1.901742853382821963e+01 1.255308118051191024e-01 6.459740000000000000e+05
1.910112633018001560e+01 1.243697421727952973e-01 6.534900000000000000e+05
1.918502629066336240e+01 1.235306262731821342e-01 6.607460000000000000e+05
1.926890198512752406e+01 1.226465267789168950e-01 6.646460000000000000e+05
1.935246095562879987e+01 1.216875229472942771e-01 6.672900000000000000e+05
1.943618843304382438e+01 1.209579412628822709e-01 6.790340000000000000e+05
1.952018254288546828e+01 1.197803379340346419e-01 6.827220000000000000e+05
1.960415151947932699e+01 1.186966921125574698e-01 6.912380000000000000e+05
1.968780210242165651e+01 1.178672286386040075e-01 6.886020000000000000e+05
1.977130140774902145e+01 1.166098891700650397e-01 7.008260000000000000e+05
1.985512328577584995e+01 1.159527330364962250e-01 7.056620000000000000e+05
1.993880103532062975e+01 1.147981412710081250e-01 7.100820000000000000e+05
2.002251720567175752e+01 1.140506676520728346e-01 7.191620000000000000e+05
2.010630953640407981e+01 1.130722784700588374e-01 7.222500000000000000e+05
2.019007441105629752e+01 1.121051403945263897e-01 7.315100000000000000e+05
2.027398189270754258e+01 1.115170559935473593e-01 7.364420000000000000e+05
2.035771672240259988e+01 1.099714784457509753e-01 7.408980000000000000e+05
2.044152561001209278e+01 1.092512448210910259e-01 7.501580000000000000e+05
2.052547735138173479e+01 1.081407060160346351e-01 7.548660000000000000e+05
2.060926463402020303e+01 1.074345205901217903e-01 7.608260000000000000e+05
2.069293267341507203e+01 1.065042691980985223e-01 7.640340000000000000e+05
2.077660950204460377e+01 1.057464518134099002e-01 7.738460000000000000e+05
2.086046445382838144e+01 1.051656140103935516e-01 7.797140000000000000e+05
2.094422635366088770e+01 1.041291438282371529e-01 7.843140000000000000e+05
2.102790779658915099e+01 1.033956991730503316e-01 7.913420000000000000e+05
2.111175109708185005e+01 1.024294447769613925e-01 7.994580000000000000e+05
2.119561698133140482e+01 1.019731366201137301e-01 8.049620000000000000e+05
2.127937098747377220e+01 1.011412686832190710e-01 8.095500000000000000e+05
2.136289743529758312e+01 1.000631140452242218e-01 8.134580000000000000e+05
2.144667251561538279e+01 9.937677098012814847e-02 8.274020000000000000e+05
2.153058487447404801e+01 9.865693728895583159e-02 8.286180000000000000e+05
2.161430781897418285e+01 9.804209649272689620e-02 8.369180000000000000e+05
2.169809860621591113e+01 9.683917947700367013e-02 8.428740000000000000e+05
2.178186592258134979e+01 9.623727722355528147e-02 8.493380000000000000e+05
2.186575914903780316e+01 9.545559573580054968e-02 8.589420000000000000e+05
2.194962158415442133e+01 9.492538027975162829e-02 8.609780000000000000e+05
2.203325539668853494e+01 9.410183627839593945e-02 8.683460000000000000e+05
2.211696571376059239e+01 9.324020579520861385e-02 8.751540000000000000e+05
2.220087574207360248e+01 9.256184348532069117e-02 8.862140000000000000e+05
2.228474038685342151e+01 9.213236015038102356e-02 8.873460000000000000e+05
2.236841597704980344e+01 9.154203948441651251e-02 8.949860000000000000e+05
2.245213243389392943e+01 9.083894647220677743e-02 9.027740000000000000e+05
2.253605781739295466e+01 8.989595530273628010e-02 9.121140000000000000e+05
2.261989949900187824e+01 8.929988738024931261e-02 9.150260000000000000e+05
2.270351073009412346e+01 8.839927186510343482e-02 9.201420000000000000e+05
2.278715722706498781e+01 8.793260903059062217e-02 9.297620000000000000e+05
2.287097668523026428e+01 8.721790457855299605e-02 9.376980000000000000e+05
2.295488199422259967e+01 8.646010185634053768e-02 9.447620000000000000e+05
2.303860516955441540e+01 8.580666743826020904e-02 9.482540000000000000e+05
2.312228464582942422e+01 8.522916705859728825e-02 9.568020000000000000e+05
2.320617384356005175e+01 8.493517660681770831e-02 9.676580000000000000e+05
2.329003403044199771e+01 8.408943707706079129e-02 9.697020000000000000e+05
2.337357926991530377e+01 8.330232415639213239e-02 9.740900000000000000e+05
2.345731339274843563e+01 8.284971615568113845e-02 9.884820000000000000e+05
2.354122299663546514e+01 8.236880401998399048e-02 9.919940000000000000e+05
2.362504372012406506e+01 8.167314228844289870e-02 1.001030000000000000e+06
2.370885397094835767e+01 8.113369635486598896e-02 1.005450000000000000e+06
2.379260308853216443e+01 8.026674082701841517e-02 1.013738000000000000e+06
2.387641759766158600e+01 7.995556316126886665e-02 1.021710000000000000e+06
2.396006287668014423e+01 7.928382473188450019e-02 1.023626000000000000e+06
2.404369058312309448e+01 7.876568995369914727e-02 1.035834000000000000e+06
2.412744281115724831e+01 7.819949297934444821e-02 1.040786000000000000e+06
2.421130654323629017e+01 7.763059440650736664e-02 1.053206000000000000e+06
2.429521431171586343e+01 7.719259430209214623e-02 1.057002000000000000e+06
2.437900304005930963e+01 7.682825033508851320e-02 1.063898000000000000e+06
2.446281560559316759e+01 7.608649899280561790e-02 1.072782000000000000e+06
2.454665138918273826e+01 7.566452010101722137e-02 1.078826000000000000e+06
2.463047593346652420e+01 7.505031668171063819e-02 1.087922000000000000e+06
2.471419358613830752e+01 7.460184042736595078e-02 1.090494000000000000e+06
2.479788224447528933e+01 7.407113447939914219e-02 1.101362000000000000e+06
2.488170408610204021e+01 7.383742494156615710e-02 1.109802000000000000e+06
2.496549243986660471e+01 7.321558713035457300e-02 1.114514000000000000e+06
2.504920536425761668e+01 7.260472303114262616e-02 1.123926000000000000e+06
2.513283571770503499e+01 7.211952735202746545e-02 1.125986000000000000e+06
2.521660993392169203e+01 7.178714478065749416e-02 1.143554000000000000e+06
2.530049640187540660e+01 7.112719187610835880e-02 1.144710000000000000e+06
2.538425628289359182e+01 7.071150672043242935e-02 1.154018000000000000e+06
2.546797452488973690e+01 7.016037351870148264e-02 1.159962000000000000e+06
2.555179869471822229e+01 6.981490918764186870e-02 1.170986000000000000e+06
2.563566666461671772e+01 6.912174795143539996e-02 1.178142000000000000e+06
2.571944170984828659e+01 6.884583552821825492e-02 1.182674000000000000e+06
2.580313169207982682e+01 6.847310211275883796e-02 1.191002000000000000e+06
2.588687624829988820e+01 6.800211282256976575e-02 1.200438000000000000e+06
2.597069400893500202e+01 6.741117266351698278e-02 1.208162000000000000e+06
2.605447755360336259e+01 6.705998206759387903e-02 1.215258000000000000e+06
2.613827698295097690e+01 6.678806328596378905e-02 1.224134000000000000e+06
2.622200478464780105e+01 6.636648561472814623e-02 1.228722000000000000e+06
2.630582763864114426e+01 6.598555217213636359e-02 1.243154000000000000e+06
2.638970867910203921e+01 6.550877169123373034e-02 1.245434000000000000e+06
2.647343389639032196e+01 6.492331916579427431e-02 1.255158000000000000e+06
2.655698334590179499e+01 6.448734330325499309e-02 1.255610000000000000e+06
2.664075459217511366e+01 6.428990212412391547e-02 1.277562000000000000e+06
2.672459382145218143e+01 6.379268971856869030e-02 1.274414000000000000e+06
2.680821980594094356e+01 6.340692856070868910e-02 1.285994000000000000e+06
2.689209959394619531e+01 6.289652538916717939e-02 1.299570000000000000e+06
2.697602191334329902e+01 6.262902016861707222e-02 1.302122000000000000e+06
2.705977872814356644e+01 6.217619642418668879e-02 1.311366000000000000e+06
2.714355261554103649e+01 6.176826325097446724e-02 1.319186000000000000e+06
2.722733740409666225e+01 6.137693333529200407e-02 1.327434000000000000e+06
2.731116904834040326e+01 6.095333655127443961e-02 1.337294000000000000e+06
2.739498441427308961e+01 6.060434013167204093e-02 1.342730000000000000e+06
2.747866258082228796e+01 6.009263102801039313e-02 1.350570000000000000e+06
2.756247723469893529e+01 5.978934763024827681e-02 1.362590000000000000e+06
2.764637317716708864e+01 5.937958700567570053e-02 1.369698000000000000e+06
2.773011686037893142e+01 5.900261079965728878e-02 1.374914000000000000e+06
2.781378851120859963e+01 5.875644053969080599e-02 1.383570000000000000e+06
2.789756242253353236e+01 5.828057791316162972e-02 1.395374000000000000e+06
2.798127274786056873e+01 5.793294499654257079e-02 1.396994000000000000e+06
2.806492746953691508e+01 5.762684706488704206e-02 1.411530000000000000e+06
2.814870507983202330e+01 5.724615170001707415e-02 1.417574000000000000e+06
2.823250085536484733e+01 5.691222703267139610e-02 1.428834000000000000e+06
2.831642245547427450e+01 5.658638065159713598e-02 1.439018000000000000e+06
2.840020580335993117e+01 5.613187366470975131e-02 1.440698000000000000e+06
2.848389737328623639e+01 5.595314458448389511e-02 1.453638000000000000e+06
2.856776129641226092e+01 5.556067577041818445e-02 1.463426000000000000e+06
2.865164498472143961e+01 5.530318479997280851e-02 1.471050000000000000e+06
2.873539597999311468e+01 5.474898891942371615e-02 1.476638000000000000e+06
2.881905019890862363e+01 5.445581946639397458e-02 1.484466000000000000e+06
2.890289675093428912e+01 5.428192660446563150e-02 1.501154000000000000e+06
2.898675594616652873e+01 5.385314685431103615e-02 1.501706000000000000e+06
2.907041472198053711e+01 5.358804520271888416e-02 1.511502000000000000e+06
2.915408733972060062e+01 5.314802174369208376e-02 1.520234000000000000e+06
2.923796129814355282e+01 5.282837123210924052e-02 1.535010000000000000e+06
2.932194077207240568e+01 5.264109979667711686e-02 1.543358000000000000e+06
2.940549917698988835e+01 5.230431090363430596e-02 1.535754000000000000e+06
2.948914761948871543e+01 5.200993480325306201e-02 1.564802000000000000e+06
2.957304642502456460e+01 5.161501791703080461e-02 1.563038000000000000e+06
2.965685586864443124e+01 5.140275027147298004e-02 1.578426000000000000e+06
2.974065423044915946e+01 5.105691607618676603e-02 1.581482000000000000e+06
2.982438217008557402e+01 5.078989048516250465e-02 1.592250000000000000e+06
2.990814468646065549e+01 5.034943485017756570e-02 1.602230000000000000e+06
2.999179263215820157e+01 5.009046071080053980e-02 1.604754000000000000e+06
3.007552257970940346e+01 4.988177627631881772e-02 1.623458000000000000e+06
3.015929957087215385e+01 4.953000281554055528e-02 1.624910000000000000e+06
3.024317734005441238e+01 4.929511876626779115e-02 1.645122000000000000e+06
3.032708985436260107e+01 4.906596002291612607e-02 1.645130000000000000e+06
3.041082997219342587e+01 4.875599989521087196e-02 1.655706000000000000e+06
3.049455723219219649e+01 4.846195706407326054e-02 1.663502000000000000e+06
3.057833323294630645e+01 4.816341060116477446e-02 1.675514000000000000e+06
3.066218995697298411e+01 4.791944621960032846e-02 1.685298000000000000e+06
3.074593408191947930e+01 4.760317331492228826e-02 1.689566000000000000e+06
3.082954809468623125e+01 4.731017812969343789e-02 1.697850000000000000e+06
3.091340339641750390e+01 4.708375204969782873e-02 1.718546000000000000e+06
3.099734465130006811e+01 4.691270375655155062e-02 1.719822000000000000e+06
3.108104222338488043e+01 4.644829087575134269e-02 1.726586000000000000e+06
3.116474027426929894e+01 4.621994319468993029e-02 1.739186000000000000e+06
3.124860498828843447e+01 4.600727153792838475e-02 1.751538000000000000e+06
3.133245649887071949e+01 4.573992555438886193e-02 1.758062000000000000e+06
3.141614178307822414e+01 4.545107692242245090e-02 1.763010000000000000e+06
3.149986855610640646e+01 4.528024400076012534e-02 1.778642000000000000e+06
3.158374588400788952e+01 4.503095451452603093e-02 1.788582000000000000e+06
3.166757693376691307e+01 4.463631709584531260e-02 1.794746000000000000e+06
3.175127246931511493e+01 4.443761038851211376e-02 1.803290000000000000e+06
3.183493779085208786e+01 4.423472270766590914e-02 1.811058000000000000e+06
3.191872426101914328e+01 4.397623697738627102e-02 1.828358000000000000e+06
3.200254090967914777e+01 4.372372942241894295e-02 1.831362000000000000e+06
3.208624557094677954e+01 4.338292158491537098e-02 1.842458000000000000e+06
3.216985025736639159e+01 4.322169000724419147e-02 1.846998000000000000e+06
3.225366158768746061e+01 4.303174331317057011e-02 1.869122000000000000e+06
3.233765392466781208e+01 4.271290865996996144e-02 1.876346000000000000e+06
3.242147145466748981e+01 4.250513499291835168e-02 1.879506000000000000e+06
3.250521341167948464e+01 4.224612533710517953e-02 1.893326000000000000e+06
3.258903110732968855e+01 4.200317714396585578e-02 1.901826000000000000e+06
3.267283869534620777e+01 4.180112578728028411e-02 1.911962000000000000e+06
3.275656526575507854e+01 4.159440069497780113e-02 1.919198000000000000e+06
3.284028881372969266e+01 4.132611675116384942e-02 1.930242000000000000e+06
3.292407887898949781e+01 4.118944976864174351e-02 1.942442000000000000e+06
3.300791290112206156e+01 4.092680374221077666e-02 1.951734000000000000e+06
3.309159594029746643e+01 4.067574723765240985e-02 1.955402000000000000e+06
3.317527487811420173e+01 4.043749600630471702e-02 1.971858000000000000e+06
3.325918478063969275e+01 4.030534960108781567e-02 1.984898000000000000e+06
3.334295800125237008e+01 4.006289323215308368e-02 1.986422000000000000e+06
3.342654711354870045e+01 3.981205376510536104e-02 1.996146000000000000e+06
3.351037327631482299e+01 3.957070023836129630e-02 2.017106000000000000e+06
3.359427383821539337e+01 3.945441674857148862e-02 2.020638000000000000e+06
3.367803183712429416e+01 3.927664303549024960e-02 2.029346000000000000e+06
3.376176459220195625e+01 3.904713147635328202e-02 2.041002000000000000e+06
3.384556001022187388e+01 3.884762149942723453e-02 2.051450000000000000e+06
3.392943845922752644e+01 3.865139838911730436e-02 2.065886000000000000e+06
3.401316055039511355e+01 3.834009162910392843e-02 2.064546000000000000e+06
3.409683542659267630e+01 3.822446762538112691e-02 2.082650000000000000e+06
3.418067800810939616e+01 3.802410572208046735e-02 2.095182000000000000e+06
3.426452736710173497e+01 3.785816031724428127e-02 2.101346000000000000e+06
3.434832998306823271e+01 3.755764521373597398e-02 2.115554000000000000e+06
3.443203105705293865e+01 3.743240786891429556e-02 2.115654000000000000e+06
3.451583812868020118e+01 3.722228422080402915e-02 2.141066000000000000e+06
3.459967632687634875e+01 3.702486925094378850e-02 2.139786000000000000e+06
3.468336662819802285e+01 3.684164230402164897e-02 2.152202000000000000e+06
3.476703645977761425e+01 3.661926587488883306e-02 2.161086000000000000e+06
3.485079127028417645e+01 3.647596723639719152e-02 2.176058000000000000e+06
3.493469079655712051e+01 3.621061859086423251e-02 2.190818000000000000e+06
3.501848338903062796e+01 3.605466193560664945e-02 2.191158000000000000e+06
3.510217183339957359e+01 3.585951223952688754e-02 2.205314000000000000e+06
3.518590037953279648e+01 3.580571016323682437e-02 2.215554000000000000e+06
3.526971993052846699e+01 3.551517369837735999e-02 2.230562000000000000e+06
3.535358270636252342e+01 3.533746496047979885e-02 2.239614000000000000e+06
3.543734285600354639e+01 3.519385997098462698e-02 2.245706000000000000e+06
3.552108409358061891e+01 3.497835168922597271e-02 2.259674000000000000e+06
3.560491818170212497e+01 3.488587290395888524e-02 2.273214000000000000e+06
3.568872958243610327e+01 3.464597297176322949e-02 2.278802000000000000e+06
3.577252677462045227e+01 3.447376638162293755e-02 2.294034000000000000e+06
3.585622758416000266e+01 3.428484657782200629e-02 2.294942000000000000e+06
3.593995265006216755e+01 3.408172231393366558e-02 2.317050000000000000e+06
3.602378331164942438e+01 3.398492759623771703e-02 2.322842000000000000e+06
3.610749751390627438e+01 3.383079205834023384e-02 2.330810000000000000e+06
3.619121780725145499e+01 3.368270486406832465e-02 2.345958000000000000e+06
3.627496104714246883e+01 3.348286269335388338e-02 2.353586000000000000e+06
3.635885802177431714e+01 3.334199997054132503e-02 2.376210000000000000e+06
3.644273375320676678e+01 3.312929208419281013e-02 2.374502000000000000e+06
3.652641723315417011e+01 3.295549712824544231e-02 2.386346000000000000e+06
3.661016003667585750e+01 3.279148351173565706e-02 2.401314000000000000e+06
3.669398675014319622e+01 3.263155013062680326e-02 2.411450000000000000e+06
3.677774362791269880e+01 3.246467706069025572e-02 2.420718000000000000e+06
3.686138542781196037e+01 3.234823133858585886e-02 2.425754000000000000e+06
3.694523701027373619e+01 3.212884571247848209e-02 2.455218000000000000e+06
3.702912063015348565e+01 3.196709992015314694e-02 2.450942000000000000e+06
3.711286066480837320e+01 3.176937879236197554e-02 2.467130000000000000e+06
3.719659282330948713e+01 3.173071260395478321e-02 2.474874000000000000e+06
3.728037731851799208e+01 3.149392789080462940e-02 2.490362000000000000e+06
3.736414979091281197e+01 3.140021476461306305e-02 2.498142000000000000e+06
3.744783790554325975e+01 3.120857061872529467e-02 2.507090000000000000e+06
3.753161089290124863e+01 3.104268228220094863e-02 2.525562000000000000e+06
3.761546125363399540e+01 3.086509338188821866e-02 2.534726000000000000e+06
3.769935318534805191e+01 3.082261292180966603e-02 2.549906000000000000e+06
3.778311927771562750e+01 3.063829072578843141e-02 2.551074000000000000e+06
3.786687072097435447e+01 3.050264516754567362e-02 2.570702000000000000e+06
3.795064452686742129e+01 3.034702555248457514e-02 2.574642000000000000e+06
3.803440602811515703e+01 3.019658315844700805e-02 2.594066000000000000e+06
3.811814083290802557e+01 3.005442166203818252e-02 2.594802000000000000e+06
3.820178788957619531e+01 2.985337613369678025e-02 2.612030000000000000e+06
3.828560806097936364e+01 2.975778638058352785e-02 2.627954000000000000e+06
3.836951237816947469e+01 2.958559612797596883e-02 2.640402000000000000e+06
3.845325054821010724e+01 2.945762778757457165e-02 2.641454000000000000e+06
3.853698686701612530e+01 2.930150790770574137e-02 2.661834000000000000e+06
3.862077152240886591e+01 2.916871593937818072e-02 2.669138000000000000e+06
3.870457668857440581e+01 2.901907428623785520e-02 2.684858000000000000e+06
3.878838810440694118e+01 2.889739031741965850e-02 2.693910000000000000e+06
3.887209610060705955e+01 2.879210987821660683e-02 2.701682000000000000e+06
3.895591541384992951e+01 2.858794325977394649e-02 2.722698000000000000e+06
3.903970878692612700e+01 2.847538144956338405e-02 2.725262000000000000e+06
3.912346323929788383e+01 2.839306835584969393e-02 2.742450000000000000e+06
3.920722013046969323e+01 2.828148864938087592e-02 2.749850000000000000e+06
3.929096158370429492e+01 2.809425429157763263e-02 2.763902000000000000e+06
3.937477573634135553e+01 2.798508402741337400e-02 2.778498000000000000e+06
3.945853339307303997e+01 2.785528156906192515e-02 2.784530000000000000e+06
3.954233951365999644e+01 2.775397711427456462e-02 2.804106000000000000e+06
3.962614155532578053e+01 2.760379501226070328e-02 2.809790000000000000e+06
3.970993115735726064e+01 2.754684317543215286e-02 2.825058000000000000e+06
3.979370973670097555e+01 2.737798152473423785e-02 2.834330000000000000e+06
3.987739375837353606e+01 2.719771895678499418e-02 2.842022000000000000e+06
3.996117659102883124e+01 2.712631477257733056e-02 2.864754000000000000e+06
4.004492507367432097e+01 2.695829198941688751e-02 2.864186000000000000e+06
4.012855801902023956e+01 2.682359548649818071e-02 2.879538000000000000e+06
4.021232599228400773e+01 2.672469486927539148e-02 2.899454000000000000e+06
4.029612162727031688e+01 2.663979706692724825e-02 2.904258000000000000e+06
4.038001131135030874e+01 2.646112531029945134e-02 2.930234000000000000e+06
4.046390848166176823e+01 2.636143184938450831e-02 2.929526000000000000e+06
4.054763895091686976e+01 2.623274679246013694e-02 2.942442000000000000e+06
4.063145602871991713e+01 2.612534133395928715e-02 2.960810000000000000e+06
4.071526025477401589e+01 2.599142874560617100e-02 2.964954000000000000e+06
4.079900469843234134e+01 2.585310829998222273e-02 2.980910000000000000e+06
4.088275455494471800e+01 2.573505534811690310e-02 2.990978000000000000e+06
4.096655099355582053e+01 2.563556096652309935e-02 3.007626000000000000e+06
4.105038506696493528e+01 2.555436666947097368e-02 3.019166000000000000e+06
4.113408514747818856e+01 2.540572587211900601e-02 3.021090000000000000e+06
4.121781401966371305e+01 2.531270465353428062e-02 3.047834000000000000e+06
4.130168676574312769e+01 2.517020291089445971e-02 3.055590000000000000e+06
4.138552050109588976e+01 2.509591218039423227e-02 3.068546000000000000e+06
4.146914577407831359e+01 2.499243067704417717e-02 3.067274000000000000e+06
4.155286479481431883e+01 2.483992340927768452e-02 3.098058000000000000e+06
4.163678258255396258e+01 2.476609391875245550e-02 3.109214000000000000e+06
4.172055832134024200e+01 2.466630251303180907e-02 3.110466000000000000e+06
4.180418526461116357e+01 2.454551087499239753e-02 3.124370000000000000e+06
4.188792935761906477e+01 2.443293731517403450e-02 3.144174000000000000e+06
4.197185138929292947e+01 2.432698062347354515e-02 3.161738000000000000e+06
4.205562112114309059e+01 2.421515266354208606e-02 3.159890000000000000e+06
4.213924805322351830e+01 2.410635038946006697e-02 3.174138000000000000e+06
4.222299894826061717e+01 2.399292636547279214e-02 3.195926000000000000e+06
4.230691258081674988e+01 2.386858820459452843e-02 3.211386000000000000e+06
4.239080415901788967e+01 2.381518382099416173e-02 3.219314000000000000e+06
4.247453169083237157e+01 2.365843514977860468e-02 3.225494000000000000e+06
4.255825507974662258e+01 2.358415775858719102e-02 3.242562000000000000e+06
4.264203752623418353e+01 2.345700816589663812e-02 3.257450000000000000e+06
4.272584879897986099e+01 2.337049511519620829e-02 3.269118000000000000e+06
4.280959718026213068e+01 2.324693430860067314e-02 3.278930000000000000e+06
4.289324313363174213e+01 2.314382378333561252e-02 3.286650000000000000e+06
4.297705823947939763e+01 2.306554405326523283e-02 3.316610000000000000e+06
4.306095854823670521e+01 2.296342848818410179e-02 3.321542000000000000e+06
4.314470014373539897e+01 2.288622761731886820e-02 3.328578000000000000e+06
4.322841831305547800e+01 2.277460593921091028e-02 3.345074000000000000e+06
4.331221276153173960e+01 2.269218946237096246e-02 3.361686000000000000e+06
4.339600557191744912e+01 2.262502570686840062e-02 3.369722000000000000e+06
4.347974360653208947e+01 2.249280157682207251e-02 3.385290000000000000e+06
4.356345927572596111e+01 2.237595214102265292e-02 3.391370000000000000e+06
4.364729718140662129e+01 2.230733293509196483e-02 3.422966000000000000e+06
4.373115310142490841e+01 2.224206713012108830e-02 3.419538000000000000e+06
4.381493904908852244e+01 2.210341511131965267e-02 3.441890000000000000e+06
4.389872518355250719e+01 2.203040420793472148e-02 3.447582000000000000e+06
4.398251250846917060e+01 2.196757129291826427e-02 3.466298000000000000e+06
4.406617792640594899e+01 2.187094475958356599e-02 3.466194000000000000e+06
4.414985741111507167e+01 2.175721590137861400e-02 3.492062000000000000e+06
4.423365507571194399e+01 2.165786238686494281e-02 3.503114000000000000e+06
4.431743533444053895e+01 2.157321767421653894e-02 3.517146000000000000e+06
4.440128817701192787e+01 2.150614067600643137e-02 3.535706000000000000e+06
4.448508293520813339e+01 2.140524560123308398e-02 3.539742000000000000e+06
4.456885232151149978e+01 2.131416593582821650e-02 3.558698000000000000e+06
4.465264799184704714e+01 2.122934935766901052e-02 3.570122000000000000e+06
4.473644620586907905e+01 2.113356065493613226e-02 3.585174000000000000e+06
4.482021823753251510e+01 2.101731677797209416e-02 3.594314000000000000e+06
4.490398199496299014e+01 2.092392763750540452e-02 3.612258000000000000e+06
4.498774280066585618e+01 2.084398009257289880e-02 3.620282000000000000e+06
4.507149731418039096e+01 2.077973330401272287e-02 3.639078000000000000e+06
4.515529296565681960e+01 2.067195482748702268e-02 3.650450000000000000e+06
4.523902850959706967e+01 2.057028776146290969e-02 3.661418000000000000e+06
4.532276634990883224e+01 2.049718944126401043e-02 3.677694000000000000e+06
4.540659508440727876e+01 2.041359426720072354e-02 3.695978000000000000e+06
4.549038931088257698e+01 2.033799372976199255e-02 3.702810000000000000e+06
4.557410984910109875e+01 2.027488096253608069e-02 3.716162000000000000e+06
4.565793710884364032e+01 2.018983973063243759e-02 3.740094000000000000e+06
4.574173858314507868e+01 2.009721734750012992e-02 3.740954000000000000e+06
4.582547487248402263e+01 2.002528087348236230e-02 3.760946000000000000e+06
4.590929724167653347e+01 1.995829846295057997e-02 3.778278000000000000e+06
4.599310294070550498e+01 1.985851689942355267e-02 3.784922000000000000e+06
4.607688647938994819e+01 1.975451790032549740e-02 3.805266000000000000e+06
4.616063114034604098e+01 1.968055943294694243e-02 3.807686000000000000e+06
4.624436961981203353e+01 1.959606729683052717e-02 3.833130000000000000e+06
4.632816579644655519e+01 1.951997424189814631e-02 3.841898000000000000e+06
4.641196142457300766e+01 1.943026656564907778e-02 3.858074000000000000e+06
4.649571814796405533e+01 1.936698043202151123e-02 3.868974000000000000e+06
4.657948650465218066e+01 1.930058455621381022e-02 3.885362000000000000e+06
4.666326012374663890e+01 1.920635193572053576e-02 3.898290000000000000e+06
4.674697557759400013e+01 1.915010376960351798e-02 3.907334000000000000e+06
4.683072185148795086e+01 1.905048275778686850e-02 3.928730000000000000e+06
4.691446205725140572e+01 1.898757928981020804e-02 3.936666000000000000e+06
4.699827339304534490e+01 1.892698095861861107e-02 3.961346000000000000e+06
4.708217883775101598e+01 1.883441438069668669e-02 3.975774000000000000e+06
4.716589489477312469e+01 1.876633024722765622e-02 3.970106000000000000e+06
4.724959403662504087e+01 1.867632401321952379e-02 4.003170000000000000e+06
4.733350988050379016e+01 1.860710065945061706e-02 4.019558000000000000e+06
4.741737501115326126e+01 1.853348212844063356e-02 4.025642000000000000e+06
4.750102520144735507e+01 1.845622387063815609e-02 4.028514000000000000e+06
4.758473950277736009e+01 1.837528272357132758e-02 4.059398000000000000e+06
4.766858069315918556e+01 1.829037972390417516e-02 4.069674000000000000e+06
4.775237333775331194e+01 1.825650542412783628e-02 4.083698000000000000e+06
4.783614237112322343e+01 1.818217960739498124e-02 4.095210000000000000e+06
4.791988490245709897e+01 1.807067526221755802e-02 4.110518000000000000e+06
4.800366139183459069e+01 1.798572723445242966e-02 4.126850000000000000e+06
4.808744155042190727e+01 1.794300493597519169e-02 4.140114000000000000e+06
4.817110248164115660e+01 1.785870382257056382e-02 4.144070000000000000e+06
4.825485289941014599e+01 1.779161972957530105e-02 4.175802000000000000e+06
4.833872317014574804e+01 1.772253999754529880e-02 4.187882000000000000e+06
4.842255739313756635e+01 1.765819417157825713e-02 4.199250000000000000e+06
4.850630200152498617e+01 1.758157622799944725e-02 4.209326000000000000e+06
4.858999651144587517e+01 1.753505857825315636e-02 4.222130000000000000e+06
4.867384498554194749e+01 1.745877123284483509e-02 4.254258000000000000e+06
4.875769237889889496e+01 1.737859703506990441e-02 4.252478000000000000e+06
4.884143639731927777e+01 1.731207602071136928e-02 4.270698000000000000e+06
4.892512165045238959e+01 1.723242990732849408e-02 4.278122000000000000e+06
4.900892249802404876e+01 1.717587414481734978e-02 4.309898000000000000e+06
4.909279745527720706e+01 1.712239809538700433e-02 4.317150000000000000e+06
4.917658920170342185e+01 1.706249741610153803e-02 4.329698000000000000e+06
4.926033308118844189e+01 1.697749496581986775e-02 4.340826000000000000e+06
4.934406286064109537e+01 1.691524998623723797e-02 4.359590000000000000e+06
4.942786957825488514e+01 1.684981779133394933e-02 4.376850000000000000e+06
4.951163677893373460e+01 1.676512026822599491e-02 4.386674000000000000e+06
4.959537078523236886e+01 1.671618804043453407e-02 4.401782000000000000e+06
4.967912880843362444e+01 1.666335194808574519e-02 4.419210000000000000e+06
4.976302304379169783e+01 1.658926652576126620e-02 4.446482000000000000e+06
4.984679567254183752e+01 1.653331910455830417e-02 4.435554000000000000e+06
4.993048967360238777e+01 1.644302401031207811e-02 4.468934000000000000e+06
5.001430382430130805e+01 1.640544391310173877e-02 4.477650000000000000e+06
5.009805003277288193e+01 1.632748552285816571e-02 4.491218000000000000e+06
5.018180837416312556e+01 1.627170413911711855e-02 4.510358000000000000e+06
5.026555488397971772e+01 1.618371569231491156e-02 4.518594000000000000e+06
5.034932947116654134e+01 1.613918045025672723e-02 4.544474000000000000e+06
5.043314290484163820e+01 1.608952138662216730e-02 4.552098000000000000e+06
5.051694671432978367e+01 1.600874742349163438e-02 4.574990000000000000e+06
5.060070330614421863e+01 1.594177662265877995e-02 4.577210000000000000e+06
5.068450326170798093e+01 1.588259356555920404e-02 4.608186000000000000e+06
5.076830570006593746e+01 1.582858398923430235e-02 4.610198000000000000e+06
5.085203782795357341e+01 1.579024923966784386e-02 4.628898000000000000e+06
5.093575247787595117e+01 1.572603358905189791e-02 4.641170000000000000e+06
5.101951360832174487e+01 1.565193721686096440e-02 4.662462000000000000e+06
5.110336138272519690e+01 1.558448096761638757e-02 4.681442000000000000e+06
5.118714498866896889e+01 1.552322926554817323e-02 4.687850000000000000e+06
5.127091437680648056e+01 1.547033339895489794e-02 4.708818000000000000e+06
5.135469940961902324e+01 1.541433455472310601e-02 4.721534000000000000e+06
5.143844012238305652e+01 1.535285163339862244e-02 4.732770000000000000e+06
5.152216672994304503e+01 1.530578078578752679e-02 4.753346000000000000e+06
5.160598460354614758e+01 1.523101340048767238e-02 4.772886000000000000e+06
5.168981756623005452e+01 1.518869428066049916e-02 4.785098000000000000e+06
5.177356462271885107e+01 1.510778819738273909e-02 4.795394000000000000e+06
5.185730248904087603e+01 1.508428384502987808e-02 4.813986000000000000e+06
5.194107950576231758e+01 1.502599070045155388e-02 4.832654000000000000e+06
5.202490683524943194e+01 1.495918432156642490e-02 4.849362000000000000e+06
5.210868111161441618e+01 1.488746879838347484e-02 4.858322000000000000e+06
5.219237188700115837e+01 1.484297152230437851e-02 4.871286000000000000e+06
5.227611099451670640e+01 1.480679267709633651e-02 4.894370000000000000e+06
5.235994633095187112e+01 1.475583841168750555e-02 4.914650000000000000e+06
5.244373186833391998e+01 1.467617737604931007e-02 4.919658000000000000e+06
5.252748139865951060e+01 1.462858665234078107e-02 4.941638000000000000e+06
5.261134608608541186e+01 1.458665312596532301e-02 4.965954000000000000e+06
5.269521219925067612e+01 1.453679977150994403e-02 4.971770000000000000e+06
5.277896921030312427e+01 1.446678014199404699e-02 4.985702000000000000e+06
5.286266873731673144e+01 1.442137362413571308e-02 4.996314000000000000e+06
5.294640362710930503e+01 1.438629616074298644e-02 5.021258000000000000e+06
5.303021795299186181e+01 1.432531694889519966e-02 5.038470000000000000e+06
5.311400321458867069e+01 1.427656278163915576e-02 5.048570000000000000e+06
5.319775700266092855e+01 1.420647497743590497e-02 5.067786000000000000e+06
5.328156065547872799e+01 1.416381691740739579e-02 5.084402000000000000e+06
5.336537962353408915e+01 1.411456243566620514e-02 5.104238000000000000e+06
5.344909091783166133e+01 1.404780875322674503e-02 5.101890000000000000e+06
5.353274999593639194e+01 1.400642648326553587e-02 5.129594000000000000e+06
5.361652756373694473e+01 1.396273138329792891e-02 5.149086000000000000e+06
5.370036822863162485e+01 1.391284674889926853e-02 5.168834000000000000e+06
5.378411950541506314e+01 1.386179044221281555e-02 5.172306000000000000e+06
5.386787929501433325e+01 1.382095616350382042e-02 5.199218000000000000e+06
5.395171074936121158e+01 1.375506639673047121e-02 5.215430000000000000e+06
5.403552355469201984e+01 1.370640031604114344e-02 5.229066000000000000e+06
5.411930985166335262e+01 1.366459732807324967e-02 5.244530000000000000e+06
5.420310642373981125e+01 1.360740580947277824e-02 5.262870000000000000e+06
5.428687812998526852e+01 1.357812980672394067e-02 5.272562000000000000e+06
5.437059019332080112e+01 1.350560843816125955e-02 5.290098000000000000e+06
5.445438308715934994e+01 1.346651520512920017e-02 5.314358000000000000e+06
5.453817366229988295e+01 1.341003996450271935e-02 5.322098000000000000e+06
5.462191410682409298e+01 1.335947379305024892e-02 5.341026000000000000e+06
5.470574856213039538e+01 1.332202601130866478e-02 5.366858000000000000e+06
5.478957837144608334e+01 1.327224845062408703e-02 5.374422000000000000e+06
5.487325249086202206e+01 1.320085478677806429e-02 5.377730000000000000e+06
5.495693797161722927e+01 1.318985255554672338e-02 5.409410000000000000e+06
5.504079340903902562e+01 1.314790617948352787e-02 5.434014000000000000e+06
5.512463744441291880e+01 1.307298195658593114e-02 5.438882000000000000e+06
5.520838246356159118e+01 1.303899365315794312e-02 5.456178000000000000e+06
5.529211836524709867e+01 1.298986135784446945e-02 5.469242000000000000e+06
5.537590104604533536e+01 1.294439805990494491e-02 5.496174000000000000e+06
5.545970262891226810e+01 1.290574970756675627e-02 5.505530000000000000e+06
5.554345609431005926e+01 1.286164537857879472e-02 5.521202000000000000e+06
5.562722615507448864e+01 1.280498833359847849e-02 5.544126000000000000e+06
5.571106592766010124e+01 1.275772384105626836e-02 5.560106000000000000e+06
5.579489699651359302e+01 1.271982319919480291e-02 5.579754000000000000e+06
5.587861150379660558e+01 1.269087580049029287e-02 5.576270000000000000e+06
5.596227888762821578e+01 1.262179258161650469e-02 5.607138000000000000e+06
5.604605505562237511e+01 1.258808764839486859e-02 5.625026000000000000e+06
5.612988563474059589e+01 1.254490622218507219e-02 5.646698000000000000e+06
5.621362981395379421e+01 1.248537854572548053e-02 5.649126000000000000e+06
5.629735953290565220e+01 1.242900142061019279e-02 5.676434000000000000e+06
5.638111113221403770e+01 1.240143429320651400e-02 5.687418000000000000e+06
5.646491353105431443e+01 1.236295051418604025e-02 5.715830000000000000e+06
5.654876833880403098e+01 1.232441541896701215e-02 5.729210000000000000e+06
5.663258281598625388e+01 1.228368053415940242e-02 5.744802000000000000e+06
5.671632533067610638e+01 1.223576827697937276e-02 5.752154000000000000e+06
5.680011690917110911e+01 1.218673457136082786e-02 5.786382000000000000e+06
5.688389278969563634e+01 1.214893720914029390e-02 5.784146000000000000e+06
5.696761357142070636e+01 1.210208248596989812e-02 5.812146000000000000e+06
5.705141499197365818e+01 1.205234363181082770e-02 5.830166000000000000e+06
5.713521997423967491e+01 1.202155161353780921e-02 5.845850000000000000e+06
5.721900004074090873e+01 1.197344897535901689e-02 5.862834000000000000e+06
5.730276083164348933e+01 1.193449010996472902e-02 5.876066000000000000e+06
5.738658092066984295e+01 1.188250568842372235e-02 5.905854000000000000e+06
5.747033874630024286e+01 1.185455306082028662e-02 5.902274000000000000e+06
5.755404338958180688e+01 1.180682812145416628e-02 5.931258000000000000e+06
5.763786106901985562e+01 1.177368707898584187e-02 5.954966000000000000e+06
5.772168705776467590e+01 1.172406323958409026e-02 5.965346000000000000e+06
5.780542407686664319e+01 1.168497800953458357e-02 5.977818000000000000e+06
5.788919496618857607e+01 1.163526356483352009e-02 6.004718000000000000e+06
5.797296788463464878e+01 1.160650024926368658e-02 6.011706000000000000e+06
5.805676589856359726e+01 1.156050144357128988e-02 6.045770000000000000e+06
5.814055263107005089e+01 1.152504827581697991e-02 6.041586000000000000e+06
5.822426906686246895e+01 1.148458079772560203e-02 6.073166000000000000e+06
5.830801158641646253e+01 1.144207858800565074e-02 6.078962000000000000e+06
5.839179370373053501e+01 1.140613285577743094e-02 6.114258000000000000e+06
5.847563338611901429e+01 1.136235674298874745e-02 6.123086000000000000e+06
5.855940577164263061e+01 1.132213714421430144e-02 6.136770000000000000e+06
5.864313003931577839e+01 1.129916165954334209e-02 6.154898000000000000e+06
5.872691634067579969e+01 1.126008342693583103e-02 6.178610000000000000e+06
5.881074619570083684e+01 1.122003550913829723e-02 6.197982000000000000e+06
5.889452794754235043e+01 1.118156368436641970e-02 6.205322000000000000e+06
5.897820641443409073e+01 1.113027705082129427e-02 6.218850000000000000e+06
5.906193901280321512e+01 1.110194980088140791e-02 6.249542000000000000e+06
5.914581786000324826e+01 1.105758805660563178e-02 6.274146000000000000e+06
5.922958949112301497e+01 1.103083047871198687e-02 6.270242000000000000e+06
5.931333012199205257e+01 1.098893207090884290e-02 6.305222000000000000e+06
5.939720105247847926e+01 1.095881364756445125e-02 6.325026000000000000e+06
5.948100907207791010e+01 1.092303115073116684e-02 6.331922000000000000e+06
5.956471628696222353e+01 1.088626288049967042e-02 6.343698000000000000e+06
5.964845880386389609e+01 1.083398883996286761e-02 6.375158000000000000e+06
5.973228933048412159e+01 1.080582759702561346e-02 6.392178000000000000e+06
5.981613496168468203e+01 1.075693851665396848e-02 6.412826000000000000e+06
5.989983645289154879e+01 1.073244577130167549e-02 6.407078000000000000e+06
5.998354613160790194e+01 1.069236700897680144e-02 6.447954000000000000e+06
6.006732029307560339e+01 1.065928076342939103e-02 6.456026000000000000e+06
6.015110327404215695e+01 1.062775853806073936e-02 6.482034000000000000e+06
6.023487596160424573e+01 1.058994346382297579e-02 6.492878000000000000e+06
6.031854831072890022e+01 1.055547934589794005e-02 6.502074000000000000e+06
6.040231839065788222e+01 1.051147359630929916e-02 6.542930000000000000e+06
6.048619165671609466e+01 1.047578332543797931e-02 6.556598000000000000e+06
6.057002333107591596e+01 1.044268681139303399e-02 6.570330000000000000e+06
6.065376829395822256e+01 1.042014369902103874e-02 6.581882000000000000e+06
6.073756442394000743e+01 1.038456150248330892e-02 6.612546000000000000e+06
6.082141587353444123e+01 1.034859107028579875e-02 6.628622000000000000e+06
6.090514253860760618e+01 1.031923674688490708e-02 6.629498000000000000e+06
6.098884320245825563e+01 1.028369373427938556e-02 6.659250000000000000e+06
6.107265851032283877e+01 1.023554598589950480e-02 6.686006000000000000e+06
6.115647246835320061e+01 1.021624640935637866e-02 6.693786000000000000e+06
6.124020033801726015e+01 1.016815903403295134e-02 6.711554000000000000e+06
6.132397038132510403e+01 1.013883179243425803e-02 6.735678000000000000e+06
6.140778387575393538e+01 1.010761966683020562e-02 6.754754000000000000e+06
6.149161352937865388e+01 1.007088117587510989e-02 6.776570000000000000e+06
6.157529545988447239e+01 1.004637664993348993e-02 6.767394000000000000e+06
6.165900889953971387e+01 1.000731506864082146e-02 6.818246000000000000e+06
6.174288787705573611e+01 9.960528549846997537e-03 6.830562000000000000e+06
6.182665980957211360e+01 9.935260387712807617e-03 6.839186000000000000e+06
6.191039097988957707e+01 9.894508907139614937e-03 6.861462000000000000e+06
6.199415875786135643e+01 9.870340001604558516e-03 6.880394000000000000e+06
6.207797374072198693e+01 9.841165188952710058e-03 6.907178000000000000e+06
6.216178350871904001e+01 9.808502052686166386e-03 6.917034000000000000e+06
6.224554940092006916e+01 9.785677236551975494e-03 6.937934000000000000e+06
6.232927625716432374e+01 9.737779562056929003e-03 6.947250000000000000e+06
6.241305212971730754e+01 9.703368197575345383e-03 6.982106000000000000e+06
6.249687658401688850e+01 9.672437973843428516e-03 6.995718000000000000e+06
6.258064195304475419e+01 9.650547907340449941e-03 7.006682000000000000e+06
6.266440681033797944e+01 9.605850447194417760e-03 7.035866000000000000e+06
6.274824216199589699e+01 9.583265110694332706e-03 7.054110000000000000e+06
6.283199118762099999e+01 9.549837594773567459e-03 7.059194000000000000e+06
6.291572599321118986e+01 9.510161125127295292e-03 7.091802000000000000e+06
6.299950509521183051e+01 9.486584823522187238e-03 7.100666000000000000e+06
6.308326075680762557e+01 9.451016884039572033e-03 7.129070000000000000e+06
6.316706195378349520e+01 9.425540931325405297e-03 7.143282000000000000e+06
6.325081801455058894e+01 9.401827111343713517e-03 7.161482000000000000e+06
6.333459669546337523e+01 9.368959815825141438e-03 7.184694000000000000e+06
6.341841008120442780e+01 9.336478406044268138e-03 7.203914000000000000e+06
6.350218876580745331e+01 9.310794356546615858e-03 7.219746000000000000e+06
6.358591190700263951e+01 9.279097976879171344e-03 7.228634000000000000e+06
6.366969673610064717e+01 9.256864781854759819e-03 7.271990000000000000e+06
6.375349087092273948e+01 9.222806900120630869e-03 7.266786000000000000e+06
6.383719401333753751e+01 9.184669627004312525e-03 7.293650000000000000e+06
6.392099500043143223e+01 9.151328532666055601e-03 7.324086000000000000e+06
6.400484294296721544e+01 9.126958594223733706e-03 7.338650000000000000e+06
6.408861957019631461e+01 9.094217808797161115e-03 7.351962000000000000e+06
6.417229567069612983e+01 9.070038968682336486e-03 7.357190000000000000e+06
6.425605827522849722e+01 9.040058736839461095e-03 7.406042000000000000e+06
6.433988346718935247e+01 9.016501929642555327e-03 7.408626000000000000e+06
6.442366993893529070e+01 8.982642942206488929e-03 7.435610000000000000e+06
6.450748292497215175e+01 8.954914069713432526e-03 7.453542000000000000e+06
6.459124517573944502e+01 8.929149201728509705e-03 7.464002000000000000e+06
6.467501250428696835e+01 8.897142746237896374e-03 7.493546000000000000e+06
6.475881482306483861e+01 8.871794601671244632e-03 7.510806000000000000e+06
6.484263355878292145e+01 8.846965348971084706e-03 7.532114000000000000e+06
6.492635863913294259e+01 8.814315238552836856e-03 7.536234000000000000e+06
6.501006892041591811e+01 8.788902188443466906e-03 7.565834000000000000e+06
6.509392196997305291e+01 8.760098275208067289e-03 7.603062000000000000e+06
6.517772136341262978e+01 8.727017090384507278e-03 7.593890000000000000e+06
6.526142024031203448e+01 8.695166580828885688e-03 7.622906000000000000e+06
6.534517798747489792e+01 8.671232947698996607e-03 7.646622000000000000e+06
6.542900683024386410e+01 8.638628970218942271e-03 7.672058000000000000e+06
6.551278372258207128e+01 8.617926456562837595e-03 7.679346000000000000e+06
6.559647689529717240e+01 8.584657183788292623e-03 7.693058000000000000e+06
6.568023240704575016e+01 8.555402846462787161e-03 7.732158000000000000e+06
6.576407007540214522e+01 8.535671588101244669e-03 7.746962000000000000e+06
6.584790505033298302e+01 8.509528866414121581e-03 7.770986000000000000e+06
6.593165610578880376e+01 8.478340706828815104e-03 7.772094000000000000e+06
6.601538633341530726e+01 8.461667417154013562e-03 7.803818000000000000e+06
6.609921986930250171e+01 8.429411569299154194e-03 7.834338000000000000e+06
6.618300989442009552e+01 8.400135639754344533e-03 7.833710000000000000e+06
6.626672027527055775e+01 8.374700606098085462e-03 7.858794000000000000e+06
6.635048482494400446e+01 8.352150090559834830e-03 7.884290000000000000e+06
6.643426840268917033e+01 8.334708529888292666e-03 7.901522000000000000e+06
6.651807839369693909e+01 8.295593340757682899e-03 7.930662000000000000e+06
6.660185938569200914e+01 8.275122075623366283e-03 7.934426000000000000e+06
6.668562349459918437e+01 8.250429457350914181e-03 7.967322000000000000e+06
6.676941985144630110e+01 8.221424430156901164e-03 7.981934000000000000e+06
6.685320220952085890e+01 8.196186342677916695e-03 8.003282000000000000e+06
6.693696207061206849e+01 8.166126303607905423e-03 8.019666000000000000e+06
6.702068860837411535e+01 8.137732444201132426e-03 8.034482000000000000e+06
6.710445272740649614e+01 8.113471643172956438e-03 8.068542000000000000e+06
6.718828234859530824e+01 8.091734219315825649e-03 8.088290000000000000e+06
6.727206071729939652e+01 8.064395339791327263e-03 8.096322000000000000e+06
6.735579384931760671e+01 8.042583487419001712e-03 8.122646000000000000e+06
6.743961094632139464e+01 8.016125769894940148e-03 8.150138000000000000e+06
6.752341839406597046e+01 7.995138809283946005e-03 8.165322000000000000e+06
6.760720134506061640e+01 7.971011398735898534e-03 8.182574000000000000e+06
6.769097215349376029e+01 7.935326182320460303e-03 8.203698000000000000e+06
6.777475210174605991e+01 7.920267949956691367e-03 8.226914000000000000e+06
6.785855795495925236e+01 7.899554039136898187e-03 8.246898000000000000e+06
6.794231757399198557e+01 7.874083985322039708e-03 8.261774000000000000e+06
6.802605368830526800e+01 7.838974227349818080e-03 8.279426000000000000e+06
6.810980740395922339e+01 7.812287027264842518e-03 8.308722000000000000e+06
6.819359624676370402e+01 7.793284521332264833e-03 8.326214000000000000e+06
6.827735164047554406e+01 7.773923901210665413e-03 8.342682000000000000e+06
6.836106899917464830e+01 7.745769590689158615e-03 8.360834000000000000e+06
6.844484437189701964e+01 7.718774398395801886e-03 8.393226000000000000e+06
6.852869899063553305e+01 7.700002004121067264e-03 8.420150000000000000e+06
6.861250241461986832e+01 7.671346480064203562e-03 8.421986000000000000e+06
6.869622258997036113e+01 7.653335503960943982e-03 8.445714000000000000e+06
6.877998582885126666e+01 7.628795013537772313e-03 8.472590000000000000e+06
6.886380417121233677e+01 7.599353567001790669e-03 8.495370000000000000e+06
6.894760222040189035e+01 7.573116055089734386e-03 8.512802000000000000e+06
6.903133907390910906e+01 7.551396031491360884e-03 8.523290000000000000e+06
6.911515911696680803e+01 7.533882749666257449e-03 8.570982000000000000e+06
6.919899661482570252e+01 7.516056637612041416e-03 8.568458000000000000e+06
6.928271270688284744e+01 7.489010198773703164e-03 8.586498000000000000e+06
6.936640883580386685e+01 7.463211425862584757e-03 8.608838000000000000e+06
6.945020519724739927e+01 7.441587406787953524e-03 8.645610000000000000e+06
6.953403489536805182e+01 7.420196533308863647e-03 8.658386000000000000e+06
6.961776845906641142e+01 7.391980279711897993e-03 8.668598000000000000e+06
6.970149629909469979e+01 7.380551531136913049e-03 8.697426000000000000e+06
6.978527344513386765e+01 7.352698345681005047e-03 8.722562000000000000e+06
6.986906013590846953e+01 7.327154597090259833e-03 8.737962000000000000e+06
6.995286374627769987e+01 7.305190993768815103e-03 8.771366000000000000e+06
7.003663130607654352e+01 7.282368011922230565e-03 8.771010000000000000e+06
7.012044287898793016e+01 7.256833462726142853e-03 8.822618000000000000e+06
7.020422712516214858e+01 7.242152461515037956e-03 8.807726000000000000e+06
7.028792428421020588e+01 7.215466725075067936e-03 8.844618000000000000e+06
7.037169187076506205e+01 7.197481761605561100e-03 8.868722000000000000e+06
7.045550216092648554e+01 7.167988084882977520e-03 8.891394000000000000e+06
7.053930310811041693e+01 7.150952903432632873e-03 8.911934000000000000e+06
7.062306388634770826e+01 7.131720463544233626e-03 8.923938000000000000e+06
7.070681928787864479e+01 7.107360622702481659e-03 8.953682000000000000e+06
7.079064883602877956e+01 7.091040466530379276e-03 8.981966000000000000e+06
7.087445404086807343e+01 7.064131013386216150e-03 8.990442000000000000e+06
7.095817349518108585e+01 7.038831387961243594e-03 9.007874000000000000e+06
7.104193091703314167e+01 7.027593269076097722e-03 9.038982000000000000e+06
7.112576467725064333e+01 6.995511868188700015e-03 9.068570000000000000e+06
7.120961688916655419e+01 6.983522398943341723e-03 9.085250000000000000e+06
7.129335164196812968e+01 6.956015250657975567e-03 9.084690000000000000e+06
7.137708037180341591e+01 6.931978022855286338e-03 9.128654000000000000e+06
7.146084353628984331e+01 6.919495178700276264e-03 9.133170000000000000e+06
7.154466665793322022e+01 6.900531996410361017e-03 9.185882000000000000e+06
7.162842926759091711e+01 6.878014315384033128e-03 9.163254000000000000e+06
7.171216325434680527e+01 6.850824890077471946e-03 9.220130000000000000e+06
7.179600405083390058e+01 6.830516511558692126e-03 9.233138000000000000e+06
7.187979487849634097e+01 6.815356513027145784e-03 9.249378000000000000e+06
7.196355510905767972e+01 6.799098283188895024e-03 9.271550000000000000e+06
7.204729422001986450e+01 6.773340227654473487e-03 9.286266000000000000e+06
7.213106156089709486e+01 6.757941890239231239e-03 9.320762000000000000e+06
7.221480038490358311e+01 6.734419465668416323e-03 9.326718000000000000e+06
7.229852005323998299e+01 6.720055156408577882e-03 9.354602000000000000e+06
7.238228486066410028e+01 6.700196452848758769e-03 9.384122000000000000e+06
7.246607067066045715e+01 6.677101936102851007e-03 9.400482000000000000e+06
7.254987197439923818e+01 6.657595000862960403e-03 9.432638000000000000e+06
7.263367976569567475e+01 6.637905893732066152e-03 9.445314000000000000e+06
7.271750340333485951e+01 6.619603942688258129e-03 9.477290000000000000e+06
7.280130916047085066e+01 6.605971887908778165e-03 9.489182000000000000e+06
7.288506765200136783e+01 6.579048318628976169e-03 9.506706000000000000e+06
7.296881975889688476e+01 6.558090589914303964e-03 9.533978000000000000e+06
7.305259443485221027e+01 6.535423030064283802e-03 9.553662000000000000e+06
7.313637521480190173e+01 6.516150206492902705e-03 9.579506000000000000e+06
7.322019418653475498e+01 6.502949640430039785e-03 9.607866000000000000e+06
7.330395444861356680e+01 6.481310186557447985e-03 9.608354000000000000e+06
7.338767600840630223e+01 6.464527158569876274e-03 9.643862000000000000e+06
7.347148094131401308e+01 6.440527649950188865e-03 9.670578000000000000e+06
7.355528165751150027e+01 6.425960658099957867e-03 9.687890000000000000e+06
7.363898985402030917e+01 6.403883205879239843e-03 9.693294000000000000e+06
7.372271904442924040e+01 6.388625090437235164e-03 9.736034000000000000e+06
7.380653580168322492e+01 6.367536146449626761e-03 9.758946000000000000e+06
7.389034984429981989e+01 6.351831234506330644e-03 9.778994000000000000e+06
7.397413656457592879e+01 6.330322509695499554e-03 9.796814000000000000e+06
7.405788979529948790e+01 6.311065404982966684e-03 9.816882000000000000e+06
7.414169279296697823e+01 6.295834616472805248e-03 9.850514000000000000e+06
7.422546369344802031e+01 6.277699006459172039e-03 9.856062000000000000e+06
7.430920419509655517e+01 6.255891117830346577e-03 9.886706000000000000e+06
7.439300596308194713e+01 6.241691542011985373e-03 9.916194000000000000e+06
7.447678556559041851e+01 6.218497883570881304e-03 9.924854000000000000e+06
7.456056972198642541e+01 6.206620445334984533e-03 9.961490000000000000e+06
7.464438171105736330e+01 6.183624230115787948e-03 9.979098000000000000e+06
7.472814154131890518e+01 6.169328271014005473e-03 9.990266000000000000e+06
7.481183974796279301e+01 6.145152333886447216e-03 1.001239800000000000e+07
7.489556694343458787e+01 6.131096792844536493e-03 1.003881800000000000e+07
7.497934514550230745e+01 6.112993352566033385e-03 1.007208200000000000e+07
7.506311789232059084e+01 6.097529613311751182e-03 1.008267000000000000e+07
7.514692811902769165e+01 6.080100015795360420e-03 1.012322600000000000e+07
7.523075407192267505e+01 6.064240451545629268e-03 1.013483400000000000e+07
7.531451966247126961e+01 6.043178406779326980e-03 1.015145000000000000e+07
7.539829209775307106e+01 6.033012781519224259e-03 1.018411800000000000e+07
7.548208760826673824e+01 6.013383689867752083e-03 1.019981000000000000e+07
7.556588556111178434e+01 5.998383379058228743e-03 1.023038600000000000e+07
7.564964694677739487e+01 5.983128654647328418e-03 1.023833400000000000e+07
7.573340114101655729e+01 5.959330578949090587e-03 1.027159400000000000e+07
7.581720755260936073e+01 5.943474688903674363e-03 1.029841800000000000e+07
7.590097691415932957e+01 5.928024593729934628e-03 1.030681400000000000e+07
7.598473414840474049e+01 5.912526531344300569e-03 1.034130600000000000e+07
7.606853392840329775e+01 5.891421213167198287e-03 1.036284200000000000e+07
7.615234212784832835e+01 5.873473670745917724e-03 1.038883400000000000e+07
7.623609474757780902e+01 5.860356857881629175e-03 1.039563000000000000e+07
7.631981670052634570e+01 5.845749498914282194e-03 1.042536200000000000e+07
7.640358337833828273e+01 5.824526065248528811e-03 1.045427400000000000e+07
7.648737866504175997e+01 5.809492118301891155e-03 1.047829400000000000e+07
7.657118922665969762e+01 5.795780356196422560e-03 1.050181800000000000e+07
7.665495334176074493e+01 5.779103176852457870e-03 1.051481000000000000e+07
7.673872752945807463e+01 5.767839108548596626e-03 1.054884200000000000e+07
7.682251623133140583e+01 5.750040271876244273e-03 1.056646200000000000e+07
7.690627734628161249e+01 5.733845124853473481e-03 1.058681000000000000e+07
7.699005449515836119e+01 5.722372301377848768e-03 1.061495400000000000e+07
7.707381163172706806e+01 5.701839026850018081e-03 1.063105400000000000e+07
7.715758302708022143e+01 5.689957874718565636e-03 1.066236200000000000e+07
7.724136594782987686e+01 5.669404009265254646e-03 1.068335400000000000e+07
7.732513038906363079e+01 5.656224989597447884e-03 1.069929800000000000e+07
7.740891664711064379e+01 5.643299590447035941e-03 1.073878200000000000e+07
7.749269645330657852e+01 5.623369803895160966e-03 1.074420200000000000e+07
7.757647166278094630e+01 5.611634189370318798e-03 1.078218600000000000e+07
7.766021891602670735e+01 5.595738694261994522e-03 1.078496600000000000e+07
7.774399344085298935e+01 5.578293933840123078e-03 1.083393800000000000e+07
7.782781601101176250e+01 5.562908511926194233e-03 1.084813800000000000e+07
7.791162919578846413e+01 5.552241729659255186e-03 1.087376600000000000e+07
7.799540485219509378e+01 5.535697504103528899e-03 1.088697000000000000e+07
7.807914803163318140e+01 5.517154538484603070e-03 1.091244200000000000e+07
7.816290481905753040e+01 5.506101595975311860e-03 1.093669800000000000e+07
7.824668494094176197e+01 5.488758389801081002e-03 1.096614200000000000e+07
7.833041079278541474e+01 5.474010187103430479e-03 1.096874600000000000e+07
7.841414369597413270e+01 5.459368703245019543e-03 1.101460200000000000e+07
7.849797207299076263e+01 5.442108002029199913e-03 1.104277400000000000e+07
7.858180750484748955e+01 5.427558820935618825e-03 1.106147400000000000e+07
7.866557248062186147e+01 5.416761449588844424e-03 1.107245000000000000e+07
7.874929596355666206e+01 5.403837292674491290e-03 1.109692200000000000e+07
7.883311706336922953e+01 5.389640290167537796e-03 1.114652600000000000e+07
7.891694358971126633e+01 5.375612155696031687e-03 1.114560200000000000e+07
7.900068031277757541e+01 5.360083111301468771e-03 1.116844200000000000e+07
7.908436218738494006e+01 5.345516149437541144e-03 1.118108600000000000e+07
7.916818470584115630e+01 5.335922665428101397e-03 1.125011400000000000e+07
7.925204746494267738e+01 5.320941631732523970e-03 1.124210600000000000e+07
7.933579204504063398e+01 5.305591929072315735e-03 1.126544600000000000e+07
7.941952450138673214e+01 5.291190003712731814e-03 1.128549000000000000e+07
7.950333805121174180e+01 5.274407280788452439e-03 1.133592200000000000e+07
7.958714843508016656e+01 5.263306017340489869e-03 1.133013000000000000e+07
7.967084513754768693e+01 5.246957524233376337e-03 1.135727000000000000e+07
7.975459918129639902e+01 5.236605298988558817e-03 1.138909800000000000e+07
7.983842412182876558e+01 5.219368855259489369e-03 1.142664200000000000e+07
7.992222911930718965e+01 5.206796761373408411e-03 1.143135800000000000e+07
8.000599212589428078e+01 5.188436240599398307e-03 1.146229800000000000e+07
8.008974687846490781e+01 5.174509027282558037e-03 1.147920200000000000e+07
8.017351400530820626e+01 5.168397748525467225e-03 1.150974600000000000e+07
8.025725037950861918e+01 5.151636005581675982e-03 1.152306200000000000e+07
8.034098812717721216e+01 5.135510947685270784e-03 1.155621000000000000e+07
8.042478697546600586e+01 5.129413812159559424e-03 1.158828200000000000e+07
8.050856802239243848e+01 5.113047671347039497e-03 1.159964600000000000e+07
8.059238416169034736e+01 5.105894714778715961e-03 1.164527400000000000e+07
8.067619501003925109e+01 5.087551702508760418e-03 1.164933800000000000e+07
8.075991178803855064e+01 5.074274532685845232e-03 1.166538600000000000e+07
8.084370890131339138e+01 5.060727195752369283e-03 1.171928600000000000e+07
8.092752051805530300e+01 5.049060463918739541e-03 1.172073800000000000e+07
8.101129543325400562e+01 5.035361152873218775e-03 1.175507400000000000e+07
8.109505389589725155e+01 5.026264328959920841e-03 1.176716600000000000e+07
8.117885591153601865e+01 5.011116637699429208e-03 1.181334600000000000e+07
8.126268704922078712e+01 4.998099636271769418e-03 1.182545000000000000e+07
8.134639603648894024e+01 4.985229750738324681e-03 1.182881400000000000e+07
8.143015231506957718e+01 4.975091780893267646e-03 1.188441800000000000e+07
8.151397613354559724e+01 4.960249148703511218e-03 1.190037800000000000e+07
8.159772291543191614e+01 4.947122754619120641e-03 1.190800200000000000e+07
8.168141712941573473e+01 4.938379229958274330e-03 1.193747000000000000e+07
8.176520125845252096e+01 4.922693994481087444e-03 1.198134600000000000e+07
8.184903085960836222e+01 4.911107705610379646e-03 1.199815400000000000e+07
8.193279937551101000e+01 4.897723046047378244e-03 1.201579800000000000e+07
8.201657550601832725e+01 4.882677444879404347e-03 1.204658600000000000e+07
8.210037035575065545e+01 4.877504234369505094e-03 1.207322600000000000e+07
8.218415112950239632e+01 4.863377974307180399e-03 1.208937000000000000e+07
8.226793017110850315e+01 4.850572956525017222e-03 1.212366200000000000e+07
8.235168019795568739e+01 4.841119003306780695e-03 1.212901800000000000e+07
8.243541372022190217e+01 4.824681954984008474e-03 1.216869800000000000e+07
8.251918470186251398e+01 4.816664728772781720e-03 1.219107000000000000e+07
8.260303064827999719e+01 4.801134483206657283e-03 1.223729000000000000e+07
8.268685911029808722e+01 4.794798586860611611e-03 1.223743400000000000e+07
8.277063029603770872e+01 4.778775188109798434e-03 1.226943000000000000e+07
8.285440346682658230e+01 4.774073041570226633e-03 1.228831400000000000e+07
8.293815388297495872e+01 4.762879029558761065e-03 1.231201800000000000e+07
8.302189357408074954e+01 4.748942081374956173e-03 1.233377000000000000e+07
8.310562948947298878e+01 4.735669331702561761e-03 1.236265400000000000e+07
8.318944085122717524e+01 4.724710900868678287e-03 1.240528200000000000e+07
8.327326112930197155e+01 4.713085743962749583e-03 1.241484200000000000e+07
8.335700619223128172e+01 4.704122602462519794e-03 1.243327800000000000e+07
8.344077077200753934e+01 4.690630026788688775e-03 1.246944200000000000e+07
8.352457315314735808e+01 4.680197621853411302e-03 1.249710600000000000e+07
8.360836220932365848e+01 4.667215653303896823e-03 1.251307400000000000e+07
8.369209444132825126e+01 4.658882598686935571e-03 1.253190200000000000e+07
8.377584249260344507e+01 4.646375199022254737e-03 1.256769000000000000e+07
8.385966667689248766e+01 4.636571155792219324e-03 1.260333800000000000e+07
8.394346055007575558e+01 4.628479351833953911e-03 1.261269400000000000e+07
8.402720752589927145e+01 4.614993729834519602e-03 1.263483400000000000e+07
8.411093968200033544e+01 4.608453126320311184e-03 1.266273000000000000e+07
8.419472584613649246e+01 4.596163087052091561e-03 1.269908600000000000e+07
8.427850265596407553e+01 4.589853292059613982e-03 1.271099400000000000e+07
8.436223938424853941e+01 4.574653421025281184e-03 1.273917800000000000e+07
8.444601577921049795e+01 4.568477284527415992e-03 1.276949000000000000e+07
8.452980888818765948e+01 4.558259313176910021e-03 1.279952600000000000e+07
8.461363856796832295e+01 4.543444633517933207e-03 1.282878600000000000e+07
8.469740487481715263e+01 4.535751090136722931e-03 1.283279400000000000e+07
8.478116585803400085e+01 4.529043328926923850e-03 1.287594200000000000e+07
8.486500035405539677e+01 4.515427366597464867e-03 1.290631400000000000e+07
8.494878168161768883e+01 4.506264357004448849e-03 1.291312200000000000e+07
8.503250896829791827e+01 4.497745474087988526e-03 1.293728200000000000e+07
8.511625758727213054e+01 4.485244162389830092e-03 1.297337400000000000e+07
8.520007724156167228e+01 4.476008014857450409e-03 1.300815400000000000e+07
8.528389486690601018e+01 4.467796382452060913e-03 1.302582600000000000e+07
8.536762998882402087e+01 4.458852792259945276e-03 1.303365400000000000e+07
8.545139522308386404e+01 4.448876429683393079e-03 1.308366600000000000e+07
8.553518354504295473e+01 4.440362853030072575e-03 1.309470600000000000e+07
8.561892245915041144e+01 4.429981218034040845e-03 1.311903400000000000e+07
8.570266129864387494e+01 4.421170199518983240e-03 1.314631800000000000e+07
