# k_mean_over_bin [h Mpc^-1] P_bin [h^-3 Mpc^3] N_modes
1.069098562002182007e-01 6.364766167534721717e+02 1.800000000000000000e+01
1.868873286631799469e-01 5.079348223286290249e+02 6.200000000000000000e+01
2.625667106132117956e-01 2.106552535076530432e+02 9.800000000000000000e+01
3.401783364159720047e-01 1.323496372767857281e+02 2.100000000000000000e+02
4.270541402271815778e-01 1.118915178571428584e+02 3.500000000000000000e+02
5.128694812456766616e-01 6.607880642361111256e+01 4.500000000000000000e+02
5.924409924947542372e-01 5.495420862749169544e+01 6.020000000000000000e+02
6.723074055719250319e-01 4.278791933234908385e+01 7.620000000000000000e+02
7.587901043808397139e-01 3.393669275394045570e+01 1.142000000000000000e+03
8.455790008544922243e-01 2.886039062500000085e+01 1.250000000000000000e+03
9.266650900755726283e-01 2.645192472565157615e+01 1.458000000000000000e+03
1.007750481597118108e+00 2.446739551750275510e+01 1.814000000000000000e+03
1.092835777828297106e+00 2.024917140151515227e+01 2.178000000000000000e+03
1.177363493043580345e+00 1.876303699209367437e+01 2.498000000000000000e+03
1.258028102048383667e+00 1.671563036327231089e+01 2.622000000000000000e+03
1.340799984066267880e+00 1.570152996742061191e+01 3.338000000000000000e+03
1.426850896250618783e+00 1.354468048932025859e+01 3.722000000000000000e+03
1.512363651158998401e+00 1.330529826139088811e+01 4.170000000000000000e+03
1.594785008970998508e+00 1.178851662890087226e+01 4.358000000000000000e+03
1.677071395354181815e+00 1.108715655418156487e+01 5.034000000000000000e+03
1.761985857460855120e+00 1.059306979020825956e+01 5.714000000000000000e+03
1.846083158874384234e+00 1.010896948658475303e+01 5.982000000000000000e+03
1.928661813341607134e+00 9.394070333800364381e+00 6.602000000000000000e+03
2.011378788847742793e+00 8.816693329242637489e+00 7.130000000000000000e+03
2.095637332393009089e+00 8.293569711538461675e+00 8.034000000000000000e+03
2.180555667263281983e+00 7.994984422205438257e+00 8.606000000000000000e+03
2.264340071811755895e+00 7.598343915453342312e+00 9.066000000000000000e+03
2.348016592997236973e+00 7.315293427524593994e+00 9.962000000000000000e+03
2.431996440706659879e+00 7.142131960900473864e+00 1.055000000000000000e+04
2.515341052179898895e+00 6.697909707375734989e+00 1.122600000000000000e+04
2.598773628370227406e+00 6.582581199571875707e+00 1.214600000000000000e+04
2.681898646405362463e+00 6.345910429557354071e+00 1.260600000000000000e+04
2.765270270259289287e+00 6.146051070497029478e+00 1.380200000000000000e+04
2.849850551988659220e+00 5.856550554087026406e+00 1.475400000000000000e+04
2.933772609879409909e+00 5.614953888047913289e+00 1.519400000000000000e+04
3.017238585326163403e+00 5.465249711316396919e+00 1.645400000000000000e+04
3.101311446264710892e+00 5.199712439518479279e+00 1.715400000000000000e+04
3.185186132992604779e+00 5.103497875150552865e+00 1.826600000000000000e+04
3.268289649175008194e+00 4.943399166666666567e+00 1.875000000000000000e+04
3.351647662541441530e+00 4.857204303400217249e+00 2.023400000000000000e+04
3.436091650782765239e+00 4.637833988927739348e+00 2.145000000000000000e+04
3.520270179566676205e+00 4.536400942537109238e+00 2.196200000000000000e+04
3.603861709535706392e+00 4.342183637371068272e+00 2.346200000000000000e+04
3.687484650452812929e+00 4.228317891606355516e+00 2.404200000000000000e+04
3.771595824668082741e+00 4.168256607473213471e+00 2.594600000000000000e+04
3.855312792317719062e+00 3.985438383011716379e+00 2.611800000000000000e+04
3.938028496533734213e+00 3.901845563240747161e+00 2.750600000000000000e+04
4.021431216072791415e+00 3.764798486633867736e+00 2.906600000000000000e+04
4.105840509662095350e+00 3.687871767241379217e+00 3.045000000000000000e+04
4.190344247210492590e+00 3.582939451279062215e+00 3.174200000000000000e+04
4.273947828100633117e+00 3.466928294573643488e+00 3.225000000000000000e+04
4.357501119655414534e+00 3.387575045620438097e+00 3.425000000000000000e+04
4.441647719320134691e+00 3.332683283268460528e+00 3.545400000000000000e+04
4.525392379562855893e+00 3.256681816778284055e+00 3.643400000000000000e+04
4.608518969537498400e+00 3.089986183721670887e+00 3.768200000000000000e+04
4.691740922213826437e+00 3.089176504364534281e+00 3.929400000000000000e+04
4.776039686402365980e+00 2.995713176809250644e+00 4.142600000000000000e+04
4.860154063182579698e+00 2.931307907514382194e+00 4.206600000000000000e+04
4.943517626628406880e+00 2.850086226718786087e+00 4.349000000000000000e+04
5.027384526744921089e+00 2.796479263763074208e+00 4.570200000000000000e+04
5.111447781105825428e+00 2.753720293937899743e+00 4.663400000000000000e+04
5.195348147294732932e+00 2.664416487313094883e+00 4.855400000000000000e+04
5.278356443076916982e+00 2.610434731174544609e+00 4.887000000000000000e+04
5.361498069859376159e+00 2.529650039279202289e+00 5.155400000000000000e+04
5.446046268496986364e+00 2.491719241079682234e+00 5.409000000000000000e+04
5.530257906132226786e+00 2.413518211234672250e+00 5.431400000000000000e+04
5.614055059061300312e+00 2.360873253821823781e+00 5.691000000000000000e+04
5.697714059662542851e+00 2.331701119480880990e+00 5.748200000000000000e+04
5.781614503695933216e+00 2.274272795500280164e+00 6.062600000000000000e+04
5.865571886738293550e+00 2.221836400843054893e+00 6.120600000000000000e+04
5.948642163157025209e+00 2.149317514383890071e+00 6.257000000000000000e+04
6.032247506670804782e+00 2.119885801764795463e+00 6.573000000000000000e+04
6.116202609789227473e+00 2.095761057418348727e+00 6.668600000000000000e+04
6.200338050909933507e+00 2.040642306809377526e+00 6.969800000000000000e+04
6.284184080576646458e+00 1.977471314226144639e+00 7.002600000000000000e+04
6.367735154784823770e+00 1.952066522557941441e+00 7.274600000000000000e+04
6.451745661739480830e+00 1.902367841409691618e+00 7.491000000000000000e+04
6.535332300795173133e+00 1.860938490465122497e+00 7.572200000000000000e+04
6.618657591294924813e+00 1.841104766324733966e+00 7.837800000000000000e+04
6.702212198046048286e+00 1.779799372110458577e+00 8.003000000000000000e+04
6.786191249900881850e+00 1.760224639662924195e+00 8.318600000000000000e+04
6.870329813067023395e+00 1.729107241986157284e+00 8.466600000000000000e+04
6.954215657456758848e+00 1.699941902283178985e+00 8.654600000000000000e+04
7.037715246920486223e+00 1.648058815269929811e+00 8.813400000000000000e+04
7.121547139301203089e+00 1.609888960049378204e+00 9.153800000000000000e+04
7.205739104639491188e+00 1.575543145654834554e+00 9.313800000000000000e+04
7.289302562894590665e+00 1.545303040125743710e+00 9.447800000000000000e+04
7.372793903598283016e+00 1.528070514731582952e+00 9.727400000000000000e+04
7.456586938722763236e+00 1.489070807001705354e+00 9.969000000000000000e+04
7.540727849410562733e+00 1.450768227897456075e+00 1.025900000000000000e+05
7.624726899722253037e+00 1.440871789775465039e+00 1.037700000000000000e+05
7.708301949249494633e+00 1.412550777650311229e+00 1.063460000000000000e+05
7.792073202214887750e+00 1.382169915289370277e+00 1.085460000000000000e+05
7.875590350490393909e+00 1.356347961409244407e+00 1.107260000000000000e+05
7.958880241426510516e+00 1.338135004718577159e+00 1.123220000000000000e+05
8.042278013378316714e+00 1.323431837302614600e+00 1.158900000000000000e+05
8.126250782754576463e+00 1.285188416718589410e+00 1.187660000000000000e+05
8.210824485795901850e+00 1.263764023123844948e+00 1.222980000000000000e+05
8.294696866383139522e+00 1.238144504054386141e+00 1.220900000000000000e+05
8.378213958279353335e+00 1.222731946983546703e+00 1.258100000000000000e+05
8.461948784979133720e+00 1.194704881426008169e+00 1.281900000000000000e+05
8.545861912066349930e+00 1.178140673427790608e+00 1.309940000000000000e+05
8.629829070974631477e+00 1.159266402499214754e+00 1.337220000000000000e+05
8.713023213538299672e+00 1.145393048937155545e+00 1.338860000000000000e+05
8.796849328478236529e+00 1.118933691421537313e+00 1.405380000000000000e+05
8.881002057237468605e+00 1.095970044952131683e+00 1.405940000000000000e+05
8.964535854632408984e+00 1.087009097699068283e+00 1.435940000000000000e+05
9.048105800131455823e+00 1.065785190690998530e+00 1.463100000000000000e+05
9.132180630417705558e+00 1.052896822104214980e+00 1.506500000000000000e+05
9.216334569657748332e+00 1.033975946094500831e+00 1.519140000000000000e+05
9.299613886090023485e+00 1.020231786757324066e+00 1.533980000000000000e+05
9.383076715811887070e+00 1.004366836430897081e+00 1.578660000000000000e+05
9.466957210946844725e+00 9.849682633295572254e-01 1.606580000000000000e+05
9.551001030929990421e+00 9.748065418154562289e-01 1.641020000000000000e+05
9.634679217300240239e+00 9.596758063929597959e-01 1.649940000000000000e+05
9.718288873285626295e+00 9.390235869885191766e-01 1.698500000000000000e+05
9.802505913321919451e+00 9.263837644375845226e-01 1.729860000000000000e+05
9.886246806166026246e+00 9.072226651005785847e-01 1.738940000000000000e+05
9.969472594688919997e+00 8.922976487458846862e-01 1.767780000000000000e+05
1.005318025662911374e+01 8.882254973817670374e-01 1.818020000000000000e+05
1.013721966898855698e+01 8.743354524751939527e-01 1.844300000000000000e+05
1.022118986876454727e+01 8.591616230599972148e-01 1.872420000000000000e+05
1.030498420635128198e+01 8.501431504599211708e-01 1.902500000000000000e+05
1.038865879785050694e+01 8.345526139845250713e-01 1.925700000000000000e+05
1.047268787066241202e+01 8.254276237806046357e-01 1.982540000000000000e+05
1.055654631656024378e+01 8.134762765431101661e-01 1.980740000000000000e+05
1.063992050874177231e+01 7.961118844345459467e-01 2.020500000000000000e+05
1.072342909671023747e+01 7.927463905460773175e-01 2.055020000000000000e+05
1.080749259245351190e+01 7.771663735486504798e-01 2.106660000000000000e+05
1.089152248600719375e+01 7.642837976518882526e-01 2.124260000000000000e+05
1.097500893551614531e+01 7.550968712310324182e-01 2.139180000000000000e+05
1.105881432508122764e+01 7.434381702670660452e-01 2.209940000000000000e+05
1.114281827806075675e+01 7.309109676465542771e-01 2.215220000000000000e+05
1.122659733627983947e+01 7.219346654427034604e-01 2.263140000000000000e+05
1.131012448294715078e+01 7.131025098550775043e-01 2.272940000000000000e+05
1.139373491340957045e+01 7.048492618967900913e-01 2.329620000000000000e+05
1.147791396342367420e+01 6.900569710871339302e-01 2.378180000000000000e+05
1.156185786192584786e+01 6.823429857842766566e-01 2.383980000000000000e+05
1.164526418449005440e+01 6.753031179323829569e-01 2.414180000000000000e+05
1.172886167625361331e+01 6.644214436345808883e-01 2.468180000000000000e+05
1.181275352276138690e+01 6.553413458460380925e-01 2.499060000000000000e+05
1.189671323999418817e+01 6.476253989956890500e-01 2.547020000000000000e+05
1.198029050867584644e+01 6.396978225793771289e-01 2.544180000000000000e+05
1.206365995307397831e+01 6.287876914700754050e-01 2.603540000000000000e+05
1.214748111162727895e+01 6.198919516631820059e-01 2.649740000000000000e+05
1.223153609351346027e+01 6.122483226159376457e-01 2.687220000000000000e+05
1.231542005092308401e+01 6.051268333750672301e-01 2.715620000000000000e+05
1.239926414254153109e+01 5.971398220519184008e-01 2.755860000000000000e+05
1.248326018835918916e+01 5.929451332131767671e-01 2.801900000000000000e+05
1.256718689365069075e+01 5.805770235367742060e-01 2.828340000000000000e+05
1.265082201539840945e+01 5.772375907353508584e-01 2.851700000000000000e+05
1.273428590217279144e+01 5.666743241308652701e-01 2.898860000000000000e+05
1.281807025163205793e+01 5.608154285267968886e-01 2.944740000000000000e+05
1.290206487994812434e+01 5.545948449572284389e-01 2.994980000000000000e+05
1.298575998115805419e+01 5.470254898185745729e-01 2.999580000000000000e+05
1.306931917580193137e+01 5.384081420136141993e-01 3.058580000000000000e+05
1.315318222821372096e+01 5.351866409100561883e-01 3.107940000000000000e+05
1.323705865044962771e+01 5.256796741748167578e-01 3.130820000000000000e+05
1.332048162954101578e+01 5.243982481980471455e-01 3.160460000000000000e+05
1.340413573615346365e+01 5.145012945428250051e-01 3.222180000000000000e+05
1.348834417846224731e+01 5.070361054382430677e-01 3.285620000000000000e+05
1.357223695452436729e+01 5.045620674410805639e-01 3.279900000000000000e+05
1.365596925306868847e+01 4.959482801045090872e-01 3.352820000000000000e+05
1.373963440686360471e+01 4.902275035717474361e-01 3.359700000000000000e+05
1.382343709261304809e+01 4.834634288915499178e-01 3.440660000000000000e+05
1.390711154340320732e+01 4.797041106372083585e-01 3.437180000000000000e+05
1.399068919637316455e+01 4.732259767480896384e-01 3.514980000000000000e+05
1.407457421522249952e+01 4.676414412991101721e-01 3.544580000000000000e+05
1.415828615108818589e+01 4.638305779131317585e-01 3.585660000000000000e+05
1.424237341329648920e+01 4.567833604645445966e-01 3.661220000000000000e+05
1.432626916020835672e+01 4.505238375112763372e-01 3.658100000000000000e+05
1.440982743915939146e+01 4.489678440054679642e-01 3.716220000000000000e+05
1.449360657137520469e+01 4.416898169080763492e-01 3.759860000000000000e+05
1.457752624362193217e+01 4.386551223931757781e-01 3.821700000000000000e+05
1.466117168697845941e+01 4.325429180263895002e-01 3.818180000000000000e+05
1.474463292325917685e+01 4.262469229209341348e-01 3.895740000000000000e+05
1.482845717927088813e+01 4.236325336933385310e-01 3.936980000000000000e+05
1.491237844591757877e+01 4.193704344386643967e-01 3.994580000000000000e+05
1.499620869344033025e+01 4.141303263496278197e-01 4.022220000000000000e+05
1.507994841028436639e+01 4.100874983412054475e-01 4.069220000000000000e+05
1.516379287905045814e+01 4.083087476564884466e-01 4.128420000000000000e+05
1.524761726947007823e+01 4.012961482715615702e-01 4.153460000000000000e+05
1.533130236314283046e+01 3.975004422078816102e-01 4.211820000000000000e+05
1.541507271489498443e+01 3.920712255128018242e-01 4.250180000000000000e+05
1.549892486087325949e+01 3.898760736121613113e-01 4.311380000000000000e+05
1.558273944082544205e+01 3.842616133380296062e-01 4.343820000000000000e+05
1.566651676212105748e+01 3.816735999877137187e-01 4.395140000000000000e+05
1.575031987626283225e+01 3.763018198354986521e-01 4.447380000000000000e+05
1.583416895458823603e+01 3.724142575906083108e-01 4.489100000000000000e+05
1.591764298541166056e+01 3.692491131623681366e-01 4.506180000000000000e+05
1.600124934657456777e+01 3.639457699748016584e-01 4.595540000000000000e+05
1.608512892540650085e+01 3.599013711223780221e-01 4.631060000000000000e+05
1.616876936376802121e+01 3.584180526296633640e-01 4.670940000000000000e+05
1.625266730092459966e+01 3.546541206431155224e-01 4.749380000000000000e+05
1.633654362034594953e+01 3.495174379068120007e-01 4.771860000000000000e+05
1.642042973451647470e+01 3.458639061113747970e-01 4.846700000000000000e+05
1.650430805090920217e+01 3.420587808771893834e-01 4.870100000000000000e+05
1.658806155565851981e+01 3.393104467945365355e-01 4.933140000000000000e+05
1.667181202155569864e+01 3.359518241182135601e-01 4.963220000000000000e+05
1.675536979785300673e+01 3.324131219827706207e-01 5.017020000000000000e+05
1.683913437464611107e+01 3.297281415540287974e-01 5.085620000000000000e+05
1.692311287467790493e+01 3.257392069298112869e-01 5.142420000000000000e+05
1.700686134416512019e+01 3.235713131928595332e-01 5.161580000000000000e+05
1.709049145912358725e+01 3.196584410794447995e-01 5.226020000000000000e+05
1.717439271307012660e+01 3.167595701939855957e-01 5.306580000000000000e+05
1.725814844798823344e+01 3.146198497005897599e-01 5.300420000000000000e+05
1.734170549116967663e+01 3.101500652745148301e-01 5.388780000000000000e+05
1.742552841692270604e+01 3.073371138330913688e-01 5.441300000000000000e+05
1.750952475613275183e+01 3.053466007446843378e-01 5.511060000000000000e+05
1.759341552867108760e+01 3.018390884090096926e-01 5.539820000000000000e+05
1.767712427740806902e+01 2.995011851938764735e-01 5.582420000000000000e+05
1.776076336549380486e+01 2.963966565612013992e-01 5.645460000000000000e+05
1.784454049115150198e+01 2.935751460576272454e-01 5.704940000000000000e+05
1.792845098480595212e+01 2.912228635901810692e-01 5.767620000000000000e+05
1.801209967098870024e+01 2.895298443190819082e-01 5.782340000000000000e+05
1.809567304656415843e+01 2.860021753012809143e-01 5.856660000000000000e+05
1.817956177579962329e+01 2.836206684459143812e-01 5.944460000000000000e+05
1.826340897759345694e+01 2.805282969340612831e-01 5.952500000000000000e+05
1.834709561527148480e+01 2.788492114295278990e-01 6.034020000000000000e+05
1.843085104599287050e+01 2.756244216983710360e-01 6.073820000000000000e+05
1.851480060957681317e+01 2.728168151650702811e-01 6.170100000000000000e+05
1.859860657464781752e+01 2.709159028856412132e-01 6.167780000000000000e+05
1.868221643305014013e+01 2.683810700668751714e-01 6.247460000000000000e+05
1.876579233005788794e+01 2.667756377953132141e-01 6.280620000000000000e+05
1.884963899569083878e+01 2.640307568696141916e-01 6.394100000000000000e+05
1.893369961008885838e+01 2.620527673830476134e-01 6.429540000000000000e+05
1.901742853382821963e+01 2.596309265156183099e-01 6.459740000000000000e+05
1.910112633018001560e+01 2.580653252153820021e-01 6.534900000000000000e+05
1.918502629066336240e+01 2.561201656915063074e-01 6.607460000000000000e+05
1.926890198512752406e+01 2.533716726648471695e-01 6.646460000000000000e+05
1.935246095562879987e+01 2.507814490326544798e-01 6.672900000000000000e+05
1.943618843304382438e+01 2.496693142390513653e-01 6.790340000000000000e+05
1.952018254288546828e+01 2.477489693828527351e-01 6.827220000000000000e+05
1.960415151947932699e+01 2.444773679615414863e-01 6.912380000000000000e+05
1.968780210242165651e+01 2.434954035495104641e-01 6.886020000000000000e+05
1.977130140774902145e+01 2.402907872282135648e-01 7.008260000000000000e+05
1.985512328577584995e+01 2.390714322154232629e-01 7.056620000000000000e+05
1.993880103532062975e+01 2.369511549370354186e-01 7.100820000000000000e+05
2.002251720567175752e+01 2.347415942096495733e-01 7.191620000000000000e+05
2.010630953640407981e+01 2.322286041883004359e-01 7.222500000000000000e+05
2.019007441105629752e+01 2.306169772115213845e-01 7.315100000000000000e+05
2.027398189270754258e+01 2.282687401044481701e-01 7.364420000000000000e+05
2.035771672240259988e+01 2.267162618876012725e-01 7.408980000000000000e+05
2.044152561001209278e+01 2.242247424875826178e-01 7.501580000000000000e+05
2.052547735138173479e+01 2.230656666216255801e-01 7.548660000000000000e+05
2.060926463402020303e+01 2.213049945059711310e-01 7.608260000000000000e+05
2.069293267341507203e+01 2.199989831931563333e-01 7.640340000000000000e+05
2.077660950204460377e+01 2.182525455646213697e-01 7.738460000000000000e+05
2.086046445382838144e+01 2.164262312848044267e-01 7.797140000000000000e+05
2.094422635366088770e+01 2.147445889018938792e-01 7.843140000000000000e+05
2.102790779658915099e+01 2.129458960222002650e-01 7.913420000000000000e+05
2.111175109708185005e+01 2.111330817253689318e-01 7.994580000000000000e+05
2.119561698133140482e+01 2.091495468109053346e-01 8.049620000000000000e+05
2.127937098747377220e+01 2.071995630288431811e-01 8.095500000000000000e+05
2.136289743529758312e+01 2.061513355637291656e-01 8.134580000000000000e+05
2.144667251561538279e+01 2.042432404381425148e-01 8.274020000000000000e+05
2.153058487447404801e+01 2.030537405354457814e-01 8.286180000000000000e+05
2.161430781897418285e+01 2.014770824322096310e-01 8.369180000000000000e+05
2.169809860621591113e+01 1.995621157492104281e-01 8.428740000000000000e+05
2.178186592258134979e+01 1.981112054329371708e-01 8.493380000000000000e+05
2.186575914903780316e+01 1.966769875032307047e-01 8.589420000000000000e+05
2.194962158415442133e+01 1.954057079565331423e-01 8.609780000000000000e+05
2.203325539668853494e+01 1.935694232195461217e-01 8.683460000000000000e+05
2.211696571376059239e+01 1.923806410071827455e-01 8.751540000000000000e+05
2.220087574207360248e+01 1.910713545204656971e-01 8.862140000000000000e+05
2.228474038685342151e+01 1.897288022372332628e-01 8.873460000000000000e+05
2.236841597704980344e+01 1.879982969007336358e-01 8.949860000000000000e+05
2.245213243389392943e+01 1.867749431197619769e-01 9.027740000000000000e+05
2.253605781739295466e+01 1.852499557346998504e-01 9.121140000000000000e+05
2.261989949900187824e+01 1.833967012959194787e-01 9.150260000000000000e+05
2.270351073009412346e+01 1.830673791382199656e-01 9.201420000000000000e+05
2.278715722706498781e+01 1.815584593153946880e-01 9.297620000000000000e+05
2.287097668523026428e+01 1.798863246748953204e-01 9.376980000000000000e+05
2.295488199422259967e+01 1.791622685131281645e-01 9.447620000000000000e+05
2.303860516955441540e+01 1.771776898647408616e-01 9.482540000000000000e+05
2.312228464582942422e+01 1.761540658359827816e-01 9.568020000000000000e+05
2.320617384356005175e+01 1.749559568049869063e-01 9.676580000000000000e+05
2.329003403044199771e+01 1.736351734862875418e-01 9.697020000000000000e+05
2.337357926991530377e+01 1.722833298257861190e-01 9.740900000000000000e+05
2.345731339274843563e+01 1.712693838886292508e-01 9.884820000000000000e+05
2.354122299663546514e+01 1.702743098748580874e-01 9.919940000000000000e+05
2.362504372012406506e+01 1.690125889084242994e-01 1.001030000000000000e+06
2.370885397094835767e+01 1.677835794917698631e-01 1.005450000000000000e+06
2.379260308853216443e+01 1.665958684591087591e-01 1.013738000000000000e+06
2.387641759766158600e+01 1.653609359554081004e-01 1.021710000000000000e+06
2.396006287668014423e+01 1.640578138402111752e-01 1.023626000000000000e+06
2.404369058312309448e+01 1.628229493094453251e-01 1.035834000000000000e+06
2.412744281115724831e+01 1.619088842470978451e-01 1.040786000000000000e+06
2.421130654323629017e+01 1.610873875813468581e-01 1.053206000000000000e+06
2.429521431171586343e+01 1.598269356396676832e-01 1.057002000000000000e+06
2.437900304005930963e+01 1.584330247119554724e-01 1.063898000000000000e+06
2.446281560559316759e+01 1.575825458946924773e-01 1.072782000000000000e+06
2.454665138918273826e+01 1.565036032223917628e-01 1.078826000000000000e+06
2.463047593346652420e+01 1.557899629982664180e-01 1.087922000000000000e+06
2.471419358613830752e+01 1.542296713691226062e-01 1.090494000000000000e+06
2.479788224447528933e+01 1.534149733466380616e-01 1.101362000000000000e+06
2.488170408610204021e+01 1.525321774739998582e-01 1.109802000000000000e+06
2.496549243986660471e+01 1.515158456959715128e-01 1.114514000000000000e+06
2.504920536425761668e+01 1.501078168180111638e-01 1.123926000000000000e+06
2.513283571770503499e+01 1.497891070581694739e-01 1.125986000000000000e+06
2.521660993392169203e+01 1.483791156779653564e-01 1.143554000000000000e+06
2.530049640187540660e+01 1.470824351800892604e-01 1.144710000000000000e+06
2.538425628289359182e+01 1.463641869104294613e-01 1.154018000000000000e+06
2.546797452488973690e+01 1.455855881485772774e-01 1.159962000000000000e+06
2.555179869471822229e+01 1.440575106149860063e-01 1.170986000000000000e+06
2.563566666461671772e+01 1.437302071821563165e-01 1.178142000000000000e+06
2.571944170984828659e+01 1.424114707434170346e-01 1.182674000000000000e+06
2.580313169207982682e+01 1.418683727021449181e-01 1.191002000000000000e+06
2.588687624829988820e+01 1.405835828256019882e-01 1.200438000000000000e+06
2.597069400893500202e+01 1.396546986248532740e-01 1.208162000000000000e+06
2.605447755360336259e+01 1.389886190833551360e-01 1.215258000000000000e+06
2.613827698295097690e+01 1.380225607449838132e-01 1.224134000000000000e+06
2.622200478464780105e+01 1.371476064154462937e-01 1.228722000000000000e+06
2.630582763864114426e+01 1.365286777623689329e-01 1.243154000000000000e+06
2.638970867910203921e+01 1.353873303402669259e-01 1.245434000000000000e+06
2.647343389639032196e+01 1.348988160255521762e-01 1.255158000000000000e+06
2.655698334590179499e+01 1.337924519755337993e-01 1.255610000000000000e+06
2.664075459217511366e+01 1.331826263617734429e-01 1.277562000000000000e+06
2.672459382145218143e+01 1.322397735351306669e-01 1.274414000000000000e+06
2.680821980594094356e+01 1.315697720984701502e-01 1.285994000000000000e+06
2.689209959394619531e+01 1.305429632493824710e-01 1.299570000000000000e+06
2.697602191334329902e+01 1.297593826653723748e-01 1.302122000000000000e+06
2.705977872814356644e+01 1.289245813144461739e-01 1.311366000000000000e+06
2.714355261554103649e+01 1.284887636201414995e-01 1.319186000000000000e+06
2.722733740409666225e+01 1.277230873625355423e-01 1.327434000000000000e+06
2.731116904834040326e+01 1.269224339412275693e-01 1.337294000000000000e+06
2.739498441427308961e+01 1.258743962859249499e-01 1.342730000000000000e+06
2.747866258082228796e+01 1.250086306152217164e-01 1.350570000000000000e+06
2.756247723469893529e+01 1.243179234949618045e-01 1.362590000000000000e+06
2.764637317716708864e+01 1.235520188574415618e-01 1.369698000000000000e+06
2.773011686037893142e+01 1.224529088728458642e-01 1.374914000000000000e+06
2.781378851120859963e+01 1.217982510823449604e-01 1.383570000000000000e+06
2.789756242253353236e+01 1.213835188630431744e-01 1.395374000000000000e+06
2.798127274786056873e+01 1.204527028212003664e-01 1.396994000000000000e+06
2.806492746953691508e+01 1.197464475604485962e-01 1.411530000000000000e+06
2.814870507983202330e+01 1.194849880852780905e-01 1.417574000000000000e+06
2.823250085536484733e+01 1.184884296391323227e-01 1.428834000000000000e+06
2.831642245547427450e+01 1.177831535984956435e-01 1.439018000000000000e+06
2.840020580335993117e+01 1.171659284249717964e-01 1.440698000000000000e+06
2.848389737328623639e+01 1.163234824454231348e-01 1.453638000000000000e+06
2.856776129641226092e+01 1.157074542033556808e-01 1.463426000000000000e+06
2.865164498472143961e+01 1.150677237347472875e-01 1.471050000000000000e+06
2.873539597999311468e+01 1.144193135013456264e-01 1.476638000000000000e+06
2.881905019890862363e+01 1.138075177370178881e-01 1.484466000000000000e+06
2.890289675093428912e+01 1.128342033029256231e-01 1.501154000000000000e+06
2.898675594616652873e+01 1.125050546678244695e-01 1.501706000000000000e+06
2.907041472198053711e+01 1.118305458742363673e-01 1.511502000000000000e+06
2.915408733972060062e+01 1.109497267361471973e-01 1.520234000000000000e+06
2.923796129814355282e+01 1.102863641767806019e-01 1.535010000000000000e+06
2.932194077207240568e+01 1.100216216846642281e-01 1.543358000000000000e+06
2.940549917698988835e+01 1.091501308152217076e-01 1.535754000000000000e+06
2.948914761948871543e+01 1.086325138899362358e-01 1.564802000000000000e+06
2.957304642502456460e+01 1.080818652521563783e-01 1.563038000000000000e+06
2.965685586864443124e+01 1.073450406449209527e-01 1.578426000000000000e+06
2.974065423044915946e+01 1.069355357822599217e-01 1.581482000000000000e+06
2.982438217008557402e+01 1.062621683152771279e-01 1.592250000000000000e+06
2.990814468646065549e+01 1.058220710353694610e-01 1.602230000000000000e+06
2.999179263215820157e+01 1.048197554734245918e-01 1.604754000000000000e+06
3.007552257970940346e+01 1.041117748349510708e-01 1.623458000000000000e+06
3.015929957087215385e+01 1.037970468364401710e-01 1.624910000000000000e+06
3.024317734005441238e+01 1.033451945357243967e-01 1.645122000000000000e+06
3.032708985436260107e+01 1.027195324229696199e-01 1.645130000000000000e+06
3.041082997219342587e+01 1.022208860600855584e-01 1.655706000000000000e+06
3.049455723219219649e+01 1.015727663687810423e-01 1.663502000000000000e+06
3.057833323294630645e+01 1.010839061923684279e-01 1.675514000000000000e+06
3.066218995697298411e+01 1.007011630880710606e-01 1.685298000000000000e+06
3.074593408191947930e+01 1.000186401419062565e-01 1.689566000000000000e+06
3.082954809468623125e+01 9.921481579644844673e-02 1.697850000000000000e+06
3.091340339641750390e+01 9.876509524621394920e-02 1.718546000000000000e+06
3.099734465130006811e+01 9.828711561429030741e-02 1.719822000000000000e+06
3.108104222338488043e+01 9.776120332262627777e-02 1.726586000000000000e+06
3.116474027426929894e+01 9.764148465144038835e-02 1.739186000000000000e+06
3.124860498828843447e+01 9.692611043836903140e-02 1.751538000000000000e+06
3.133245649887071949e+01 9.621201499150769387e-02 1.758062000000000000e+06
3.141614178307822414e+01 9.571710809921668561e-02 1.763010000000000000e+06
3.149986855610640646e+01 9.526557866900701999e-02 1.778642000000000000e+06
3.158374588400788952e+01 9.452757128272563925e-02 1.788582000000000000e+06
3.166757693376691307e+01 9.386056578479627654e-02 1.794746000000000000e+06
3.175127246931511493e+01 9.347435797902722832e-02 1.803290000000000000e+06
3.183493779085208786e+01 9.316343851218458760e-02 1.811058000000000000e+06
3.191872426101914328e+01 9.267598304052052094e-02 1.828358000000000000e+06
3.200254090967914777e+01 9.204896069155088512e-02 1.831362000000000000e+06
3.208624557094677954e+01 9.169333846416038991e-02 1.842458000000000000e+06
3.216985025736639159e+01 9.122217342682559238e-02 1.846998000000000000e+06
3.225366158768746061e+01 9.073391978961244109e-02 1.869122000000000000e+06
3.233765392466781208e+01 9.006839290301468792e-02 1.876346000000000000e+06
3.242147145466748981e+01 8.975999710828269640e-02 1.879506000000000000e+06
3.250521341167948464e+01 8.919598533216149816e-02 1.893326000000000000e+06
3.258903110732968855e+01 8.875052843951024284e-02 1.901826000000000000e+06
3.267283869534620777e+01 8.847069626645298612e-02 1.911962000000000000e+06
3.275656526575507854e+01 8.802476509719164843e-02 1.919198000000000000e+06
3.284028881372969266e+01 8.750775323767694125e-02 1.930242000000000000e+06
3.292407887898949781e+01 8.724695029504099530e-02 1.942442000000000000e+06
3.300791290112206156e+01 8.672247505295291314e-02 1.951734000000000000e+06
3.309159594029746643e+01 8.621413748937559185e-02 1.955402000000000000e+06
3.317527487811420173e+01 8.586253897339464480e-02 1.971858000000000000e+06
3.325918478063969275e+01 8.524348606326370703e-02 1.984898000000000000e+06
3.334295800125237008e+01 8.491126728107119270e-02 1.986422000000000000e+06
3.342654711354870045e+01 8.450822234445777570e-02 1.996146000000000000e+06
3.351037327631482299e+01 8.397852852056363060e-02 2.017106000000000000e+06
3.359427383821539337e+01 8.365415558105904204e-02 2.020638000000000000e+06
3.367803183712429416e+01 8.310264273563994220e-02 2.029346000000000000e+06
3.376176459220195625e+01 8.264708951779567436e-02 2.041002000000000000e+06
3.384556001022187388e+01 8.244597571230105615e-02 2.051450000000000000e+06
3.392943845922752644e+01 8.175029079532945830e-02 2.065886000000000000e+06
3.401316055039511355e+01 8.151007382494747378e-02 2.064546000000000000e+06
3.409683542659267630e+01 8.111724395601757620e-02 2.082650000000000000e+06
3.418067800810939616e+01 8.066409177102513983e-02 2.095182000000000000e+06
3.426452736710173497e+01 8.027703582608480826e-02 2.101346000000000000e+06
3.434832998306823271e+01 8.006177105382325521e-02 2.115554000000000000e+06
3.443203105705293865e+01 7.950780970092463651e-02 2.115654000000000000e+06
3.451583812868020118e+01 7.926946495343907551e-02 2.141066000000000000e+06
3.459967632687634875e+01 7.886552381873701556e-02 2.139786000000000000e+06
3.468336662819802285e+01 7.830832967816218904e-02 2.152202000000000000e+06
3.476703645977761425e+01 7.812418299179209324e-02 2.161086000000000000e+06
3.485079127028417645e+01 7.762955852968991821e-02 2.176058000000000000e+06
3.493469079655712051e+01 7.740620455464579386e-02 2.190818000000000000e+06
3.501848338903062796e+01 7.686178381476826971e-02 2.191158000000000000e+06
3.510217183339957359e+01 7.664507327527962655e-02 2.205314000000000000e+06
3.518590037953279648e+01 7.628505387365869250e-02 2.215554000000000000e+06
3.526971993052846699e+01 7.590869335844509236e-02 2.230562000000000000e+06
3.535358270636252342e+01 7.546864102474801217e-02 2.239614000000000000e+06
3.543734285600354639e+01 7.505422292588612154e-02 2.245706000000000000e+06
3.552108409358061891e+01 7.468182495572370239e-02 2.259674000000000000e+06
3.560491818170212497e+01 7.434560439536268273e-02 2.273214000000000000e+06
3.568872958243610327e+01 7.393296044368927178e-02 2.278802000000000000e+06
3.577252677462045227e+01 7.365641158762249729e-02 2.294034000000000000e+06
3.585622758416000266e+01 7.326956683436879059e-02 2.294942000000000000e+06
3.593995265006216755e+01 7.294914330722254703e-02 2.317050000000000000e+06
3.602378331164942438e+01 7.248081633404251933e-02 2.322842000000000000e+06
3.610749751390627438e+01 7.235155777390692156e-02 2.330810000000000000e+06
3.619121780725145499e+01 7.184531596473593684e-02 2.345958000000000000e+06
3.627496104714246883e+01 7.155270855834458543e-02 2.353586000000000000e+06
3.635885802177431714e+01 7.122992075616212115e-02 2.376210000000000000e+06
3.644273375320676678e+01 7.088377110231955380e-02 2.374502000000000000e+06
3.652641723315417011e+01 7.048634711814631693e-02 2.386346000000000000e+06
3.661016003667585750e+01 7.029175614892513302e-02 2.401314000000000000e+06
3.669398675014319622e+01 6.983308797611395558e-02 2.411450000000000000e+06
3.677774362791269880e+01 6.948567919724643605e-02 2.420718000000000000e+06
3.686138542781196037e+01 6.927829836619871229e-02 2.425754000000000000e+06
3.694523701027373619e+01 6.908851245592041723e-02 2.455218000000000000e+06
3.702912063015348565e+01 6.883394221487085241e-02 2.450942000000000000e+06
3.711286066480837320e+01 6.836531085714980804e-02 2.467130000000000000e+06
3.719659282330948713e+01 6.802951130037326877e-02 2.474874000000000000e+06
3.728037731851799208e+01 6.770922008527273384e-02 2.490362000000000000e+06
3.736414979091281197e+01 6.749266679996573925e-02 2.498142000000000000e+06
3.744783790554325975e+01 6.710369392403144062e-02 2.507090000000000000e+06
3.753161089290124863e+01 6.687747246949390934e-02 2.525562000000000000e+06
3.761546125363399540e+01 6.657397338016021737e-02 2.534726000000000000e+06
3.769935318534805191e+01 6.623844050525784510e-02 2.549906000000000000e+06
3.778311927771562750e+01 6.597886566599009406e-02 2.551074000000000000e+06
3.786687072097435447e+01 6.569414818403689071e-02 2.570702000000000000e+06
3.795064452686742129e+01 6.542581939547323366e-02 2.574642000000000000e+06
3.803440602811515703e+01 6.498683557974237190e-02 2.594066000000000000e+06
3.811814083290802557e+01 6.482246766805328797e-02 2.594802000000000000e+06
3.820178788957619531e+01 6.440134086323663631e-02 2.612030000000000000e+06
3.828560806097936364e+01 6.406255113293460313e-02 2.627954000000000000e+06
3.836951237816947469e+01 6.384208967043654426e-02 2.640402000000000000e+06
3.845325054821010724e+01 6.354613311456493163e-02 2.641454000000000000e+06
3.853698686701612530e+01 6.327848111490047556e-02 2.661834000000000000e+06
3.862077152240886591e+01 6.297531145823108412e-02 2.669138000000000000e+06
3.870457668857440581e+01 6.265786449413711379e-02 2.684858000000000000e+06
3.878838810440694118e+01 6.247927037280383983e-02 2.693910000000000000e+06
3.887209610060705955e+01 6.225489227636709505e-02 2.701682000000000000e+06
3.895591541384992951e+01 6.197682868243191423e-02 2.722698000000000000e+06
3.903970878692612700e+01 6.169593739978027763e-02 2.725262000000000000e+06
3.912346323929788383e+01 6.139075005925358208e-02 2.742450000000000000e+06
3.920722013046969323e+01 6.111638475735040044e-02 2.749850000000000000e+06
3.929096158370429492e+01 6.085744560588617763e-02 2.763902000000000000e+06
3.937477573634135553e+01 6.060946642754466707e-02 2.778498000000000000e+06
3.945853339307303997e+01 6.040994238704557040e-02 2.784530000000000000e+06
3.954233951365999644e+01 6.014401292247867348e-02 2.804106000000000000e+06
3.962614155532578053e+01 5.986610098085622111e-02 2.809790000000000000e+06
3.970993115735726064e+01 5.953702985920997226e-02 2.825058000000000000e+06
3.979370973670097555e+01 5.937067247815180221e-02 2.834330000000000000e+06
3.987739375837353606e+01 5.903317360843793327e-02 2.842022000000000000e+06
3.996117659102883124e+01 5.879562979055095312e-02 2.864754000000000000e+06
4.004492507367432097e+01 5.855649846937314995e-02 2.864186000000000000e+06
4.012855801902023956e+01 5.831370019253088316e-02 2.879538000000000000e+06
4.021232599228400773e+01 5.802553687694304158e-02 2.899454000000000000e+06
4.029612162727031688e+01 5.777256079694021579e-02 2.904258000000000000e+06
4.038001131135030874e+01 5.748947332363216894e-02 2.930234000000000000e+06
4.046390848166176823e+01 5.730843381318342922e-02 2.929526000000000000e+06
4.054763895091686976e+01 5.704826233618198045e-02 2.942442000000000000e+06
4.063145602871991713e+01 5.689138381895494229e-02 2.960810000000000000e+06
4.071526025477401589e+01 5.669867685974217669e-02 2.964954000000000000e+06
4.079900469843234134e+01 5.641338865480675230e-02 2.980910000000000000e+06
4.088275455494471800e+01 5.613798709819998317e-02 2.990978000000000000e+06
4.096655099355582053e+01 5.593870485392798270e-02 3.007626000000000000e+06
4.105038506696493528e+01 5.568142617862019417e-02 3.019166000000000000e+06
4.113408514747818856e+01 5.546009987289356180e-02 3.021090000000000000e+06
4.121781401966371305e+01 5.524855930473904220e-02 3.047834000000000000e+06
4.130168676574312769e+01 5.504564482636741668e-02 3.055590000000000000e+06
4.138552050109588976e+01 5.474822195919500784e-02 3.068546000000000000e+06
4.146914577407831359e+01 5.447881001175636229e-02 3.067274000000000000e+06
4.155286479481431883e+01 5.436447505986007761e-02 3.098058000000000000e+06
4.163678258255396258e+01 5.410678651421227392e-02 3.109214000000000000e+06
4.172055832134024200e+01 5.387973819678466142e-02 3.110466000000000000e+06
4.180418526461116357e+01 5.367485084993134370e-02 3.124370000000000000e+06
4.188792935761906477e+01 5.344594279769503825e-02 3.144174000000000000e+06
4.197185138929292947e+01 5.323166008695217472e-02 3.161738000000000000e+06
4.205562112114309059e+01 5.306056935526237001e-02 3.159890000000000000e+06
4.213924805322351830e+01 5.275810806745012682e-02 3.174138000000000000e+06
4.222299894826061717e+01 5.253043738340625046e-02 3.195926000000000000e+06
4.230691258081674988e+01 5.237495683328008411e-02 3.211386000000000000e+06
4.239080415901788967e+01 5.214083943815359112e-02 3.219314000000000000e+06
4.247453169083237157e+01 5.198962837165407858e-02 3.225494000000000000e+06
4.255825507974662258e+01 5.177641456817171084e-02 3.242562000000000000e+06
4.264203752623418353e+01 5.153287560054644473e-02 3.257450000000000000e+06
4.272584879897986099e+01 5.132572264139746709e-02 3.269118000000000000e+06
4.280959718026213068e+01 5.113238160009515865e-02 3.278930000000000000e+06
4.289324313363174213e+01 5.098295852159493574e-02 3.286650000000000000e+06
4.297705823947939763e+01 5.074143383605549118e-02 3.316610000000000000e+06
4.306095854823670521e+01 5.059589040271054300e-02 3.321542000000000000e+06
4.314470014373539897e+01 5.031218943194360610e-02 3.328578000000000000e+06
4.322841831305547800e+01 5.023878021831505031e-02 3.345074000000000000e+06
4.331221276153173960e+01 5.000397308076958564e-02 3.361686000000000000e+06
4.339600557191744912e+01 4.980517031523668675e-02 3.369722000000000000e+06
4.347974360653208947e+01 4.969220232978562718e-02 3.385290000000000000e+06
4.356345927572596111e+01 4.941567216935928430e-02 3.391370000000000000e+06
4.364729718140662129e+01 4.923205215155511405e-02 3.422966000000000000e+06
4.373115310142490841e+01 4.909003789400790546e-02 3.419538000000000000e+06
4.381493904908852244e+01 4.884647769829948000e-02 3.441890000000000000e+06
4.389872518355250719e+01 4.869668437182930049e-02 3.447582000000000000e+06
4.398251250846917060e+01 4.848113534958621573e-02 3.466298000000000000e+06
4.406617792640594899e+01 4.831384852521238005e-02 3.466194000000000000e+06
4.414985741111507167e+01 4.808686010586295939e-02 3.492062000000000000e+06
4.423365507571194399e+01 4.789864728210386363e-02 3.503114000000000000e+06
4.431743533444053895e+01 4.778744079716907428e-02 3.517146000000000000e+06
4.440128817701192787e+01 4.753590495787828052e-02 3.535706000000000000e+06
4.448508293520813339e+01 4.738284068443406050e-02 3.539742000000000000e+06
4.456885232151149978e+01 4.726781395892543092e-02 3.558698000000000000e+06
4.465264799184704714e+01 4.705527220078193490e-02 3.570122000000000000e+06
4.473644620586907905e+01 4.681551892599912501e-02 3.585174000000000000e+06
4.482021823753251510e+01 4.669486740028833821e-02 3.594314000000000000e+06
4.490398199496299014e+01 4.653524973160831635e-02 3.612258000000000000e+06
4.498774280066585618e+01 4.635924252585848365e-02 3.620282000000000000e+06
4.507149731418039096e+01 4.612229818239675649e-02 3.639078000000000000e+06
4.515529296565681960e+01 4.600003937870673215e-02 3.650450000000000000e+06
4.523902850959706967e+01 4.585766020159402767e-02 3.661418000000000000e+06
4.532276634990883224e+01 4.568151265439702319e-02 3.677694000000000000e+06
4.540659508440727876e+01 4.559109168804575951e-02 3.695978000000000000e+06
4.549038931088257698e+01 4.535484537418878886e-02 3.702810000000000000e+06
4.557410984910109875e+01 4.523829794018668221e-02 3.716162000000000000e+06
4.565793710884364032e+01 4.500084924336126418e-02 3.740094000000000000e+06
4.574173858314507868e+01 4.488059730218548621e-02 3.740954000000000000e+06
4.582547487248402263e+01 4.467774281390905072e-02 3.760946000000000000e+06
4.590929724167653347e+01 4.452323419557798617e-02 3.778278000000000000e+06
4.599310294070550498e+01 4.436661772686464889e-02 3.784922000000000000e+06
4.607688647938994819e+01 4.413169637812441870e-02 3.805266000000000000e+06
4.616063114034604098e+01 4.405117619336258727e-02 3.807686000000000000e+06
4.624436961981203353e+01 4.392532179967806316e-02 3.833130000000000000e+06
4.632816579644655519e+01 4.372691001296755142e-02 3.841898000000000000e+06
4.641196142457300766e+01 4.358901779748133171e-02 3.858074000000000000e+06
4.649571814796405533e+01 4.342289777599952355e-02 3.868974000000000000e+06
4.657948650465218066e+01 4.326891709189516905e-02 3.885362000000000000e+06
4.666326012374663890e+01 4.309161436809472862e-02 3.898290000000000000e+06
4.674697557759400013e+01 4.291327139553464953e-02 3.907334000000000000e+06
4.683072185148795086e+01 4.275447313762972129e-02 3.928730000000000000e+06
4.691446205725140572e+01 4.258769905168485054e-02 3.936666000000000000e+06
4.699827339304534490e+01 4.243969410902254102e-02 3.961346000000000000e+06
4.708217883775101598e+01 4.227308160624824313e-02 3.975774000000000000e+06
4.716589489477312469e+01 4.215192868905767720e-02 3.970106000000000000e+06
4.724959403662504087e+01 4.202244330742886669e-02 4.003170000000000000e+06
4.733350988050379016e+01 4.189380088557000809e-02 4.019558000000000000e+06
4.741737501115326126e+01 4.173875014842353542e-02 4.025642000000000000e+06
4.750102520144735507e+01 4.157283554183999197e-02 4.028514000000000000e+06
4.758473950277736009e+01 4.143291767030481132e-02 4.059398000000000000e+06
4.766858069315918556e+01 4.129367917430241258e-02 4.069674000000000000e+06
4.775237333775331194e+01 4.110384830734300360e-02 4.083698000000000000e+06
4.783614237112322343e+01 4.099087333128215854e-02 4.095210000000000000e+06
4.791988490245709897e+01 4.084861536915784797e-02 4.110518000000000000e+06
4.800366139183459069e+01 4.070189733089402823e-02 4.126850000000000000e+06
4.808744155042190727e+01 4.050203237157237735e-02 4.140114000000000000e+06
4.817110248164115660e+01 4.040405175346940825e-02 4.144070000000000000e+06
4.825485289941014599e+01 4.025881585142207508e-02 4.175802000000000000e+06
4.833872317014574804e+01 4.005564074513082856e-02 4.187882000000000000e+06
4.842255739313756635e+01 3.991459412395070849e-02 4.199250000000000000e+06
4.850630200152498617e+01 3.985298804369155623e-02 4.209326000000000000e+06
4.858999651144587517e+01 3.965990285116753611e-02 4.222130000000000000e+06
4.867384498554194749e+01 3.953724494964809544e-02 4.254258000000000000e+06
4.875769237889889496e+01 3.939940650486610518e-02 4.252478000000000000e+06
4.884143639731927777e+01 3.920182880526790203e-02 4.270698000000000000e+06
4.892512165045238959e+01 3.909947957304630434e-02 4.278122000000000000e+06
4.900892249802404876e+01 3.901224504036986812e-02 4.309898000000000000e+06
4.909279745527720706e+01 3.880491904381362656e-02 4.317150000000000000e+06
4.917658920170342185e+01 3.872194506984089762e-02 4.329698000000000000e+06
4.926033308118844189e+01 3.855119178354534520e-02 4.340826000000000000e+06
4.934406286064109537e+01 3.841897976644592649e-02 4.359590000000000000e+06
4.942786957825488514e+01 3.832652549778950424e-02 4.376850000000000000e+06
4.951163677893373460e+01 3.812859911062458501e-02 4.386674000000000000e+06
4.959537078523236886e+01 3.806280189477807135e-02 4.401782000000000000e+06
4.967912880843362444e+01 3.788397700041410548e-02 4.419210000000000000e+06
4.976302304379169783e+01 3.773266005574744258e-02 4.446482000000000000e+06
4.984679567254183752e+01 3.763202409439722618e-02 4.435554000000000000e+06
4.993048967360238777e+01 3.750517601065488787e-02 4.468934000000000000e+06
5.001430382430130805e+01 3.739077348050875299e-02 4.477650000000000000e+06
5.009805003277288193e+01 3.722481991522121753e-02 4.491218000000000000e+06
5.018180837416312556e+01 3.714254431133848233e-02 4.510358000000000000e+06
5.026555488397971772e+01 3.702485012483971993e-02 4.518594000000000000e+06
5.034932947116654134e+01 3.684410175963158396e-02 4.544474000000000000e+06
5.043314290484163820e+01 3.670464489670476754e-02 4.552098000000000000e+06
5.051694671432978367e+01 3.662858416083969448e-02 4.574990000000000000e+06
5.060070330614421863e+01 3.650610169732216442e-02 4.577210000000000000e+06
5.068450326170798093e+01 3.639142793932362979e-02 4.608186000000000000e+06
5.076830570006593746e+01 3.625722121913202423e-02 4.610198000000000000e+06
5.085203782795357341e+01 3.612903316836966333e-02 4.628898000000000000e+06
5.093575247787595117e+01 3.601100651883037962e-02 4.641170000000000000e+06
5.101951360832174487e+01 3.596517582877887392e-02 4.662462000000000000e+06
5.110336138272519690e+01 3.580505349633723855e-02 4.681442000000000000e+06
5.118714498866896889e+01 3.571763974956537052e-02 4.687850000000000000e+06
5.127091437680648056e+01 3.560656703019738495e-02 4.708818000000000000e+06
5.135469940961902324e+01 3.546834566901350266e-02 4.721534000000000000e+06
5.143844012238305652e+01 3.533637542073669174e-02 4.732770000000000000e+06
5.152216672994304503e+01 3.523589619817282109e-02 4.753346000000000000e+06
5.160598460354614758e+01 3.509910264460538304e-02 4.772886000000000000e+06
5.168981756623005452e+01 3.498280299065974902e-02 4.785098000000000000e+06
5.177356462271885107e+01 3.485633492784951520e-02 4.795394000000000000e+06
5.185730248904087603e+01 3.478311359339225639e-02 4.813986000000000000e+06
5.194107950576231758e+01 3.463453065851600232e-02 4.832654000000000000e+06
5.202490683524943194e+01 3.452479290059187050e-02 4.849362000000000000e+06
5.210868111161441618e+01 3.436760161224389903e-02 4.858322000000000000e+06
5.219237188700115837e+01 3.426574625263226204e-02 4.871286000000000000e+06
5.227611099451670640e+01 3.415584832675094135e-02 4.894370000000000000e+06
5.235994633095187112e+01 3.408817896493138155e-02 4.914650000000000000e+06
5.244373186833391998e+01 3.397889268928856038e-02 4.919658000000000000e+06
5.252748139865951060e+01 3.380685083569456156e-02 4.941638000000000000e+06
5.261134608608541186e+01 3.371714616667814690e-02 4.965954000000000000e+06
5.269521219925067612e+01 3.360904416334625083e-02 4.971770000000000000e+06
5.277896921030312427e+01 3.350550296126804384e-02 4.985702000000000000e+06
5.286266873731673144e+01 3.333077457201448490e-02 4.996314000000000000e+06
5.294640362710930503e+01 3.324742649152861995e-02 5.021258000000000000e+06
5.303021795299186181e+01 3.314930859467258434e-02 5.038470000000000000e+06
5.311400321458867069e+01 3.301670386366832577e-02 5.048570000000000000e+06
5.319775700266092855e+01 3.292517987637993970e-02 5.067786000000000000e+06
5.328156065547872799e+01 3.280352278891401213e-02 5.084402000000000000e+06
5.336537962353408915e+01 3.272291819072700031e-02 5.104238000000000000e+06
5.344909091783166133e+01 3.259875874430848142e-02 5.101890000000000000e+06
5.353274999593639194e+01 3.251379702272733097e-02 5.129594000000000000e+06
5.361652756373694473e+01 3.240654324379122625e-02 5.149086000000000000e+06
5.370036822863162485e+01 3.228650371147535197e-02 5.168834000000000000e+06
5.378411950541506314e+01 3.223882696132054221e-02 5.172306000000000000e+06
5.386787929501433325e+01 3.211254557896976031e-02 5.199218000000000000e+06
5.395171074936121158e+01 3.202820165355493159e-02 5.215430000000000000e+06
5.403552355469201984e+01 3.193170037440720699e-02 5.229066000000000000e+06
5.411930985166335262e+01 3.183068239670666655e-02 5.244530000000000000e+06
5.420310642373981125e+01 3.172281414418368778e-02 5.262870000000000000e+06
5.428687812998526852e+01 3.164568346944047345e-02 5.272562000000000000e+06
5.437059019332080112e+01 3.148915849479537454e-02 5.290098000000000000e+06
5.445438308715934994e+01 3.139021272654194533e-02 5.314358000000000000e+06
5.453817366229988295e+01 3.126416558376039073e-02 5.322098000000000000e+06
5.462191410682409298e+01 3.117927973951072074e-02 5.341026000000000000e+06
5.470574856213039538e+01 3.105817745224487281e-02 5.366858000000000000e+06
5.478957837144608334e+01 3.097813355557118772e-02 5.374422000000000000e+06
5.487325249086202206e+01 3.089224856491493837e-02 5.377730000000000000e+06
5.495693797161722927e+01 3.077757093657164378e-02 5.409410000000000000e+06
5.504079340903902562e+01 3.070565964220924038e-02 5.434014000000000000e+06
5.512463744441291880e+01 3.061021145981839692e-02 5.438882000000000000e+06
5.520838246356159118e+01 3.053752209880249494e-02 5.456178000000000000e+06
5.529211836524709867e+01 3.040311904739267240e-02 5.469242000000000000e+06
5.537590104604533536e+01 3.035171603009657187e-02 5.496174000000000000e+06
5.545970262891226810e+01 3.023691349879121734e-02 5.505530000000000000e+06
5.554345609431005926e+01 3.014152307776458983e-02 5.521202000000000000e+06
5.562722615507448864e+01 3.008957419528343960e-02 5.544126000000000000e+06
5.571106592766010124e+01 2.992840873897008661e-02 5.560106000000000000e+06
5.579489699651359302e+01 2.985864721813900891e-02 5.579754000000000000e+06
5.587861150379660558e+01 2.972593855301124480e-02 5.576270000000000000e+06
5.596227888762821578e+01 2.967446917661024225e-02 5.607138000000000000e+06
5.604605505562237511e+01 2.958028827333420221e-02 5.625026000000000000e+06
5.612988563474059589e+01 2.948460155386387060e-02 5.646698000000000000e+06
5.621362981395379421e+01 2.938080045479601887e-02 5.649126000000000000e+06
5.629735953290565220e+01 2.929334959677149658e-02 5.676434000000000000e+06
5.638111113221403770e+01 2.920091551210057118e-02 5.687418000000000000e+06
5.646491353105431443e+01 2.910397254204551143e-02 5.715830000000000000e+06
5.654876833880403098e+01 2.898507167654877301e-02 5.729210000000000000e+06
5.663258281598625388e+01 2.895269497538818446e-02 5.744802000000000000e+06
5.671632533067610638e+01 2.885194452808461166e-02 5.752154000000000000e+06
5.680011690917110911e+01 2.875331629937325634e-02 5.786382000000000000e+06
5.688389278969563634e+01 2.866581341480661099e-02 5.784146000000000000e+06
5.696761357142070636e+01 2.859062566993327351e-02 5.812146000000000000e+06
5.705141499197365818e+01 2.849993089819398071e-02 5.830166000000000000e+06
5.713521997423967491e+01 2.838097218539647679e-02 5.845850000000000000e+06
5.721900004074090873e+01 2.832491078546655119e-02 5.862834000000000000e+06
5.730276083164348933e+01 2.824500003488728678e-02 5.876066000000000000e+06
5.738658092066984295e+01 2.817322228080815921e-02 5.905854000000000000e+06
5.747033874630024286e+01 2.806910470015454989e-02 5.902274000000000000e+06
5.755404338958180688e+01 2.796950126347563792e-02 5.931258000000000000e+06
5.763786106901985562e+01 2.789547570464718032e-02 5.954966000000000000e+06
5.772168705776467590e+01 2.781215456739642364e-02 5.965346000000000000e+06
5.780542407686664319e+01 2.774353399099805523e-02 5.977818000000000000e+06
5.788919496618857607e+01 2.767066611204722915e-02 6.004718000000000000e+06
5.797296788463464878e+01 2.757097205435528678e-02 6.011706000000000000e+06
5.805676589856359726e+01 2.749555164189176892e-02 6.045770000000000000e+06
5.814055263107005089e+01 2.739701493531665477e-02 6.041586000000000000e+06
5.822426906686246895e+01 2.729729436014098620e-02 6.073166000000000000e+06
5.830801158641646253e+01 2.726665136251879909e-02 6.078962000000000000e+06
5.839179370373053501e+01 2.714928522397975705e-02 6.114258000000000000e+06
5.847563338611901429e+01 2.710171901064267058e-02 6.123086000000000000e+06
5.855940577164263061e+01 2.696939921163738971e-02 6.136770000000000000e+06
5.864313003931577839e+01 2.688981909204669202e-02 6.154898000000000000e+06
5.872691634067579969e+01 2.679078506330711748e-02 6.178610000000000000e+06
5.881074619570083684e+01 2.674923567864508078e-02 6.197982000000000000e+06
5.889452794754235043e+01 2.665204662223813817e-02 6.205322000000000000e+06
5.897820641443409073e+01 2.659027844778375643e-02 6.218850000000000000e+06
5.906193901280321512e+01 2.649890934007644028e-02 6.249542000000000000e+06
5.914581786000324826e+01 2.640876842043522743e-02 6.274146000000000000e+06
5.922958949112301497e+01 2.630311407837209597e-02 6.270242000000000000e+06
5.931333012199205257e+01 2.623312420641176271e-02 6.305222000000000000e+06
5.939720105247847926e+01 2.619779744778914440e-02 6.325026000000000000e+06
5.948100907207791010e+01 2.608655989445226794e-02 6.331922000000000000e+06
5.956471628696222353e+01 2.605531209871592493e-02 6.343698000000000000e+06
5.964845880386389609e+01 2.595060928293855401e-02 6.375158000000000000e+06
5.973228933048412159e+01 2.587889693074879940e-02 6.392178000000000000e+06
5.981613496168468203e+01 2.576818316916754115e-02 6.412826000000000000e+06
5.989983645289154879e+01 2.571388870636505397e-02 6.407078000000000000e+06
5.998354613160790194e+01 2.564107690206847076e-02 6.447954000000000000e+06
6.006732029307560339e+01 2.559020537556695035e-02 6.456026000000000000e+06
6.015110327404215695e+01 2.546983130603758250e-02 6.482034000000000000e+06
6.023487596160424573e+01 2.543214224493360251e-02 6.492878000000000000e+06
6.031854831072890022e+01 2.533702851966926350e-02 6.502074000000000000e+06
6.040231839065788222e+01 2.529723399914105691e-02 6.542930000000000000e+06
6.048619165671609466e+01 2.521046594971965843e-02 6.556598000000000000e+06
6.057002333107591596e+01 2.511295332578424369e-02 6.570330000000000000e+06
6.065376829395822256e+01 2.505737293300001195e-02 6.581882000000000000e+06
6.073756442394000743e+01 2.499838469932761167e-02 6.612546000000000000e+06
6.082141587353444123e+01 2.490986720165971197e-02 6.628622000000000000e+06
6.090514253860760618e+01 2.483087708903449625e-02 6.629498000000000000e+06
6.098884320245825563e+01 2.477465790066448945e-02 6.659250000000000000e+06
6.107265851032283877e+01 2.466504993788519104e-02 6.686006000000000000e+06
6.115647246835320061e+01 2.462673263307192661e-02 6.693786000000000000e+06
6.124020033801726015e+01 2.454308644465946071e-02 6.711554000000000000e+06
6.132397038132510403e+01 2.448564986702155347e-02 6.735678000000000000e+06
6.140778387575393538e+01 2.439398838580946263e-02 6.754754000000000000e+06
6.149161352937865388e+01 2.433578122855662926e-02 6.776570000000000000e+06
6.157529545988447239e+01 2.425780514626457371e-02 6.767394000000000000e+06
6.165900889953971387e+01 2.417911072730435582e-02 6.818246000000000000e+06
6.174288787705573611e+01 2.413020471448762416e-02 6.830562000000000000e+06
6.182665980957211360e+01 2.403810144584457922e-02 6.839186000000000000e+06
6.191039097988957707e+01 2.396409376747987360e-02 6.861462000000000000e+06
6.199415875786135643e+01 2.388574831252396335e-02 6.880394000000000000e+06
6.207797374072198693e+01 2.385574696714056267e-02 6.907178000000000000e+06
6.216178350871904001e+01 2.375909511938209540e-02 6.917034000000000000e+06
6.224554940092006916e+01 2.369869537170575524e-02 6.937934000000000000e+06
6.232927625716432374e+01 2.363376695814890793e-02 6.947250000000000000e+06
6.241305212971730754e+01 2.353841197770414895e-02 6.982106000000000000e+06
6.249687658401688850e+01 2.349162686017361099e-02 6.995718000000000000e+06
6.258064195304475419e+01 2.341216034922093125e-02 7.006682000000000000e+06
6.266440681033797944e+01 2.334823859991080192e-02 7.035866000000000000e+06
6.274824216199589699e+01 2.329142381179198987e-02 7.054110000000000000e+06
6.283199118762099999e+01 2.322255646324495465e-02 7.059194000000000000e+06
6.291572599321118986e+01 2.315782848632829891e-02 7.091802000000000000e+06
6.299950509521183051e+01 2.310033532417945026e-02 7.100666000000000000e+06
6.308326075680762557e+01 2.302583383947695572e-02 7.129070000000000000e+06
6.316706195378349520e+01 2.296793949195902185e-02 7.143282000000000000e+06
6.325081801455058894e+01 2.291483409090464690e-02 7.161482000000000000e+06
6.333459669546337523e+01 2.283764407711727160e-02 7.184694000000000000e+06
6.341841008120442780e+01 2.275667001993638208e-02 7.203914000000000000e+06
6.350218876580745331e+01 2.272196019776873133e-02 7.219746000000000000e+06
6.358591190700263951e+01 2.267342280713063873e-02 7.228634000000000000e+06
6.366969673610064717e+01 2.259531950676499715e-02 7.271990000000000000e+06
6.375349087092273948e+01 2.254873879250056043e-02 7.266786000000000000e+06
6.383719401333753751e+01 2.246252519314746732e-02 7.293650000000000000e+06
6.392099500043143223e+01 2.240624504204347112e-02 7.324086000000000000e+06
6.400484294296721544e+01 2.234301864103070689e-02 7.338650000000000000e+06
6.408861957019631461e+01 2.229385545314298278e-02 7.351962000000000000e+06
6.417229567069612983e+01 2.223201682639703441e-02 7.357190000000000000e+06
6.425605827522849722e+01 2.217300457180772233e-02 7.406042000000000000e+06
6.433988346718935247e+01 2.209113445934509506e-02 7.408626000000000000e+06
6.442366993893529070e+01 2.202481538165664693e-02 7.435610000000000000e+06
6.450748292497215175e+01 2.197636581708401274e-02 7.453542000000000000e+06
6.459124517573944502e+01 2.190683446360276732e-02 7.464002000000000000e+06
6.467501250428696835e+01 2.182534393596836583e-02 7.493546000000000000e+06
6.475881482306483861e+01 2.176858166087634189e-02 7.510806000000000000e+06
6.484263355878292145e+01 2.172931007483423424e-02 7.532114000000000000e+06
6.492635863913294259e+01 2.168938300283669574e-02 7.536234000000000000e+06
6.501006892041591811e+01 2.162220524862163221e-02 7.565834000000000000e+06
6.509392196997305291e+01 2.156025674261238118e-02 7.603062000000000000e+06
6.517772136341262978e+01 2.148951945248087775e-02 7.593890000000000000e+06
6.526142024031203448e+01 2.144950118104565345e-02 7.622906000000000000e+06
6.534517798747489792e+01 2.139126147794411653e-02 7.646622000000000000e+06
6.542900683024386410e+01 2.135231552277107314e-02 7.672058000000000000e+06
6.551278372258207128e+01 2.128695269102343079e-02 7.679346000000000000e+06
6.559647689529717240e+01 2.121334991234954948e-02 7.693058000000000000e+06
6.568023240704575016e+01 2.117285489704168189e-02 7.732158000000000000e+06
6.576407007540214522e+01 2.109760897239459573e-02 7.746962000000000000e+06
6.584790505033298302e+01 2.104459459842033045e-02 7.770986000000000000e+06
6.593165610578880376e+01 2.098283052804044910e-02 7.772094000000000000e+06
6.601538633341530726e+01 2.092795915729966927e-02 7.803818000000000000e+06
6.609921986930250171e+01 2.086938256621044194e-02 7.834338000000000000e+06
6.618300989442009552e+01 2.080696957444174225e-02 7.833710000000000000e+06
6.626672027527055775e+01 2.076403795226086646e-02 7.858794000000000000e+06
6.635048482494400446e+01 2.071174528714696955e-02 7.884290000000000000e+06
6.643426840268917033e+01 2.064084338751445702e-02 7.901522000000000000e+06
6.651807839369693909e+01 2.058492051167985781e-02 7.930662000000000000e+06
6.660185938569200914e+01 2.051203436140182010e-02 7.934426000000000000e+06
6.668562349459918437e+01 2.047170382344280781e-02 7.967322000000000000e+06
6.676941985144630110e+01 2.043226812261288855e-02 7.981934000000000000e+06
6.685320220952085890e+01 2.037148049075366771e-02 8.003282000000000000e+06
6.693696207061206849e+01 2.031372199602826320e-02 8.019666000000000000e+06
6.702068860837411535e+01 2.024498320177952823e-02 8.034482000000000000e+06
6.710445272740649614e+01 2.019405465386435450e-02 8.068542000000000000e+06
6.718828234859530824e+01 2.013975025932552079e-02 8.088290000000000000e+06
6.727206071729939652e+01 2.009576462620928095e-02 8.096322000000000000e+06
6.735579384931760671e+01 2.003911348592564770e-02 8.122646000000000000e+06
6.743961094632139464e+01 1.999279605756369010e-02 8.150138000000000000e+06
6.752341839406597046e+01 1.993958604755574973e-02 8.165322000000000000e+06
6.760720134506061640e+01 1.988479190655654399e-02 8.182574000000000000e+06
6.769097215349376029e+01 1.982443999645037980e-02 8.203698000000000000e+06
6.777475210174605991e+01 1.978229245498372771e-02 8.226914000000000000e+06
6.785855795495925236e+01 1.972500182796004323e-02 8.246898000000000000e+06
6.794231757399198557e+01 1.968223622432663938e-02 8.261774000000000000e+06
6.802605368830526800e+01 1.962643794690598076e-02 8.279426000000000000e+06
6.810980740395922339e+01 1.957995916820902058e-02 8.308722000000000000e+06
6.819359624676370402e+01 1.949734071812230657e-02 8.326214000000000000e+06
6.827735164047554406e+01 1.947193060936518866e-02 8.342682000000000000e+06
6.836106899917464830e+01 1.940932642006766573e-02 8.360834000000000000e+06
6.844484437189701964e+01 1.937956424621474494e-02 8.393226000000000000e+06
6.852869899063553305e+01 1.931641286081602071e-02 8.420150000000000000e+06
6.861250241461986832e+01 1.925490392052420924e-02 8.421986000000000000e+06
6.869622258997036113e+01 1.920533487458845820e-02 8.445714000000000000e+06
6.877998582885126666e+01 1.917020429998382916e-02 8.472590000000000000e+06
6.886380417121233677e+01 1.908483679933893618e-02 8.495370000000000000e+06
6.894760222040189035e+01 1.904558165748480858e-02 8.512802000000000000e+06
6.903133907390910906e+01 1.901112642535921979e-02 8.523290000000000000e+06
6.911515911696680803e+01 1.892641575376077107e-02 8.570982000000000000e+06
6.919899661482570252e+01 1.889364712705600066e-02 8.568458000000000000e+06
6.928271270688284744e+01 1.885453621488061837e-02 8.586498000000000000e+06
6.936640883580386685e+01 1.881669454112157649e-02 8.608838000000000000e+06
6.945020519724739927e+01 1.875669957064915114e-02 8.645610000000000000e+06
6.953403489536805182e+01 1.870709325906699111e-02 8.658386000000000000e+06
6.961776845906641142e+01 1.865314430026631873e-02 8.668598000000000000e+06
6.970149629909469979e+01 1.861181759407898317e-02 8.697426000000000000e+06
6.978527344513386765e+01 1.854689274492975909e-02 8.722562000000000000e+06
6.986906013590846953e+01 1.852668491233997253e-02 8.737962000000000000e+06
6.995286374627769987e+01 1.846511314486249875e-02 8.771366000000000000e+06
7.003663130607654352e+01 1.844777033944779501e-02 8.771010000000000000e+06
7.012044287898793016e+01 1.837107229679444190e-02 8.822618000000000000e+06
7.020422712516214858e+01 1.833164535034354989e-02 8.807726000000000000e+06
7.028792428421020588e+01 1.827817952397717965e-02 8.844618000000000000e+06
7.037169187076506205e+01 1.823598956817002251e-02 8.868722000000000000e+06
7.045550216092648554e+01 1.819243170699667497e-02 8.891394000000000000e+06
7.053930310811041693e+01 1.815125790877715126e-02 8.911934000000000000e+06
7.062306388634770826e+01 1.809330141020701679e-02 8.923938000000000000e+06
7.070681928787864479e+01 1.805518039952725556e-02 8.953682000000000000e+06
7.079064883602877956e+01 1.801079797006579705e-02 8.981966000000000000e+06
7.087445404086807343e+01 1.795440438301031116e-02 8.990442000000000000e+06
7.095817349518108585e+01 1.792885417524712338e-02 9.007874000000000000e+06
7.104193091703314167e+01 1.788798471719492411e-02 9.038982000000000000e+06
7.112576467725064333e+01 1.784538176912126017e-02 9.068570000000000000e+06
7.120961688916655419e+01 1.780905175972042481e-02 9.085250000000000000e+06
7.129335164196812968e+01 1.773296612212414691e-02 9.084690000000000000e+06
7.137708037180341591e+01 1.768965097428383190e-02 9.128654000000000000e+06
7.146084353628984331e+01 1.766002555793880907e-02 9.133170000000000000e+06
7.154466665793322022e+01 1.761063540224008794e-02 9.185882000000000000e+06
7.162842926759091711e+01 1.758149997806456033e-02 9.163254000000000000e+06
7.171216325434680527e+01 1.753181117023295751e-02 9.220130000000000000e+06
7.179600405083390058e+01 1.747227452627698324e-02 9.233138000000000000e+06
7.187979487849634097e+01 1.743122956484208924e-02 9.249378000000000000e+06
7.196355510905767972e+01 1.737921551682296978e-02 9.271550000000000000e+06
7.204729422001986450e+01 1.733811287820099037e-02 9.286266000000000000e+06
7.213106156089709486e+01 1.728691649620492377e-02 9.320762000000000000e+06
7.221480038490358311e+01 1.724534993177664552e-02 9.326718000000000000e+06
7.229852005323998299e+01 1.719931537440074973e-02 9.354602000000000000e+06
7.238228486066410028e+01 1.717928432729241839e-02 9.384122000000000000e+06
7.246607067066045715e+01 1.713715816646423085e-02 9.400482000000000000e+06
7.254987197439923818e+01 1.707559831088609550e-02 9.432638000000000000e+06
7.263367976569567475e+01 1.703748943656081816e-02 9.445314000000000000e+06
7.271750340333485951e+01 1.700404994465717565e-02 9.477290000000000000e+06
7.280130916047085066e+01 1.696138033815770482e-02 9.489182000000000000e+06
7.288506765200136783e+01 1.691760400500446834e-02 9.506706000000000000e+06
7.296881975889688476e+01 1.686350945271742827e-02 9.533978000000000000e+06
7.305259443485221027e+01 1.682464143068908985e-02 9.553662000000000000e+06
7.313637521480190173e+01 1.679316599154486583e-02 9.579506000000000000e+06
7.322019418653475498e+01 1.674624599260647606e-02 9.607866000000000000e+06
7.330395444861356680e+01 1.670297307166242889e-02 9.608354000000000000e+06
7.338767600840630223e+01 1.665666008596970726e-02 9.643862000000000000e+06
7.347148094131401308e+01 1.661093350624957485e-02 9.670578000000000000e+06
7.355528165751150027e+01 1.657645201896388101e-02 9.687890000000000000e+06
7.363898985402030917e+01 1.654230781868372066e-02 9.693294000000000000e+06
7.372271904442924040e+01 1.650443118060187370e-02 9.736034000000000000e+06
7.380653580168322492e+01 1.645306233634246870e-02 9.758946000000000000e+06
7.389034984429981989e+01 1.641437375869133145e-02 9.778994000000000000e+06
7.397413656457592879e+01 1.638245288213086362e-02 9.796814000000000000e+06
7.405788979529948790e+01 1.632739970287918133e-02 9.816882000000000000e+06
7.414169279296697823e+01 1.630725659341228373e-02 9.850514000000000000e+06
7.422546369344802031e+01 1.626579694050219946e-02 9.856062000000000000e+06
7.430920419509655517e+01 1.623426668852092844e-02 9.886706000000000000e+06
7.439300596308194713e+01 1.618958783480839436e-02 9.916194000000000000e+06
7.447678556559041851e+01 1.616851870062773616e-02 9.924854000000000000e+06
7.456056972198642541e+01 1.612377547184206186e-02 9.961490000000000000e+06
7.464438171105736330e+01 1.607404954085028467e-02 9.979098000000000000e+06
7.472814154131890518e+01 1.603457993510883431e-02 9.990266000000000000e+06
7.481183974796279301e+01 1.599412829224327801e-02 1.001239800000000000e+07
7.489556694343458787e+01 1.597012747168043145e-02 1.003881800000000000e+07
7.497934514550230745e+01 1.592391566857775942e-02 1.007208200000000000e+07
7.506311789232059084e+01 1.588237385285841755e-02 1.008267000000000000e+07
7.514692811902769165e+01 1.584494440062881107e-02 1.012322600000000000e+07
7.523075407192267505e+01 1.582496935815623507e-02 1.013483400000000000e+07
7.531451966247126961e+01 1.576993003462559551e-02 1.015145000000000000e+07
7.539829209775307106e+01 1.572294509205411639e-02 1.018411800000000000e+07
7.548208760826673824e+01 1.570941027332862019e-02 1.019981000000000000e+07
7.556588556111178434e+01 1.566370974418756015e-02 1.023038600000000000e+07
7.564964694677739487e+01 1.562075126187522332e-02 1.023833400000000000e+07
7.573340114101655729e+01 1.559891014724686456e-02 1.027159400000000000e+07
7.581720755260936073e+01 1.554581459744593629e-02 1.029841800000000000e+07
7.590097691415932957e+01 1.551121150289507672e-02 1.030681400000000000e+07
7.598473414840474049e+01 1.547954418184705090e-02 1.034130600000000000e+07
7.606853392840329775e+01 1.544113393314304992e-02 1.036284200000000000e+07
7.615234212784832835e+01 1.541643021488263259e-02 1.038883400000000000e+07
7.623609474757780902e+01 1.537940100792352209e-02 1.039563000000000000e+07
7.631981670052634570e+01 1.533172930829644100e-02 1.042536200000000000e+07
7.640358337833828273e+01 1.531082975010985940e-02 1.045427400000000000e+07
7.648737866504175997e+01 1.527359200839373266e-02 1.047829400000000000e+07
7.657118922665969762e+01 1.524223591572430696e-02 1.050181800000000000e+07
7.665495334176074493e+01 1.520029992220496562e-02 1.051481000000000000e+07
7.673872752945807463e+01 1.516553457953015091e-02 1.054884200000000000e+07
7.682251623133140583e+01 1.513269945512509332e-02 1.056646200000000000e+07
7.690627734628161249e+01 1.509211698330280814e-02 1.058681000000000000e+07
7.699005449515836119e+01 1.505988185393926371e-02 1.061495400000000000e+07
7.707381163172706806e+01 1.502930412638295299e-02 1.063105400000000000e+07
7.715758302708022143e+01 1.500039344002764008e-02 1.066236200000000000e+07
7.724136594782987686e+01 1.495429683178147937e-02 1.068335400000000000e+07
7.732513038906363079e+01 1.491514180416322714e-02 1.069929800000000000e+07
7.740891664711064379e+01 1.487925521953979528e-02 1.073878200000000000e+07
7.749269645330657852e+01 1.485247723609440726e-02 1.074420200000000000e+07
7.757647166278094630e+01 1.482957775213671753e-02 1.078218600000000000e+07
7.766021891602670735e+01 1.478238173166239108e-02 1.078496600000000000e+07
7.774399344085298935e+01 1.475936514266557552e-02 1.083393800000000000e+07
7.782781601101176250e+01 1.470539229865991740e-02 1.084813800000000000e+07
7.791162919578846413e+01 1.468005225834361285e-02 1.087376600000000000e+07
7.799540485219509378e+01 1.465158148915630260e-02 1.088697000000000000e+07
7.807914803163318140e+01 1.460123310391936088e-02 1.091244200000000000e+07
7.816290481905753040e+01 1.457211422496991308e-02 1.093669800000000000e+07
7.824668494094176197e+01 1.455219364066232327e-02 1.096614200000000000e+07
7.833041079278541474e+01 1.451289133233643960e-02 1.096874600000000000e+07
7.841414369597413270e+01 1.448116327762001727e-02 1.101460200000000000e+07
7.849797207299076263e+01 1.444948864298046740e-02 1.104277400000000000e+07
7.858180750484748955e+01 1.441529317204922299e-02 1.106147400000000000e+07
7.866557248062186147e+01 1.438673661881516644e-02 1.107245000000000000e+07
7.874929596355666206e+01 1.434169087608257523e-02 1.109692200000000000e+07
7.883311706336922953e+01 1.431808075224513983e-02 1.114652600000000000e+07
7.891694358971126633e+01 1.429180457233265693e-02 1.114560200000000000e+07
7.900068031277757541e+01 1.424389308284897820e-02 1.116844200000000000e+07
7.908436218738494006e+01 1.422455184585826385e-02 1.118108600000000000e+07
7.916818470584115630e+01 1.418192573426367044e-02 1.125011400000000000e+07
7.925204746494267738e+01 1.415525341737571170e-02 1.124210600000000000e+07
7.933579204504063398e+01 1.412284437074217899e-02 1.126544600000000000e+07
7.941952450138673214e+01 1.411219323440984774e-02 1.128549000000000000e+07
7.950333805121174180e+01 1.407357403306056659e-02 1.133592200000000000e+07
7.958714843508016656e+01 1.404163059029331535e-02 1.133013000000000000e+07
7.967084513754768693e+01 1.402103839655128269e-02 1.135727000000000000e+07
7.975459918129639902e+01 1.396684081127408036e-02 1.138909800000000000e+07
7.983842412182876558e+01 1.394673326818150066e-02 1.142664200000000000e+07
7.992222911930718965e+01 1.391560663658683410e-02 1.143135800000000000e+07
8.000599212589428078e+01 1.388339760709414450e-02 1.146229800000000000e+07
8.008974687846490781e+01 1.383951819995849798e-02 1.147920200000000000e+07
8.017351400530820626e+01 1.381879430701598438e-02 1.150974600000000000e+07
8.025725037950861918e+01 1.378954764801230796e-02 1.152306200000000000e+07
8.034098812717721216e+01 1.376627398818470668e-02 1.155621000000000000e+07
8.042478697546600586e+01 1.374663027056124455e-02 1.158828200000000000e+07
8.050856802239243848e+01 1.371446486384153389e-02 1.159964600000000000e+07
8.059238416169034736e+01 1.369029079951231652e-02 1.164527400000000000e+07
8.067619501003925109e+01 1.365979712752776049e-02 1.164933800000000000e+07
8.075991178803855064e+01 1.364202339725406436e-02 1.166538600000000000e+07
8.084370890131339138e+01 1.360245650844258032e-02 1.171928600000000000e+07
8.092752051805530300e+01 1.357549701648479677e-02 1.172073800000000000e+07
8.101129543325400562e+01 1.355858515863022154e-02 1.175507400000000000e+07
8.109505389589725155e+01 1.352465225059287790e-02 1.176716600000000000e+07
8.117885591153601865e+01 1.348438875827390540e-02 1.181334600000000000e+07
8.126268704922078712e+01 1.346291129513041765e-02 1.182545000000000000e+07
8.134639603648894024e+01 1.343894504132028822e-02 1.182881400000000000e+07
8.143015231506957718e+01 1.341271376309719279e-02 1.188441800000000000e+07
8.151397613354559724e+01 1.339224004061047302e-02 1.190037800000000000e+07
8.159772291543191614e+01 1.337222781999868569e-02 1.190800200000000000e+07
8.168141712941573473e+01 1.333529660179250641e-02 1.193747000000000000e+07
8.176520125845252096e+01 1.329876668280842618e-02 1.198134600000000000e+07
8.184903085960836222e+01 1.327205470524882476e-02 1.199815400000000000e+07
8.193279937551101000e+01 1.324431126005946348e-02 1.201579800000000000e+07
8.201657550601832725e+01 1.321437018546167338e-02 1.204658600000000000e+07
8.210037035575065545e+01 1.319111887535278499e-02 1.207322600000000000e+07
8.218415112950239632e+01 1.317062143229961665e-02 1.208937000000000000e+07
8.226793017110850315e+01 1.313830677768812807e-02 1.212366200000000000e+07
8.235168019795568739e+01 1.311730136561756362e-02 1.212901800000000000e+07
8.243541372022190217e+01 1.309495708784949586e-02 1.216869800000000000e+07
8.251918470186251398e+01 1.307376782759839783e-02 1.219107000000000000e+07
8.260303064827999719e+01 1.304330860836018513e-02 1.223729000000000000e+07
8.268685911029808722e+01 1.302354700135665774e-02 1.223743400000000000e+07
8.277063029603770872e+01 1.299100182323058121e-02 1.226943000000000000e+07
8.285440346682658230e+01 1.296059614036555382e-02 1.228831400000000000e+07
8.293815388297495872e+01 1.293283369549979613e-02 1.231201800000000000e+07
8.302189357408074954e+01 1.291898938848381161e-02 1.233377000000000000e+07
8.310562948947298878e+01 1.289487349358802749e-02 1.236265400000000000e+07
8.318944085122717524e+01 1.286438032001207231e-02 1.240528200000000000e+07
8.327326112930197155e+01 1.284158509629039144e-02 1.241484200000000000e+07
8.335700619223128172e+01 1.281566067090271661e-02 1.243327800000000000e+07
8.344077077200753934e+01 1.278152121803044668e-02 1.246944200000000000e+07
8.352457315314735808e+01 1.276418016299133568e-02 1.249710600000000000e+07
8.360836220932365848e+01 1.275170773384701542e-02 1.251307400000000000e+07
8.369209444132825126e+01 1.272253754857004260e-02 1.253190200000000000e+07
8.377584249260344507e+01 1.269769320177375517e-02 1.256769000000000000e+07
8.385966667689248766e+01 1.267666153204809708e-02 1.260333800000000000e+07
8.394346055007575558e+01 1.264781090780447113e-02 1.261269400000000000e+07
8.402720752589927145e+01 1.262773317797447926e-02 1.263483400000000000e+07
8.411093968200033544e+01 1.260128888083375358e-02 1.266273000000000000e+07
8.419472584613649246e+01 1.258388054463132309e-02 1.269908600000000000e+07
8.427850265596407553e+01 1.256393431937738274e-02 1.271099400000000000e+07
8.436223938424853941e+01 1.252685318471882629e-02 1.273917800000000000e+07
8.444601577921049795e+01 1.251506887706556846e-02 1.276949000000000000e+07
8.452980888818765948e+01 1.249031848913780170e-02 1.279952600000000000e+07
8.461363856796832295e+01 1.247946902380318683e-02 1.282878600000000000e+07
8.469740487481715263e+01 1.244869808749365057e-02 1.283279400000000000e+07
8.478116585803400085e+01 1.242598891017060968e-02 1.287594200000000000e+07
8.486500035405539677e+01 1.240862248702456760e-02 1.290631400000000000e+07
8.494878168161768883e+01 1.237994697370628158e-02 1.291312200000000000e+07
8.503250896829791827e+01 1.236696925598437108e-02 1.293728200000000000e+07
8.511625758727213054e+01 1.233959068781952974e-02 1.297337400000000000e+07
8.520007724156167228e+01 1.232099304789903427e-02 1.300815400000000000e+07
8.528389486690601018e+01 1.229085563364657255e-02 1.302582600000000000e+07
8.536762998882402087e+01 1.227827927225933792e-02 1.303365400000000000e+07
8.545139522308386404e+01 1.225604625072208333e-02 1.308366600000000000e+07
8.553518354504295473e+01 1.223671874534640325e-02 1.309470600000000000e+07
8.561892245915041144e+01 1.220912706873082156e-02 1.311903400000000000e+07
8.570266129864387494e+01 1.219583046941356483e-02 1.314631800000000000e+07
