# k_mean_over_bin [h Mpc^-1] P_bin [h^-3 Mpc^3] N_modes
1.069098562002182007e-01 3.312627387152777374e+03 1.800000000000000000e+01
1.868873286631799469e-01 2.666411542338709751e+03 6.200000000000000000e+01
2.625667106132117956e-01 1.337945790816326507e+03 9.800000000000000000e+01
3.401783364159720047e-01 1.091956026785714357e+03 2.100000000000000000e+02
4.270541402271815778e-01 9.131992857142856792e+02 3.500000000000000000e+02
5.128694812456766616e-01 6.464982638888889142e+02 4.500000000000000000e+02
5.924409924947542372e-01 5.522110153654484748e+02 6.020000000000000000e+02
6.723074055719250319e-01 5.520087762467192078e+02 7.620000000000000000e+02
7.587901043808397139e-01 4.599781085814360608e+02 1.142000000000000000e+03
8.455790008544922243e-01 4.118731750000000034e+02 1.250000000000000000e+03
9.266650900755726283e-01 3.849083076131686880e+02 1.458000000000000000e+03
1.007750481597118108e+00 3.433951901874310693e+02 1.814000000000000000e+03
1.092835777828297106e+00 3.027801882460973388e+02 2.178000000000000000e+03
1.177363493043580345e+00 2.866801190952762113e+02 2.498000000000000000e+03
1.258028102048383667e+00 2.670532751716247049e+02 2.622000000000000000e+03
1.340799984066267880e+00 2.704003894547633422e+02 3.338000000000000000e+03
1.426850896250618783e+00 2.482836680548092545e+02 3.722000000000000000e+03
1.512363651158998401e+00 2.335915167865707360e+02 4.170000000000000000e+03
1.594785008970998508e+00 2.222410365993574999e+02 4.358000000000000000e+03
1.677071395354181815e+00 2.034073798172427416e+02 5.034000000000000000e+03
1.761985857460855120e+00 1.968766844592229575e+02 5.714000000000000000e+03
1.846083158874384234e+00 1.887632271815446359e+02 5.982000000000000000e+03
1.928661813341607134e+00 1.798350689185095348e+02 6.602000000000000000e+03
2.011378788847742793e+00 1.678192145862552707e+02 7.130000000000000000e+03
2.095637332393009089e+00 1.579067867811799886e+02 8.034000000000000000e+03
2.180555667263281983e+00 1.512069631652335602e+02 8.606000000000000000e+03
2.264340071811755895e+00 1.459848196558570521e+02 9.066000000000000000e+03
2.348016592997236973e+00 1.340255219835374305e+02 9.962000000000000000e+03
2.431996440706659879e+00 1.271156635071090051e+02 1.055000000000000000e+04
2.515341052179898895e+00 1.241320149652592164e+02 1.122600000000000000e+04
2.598773628370227406e+00 1.177082887370327740e+02 1.214600000000000000e+04
2.681898646405362463e+00 1.119339600190385653e+02 1.260600000000000000e+04
2.765270270259289287e+00 1.070685951311404125e+02 1.380200000000000000e+04
2.849850551988659220e+00 1.016892198725769134e+02 1.475400000000000000e+04
2.933772609879409909e+00 9.421234533368433972e+01 1.519400000000000000e+04
3.017238585326163403e+00 9.007897775616871172e+01 1.645400000000000000e+04
3.101311446264710892e+00 8.707011484201935048e+01 1.715400000000000000e+04
3.185186132992604779e+00 8.176831955545823405e+01 1.826600000000000000e+04
3.268289649175008194e+00 7.875558666666667307e+01 1.875000000000000000e+04
3.351647662541441530e+00 7.497444276959572562e+01 2.023400000000000000e+04
3.436091650782765239e+00 7.222839160839160400e+01 2.145000000000000000e+04
3.520270179566676205e+00 6.915921250341499160e+01 2.196200000000000000e+04
3.603861709535706392e+00 6.588869235359304355e+01 2.346200000000000000e+04
3.687484650452812929e+00 6.311308335413027493e+01 2.404200000000000000e+04
3.771595824668082741e+00 6.049014298928543809e+01 2.594600000000000000e+04
3.855312792317719062e+00 5.892866988283942931e+01 2.611800000000000000e+04
3.938028496533734213e+00 5.598204937104631540e+01 2.750600000000000000e+04
4.021431216072791415e+00 5.427861590862175944e+01 2.906600000000000000e+04
4.105840509662095350e+00 5.215976190476190766e+01 3.045000000000000000e+04
4.190344247210492590e+00 5.049458524982672714e+01 3.174200000000000000e+04
4.273947828100633117e+00 4.800579457364341351e+01 3.225000000000000000e+04
4.357501119655414534e+00 4.620517883211679333e+01 3.425000000000000000e+04
4.441647719320134691e+00 4.450876487843402884e+01 3.545400000000000000e+04
4.525392379562855893e+00 4.321131703902948118e+01 3.643400000000000000e+04
4.608518969537498400e+00 4.177748328114218879e+01 3.768200000000000000e+04
4.691740922213826437e+00 4.059200832188120245e+01 3.929400000000000000e+04
4.776039686402365980e+00 3.878602206343842340e+01 4.142600000000000000e+04
4.860154063182579698e+00 3.727384645556981724e+01 4.206600000000000000e+04
4.943517626628406880e+00 3.637362324672338332e+01 4.349000000000000000e+04
5.027384526744921089e+00 3.504817075839132201e+01 4.570200000000000000e+04
5.111447781105825428e+00 3.409735654243684877e+01 4.663400000000000000e+04
5.195348147294732932e+00 3.303083680026362146e+01 4.855400000000000000e+04
5.278356443076916982e+00 3.232270053202373106e+01 4.887000000000000000e+04
5.361498069859376159e+00 3.140712408348527518e+01 5.155400000000000000e+04
5.446046268496986364e+00 3.065805139582177929e+01 5.409000000000000000e+04
5.530257906132226786e+00 2.943212385388665808e+01 5.431400000000000000e+04
5.614055059061300312e+00 2.888813916710595819e+01 5.691000000000000000e+04
5.697714059662542851e+00 2.770301572666225809e+01 5.748200000000000000e+04
5.781614503695933216e+00 2.707974713819153223e+01 6.062600000000000000e+04
5.865571886738293550e+00 2.624866026206581182e+01 6.120600000000000000e+04
5.948642163157025209e+00 2.545435512226306685e+01 6.257000000000000000e+04
6.032247506670804782e+00 2.476544766468887815e+01 6.573000000000000000e+04
6.116202609789227473e+00 2.404243956752541678e+01 6.668600000000000000e+04
6.200338050909933507e+00 2.337199417486872122e+01 6.969800000000000000e+04
6.284184080576646458e+00 2.274123004312684060e+01 7.002600000000000000e+04
6.367735154784823770e+00 2.201367772798504419e+01 7.274600000000000000e+04
6.451745661739480830e+00 2.152059638232545780e+01 7.491000000000000000e+04
6.535332300795173133e+00 2.124167844219645573e+01 7.572200000000000000e+04
6.618657591294924813e+00 2.045053458878767216e+01 7.837800000000000000e+04
6.702212198046048286e+00 2.003138666749968877e+01 8.003000000000000000e+04
6.786191249900881850e+00 1.954474010049768040e+01 8.318600000000000000e+04
6.870329813067023395e+00 1.885478970306852631e+01 8.466600000000000000e+04
6.954215657456758848e+00 1.859022369606914182e+01 8.654600000000000000e+04
7.037715246920486223e+00 1.813699168311888599e+01 8.813400000000000000e+04
7.121547139301203089e+00 1.769758597522340438e+01 9.153800000000000000e+04
7.205739104639491188e+00 1.729314431274023534e+01 9.313800000000000000e+04
7.289302562894590665e+00 1.672645086686847904e+01 9.447800000000000000e+04
7.372793903598283016e+00 1.641638310339864759e+01 9.727400000000000000e+04
7.456586938722763236e+00 1.613553265121877800e+01 9.969000000000000000e+04
7.540727849410562733e+00 1.555208719173408838e+01 1.025900000000000000e+05
7.624726899722253037e+00 1.519915197070444357e+01 1.037700000000000000e+05
7.708301949249494633e+00 1.488846077896676867e+01 1.063460000000000000e+05
7.792073202214887750e+00 1.462702448731413263e+01 1.085460000000000000e+05
7.875590350490393909e+00 1.419252253309972289e+01 1.107260000000000000e+05
7.958880241426510516e+00 1.400307486511992394e+01 1.123220000000000000e+05
8.042278013378316714e+00 1.370776167054965988e+01 1.158900000000000000e+05
8.126250782754576463e+00 1.339863681525015515e+01 1.187660000000000000e+05
8.210824485795901850e+00 1.309303811182521393e+01 1.222980000000000000e+05
8.294696866383139522e+00 1.276143828323368012e+01 1.220900000000000000e+05
8.378213958279353335e+00 1.260632004610126344e+01 1.258100000000000000e+05
8.461948784979133720e+00 1.242994968406271816e+01 1.281900000000000000e+05
8.545861912066349930e+00 1.211771340672091846e+01 1.309940000000000000e+05
8.629829070974631477e+00 1.189049857166360091e+01 1.337220000000000000e+05
8.713023213538299672e+00 1.170299359156297214e+01 1.338860000000000000e+05
8.796849328478236529e+00 1.144852726664674236e+01 1.405380000000000000e+05
8.881002057237468605e+00 1.119273582087429020e+01 1.405940000000000000e+05
8.964535854632408984e+00 1.097592778946195580e+01 1.435940000000000000e+05
9.048105800131455823e+00 1.071051192673091279e+01 1.463100000000000000e+05
9.132180630417705558e+00 1.054425655492864244e+01 1.506500000000000000e+05
9.216334569657748332e+00 1.033380564003317659e+01 1.519140000000000000e+05
9.299613886090023485e+00 1.009949934158202822e+01 1.533980000000000000e+05
9.383076715811887070e+00 9.912043283544271333e+00 1.578660000000000000e+05
9.466957210946844725e+00 9.759007487955782878e+00 1.606580000000000000e+05
9.551001030929990421e+00 9.513113795078670165e+00 1.641020000000000000e+05
9.634679217300240239e+00 9.346392899135725685e+00 1.649940000000000000e+05
9.718288873285626295e+00 9.192027524286134010e+00 1.698500000000000000e+05
9.802505913321919451e+00 9.018831726266865800e+00 1.729860000000000000e+05
9.886246806166026246e+00 8.882631085603874155e+00 1.738940000000000000e+05
9.969472594688919997e+00 8.677165003563791501e+00 1.767780000000000000e+05
1.005318025662911374e+01 8.537201873466738533e+00 1.818020000000000000e+05
1.013721966898855698e+01 8.376137287859894087e+00 1.844300000000000000e+05
1.022118986876454727e+01 8.216990579036755449e+00 1.872420000000000000e+05
1.030498420635128198e+01 8.071269382391591307e+00 1.902500000000000000e+05
1.038865879785050694e+01 8.025194734382301576e+00 1.925700000000000000e+05
1.047268787066241202e+01 7.790931078313678704e+00 1.982540000000000000e+05
1.055654631656024378e+01 7.664052323878954631e+00 1.980740000000000000e+05
1.063992050874177231e+01 7.574501361049245318e+00 2.020500000000000000e+05
1.072342909671023747e+01 7.464165190606417255e+00 2.055020000000000000e+05
1.080749259245351190e+01 7.335703198427842686e+00 2.106660000000000000e+05
1.089152248600719375e+01 7.176113093500796403e+00 2.124260000000000000e+05
1.097500893551614531e+01 7.096402593517142421e+00 2.139180000000000000e+05
1.105881432508122764e+01 6.963374571255327439e+00 2.209940000000000000e+05
1.114281827806075675e+01 6.874875294553136840e+00 2.215220000000000000e+05
1.122659733627983947e+01 6.761465265074188657e+00 2.263140000000000000e+05
1.131012448294715078e+01 6.655352209033233990e+00 2.272940000000000000e+05
1.139373491340957045e+01 6.521840471836608977e+00 2.329620000000000000e+05
1.147791396342367420e+01 6.446412803067892661e+00 2.378180000000000000e+05
1.156185786192584786e+01 6.347915565566824903e+00 2.383980000000000000e+05
1.164526418449005440e+01 6.258925390815929468e+00 2.414180000000000000e+05
1.172886167625361331e+01 6.159544684747465304e+00 2.468180000000000000e+05
1.181275352276138690e+01 6.063609417140845004e+00 2.499060000000000000e+05
1.189671323999418817e+01 5.972544385203099715e+00 2.547020000000000000e+05
1.198029050867584644e+01 5.900541628343906275e+00 2.544180000000000000e+05
1.206365995307397831e+01 5.816285230877959123e+00 2.603540000000000000e+05
1.214748111162727895e+01 5.715634835870689656e+00 2.649740000000000000e+05
1.223153609351346027e+01 5.639823870021807295e+00 2.687220000000000000e+05
1.231542005092308401e+01 5.530308916564173671e+00 2.715620000000000000e+05
1.239926414254153109e+01 5.471304783261849103e+00 2.755860000000000000e+05
1.248326018835918916e+01 5.399261661729540585e+00 2.801900000000000000e+05
1.256718689365069075e+01 5.304771526761280498e+00 2.828340000000000000e+05
1.265082201539840945e+01 5.220307185187782473e+00 2.851700000000000000e+05
1.273428590217279144e+01 5.145844400902423565e+00 2.898860000000000000e+05
1.281807025163205793e+01 5.104046537215509716e+00 2.944740000000000000e+05
1.290206487994812434e+01 4.995500804679831042e+00 2.994980000000000000e+05
1.298575998115805419e+01 4.975952883403675919e+00 2.999580000000000000e+05
1.306931917580193137e+01 4.897795709119918683e+00 3.058580000000000000e+05
1.315318222821372096e+01 4.810669205325713627e+00 3.107940000000000000e+05
1.323705865044962771e+01 4.758942146147015606e+00 3.130820000000000000e+05
1.332048162954101578e+01 4.681407532447808606e+00 3.160460000000000000e+05
1.340413573615346365e+01 4.624449130712746658e+00 3.222180000000000000e+05
1.348834417846224731e+01 4.563434374638577040e+00 3.285620000000000000e+05
1.357223695452436729e+01 4.510621131741821443e+00 3.279900000000000000e+05
1.365596925306868847e+01 4.469714300201024670e+00 3.352820000000000000e+05
1.373963440686360471e+01 4.406766973241658114e+00 3.359700000000000000e+05
1.382343709261304809e+01 4.344498947876279438e+00 3.440660000000000000e+05
1.390711154340320732e+01 4.273333808529084621e+00 3.437180000000000000e+05
1.399068919637316455e+01 4.212711381003590105e+00 3.514980000000000000e+05
1.407457421522249952e+01 4.183508694965270891e+00 3.544580000000000000e+05
1.415828615108818589e+01 4.124681021067250875e+00 3.585660000000000000e+05
1.424237341329648920e+01 4.096285527774894852e+00 3.661220000000000000e+05
1.432626916020835672e+01 4.027141822257456205e+00 3.658100000000000000e+05
1.440982743915939146e+01 3.963123819364838596e+00 3.716220000000000000e+05
1.449360657137520469e+01 3.924524450378471307e+00 3.759860000000000000e+05
1.457752624362193217e+01 3.881641350707800253e+00 3.821700000000000000e+05
1.466117168697845941e+01 3.812145118878627947e+00 3.818180000000000000e+05
1.474463292325917685e+01 3.781443961866038261e+00 3.895740000000000000e+05
1.482845717927088813e+01 3.747804154453413528e+00 3.936980000000000000e+05
1.491237844591757877e+01 3.706283576746491448e+00 3.994580000000000000e+05
1.499620869344033025e+01 3.645889272590758345e+00 4.022220000000000000e+05
1.507994841028436639e+01 3.621556772551004943e+00 4.069220000000000000e+05
1.516379287905045814e+01 3.574446761715135867e+00 4.128420000000000000e+05
1.524761726947007823e+01 3.527733805068545614e+00 4.153460000000000000e+05
1.533130236314283046e+01 3.496404167319591139e+00 4.211820000000000000e+05
1.541507271489498443e+01 3.445304375344103054e+00 4.250180000000000000e+05
1.549892486087325949e+01 3.410911355528856159e+00 4.311380000000000000e+05
1.558273944082544205e+01 3.366979409828215530e+00 4.343820000000000000e+05
1.566651676212105748e+01 3.333083246494992213e+00 4.395140000000000000e+05
1.575031987626283225e+01 3.291139670997306421e+00 4.447380000000000000e+05
1.583416895458823603e+01 3.238441168608406695e+00 4.489100000000000000e+05
1.591764298541166056e+01 3.234314042048919813e+00 4.506180000000000000e+05
1.600124934657456777e+01 3.195089967664300534e+00 4.595540000000000000e+05
1.608512892540650085e+01 3.160133425176957278e+00 4.631060000000000000e+05
1.616876936376802121e+01 3.119378272895819482e+00 4.670940000000000000e+05
1.625266730092459966e+01 3.086920819138498029e+00 4.749380000000000000e+05
1.633654362034594953e+01 3.061542040210735394e+00 4.771860000000000000e+05
1.642042973451647470e+01 3.014371118492995549e+00 4.846700000000000000e+05
1.650430805090920217e+01 2.989306944415925926e+00 4.870100000000000000e+05
1.658806155565851981e+01 2.968746072481218690e+00 4.933140000000000000e+05
1.667181202155569864e+01 2.928713113664112910e+00 4.963220000000000000e+05
1.675536979785300673e+01 2.890744904345607491e+00 5.017020000000000000e+05
1.683913437464611107e+01 2.856757632304419037e+00 5.085620000000000000e+05
1.692311287467790493e+01 2.839364540430381112e+00 5.142420000000000000e+05
1.700686134416512019e+01 2.806584660123450536e+00 5.161580000000000000e+05
1.709049145912358725e+01 2.771268814508938139e+00 5.226020000000000000e+05
1.717439271307012660e+01 2.751887750679345324e+00 5.306580000000000000e+05
1.725814844798823344e+01 2.728355252979952628e+00 5.300420000000000000e+05
1.734170549116967663e+01 2.701419662706586511e+00 5.388780000000000000e+05
1.742552841692270604e+01 2.661130152720857289e+00 5.441300000000000000e+05
1.750952475613275183e+01 2.636639775288238674e+00 5.511060000000000000e+05
1.759341552867108760e+01 2.607315084244614667e+00 5.539820000000000000e+05
1.767712427740806902e+01 2.591518328968440255e+00 5.582420000000000000e+05
1.776076336549380486e+01 2.560937018418339761e+00 5.645460000000000000e+05
1.784454049115150198e+01 2.535045723530834572e+00 5.704940000000000000e+05
1.792845098480595212e+01 2.525132333614211966e+00 5.767620000000000000e+05
1.801209967098870024e+01 2.497227333570838148e+00 5.782340000000000000e+05
1.809567304656415843e+01 2.466421347662319352e+00 5.856660000000000000e+05
1.817956177579962329e+01 2.443294891377854494e+00 5.944460000000000000e+05
1.826340897759345694e+01 2.414362872742545019e+00 5.952500000000000000e+05
1.834709561527148480e+01 2.395800395093155011e+00 6.034020000000000000e+05
1.843085104599287050e+01 2.375192630008791994e+00 6.073820000000000000e+05
1.851480060957681317e+01 2.357493395568953432e+00 6.170100000000000000e+05
1.859860657464781752e+01 2.318427781146538802e+00 6.167780000000000000e+05
1.868221643305014013e+01 2.305452135747968256e+00 6.247460000000000000e+05
1.876579233005788794e+01 2.290905396282532536e+00 6.280620000000000000e+05
1.884963899569083878e+01 2.269413795530254241e+00 6.394100000000000000e+05
1.893369961008885838e+01 2.243767244624032209e+00 6.429540000000000000e+05
1.901742853382821963e+01 2.224797360265273749e+00 6.459740000000000000e+05
1.910112633018001560e+01 2.206903701663376793e+00 6.534900000000000000e+05
1.918502629066336240e+01 2.180913316160824511e+00 6.607460000000000000e+05
1.926890198512752406e+01 2.172065091793225378e+00 6.646460000000000000e+05
1.935246095562879987e+01 2.151992012468341819e+00 6.672900000000000000e+05
1.943618843304382438e+01 2.134727053431786814e+00 6.790340000000000000e+05
1.952018254288546828e+01 2.112772841654436018e+00 6.827220000000000000e+05
1.960415151947932699e+01 2.092614808503004742e+00 6.912380000000000000e+05
1.968780210242165651e+01 2.087996767363440753e+00 6.886020000000000000e+05
1.977130140774902145e+01 2.063519867984350054e+00 7.008260000000000000e+05
1.985512328577584995e+01 2.043851376438011513e+00 7.056620000000000000e+05
1.993880103532062975e+01 2.023615054317670303e+00 7.100820000000000000e+05
2.002251720567175752e+01 2.003864914998289670e+00 7.191620000000000000e+05
2.010630953640407981e+01 1.991856524749048063e+00 7.222500000000000000e+05
2.019007441105629752e+01 1.973762149526322451e+00 7.315100000000000000e+05
2.027398189270754258e+01 1.963331633719967328e+00 7.364420000000000000e+05
2.035771672240259988e+01 1.942509798919689334e+00 7.408980000000000000e+05
2.044152561001209278e+01 1.925081449507970222e+00 7.501580000000000000e+05
2.052547735138173479e+01 1.908939964179072968e+00 7.548660000000000000e+05
2.060926463402020303e+01 1.901903654712115532e+00 7.608260000000000000e+05
2.069293267341507203e+01 1.884728624642358907e+00 7.640340000000000000e+05
2.077660950204460377e+01 1.860772201445765717e+00 7.738460000000000000e+05
2.086046445382838144e+01 1.852402291096478804e+00 7.797140000000000000e+05
2.094422635366088770e+01 1.840187412184405735e+00 7.843140000000000000e+05
2.102790779658915099e+01 1.821371638305562035e+00 7.913420000000000000e+05
2.111175109708185005e+01 1.812009824155865534e+00 7.994580000000000000e+05
2.119561698133140482e+01 1.797094924977824970e+00 8.049620000000000000e+05
2.127937098747377220e+01 1.782568247791983085e+00 8.095500000000000000e+05
2.136289743529758312e+01 1.764121657172220470e+00 8.134580000000000000e+05
2.144667251561538279e+01 1.749561277347649435e+00 8.274020000000000000e+05
2.153058487447404801e+01 1.738733348780741039e+00 8.286180000000000000e+05
2.161430781897418285e+01 1.717880515175919331e+00 8.369180000000000000e+05
2.169809860621591113e+01 1.709389689324857464e+00 8.428740000000000000e+05
2.178186592258134979e+01 1.697944163572099541e+00 8.493380000000000000e+05
2.186575914903780316e+01 1.683877956835269307e+00 8.589420000000000000e+05
2.194962158415442133e+01 1.675641828246482445e+00 8.609780000000000000e+05
2.203325539668853494e+01 1.662252719538064305e+00 8.683460000000000000e+05
2.211696571376059239e+01 1.648881511139753675e+00 8.751540000000000000e+05
2.220087574207360248e+01 1.638475300548174474e+00 8.862140000000000000e+05
2.228474038685342151e+01 1.620964651894525765e+00 8.873460000000000000e+05
2.236841597704980344e+01 1.612452038355907113e+00 8.949860000000000000e+05
2.245213243389392943e+01 1.600809283386539716e+00 9.027740000000000000e+05
2.253605781739295466e+01 1.586429574592649772e+00 9.121140000000000000e+05
2.261989949900187824e+01 1.578205154826201717e+00 9.150260000000000000e+05
2.270351073009412346e+01 1.559996310352097737e+00 9.201420000000000000e+05
2.278715722706498781e+01 1.550873234225532915e+00 9.297620000000000000e+05
2.287097668523026428e+01 1.539811858402172051e+00 9.376980000000000000e+05
2.295488199422259967e+01 1.522366744217062084e+00 9.447620000000000000e+05
2.303860516955441540e+01 1.517003619283440852e+00 9.482540000000000000e+05
2.312228464582942422e+01 1.499797110582962834e+00 9.568020000000000000e+05
2.320617384356005175e+01 1.490207671512042475e+00 9.676580000000000000e+05
2.329003403044199771e+01 1.477842290724366903e+00 9.697020000000000000e+05
2.337357926991530377e+01 1.466965578129331149e+00 9.740900000000000000e+05
2.345731339274843563e+01 1.455980230292509336e+00 9.884820000000000000e+05
2.354122299663546514e+01 1.440045630316312275e+00 9.919940000000000000e+05
2.362504372012406506e+01 1.432646998591450727e+00 1.001030000000000000e+06
2.370885397094835767e+01 1.420059177482719370e+00 1.005450000000000000e+06
2.379260308853216443e+01 1.410266385397410227e+00 1.013738000000000000e+06
2.387641759766158600e+01 1.399470495541787818e+00 1.021710000000000000e+06
2.396006287668014423e+01 1.389825116790702975e+00 1.023626000000000000e+06
2.404369058312309448e+01 1.380494485602905552e+00 1.035834000000000000e+06
2.412744281115724831e+01 1.367525240539361420e+00 1.040786000000000000e+06
2.421130654323629017e+01 1.361078340799425801e+00 1.053206000000000000e+06
2.429521431171586343e+01 1.351626345077871161e+00 1.057002000000000000e+06
2.437900304005930963e+01 1.339284992546277975e+00 1.063898000000000000e+06
2.446281560559316759e+01 1.331885229245084235e+00 1.072782000000000000e+06
2.454665138918273826e+01 1.317961028933303469e+00 1.078826000000000000e+06
2.463047593346652420e+01 1.313954952652855779e+00 1.087922000000000000e+06
2.471419358613830752e+01 1.300441818111791603e+00 1.090494000000000000e+06
2.479788224447528933e+01 1.290421314699435662e+00 1.101362000000000000e+06
2.488170408610204021e+01 1.283634378024188116e+00 1.109802000000000000e+06
2.496549243986660471e+01 1.276541837967042126e+00 1.114514000000000000e+06
2.504920536425761668e+01 1.262346787066052523e+00 1.123926000000000000e+06
2.513283571770503499e+01 1.255933355299266641e+00 1.125986000000000000e+06
2.521660993392169203e+01 1.244855839776696227e+00 1.143554000000000000e+06
2.530049640187540660e+01 1.236517764324588819e+00 1.144710000000000000e+06
2.538425628289359182e+01 1.229484938709794806e+00 1.154018000000000000e+06
2.546797452488973690e+01 1.221146037542609308e+00 1.159962000000000000e+06
2.555179869471822229e+01 1.210761059483204782e+00 1.170986000000000000e+06
2.563566666461671772e+01 1.202021063674837187e+00 1.178142000000000000e+06
2.571944170984828659e+01 1.193527020125579874e+00 1.182674000000000000e+06
2.580313169207982682e+01 1.186771096941902748e+00 1.191002000000000000e+06
2.588687624829988820e+01 1.180218282826768217e+00 1.200438000000000000e+06
2.597069400893500202e+01 1.171733281629450341e+00 1.208162000000000000e+06
2.605447755360336259e+01 1.163156506684177360e+00 1.215258000000000000e+06
2.613827698295097690e+01 1.154656169177557423e+00 1.224134000000000000e+06
2.622200478464780105e+01 1.151723192878454149e+00 1.228722000000000000e+06
2.630582763864114426e+01 1.144436147894790201e+00 1.243154000000000000e+06
2.638970867910203921e+01 1.134680761887020939e+00 1.245434000000000000e+06
2.647343389639032196e+01 1.127138575382541585e+00 1.255158000000000000e+06
2.655698334590179499e+01 1.124007354990801177e+00 1.255610000000000000e+06
2.664075459217511366e+01 1.115895255964094224e+00 1.277562000000000000e+06
2.672459382145218143e+01 1.103472752967246118e+00 1.274414000000000000e+06
2.680821980594094356e+01 1.097299151473490664e+00 1.285994000000000000e+06
2.689209959394619531e+01 1.088608828304746812e+00 1.299570000000000000e+06
2.697602191334329902e+01 1.082526253300381880e+00 1.302122000000000000e+06
2.705977872814356644e+01 1.074809873826223949e+00 1.311366000000000000e+06
2.714355261554103649e+01 1.070745425588203625e+00 1.319186000000000000e+06
2.722733740409666225e+01 1.061364538651262457e+00 1.327434000000000000e+06
2.731116904834040326e+01 1.056902035005017559e+00 1.337294000000000000e+06
2.739498441427308961e+01 1.047472406961935887e+00 1.342730000000000000e+06
2.747866258082228796e+01 1.040822300954411750e+00 1.350570000000000000e+06
2.756247723469893529e+01 1.033979039916629317e+00 1.362590000000000000e+06
2.764637317716708864e+01 1.029190558794712329e+00 1.369698000000000000e+06
2.773011686037893142e+01 1.024672724984980965e+00 1.374914000000000000e+06
2.781378851120859963e+01 1.015179571687735427e+00 1.383570000000000000e+06
2.789756242253353236e+01 1.009668286065241283e+00 1.395374000000000000e+06
2.798127274786056873e+01 1.005025791091443521e+00 1.396994000000000000e+06
2.806492746953691508e+01 9.985490035635091743e-01 1.411530000000000000e+06
2.814870507983202330e+01 9.933865004578245061e-01 1.417574000000000000e+06
2.823250085536484733e+01 9.888150932858540409e-01 1.428834000000000000e+06
2.831642245547427450e+01 9.822743704387297825e-01 1.439018000000000000e+06
2.840020580335993117e+01 9.748102135215014341e-01 1.440698000000000000e+06
2.848389737328623639e+01 9.689872065810056778e-01 1.453638000000000000e+06
2.856776129641226092e+01 9.635274520201225767e-01 1.463426000000000000e+06
2.865164498472143961e+01 9.570004418612555463e-01 1.471050000000000000e+06
2.873539597999311468e+01 9.483529477095943294e-01 1.476638000000000000e+06
2.881905019890862363e+01 9.474561054278103356e-01 1.484466000000000000e+06
2.890289675093428912e+01 9.383121252050089511e-01 1.501154000000000000e+06
2.898675594616652873e+01 9.355992451252109765e-01 1.501706000000000000e+06
2.907041472198053711e+01 9.284885994196501180e-01 1.511502000000000000e+06
2.915408733972060062e+01 9.236688233521943570e-01 1.520234000000000000e+06
2.923796129814355282e+01 9.184117693044344666e-01 1.535010000000000000e+06
2.932194077207240568e+01 9.100748173787287509e-01 1.543358000000000000e+06
2.940549917698988835e+01 9.066190776647822247e-01 1.535754000000000000e+06
2.948914761948871543e+01 9.020653251976927800e-01 1.564802000000000000e+06
2.957304642502456460e+01 8.957674093656071701e-01 1.563038000000000000e+06
2.965685586864443124e+01 8.923294471834600783e-01 1.578426000000000000e+06
2.974065423044915946e+01 8.861582838122722405e-01 1.581482000000000000e+06
2.982438217008557402e+01 8.816461767938451599e-01 1.592250000000000000e+06
2.990814468646065549e+01 8.767477983810064712e-01 1.602230000000000000e+06
2.999179263215820157e+01 8.710011783737570124e-01 1.604754000000000000e+06
3.007552257970940346e+01 8.645795733551467910e-01 1.623458000000000000e+06
3.015929957087215385e+01 8.597147688179653802e-01 1.624910000000000000e+06
3.024317734005441238e+01 8.551961495864743856e-01 1.645122000000000000e+06
3.032708985436260107e+01 8.525765441028977376e-01 1.645130000000000000e+06
3.041082997219342587e+01 8.467372830683709273e-01 1.655706000000000000e+06
3.049455723219219649e+01 8.409289559014656579e-01 1.663502000000000000e+06
3.057833323294630645e+01 8.356197710075833340e-01 1.675514000000000000e+06
3.066218995697298411e+01 8.323517561879263393e-01 1.685298000000000000e+06
3.074593408191947930e+01 8.267448563713994947e-01 1.689566000000000000e+06
3.082954809468623125e+01 8.212666018788468136e-01 1.697850000000000000e+06
3.091340339641750390e+01 8.180861175668269203e-01 1.718546000000000000e+06
3.099734465130006811e+01 8.129775930299762976e-01 1.719822000000000000e+06
3.108104222338488043e+01 8.099024606941097604e-01 1.726586000000000000e+06
3.116474027426929894e+01 8.047928024949603243e-01 1.739186000000000000e+06
3.124860498828843447e+01 7.995251887198565610e-01 1.751538000000000000e+06
3.133245649887071949e+01 7.955144642225359108e-01 1.758062000000000000e+06
3.141614178307822414e+01 7.917820233577801403e-01 1.763010000000000000e+06
3.149986855610640646e+01 7.858661270789736308e-01 1.778642000000000000e+06
3.158374588400788952e+01 7.817899878227556609e-01 1.788582000000000000e+06
3.166757693376691307e+01 7.775105084507779596e-01 1.794746000000000000e+06
3.175127246931511493e+01 7.717678520925642660e-01 1.803290000000000000e+06
3.183493779085208786e+01 7.674460867625443328e-01 1.811058000000000000e+06
3.191872426101914328e+01 7.646584394303522769e-01 1.828358000000000000e+06
3.200254090967914777e+01 7.596602282891093960e-01 1.831362000000000000e+06
3.208624557094677954e+01 7.573738451568503560e-01 1.842458000000000000e+06
3.216985025736639159e+01 7.491440840758897268e-01 1.846998000000000000e+06
3.225366158768746061e+01 7.455254392169157196e-01 1.869122000000000000e+06
3.233765392466781208e+01 7.437548831612079692e-01 1.876346000000000000e+06
3.242147145466748981e+01 7.395211826937503341e-01 1.879506000000000000e+06
3.250521341167948464e+01 7.363954358626036978e-01 1.893326000000000000e+06
3.258903110732968855e+01 7.315424754946036057e-01 1.901826000000000000e+06
3.267283869534620777e+01 7.277491655168878415e-01 1.911962000000000000e+06
3.275656526575507854e+01 7.230955326131019989e-01 1.919198000000000000e+06
3.284028881372969266e+01 7.181580081668517135e-01 1.930242000000000000e+06
3.292407887898949781e+01 7.163758943638987020e-01 1.942442000000000000e+06
3.300791290112206156e+01 7.127016924437449275e-01 1.951734000000000000e+06
3.309159594029746643e+01 7.081462660874848769e-01 1.955402000000000000e+06
3.317527487811420173e+01 7.048779628147666676e-01 1.971858000000000000e+06
3.325918478063969275e+01 7.020718444978030215e-01 1.984898000000000000e+06
3.334295800125237008e+01 6.974101550425840790e-01 1.986422000000000000e+06
3.342654711354870045e+01 6.927584455245258122e-01 1.996146000000000000e+06
3.351037327631482299e+01 6.885427686993148555e-01 2.017106000000000000e+06
3.359427383821539337e+01 6.856816386705584243e-01 2.020638000000000000e+06
3.367803183712429416e+01 6.831739757537649282e-01 2.029346000000000000e+06
3.376176459220195625e+01 6.783523485033331468e-01 2.041002000000000000e+06
3.384556001022187388e+01 6.748000194984036249e-01 2.051450000000000000e+06
3.392943845922752644e+01 6.724678902901708444e-01 2.065886000000000000e+06
3.401316055039511355e+01 6.691809603661046379e-01 2.064546000000000000e+06
3.409683542659267630e+01 6.653325090629726990e-01 2.082650000000000000e+06
3.418067800810939616e+01 6.628269644355477830e-01 2.095182000000000000e+06
3.426452736710173497e+01 6.591931433471689417e-01 2.101346000000000000e+06
3.434832998306823271e+01 6.556660808469081392e-01 2.115554000000000000e+06
3.443203105705293865e+01 6.540081695778232618e-01 2.115654000000000000e+06
3.451583812868020118e+01 6.498291038202465009e-01 2.141066000000000000e+06
3.459967632687634875e+01 6.460992477752448560e-01 2.139786000000000000e+06
3.468336662819802285e+01 6.432824381726250929e-01 2.152202000000000000e+06
3.476703645977761425e+01 6.392829808716543605e-01 2.161086000000000000e+06
3.485079127028417645e+01 6.361208547750105691e-01 2.176058000000000000e+06
3.493469079655712051e+01 6.335013337483990092e-01 2.190818000000000000e+06
3.501848338903062796e+01 6.303203032369185665e-01 2.191158000000000000e+06
3.510217183339957359e+01 6.271486169316478065e-01 2.205314000000000000e+06
3.518590037953279648e+01 6.230142664092142013e-01 2.215554000000000000e+06
3.526971993052846699e+01 6.199475177107831581e-01 2.230562000000000000e+06
3.535358270636252342e+01 6.185723298747016763e-01 2.239614000000000000e+06
3.543734285600354639e+01 6.145554003952432565e-01 2.245706000000000000e+06
3.552108409358061891e+01 6.118299033400393938e-01 2.259674000000000000e+06
3.560491818170212497e+01 6.070798327830111418e-01 2.273214000000000000e+06
3.568872958243610327e+01 6.042276819135667942e-01 2.278802000000000000e+06
3.577252677462045227e+01 6.016909513982792168e-01 2.294034000000000000e+06
3.585622758416000266e+01 5.996217442532316699e-01 2.294942000000000000e+06
3.593995265006216755e+01 5.957962171726980394e-01 2.317050000000000000e+06
3.602378331164942438e+01 5.930813955490731315e-01 2.322842000000000000e+06
3.610749751390627438e+01 5.895572783710383291e-01 2.330810000000000000e+06
3.619121780725145499e+01 5.874212688377200564e-01 2.345958000000000000e+06
3.627496104714246883e+01 5.844169280408704203e-01 2.353586000000000000e+06
3.635885802177431714e+01 5.817613973512442138e-01 2.376210000000000000e+06
3.644273375320676678e+01 5.778836994030748242e-01 2.374502000000000000e+06
3.652641723315417011e+01 5.757260786994006230e-01 2.386346000000000000e+06
3.661016003667585750e+01 5.724164978007874049e-01 2.401314000000000000e+06
3.669398675014319622e+01 5.686933691347529907e-01 2.411450000000000000e+06
3.677774362791269880e+01 5.665862359845301732e-01 2.420718000000000000e+06
3.686138542781196037e+01 5.631765937518807830e-01 2.425754000000000000e+06
3.694523701027373619e+01 5.610114865563872177e-01 2.455218000000000000e+06
3.702912063015348565e+01 5.592649683264638849e-01 2.450942000000000000e+06
3.711286066480837320e+01 5.552665951936055500e-01 2.467130000000000000e+06
3.719659282330948713e+01 5.532786719647141416e-01 2.474874000000000000e+06
3.728037731851799208e+01 5.497226909180271681e-01 2.490362000000000000e+06
3.736414979091281197e+01 5.477791094341314393e-01 2.498142000000000000e+06
3.744783790554325975e+01 5.453581143875967374e-01 2.507090000000000000e+06
3.753161089290124863e+01 5.432212216528439219e-01 2.525562000000000000e+06
3.761546125363399540e+01 5.407298954601009733e-01 2.534726000000000000e+06
3.769935318534805191e+01 5.384431818270948300e-01 2.549906000000000000e+06
3.778311927771562750e+01 5.363177920358248585e-01 2.551074000000000000e+06
3.786687072097435447e+01 5.328999627339147116e-01 2.570702000000000000e+06
3.795064452686742129e+01 5.310186814322146454e-01 2.574642000000000000e+06
3.803440602811515703e+01 5.284618818488041603e-01 2.594066000000000000e+06
3.811814083290802557e+01 5.252590563750143549e-01 2.594802000000000000e+06
3.820178788957619531e+01 5.234037319632622864e-01 2.612030000000000000e+06
3.828560806097936364e+01 5.210973536827508967e-01 2.627954000000000000e+06
3.836951237816947469e+01 5.179016774718394611e-01 2.640402000000000000e+06
3.845325054821010724e+01 5.158934719287180393e-01 2.641454000000000000e+06
3.853698686701612530e+01 5.129378841806063738e-01 2.661834000000000000e+06
3.862077152240886591e+01 5.112431897489001509e-01 2.669138000000000000e+06
3.870457668857440581e+01 5.078951102814376339e-01 2.684858000000000000e+06
3.878838810440694118e+01 5.077315593319746689e-01 2.693910000000000000e+06
3.887209610060705955e+01 5.053317248291989694e-01 2.701682000000000000e+06
3.895591541384992951e+01 5.033015505208436879e-01 2.722698000000000000e+06
3.903970878692612700e+01 5.004960990906562879e-01 2.725262000000000000e+06
3.912346323929788383e+01 4.974889697168590197e-01 2.742450000000000000e+06
3.920722013046969323e+01 4.956219430150735628e-01 2.749850000000000000e+06
3.929096158370429492e+01 4.925807789132899961e-01 2.763902000000000000e+06
3.937477573634135553e+01 4.904646323301294353e-01 2.778498000000000000e+06
3.945853339307303997e+01 4.889558561049800467e-01 2.784530000000000000e+06
3.954233951365999644e+01 4.869151255337708095e-01 2.804106000000000000e+06
3.962614155532578053e+01 4.851383466380049803e-01 2.809790000000000000e+06
3.970993115735726064e+01 4.824646078062821974e-01 2.825058000000000000e+06
3.979370973670097555e+01 4.808837979346088365e-01 2.834330000000000000e+06
3.987739375837353606e+01 4.783355389226403021e-01 2.842022000000000000e+06
3.996117659102883124e+01 4.760257774315002632e-01 2.864754000000000000e+06
4.004492507367432097e+01 4.734158326309813591e-01 2.864186000000000000e+06
4.012855801902023956e+01 4.715664457284466926e-01 2.879538000000000000e+06
4.021232599228400773e+01 4.693987212764886285e-01 2.899454000000000000e+06
4.029612162727031688e+01 4.680250945336123514e-01 2.904258000000000000e+06
4.038001131135030874e+01 4.653846331043868800e-01 2.930234000000000000e+06
4.046390848166176823e+01 4.632571105359706842e-01 2.929526000000000000e+06
4.054763895091686976e+01 4.614443547230497322e-01 2.942442000000000000e+06
4.063145602871991713e+01 4.598540179883207069e-01 2.960810000000000000e+06
4.071526025477401589e+01 4.579845926783349674e-01 2.964954000000000000e+06
4.079900469843234134e+01 4.554223374741270258e-01 2.980910000000000000e+06
4.088275455494471800e+01 4.533639164179742997e-01 2.990978000000000000e+06
4.096655099355582053e+01 4.517258379200073115e-01 3.007626000000000000e+06
4.105038506696493528e+01 4.504479051499652997e-01 3.019166000000000000e+06
4.113408514747818856e+01 4.484574276171845453e-01 3.021090000000000000e+06
4.121781401966371305e+01 4.459941059782127626e-01 3.047834000000000000e+06
4.130168676574312769e+01 4.443542000071999398e-01 3.055590000000000000e+06
4.138552050109588976e+01 4.421448301573448481e-01 3.068546000000000000e+06
4.146914577407831359e+01 4.405177447466381846e-01 3.067274000000000000e+06
4.155286479481431883e+01 4.383283414965116753e-01 3.098058000000000000e+06
4.163678258255396258e+01 4.362990935972885786e-01 3.109214000000000000e+06
4.172055832134024200e+01 4.353083669778097797e-01 3.110466000000000000e+06
4.180418526461116357e+01 4.330014530929435224e-01 3.124370000000000000e+06
4.188792935761906477e+01 4.311027315918266600e-01 3.144174000000000000e+06
4.197185138929292947e+01 4.290026165988453100e-01 3.161738000000000000e+06
4.205562112114309059e+01 4.274638515897705715e-01 3.159890000000000000e+06
4.213924805322351830e+01 4.250777691455128737e-01 3.174138000000000000e+06
4.222299894826061717e+01 4.230092467722970095e-01 3.195926000000000000e+06
4.230691258081674988e+01 4.222911073287359263e-01 3.211386000000000000e+06
4.239080415901788967e+01 4.199014914357530603e-01 3.219314000000000000e+06
4.247453169083237157e+01 4.182085364288384843e-01 3.225494000000000000e+06
4.255825507974662258e+01 4.163363722883324791e-01 3.242562000000000000e+06
4.264203752623418353e+01 4.146857587990606109e-01 3.257450000000000000e+06
4.272584879897986099e+01 4.135226229215341887e-01 3.269118000000000000e+06
4.280959718026213068e+01 4.117564647613703444e-01 3.278930000000000000e+06
4.289324313363174213e+01 4.102552751281700050e-01 3.286650000000000000e+06
4.297705823947939763e+01 4.083962992332532682e-01 3.316610000000000000e+06
4.306095854823670521e+01 4.062068912571329404e-01 3.321542000000000000e+06
4.314470014373539897e+01 4.045187239115322075e-01 3.328578000000000000e+06
4.322841831305547800e+01 4.023366523431170516e-01 3.345074000000000000e+06
4.331221276153173960e+01 4.011979777409311887e-01 3.361686000000000000e+06
4.339600557191744912e+01 3.998954513161619984e-01 3.369722000000000000e+06
4.347974360653208947e+01 3.979129926830493047e-01 3.385290000000000000e+06
4.356345927572596111e+01 3.969695506535706464e-01 3.391370000000000000e+06
4.364729718140662129e+01 3.950427056535180670e-01 3.422966000000000000e+06
4.373115310142490841e+01 3.931676954606148633e-01 3.419538000000000000e+06
4.381493904908852244e+01 3.919268919111302263e-01 3.441890000000000000e+06
4.389872518355250719e+01 3.903629413310546470e-01 3.447582000000000000e+06
4.398251250846917060e+01 3.884078922239230236e-01 3.466298000000000000e+06
4.406617792640594899e+01 3.869440443898985449e-01 3.466194000000000000e+06
4.414985741111507167e+01 3.860250405061537160e-01 3.492062000000000000e+06
4.423365507571194399e+01 3.837905360773300467e-01 3.503114000000000000e+06
4.431743533444053895e+01 3.827538364912915769e-01 3.517146000000000000e+06
4.440128817701192787e+01 3.813688482583110773e-01 3.535706000000000000e+06
4.448508293520813339e+01 3.793209363846291593e-01 3.539742000000000000e+06
4.456885232151149978e+01 3.776854273669752460e-01 3.558698000000000000e+06
4.465264799184704714e+01 3.770902647024387266e-01 3.570122000000000000e+06
4.473644620586907905e+01 3.753444742151984537e-01 3.585174000000000000e+06
4.482021823753251510e+01 3.735371687059060308e-01 3.594314000000000000e+06
4.490398199496299014e+01 3.723059094893000354e-01 3.612258000000000000e+06
4.498774280066585618e+01 3.711100751267442655e-01 3.620282000000000000e+06
4.507149731418039096e+01 3.692894189132522320e-01 3.639078000000000000e+06
4.515529296565681960e+01 3.676677875330438550e-01 3.650450000000000000e+06
4.523902850959706967e+01 3.665345980710205676e-01 3.661418000000000000e+06
4.532276634990883224e+01 3.652624443469195681e-01 3.677694000000000000e+06
4.540659508440727876e+01 3.636431953869855294e-01 3.695978000000000000e+06
4.549038931088257698e+01 3.621246769345443095e-01 3.702810000000000000e+06
4.557410984910109875e+01 3.609334711457681810e-01 3.716162000000000000e+06
4.565793710884364032e+01 3.590894039026826245e-01 3.740094000000000000e+06
4.574173858314507868e+01 3.579496700574238965e-01 3.740954000000000000e+06
4.582547487248402263e+01 3.568406392966024798e-01 3.760946000000000000e+06
4.590929724167653347e+01 3.559949466397125950e-01 3.778278000000000000e+06
4.599310294070550498e+01 3.542457413917644571e-01 3.784922000000000000e+06
4.607688647938994819e+01 3.527814481300387550e-01 3.805266000000000000e+06
4.616063114034604098e+01 3.510885285708958414e-01 3.807686000000000000e+06
4.624436961981203353e+01 3.499255830091856923e-01 3.833130000000000000e+06
4.632816579644655519e+01 3.489772828430114382e-01 3.841898000000000000e+06
4.641196142457300766e+01 3.478701095417039424e-01 3.858074000000000000e+06
4.649571814796405533e+01 3.465694974946846307e-01 3.868974000000000000e+06
4.657948650465218066e+01 3.450825495796788211e-01 3.885362000000000000e+06
4.666326012374663890e+01 3.438618278783774351e-01 3.898290000000000000e+06
4.674697557759400013e+01 3.418181041088373950e-01 3.907334000000000000e+06
4.683072185148795086e+01 3.408195205575338949e-01 3.928730000000000000e+06
4.691446205725140572e+01 3.395911032330403145e-01 3.936666000000000000e+06
4.699827339304534490e+01 3.387839007246526424e-01 3.961346000000000000e+06
4.708217883775101598e+01 3.374300199156189395e-01 3.975774000000000000e+06
4.716589489477312469e+01 3.366666406388141852e-01 3.970106000000000000e+06
4.724959403662504087e+01 3.353535135904796016e-01 4.003170000000000000e+06
4.733350988050379016e+01 3.339184308324447681e-01 4.019558000000000000e+06
4.741737501115326126e+01 3.329296606603369124e-01 4.025642000000000000e+06
4.750102520144735507e+01 3.314741179998381693e-01 4.028514000000000000e+06
4.758473950277736009e+01 3.299624722680555289e-01 4.059398000000000000e+06
4.766858069315918556e+01 3.288466717481547397e-01 4.069674000000000000e+06
4.775237333775331194e+01 3.277364658209299675e-01 4.083698000000000000e+06
4.783614237112322343e+01 3.268689822988320448e-01 4.095210000000000000e+06
4.791988490245709897e+01 3.256778099499867962e-01 4.110518000000000000e+06
4.800366139183459069e+01 3.245414177883858553e-01 4.126850000000000000e+06
4.808744155042190727e+01 3.237513810006197867e-01 4.140114000000000000e+06
4.817110248164115660e+01 3.224310279507826560e-01 4.144070000000000000e+06
4.825485289941014599e+01 3.214340323128347943e-01 4.175802000000000000e+06
4.833872317014574804e+01 3.203986227405642984e-01 4.187882000000000000e+06
4.842255739313756635e+01 3.188827469190926855e-01 4.199250000000000000e+06
4.850630200152498617e+01 3.180375551810432078e-01 4.209326000000000000e+06
4.858999651144587517e+01 3.164070327062407095e-01 4.222130000000000000e+06
4.867384498554194749e+01 3.156851911661210930e-01 4.254258000000000000e+06
4.875769237889889496e+01 3.144752306772662931e-01 4.252478000000000000e+06
4.884143639731927777e+01 3.136000836397235259e-01 4.270698000000000000e+06
4.892512165045238959e+01 3.123120962889791019e-01 4.278122000000000000e+06
4.900892249802404876e+01 3.113536271624061658e-01 4.309898000000000000e+06
4.909279745527720706e+01 3.104793092665300014e-01 4.317150000000000000e+06
4.917658920170342185e+01 3.096655355639122975e-01 4.329698000000000000e+06
4.926033308118844189e+01 3.078248241233350613e-01 4.340826000000000000e+06
4.934406286064109537e+01 3.073075679134964489e-01 4.359590000000000000e+06
4.942786957825488514e+01 3.060259661628796923e-01 4.376850000000000000e+06
4.951163677893373460e+01 3.049866766940055318e-01 4.386674000000000000e+06
4.959537078523236886e+01 3.041112667551459925e-01 4.401782000000000000e+06
4.967912880843362444e+01 3.030787459749593182e-01 4.419210000000000000e+06
4.976302304379169783e+01 3.017512215274907317e-01 4.446482000000000000e+06
4.984679567254183752e+01 3.005525634452878014e-01 4.435554000000000000e+06
4.993048967360238777e+01 2.995092901349628578e-01 4.468934000000000000e+06
5.001430382430130805e+01 2.985217692316282090e-01 4.477650000000000000e+06
5.009805003277288193e+01 2.977796891622718212e-01 4.491218000000000000e+06
5.018180837416312556e+01 2.965857976240466876e-01 4.510358000000000000e+06
5.026555488397971772e+01 2.952928222805589753e-01 4.518594000000000000e+06
5.034932947116654134e+01 2.942370228105606889e-01 4.544474000000000000e+06
5.043314290484163820e+01 2.936994930689101890e-01 4.552098000000000000e+06
5.051694671432978367e+01 2.921280702252900818e-01 4.574990000000000000e+06
5.060070330614421863e+01 2.916696797830993226e-01 4.577210000000000000e+06
5.068450326170798093e+01 2.905128232671164157e-01 4.608186000000000000e+06
5.076830570006593746e+01 2.894771005496943883e-01 4.610198000000000000e+06
5.085203782795357341e+01 2.883017459015083106e-01 4.628898000000000000e+06
5.093575247787595117e+01 2.878047184222943811e-01 4.641170000000000000e+06
5.101951360832174487e+01 2.865540512716243104e-01 4.662462000000000000e+06
5.110336138272519690e+01 2.855474605901344165e-01 4.681442000000000000e+06
5.118714498866896889e+01 2.845415542306174439e-01 4.687850000000000000e+06
5.127091437680648056e+01 2.839752725630933505e-01 4.708818000000000000e+06
5.135469940961902324e+01 2.828353560516561060e-01 4.721534000000000000e+06
5.143844012238305652e+01 2.814831219349345215e-01 4.732770000000000000e+06
5.152216672994304503e+01 2.808192376485953434e-01 4.753346000000000000e+06
5.160598460354614758e+01 2.800648025115202722e-01 4.772886000000000000e+06
5.168981756623005452e+01 2.791000048483855411e-01 4.785098000000000000e+06
5.177356462271885107e+01 2.785222131904073195e-01 4.795394000000000000e+06
5.185730248904087603e+01 2.770610467084864692e-01 4.813986000000000000e+06
5.194107950576231758e+01 2.759405597835061230e-01 4.832654000000000000e+06
5.202490683524943194e+01 2.749233043439529012e-01 4.849362000000000000e+06
5.210868111161441618e+01 2.741611712850651195e-01 4.858322000000000000e+06
5.219237188700115837e+01 2.735533799493604090e-01 4.871286000000000000e+06
5.227611099451670640e+01 2.724150401379544228e-01 4.894370000000000000e+06
5.235994633095187112e+01 2.712504705319809251e-01 4.914650000000000000e+06
5.244373186833391998e+01 2.705621508649584950e-01 4.919658000000000000e+06
5.252748139865951060e+01 2.696580061105244841e-01 4.941638000000000000e+06
5.261134608608541186e+01 2.688190426250424703e-01 4.965954000000000000e+06
5.269521219925067612e+01 2.677305064393565859e-01 4.971770000000000000e+06
5.277896921030312427e+01 2.671501174759342012e-01 4.985702000000000000e+06
5.286266873731673144e+01 2.660750255088050742e-01 4.996314000000000000e+06
5.294640362710930503e+01 2.651380142187476086e-01 5.021258000000000000e+06
5.303021795299186181e+01 2.642760351852844192e-01 5.038470000000000000e+06
5.311400321458867069e+01 2.634770093313552053e-01 5.048570000000000000e+06
5.319775700266092855e+01 2.624471514779826986e-01 5.067786000000000000e+06
5.328156065547872799e+01 2.616281865595993517e-01 5.084402000000000000e+06
5.336537962353408915e+01 2.603343780207741376e-01 5.104238000000000000e+06
5.344909091783166133e+01 2.598106290021933162e-01 5.101890000000000000e+06
5.353274999593639194e+01 2.590242522117734980e-01 5.129594000000000000e+06
5.361652756373694473e+01 2.579137103167435940e-01 5.149086000000000000e+06
5.370036822863162485e+01 2.573575829674545346e-01 5.168834000000000000e+06
5.378411950541506314e+01 2.559308894330691309e-01 5.172306000000000000e+06
5.386787929501433325e+01 2.553946574273285308e-01 5.199218000000000000e+06
5.395171074936121158e+01 2.544744632753195845e-01 5.215430000000000000e+06
5.403552355469201984e+01 2.538218584351392693e-01 5.229066000000000000e+06
5.411930985166335262e+01 2.529061231416351863e-01 5.244530000000000000e+06
5.420310642373981125e+01 2.523423293754168406e-01 5.262870000000000000e+06
5.428687812998526852e+01 2.512364719466551599e-01 5.272562000000000000e+06
5.437059019332080112e+01 2.505578582854230962e-01 5.290098000000000000e+06
5.445438308715934994e+01 2.496784418738820510e-01 5.314358000000000000e+06
5.453817366229988295e+01 2.493466392388866137e-01 5.322098000000000000e+06
5.462191410682409298e+01 2.481177071596356032e-01 5.341026000000000000e+06
5.470574856213039538e+01 2.473344506226921036e-01 5.366858000000000000e+06
5.478957837144608334e+01 2.467295552898525757e-01 5.374422000000000000e+06
5.487325249086202206e+01 2.459634455430079469e-01 5.377730000000000000e+06
5.495693797161722927e+01 2.451422613556746566e-01 5.409410000000000000e+06
5.504079340903902562e+01 2.440473561532966185e-01 5.434014000000000000e+06
5.512463744441291880e+01 2.433809236898318296e-01 5.438882000000000000e+06
5.520838246356159118e+01 2.429290704958672609e-01 5.456178000000000000e+06
5.529211836524709867e+01 2.418814161084845149e-01 5.469242000000000000e+06
5.537590104604533536e+01 2.413158680929679278e-01 5.496174000000000000e+06
5.545970262891226810e+01 2.404216987283694928e-01 5.505530000000000000e+06
5.554345609431005926e+01 2.395706813480108222e-01 5.521202000000000000e+06
5.562722615507448864e+01 2.387979187341701670e-01 5.544126000000000000e+06
5.571106592766010124e+01 2.378320889925479853e-01 5.560106000000000000e+06
5.579489699651359302e+01 2.369573999140463794e-01 5.579754000000000000e+06
5.587861150379660558e+01 2.363578386627620265e-01 5.576270000000000000e+06
5.596227888762821578e+01 2.356355416970297711e-01 5.607138000000000000e+06
5.604605505562237511e+01 2.349040031103856174e-01 5.625026000000000000e+06
5.612988563474059589e+01 2.339731777757549647e-01 5.646698000000000000e+06
5.621362981395379421e+01 2.332582287950384081e-01 5.649126000000000000e+06
5.629735953290565220e+01 2.328193853746912401e-01 5.676434000000000000e+06
5.638111113221403770e+01 2.316898019452764135e-01 5.687418000000000000e+06
5.646491353105431443e+01 2.311314585983137992e-01 5.715830000000000000e+06
5.654876833880403098e+01 2.303727302717128445e-01 5.729210000000000000e+06
5.663258281598625388e+01 2.295418319029968457e-01 5.744802000000000000e+06
5.671632533067610638e+01 2.288726101561258663e-01 5.752154000000000000e+06
5.680011690917110911e+01 2.281724357292691796e-01 5.786382000000000000e+06
5.688389278969563634e+01 2.275007408180913793e-01 5.784146000000000000e+06
5.696761357142070636e+01 2.269852649950637735e-01 5.812146000000000000e+06
5.705141499197365818e+01 2.260418914315647232e-01 5.830166000000000000e+06
5.713521997423967491e+01 2.253985519642139335e-01 5.845850000000000000e+06
5.721900004074090873e+01 2.249575461287152411e-01 5.862834000000000000e+06
5.730276083164348933e+01 2.239737223850106485e-01 5.876066000000000000e+06
5.738658092066984295e+01 2.233042418590097111e-01 5.905854000000000000e+06
5.747033874630024286e+01 2.225850790729132500e-01 5.902274000000000000e+06
5.755404338958180688e+01 2.220944317377527566e-01 5.931258000000000000e+06
5.763786106901985562e+01 2.214118434933129709e-01 5.954966000000000000e+06
5.772168705776467590e+01 2.207737195797192520e-01 5.965346000000000000e+06
5.780542407686664319e+01 2.198296267969349349e-01 5.977818000000000000e+06
5.788919496618857607e+01 2.192831536801561898e-01 6.004718000000000000e+06
5.797296788463464878e+01 2.182860613942198824e-01 6.011706000000000000e+06
5.805676589856359726e+01 2.179886102183840879e-01 6.045770000000000000e+06
5.814055263107005089e+01 2.172402039795510720e-01 6.041586000000000000e+06
5.822426906686246895e+01 2.163064330861366180e-01 6.073166000000000000e+06
5.830801158641646253e+01 2.159348915160186899e-01 6.078962000000000000e+06
5.839179370373053501e+01 2.153885025787266594e-01 6.114258000000000000e+06
5.847563338611901429e+01 2.145945075734686791e-01 6.123086000000000000e+06
5.855940577164263061e+01 2.140998033167284820e-01 6.136770000000000000e+06
5.864313003931577839e+01 2.133076372671001142e-01 6.154898000000000000e+06
5.872691634067579969e+01 2.127264061010486207e-01 6.178610000000000000e+06
5.881074619570083684e+01 2.121844860149642298e-01 6.197982000000000000e+06
5.889452794754235043e+01 2.116034228360752223e-01 6.205322000000000000e+06
5.897820641443409073e+01 2.107051544899780637e-01 6.218850000000000000e+06
5.906193901280321512e+01 2.102239652121707381e-01 6.249542000000000000e+06
5.914581786000324826e+01 2.096990769739817961e-01 6.274146000000000000e+06
5.922958949112301497e+01 2.090276978145341191e-01 6.270242000000000000e+06
5.931333012199205257e+01 2.084901213628957140e-01 6.305222000000000000e+06
5.939720105247847926e+01 2.079047580199670231e-01 6.325026000000000000e+06
5.948100907207791010e+01 2.071358427978108319e-01 6.331922000000000000e+06
5.956471628696222353e+01 2.061940645661253235e-01 6.343698000000000000e+06
5.964845880386389609e+01 2.059342882168567201e-01 6.375158000000000000e+06
5.973228933048412159e+01 2.053361741490928316e-01 6.392178000000000000e+06
5.981613496168468203e+01 2.046135549288254640e-01 6.412826000000000000e+06
5.989983645289154879e+01 2.039933024071191314e-01 6.407078000000000000e+06
5.998354613160790194e+01 2.033738725493388910e-01 6.447954000000000000e+06
6.006732029307560339e+01 2.026576023702506835e-01 6.456026000000000000e+06
6.015110327404215695e+01 2.022103517198459710e-01 6.482034000000000000e+06
6.023487596160424573e+01 2.015587887220428309e-01 6.492878000000000000e+06
6.031854831072890022e+01 2.007191474597182501e-01 6.502074000000000000e+06
6.040231839065788222e+01 2.001497990961235984e-01 6.542930000000000000e+06
6.048619165671609466e+01 1.996759028081331322e-01 6.556598000000000000e+06
6.057002333107591596e+01 1.992456048630738552e-01 6.570330000000000000e+06
6.065376829395822256e+01 1.986848328487201554e-01 6.581882000000000000e+06
6.073756442394000743e+01 1.979463545508794720e-01 6.612546000000000000e+06
6.082141587353444123e+01 1.973512179454492976e-01 6.628622000000000000e+06
6.090514253860760618e+01 1.969893497215023104e-01 6.629498000000000000e+06
6.098884320245825563e+01 1.961412321207343379e-01 6.659250000000000000e+06
6.107265851032283877e+01 1.954143288235158649e-01 6.686006000000000000e+06
6.115647246835320061e+01 1.952433943959367424e-01 6.693786000000000000e+06
6.124020033801726015e+01 1.942281176609768623e-01 6.711554000000000000e+06
6.132397038132510403e+01 1.936675862474423471e-01 6.735678000000000000e+06
6.140778387575393538e+01 1.931254824379984858e-01 6.754754000000000000e+06
6.149161352937865388e+01 1.924126069678318007e-01 6.776570000000000000e+06
6.157529545988447239e+01 1.918693333061441408e-01 6.767394000000000000e+06
6.165900889953971387e+01 1.914618693722696663e-01 6.818246000000000000e+06
6.174288787705573611e+01 1.908784189353672500e-01 6.830562000000000000e+06
6.182665980957211360e+01 1.901202314135044813e-01 6.839186000000000000e+06
6.191039097988957707e+01 1.896802022659310749e-01 6.861462000000000000e+06
6.199415875786135643e+01 1.893186821859329516e-01 6.880394000000000000e+06
6.207797374072198693e+01 1.887221887144069632e-01 6.907178000000000000e+06
6.216178350871904001e+01 1.879754566769514246e-01 6.917034000000000000e+06
6.224554940092006916e+01 1.876194339698244451e-01 6.937934000000000000e+06
6.232927625716432374e+01 1.870929144625571305e-01 6.947250000000000000e+06
6.241305212971730754e+01 1.862482823950252220e-01 6.982106000000000000e+06
6.249687658401688850e+01 1.858089477020085645e-01 6.995718000000000000e+06
6.258064195304475419e+01 1.852628498053714989e-01 7.006682000000000000e+06
6.266440681033797944e+01 1.845890754599362749e-01 7.035866000000000000e+06
6.274824216199589699e+01 1.840586020064898243e-01 7.054110000000000000e+06
6.283199118762099999e+01 1.835387297756656266e-01 7.059194000000000000e+06
6.291572599321118986e+01 1.831319282461636722e-01 7.091802000000000000e+06
6.299950509521183051e+01 1.826150885001491531e-01 7.100666000000000000e+06
6.308326075680762557e+01 1.820032626976590129e-01 7.129070000000000000e+06
6.316706195378349520e+01 1.816021508040701893e-01 7.143282000000000000e+06
6.325081801455058894e+01 1.808430329085515820e-01 7.161482000000000000e+06
6.333459669546337523e+01 1.802358597318131916e-01 7.184694000000000000e+06
6.341841008120442780e+01 1.797520070339540255e-01 7.203914000000000000e+06
6.350218876580745331e+01 1.792089188456214566e-01 7.219746000000000000e+06
6.358591190700263951e+01 1.787196758059683144e-01 7.228634000000000000e+06
6.366969673610064717e+01 1.783691774878678193e-01 7.271990000000000000e+06
6.375349087092273948e+01 1.775619579274798909e-01 7.266786000000000000e+06
6.383719401333753751e+01 1.771690443056631592e-01 7.293650000000000000e+06
6.392099500043143223e+01 1.766982084863558400e-01 7.324086000000000000e+06
6.400484294296721544e+01 1.761242360652163497e-01 7.338650000000000000e+06
6.408861957019631461e+01 1.754866592074333376e-01 7.351962000000000000e+06
6.417229567069612983e+01 1.749667502130569097e-01 7.357190000000000000e+06
6.425605827522849722e+01 1.745398385534405461e-01 7.406042000000000000e+06
6.433988346718935247e+01 1.739247938821584516e-01 7.408626000000000000e+06
6.442366993893529070e+01 1.734947435381898606e-01 7.435610000000000000e+06
6.450748292497215175e+01 1.729875037934984483e-01 7.453542000000000000e+06
6.459124517573944502e+01 1.723118844287555018e-01 7.464002000000000000e+06
6.467501250428696835e+01 1.719563408298287743e-01 7.493546000000000000e+06
6.475881482306483861e+01 1.712708163411489903e-01 7.510806000000000000e+06
6.484263355878292145e+01 1.707756281968116630e-01 7.532114000000000000e+06
6.492635863913294259e+01 1.705228367378189003e-01 7.536234000000000000e+06
6.501006892041591811e+01 1.698485751868201166e-01 7.565834000000000000e+06
6.509392196997305291e+01 1.695198921171496287e-01 7.603062000000000000e+06
6.517772136341262978e+01 1.690314022194158994e-01 7.593890000000000000e+06
6.526142024031203448e+01 1.685407113769998022e-01 7.622906000000000000e+06
6.534517798747489792e+01 1.681791972978395056e-01 7.646622000000000000e+06
6.542900683024386410e+01 1.677526095344951951e-01 7.672058000000000000e+06
6.551278372258207128e+01 1.671946413145077859e-01 7.679346000000000000e+06
6.559647689529717240e+01 1.668917451291800913e-01 7.693058000000000000e+06
6.568023240704575016e+01 1.662548476117534091e-01 7.732158000000000000e+06
6.576407007540214522e+01 1.657534753623420287e-01 7.746962000000000000e+06
6.584790505033298302e+01 1.652552842071778327e-01 7.770986000000000000e+06
6.593165610578880376e+01 1.647749789181654212e-01 7.772094000000000000e+06
6.601538633341530726e+01 1.641314225934023541e-01 7.803818000000000000e+06
6.609921986930250171e+01 1.636518618420599036e-01 7.834338000000000000e+06
6.618300989442009552e+01 1.631628085543120887e-01 7.833710000000000000e+06
6.626672027527055775e+01 1.628117812987590618e-01 7.858794000000000000e+06
6.635048482494400446e+01 1.621919824105911845e-01 7.884290000000000000e+06
6.643426840268917033e+01 1.617819010059074747e-01 7.901522000000000000e+06
6.651807839369693909e+01 1.613488413703673408e-01 7.930662000000000000e+06
6.660185938569200914e+01 1.610127657627659359e-01 7.934426000000000000e+06
6.668562349459918437e+01 1.603714366006545045e-01 7.967322000000000000e+06
6.676941985144630110e+01 1.601207332709090048e-01 7.981934000000000000e+06
6.685320220952085890e+01 1.595948074802312489e-01 8.003282000000000000e+06
6.693696207061206849e+01 1.590909303454782209e-01 8.019666000000000000e+06
6.702068860837411535e+01 1.586797226006604888e-01 8.034482000000000000e+06
6.710445272740649614e+01 1.583025316098001511e-01 8.068542000000000000e+06
6.718828234859530824e+01 1.578968329523298686e-01 8.088290000000000000e+06
6.727206071729939652e+01 1.573387119484624952e-01 8.096322000000000000e+06
6.735579384931760671e+01 1.570069039079137752e-01 8.122646000000000000e+06
6.743961094632139464e+01 1.565378248810020134e-01 8.150138000000000000e+06
6.752341839406597046e+01 1.560624614681454247e-01 8.165322000000000000e+06
6.760720134506061640e+01 1.557369050374613206e-01 8.182574000000000000e+06
6.769097215349376029e+01 1.553443794493653829e-01 8.203698000000000000e+06
6.777475210174605991e+01 1.548630507137913614e-01 8.226914000000000000e+06
6.785855795495925236e+01 1.544560906415964052e-01 8.246898000000000000e+06
6.794231757399198557e+01 1.540701185968050002e-01 8.261774000000000000e+06
6.802605368830526800e+01 1.535552857166668228e-01 8.279426000000000000e+06
6.810980740395922339e+01 1.533967859316992532e-01 8.308722000000000000e+06
6.819359624676370402e+01 1.527158081692351344e-01 8.326214000000000000e+06
6.827735164047554406e+01 1.524221916884761774e-01 8.342682000000000000e+06
6.836106899917464830e+01 1.520966688251435273e-01 8.360834000000000000e+06
6.844484437189701964e+01 1.517110792679715880e-01 8.393226000000000000e+06
6.852869899063553305e+01 1.512728692481725423e-01 8.420150000000000000e+06
6.861250241461986832e+01 1.506911196480260062e-01 8.421986000000000000e+06
6.869622258997036113e+01 1.504005315595579040e-01 8.445714000000000000e+06
6.877998582885126666e+01 1.499756272875236440e-01 8.472590000000000000e+06
6.886380417121233677e+01 1.497009841831491717e-01 8.495370000000000000e+06
6.894760222040189035e+01 1.491316108374187432e-01 8.512802000000000000e+06
6.903133907390910906e+01 1.489127731193001791e-01 8.523290000000000000e+06
6.911515911696680803e+01 1.483482289427279222e-01 8.570982000000000000e+06
6.919899661482570252e+01 1.480105580257264353e-01 8.568458000000000000e+06
6.928271270688284744e+01 1.475802038269851124e-01 8.586498000000000000e+06
6.936640883580386685e+01 1.473071627088348157e-01 8.608838000000000000e+06
6.945020519724739927e+01 1.469664083852961212e-01 8.645610000000000000e+06
6.953403489536805182e+01 1.465563703212122981e-01 8.658386000000000000e+06
6.961776845906641142e+01 1.461179333728475915e-01 8.668598000000000000e+06
6.970149629909469979e+01 1.457433066978666980e-01 8.697426000000000000e+06
6.978527344513386765e+01 1.452812831826245654e-01 8.722562000000000000e+06
6.986906013590846953e+01 1.450106729692804963e-01 8.737962000000000000e+06
6.995286374627769987e+01 1.445078651375395762e-01 8.771366000000000000e+06
7.003663130607654352e+01 1.441184652622674034e-01 8.771010000000000000e+06
7.012044287898793016e+01 1.438299408406892299e-01 8.822618000000000000e+06
7.020422712516214858e+01 1.434418202836918455e-01 8.807726000000000000e+06
7.028792428421020588e+01 1.431360998292973141e-01 8.844618000000000000e+06
7.037169187076506205e+01 1.426536991462805937e-01 8.868722000000000000e+06
7.045550216092648554e+01 1.422513303313293620e-01 8.891394000000000000e+06
7.053930310811041693e+01 1.417466595915095329e-01 8.911934000000000000e+06
7.062306388634770826e+01 1.414000326985687117e-01 8.923938000000000000e+06
7.070681928787864479e+01 1.409736519568150770e-01 8.953682000000000000e+06
7.079064883602877956e+01 1.408115160979233338e-01 8.981966000000000000e+06
7.087445404086807343e+01 1.404570681841893764e-01 8.990442000000000000e+06
7.095817349518108585e+01 1.401401290693009283e-01 9.007874000000000000e+06
7.104193091703314167e+01 1.396918922949509090e-01 9.038982000000000000e+06
7.112576467725064333e+01 1.393643788381189186e-01 9.068570000000000000e+06
7.120961688916655419e+01 1.388377039707217597e-01 9.085250000000000000e+06
7.129335164196812968e+01 1.384528806156291592e-01 9.084690000000000000e+06
7.137708037180341591e+01 1.381059984308749267e-01 9.128654000000000000e+06
7.146084353628984331e+01 1.377126315397611267e-01 9.133170000000000000e+06
7.154466665793322022e+01 1.373361861169128950e-01 9.185882000000000000e+06
7.162842926759091711e+01 1.370064880881835256e-01 9.163254000000000000e+06
7.171216325434680527e+01 1.365931526995823320e-01 9.220130000000000000e+06
7.179600405083390058e+01 1.362762584074883321e-01 9.233138000000000000e+06
7.187979487849634097e+01 1.359872928752614563e-01 9.249378000000000000e+06
7.196355510905767972e+01 1.355497732310131653e-01 9.271550000000000000e+06
7.204729422001986450e+01 1.352642843743653289e-01 9.286266000000000000e+06
7.213106156089709486e+01 1.348300439384677030e-01 9.320762000000000000e+06
7.221480038490358311e+01 1.345022707880735857e-01 9.326718000000000000e+06
7.229852005323998299e+01 1.341481444106333853e-01 9.354602000000000000e+06
7.238228486066410028e+01 1.338291291396254135e-01 9.384122000000000000e+06
7.246607067066045715e+01 1.334300065677483382e-01 9.400482000000000000e+06
7.254987197439923818e+01 1.330494581685420230e-01 9.432638000000000000e+06
7.263367976569567475e+01 1.328691534235918459e-01 9.445314000000000000e+06
7.271750340333485951e+01 1.324572214208914189e-01 9.477290000000000000e+06
7.280130916047085066e+01 1.321230718306382890e-01 9.489182000000000000e+06
7.288506765200136783e+01 1.316796532889520366e-01 9.506706000000000000e+06
7.296881975889688476e+01 1.313254420138162681e-01 9.533978000000000000e+06
7.305259443485221027e+01 1.310778003241060974e-01 9.553662000000000000e+06
7.313637521480190173e+01 1.306847920967949550e-01 9.579506000000000000e+06
7.322019418653475498e+01 1.304212740893763434e-01 9.607866000000000000e+06
7.330395444861356680e+01 1.300415242818905304e-01 9.608354000000000000e+06
7.338767600840630223e+01 1.297382080954704586e-01 9.643862000000000000e+06
7.347148094131401308e+01 1.293960790140982198e-01 9.670578000000000000e+06
7.355528165751150027e+01 1.291844508969445249e-01 9.687890000000000000e+06
7.363898985402030917e+01 1.287860452803763212e-01 9.693294000000000000e+06
7.372271904442924040e+01 1.284708306277484169e-01 9.736034000000000000e+06
7.380653580168322492e+01 1.281938771871470595e-01 9.758946000000000000e+06
7.389034984429981989e+01 1.278315029132853498e-01 9.778994000000000000e+06
7.397413656457592879e+01 1.273280527730750178e-01 9.796814000000000000e+06
7.405788979529948790e+01 1.270247136514424946e-01 9.816882000000000000e+06
7.414169279296697823e+01 1.267232983984389050e-01 9.850514000000000000e+06
7.422546369344802031e+01 1.264912522871710909e-01 9.856062000000000000e+06
7.430920419509655517e+01 1.260894680189741657e-01 9.886706000000000000e+06
7.439300596308194713e+01 1.257206141791901155e-01 9.916194000000000000e+06
7.447678556559041851e+01 1.255381691257120846e-01 9.924854000000000000e+06
7.456056972198642541e+01 1.251923783490220821e-01 9.961490000000000000e+06
7.464438171105736330e+01 1.247963242770037950e-01 9.979098000000000000e+06
7.472814154131890518e+01 1.245618485033331557e-01 9.990266000000000000e+06
7.481183974796279301e+01 1.242542495813690195e-01 1.001239800000000000e+07
7.489556694343458787e+01 1.238889130174488790e-01 1.003881800000000000e+07
7.497934514550230745e+01 1.236621435369569116e-01 1.007208200000000000e+07
7.506311789232059084e+01 1.232930488650327699e-01 1.008267000000000000e+07
7.514692811902769165e+01 1.230087622265866598e-01 1.012322600000000000e+07
7.523075407192267505e+01 1.226946835044362832e-01 1.013483400000000000e+07
7.531451966247126961e+01 1.223376832866240743e-01 1.015145000000000000e+07
7.539829209775307106e+01 1.220794967222492838e-01 1.018411800000000000e+07
7.548208760826673824e+01 1.216788964696401271e-01 1.019981000000000000e+07
7.556588556111178434e+01 1.214490709343713781e-01 1.023038600000000000e+07
7.564964694677739487e+01 1.210769618377364881e-01 1.023833400000000000e+07
7.573340114101655729e+01 1.207801340278831098e-01 1.027159400000000000e+07
7.581720755260936073e+01 1.204634901205214187e-01 1.029841800000000000e+07
7.590097691415932957e+01 1.201639759871479252e-01 1.030681400000000000e+07
7.598473414840474049e+01 1.199539859859093255e-01 1.034130600000000000e+07
7.606853392840329775e+01 1.196992581764732000e-01 1.036284200000000000e+07
7.615234212784832835e+01 1.194097913201808830e-01 1.038883400000000000e+07
7.623609474757780902e+01 1.189977182720046711e-01 1.039563000000000000e+07
7.631981670052634570e+01 1.187018014338494937e-01 1.042536200000000000e+07
7.640358337833828273e+01 1.184180269237251754e-01 1.045427400000000000e+07
7.648737866504175997e+01 1.181504236281211428e-01 1.047829400000000000e+07
7.657118922665969762e+01 1.178449531309721798e-01 1.050181800000000000e+07
7.665495334176074493e+01 1.175808811571488199e-01 1.051481000000000000e+07
7.673872752945807463e+01 1.173509969151116245e-01 1.054884200000000000e+07
7.682251623133140583e+01 1.170595583460197070e-01 1.056646200000000000e+07
7.690627734628161249e+01 1.168398578041921904e-01 1.058681000000000000e+07
7.699005449515836119e+01 1.165613741708159956e-01 1.061495400000000000e+07
7.707381163172706806e+01 1.163301399842386202e-01 1.063105400000000000e+07
7.715758302708022143e+01 1.159018869364968063e-01 1.066236200000000000e+07
7.724136594782987686e+01 1.157072371654070397e-01 1.068335400000000000e+07
7.732513038906363079e+01 1.154517100093856580e-01 1.069929800000000000e+07
7.740891664711064379e+01 1.151929520498693460e-01 1.073878200000000000e+07
7.749269645330657852e+01 1.147736937559439008e-01 1.074420200000000000e+07
7.757647166278094630e+01 1.145510404847402824e-01 1.078218600000000000e+07
7.766021891602670735e+01 1.142767510810882570e-01 1.078496600000000000e+07
7.774399344085298935e+01 1.139830341469556113e-01 1.083393800000000000e+07
7.782781601101176250e+01 1.137259569338074372e-01 1.084813800000000000e+07
7.791162919578846413e+01 1.133830496260449239e-01 1.087376600000000000e+07
7.799540485219509378e+01 1.130988580844807939e-01 1.088697000000000000e+07
7.807914803163318140e+01 1.129180457499796980e-01 1.091244200000000000e+07
7.816290481905753040e+01 1.125775119693347981e-01 1.093669800000000000e+07
7.824668494094176197e+01 1.123637875562800564e-01 1.096614200000000000e+07
7.833041079278541474e+01 1.122397218424056875e-01 1.096874600000000000e+07
7.841414369597413270e+01 1.118409566682481981e-01 1.101460200000000000e+07
7.849797207299076263e+01 1.117521851846284275e-01 1.104277400000000000e+07
7.858180750484748955e+01 1.113736966700821229e-01 1.106147400000000000e+07
7.866557248062186147e+01 1.111498132752913731e-01 1.107245000000000000e+07
7.874929596355666206e+01 1.109012819050183563e-01 1.109692200000000000e+07
7.883311706336922953e+01 1.107216611704848752e-01 1.114652600000000000e+07
7.891694358971126633e+01 1.104314172531909860e-01 1.114560200000000000e+07
7.900068031277757541e+01 1.101525060523213528e-01 1.116844200000000000e+07
7.908436218738494006e+01 1.099898636858709366e-01 1.118108600000000000e+07
7.916818470584115630e+01 1.096282779890052628e-01 1.125011400000000000e+07
7.925204746494267738e+01 1.094928187832422128e-01 1.124210600000000000e+07
7.933579204504063398e+01 1.091276479422119694e-01 1.126544600000000000e+07
7.941952450138673214e+01 1.089376491406221503e-01 1.128549000000000000e+07
7.950333805121174180e+01 1.087029136227295883e-01 1.133592200000000000e+07
7.958714843508016656e+01 1.085450696505688845e-01 1.133013000000000000e+07
7.967084513754768693e+01 1.081534779044611844e-01 1.135727000000000000e+07
7.975459918129639902e+01 1.079375974286989198e-01 1.138909800000000000e+07
7.983842412182876558e+01 1.076332836891188138e-01 1.142664200000000000e+07
7.992222911930718965e+01 1.074308384883055911e-01 1.143135800000000000e+07
8.000599212589428078e+01 1.072300903361612240e-01 1.146229800000000000e+07
8.008974687846490781e+01 1.069947632248304387e-01 1.147920200000000000e+07
8.017351400530820626e+01 1.067332741313318234e-01 1.150974600000000000e+07
8.025725037950861918e+01 1.064714070791253214e-01 1.152306200000000000e+07
8.034098812717721216e+01 1.063617310519625325e-01 1.155621000000000000e+07
8.042478697546600586e+01 1.059971508287423370e-01 1.158828200000000000e+07
8.050856802239243848e+01 1.057677859307085688e-01 1.159964600000000000e+07
8.059238416169034736e+01 1.055944132357898996e-01 1.164527400000000000e+07
8.067619501003925109e+01 1.052892984133518978e-01 1.164933800000000000e+07
8.075991178803855064e+01 1.051028444322373856e-01 1.166538600000000000e+07
8.084370890131339138e+01 1.048057236592741248e-01 1.171928600000000000e+07
8.092752051805530300e+01 1.046174310866773011e-01 1.172073800000000000e+07
8.101129543325400562e+01 1.044201954832440771e-01 1.175507400000000000e+07
8.109505389589725155e+01 1.042910629458273924e-01 1.176716600000000000e+07
8.117885591153601865e+01 1.040297875809275407e-01 1.181334600000000000e+07
8.126268704922078712e+01 1.038544621980558857e-01 1.182545000000000000e+07
8.134639603648894024e+01 1.035223713045111682e-01 1.182881400000000000e+07
8.143015231506957718e+01 1.032388902005971221e-01 1.188441800000000000e+07
8.151397613354559724e+01 1.030068120525247100e-01 1.190037800000000000e+07
8.159772291543191614e+01 1.028480050641576993e-01 1.190800200000000000e+07
8.168141712941573473e+01 1.025685719000759694e-01 1.193747000000000000e+07
8.176520125845252096e+01 1.023522941412425558e-01 1.198134600000000000e+07
8.184903085960836222e+01 1.021315966606196196e-01 1.199815400000000000e+07
8.193279937551101000e+01 1.019540067168239611e-01 1.201579800000000000e+07
8.201657550601832725e+01 1.017287698772083582e-01 1.204658600000000000e+07
8.210037035575065545e+01 1.014840503275595135e-01 1.207322600000000000e+07
8.218415112950239632e+01 1.011496463421998060e-01 1.208937000000000000e+07
8.226793017110850315e+01 1.010855053530855668e-01 1.212366200000000000e+07
8.235168019795568739e+01 1.008492196153060322e-01 1.212901800000000000e+07
8.243541372022190217e+01 1.006684219626454574e-01 1.216869800000000000e+07
8.251918470186251398e+01 1.004099517105553480e-01 1.219107000000000000e+07
8.260303064827999719e+01 1.002820783850019021e-01 1.223729000000000000e+07
8.268685911029808722e+01 1.000016527157572416e-01 1.223743400000000000e+07
8.277063029603770872e+01 9.983286713400703338e-02 1.226943000000000000e+07
8.285440346682658230e+01 9.967074205623326077e-02 1.228831400000000000e+07
8.293815388297495872e+01 9.938774862090032913e-02 1.231201800000000000e+07
8.302189357408074954e+01 9.921056173416561985e-02 1.233377000000000000e+07
8.310562948947298878e+01 9.896254881840096940e-02 1.236265400000000000e+07
8.318944085122717524e+01 9.873401104465018285e-02 1.240528200000000000e+07
8.327326112930197155e+01 9.864880882092579018e-02 1.241484200000000000e+07
8.335700619223128172e+01 9.842162099166446021e-02 1.243327800000000000e+07
8.344077077200753934e+01 9.827815470812567566e-02 1.246944200000000000e+07
8.352457315314735808e+01 9.801496242410041859e-02 1.249710600000000000e+07
8.360836220932365848e+01 9.780704165898802815e-02 1.251307400000000000e+07
8.369209444132825126e+01 9.765421082928991969e-02 1.253190200000000000e+07
8.377584249260344507e+01 9.742573018589732736e-02 1.256769000000000000e+07
8.385966667689248766e+01 9.722625664724693362e-02 1.260333800000000000e+07
8.394346055007575558e+01 9.697523780407263372e-02 1.261269400000000000e+07
8.402720752589927145e+01 9.676452812913885482e-02 1.263483400000000000e+07
8.411093968200033544e+01 9.665500646385100092e-02 1.266273000000000000e+07
8.419472584613649246e+01 9.643111323129868739e-02 1.269908600000000000e+07
8.427850265596407553e+01 9.631443850890024361e-02 1.271099400000000000e+07
8.436223938424853941e+01 9.604762175393107004e-02 1.273917800000000000e+07
8.444601577921049795e+01 9.586785572485666262e-02 1.276949000000000000e+07
8.452980888818765948e+01 9.573499049886691203e-02 1.279952600000000000e+07
8.461363856796832295e+01 9.562950851312040923e-02 1.282878600000000000e+07
8.469740487481715263e+01 9.542735783025893537e-02 1.283279400000000000e+07
8.478116585803400085e+01 9.525564226679492097e-02 1.287594200000000000e+07
8.486500035405539677e+01 9.503043432849998806e-02 1.290631400000000000e+07
8.494878168161768883e+01 9.486095810137935846e-02 1.291312200000000000e+07
8.503250896829791827e+01 9.470871663769869775e-02 1.293728200000000000e+07
8.511625758727213054e+01 9.452984242957922223e-02 1.297337400000000000e+07
8.520007724156167228e+01 9.427099533108233842e-02 1.300815400000000000e+07
8.528389486690601018e+01 9.418514994749661862e-02 1.302582600000000000e+07
8.536762998882402087e+01 9.395975986473172059e-02 1.303365400000000000e+07
8.545139522308386404e+01 9.384576348861244088e-02 1.308366600000000000e+07
8.553518354504295473e+01 9.363508237603808404e-02 1.309470600000000000e+07
8.561892245915041144e+01 9.354377768972928220e-02 1.311903400000000000e+07
8.570266129864387494e+01 9.328428499903927695e-02 1.314631800000000000e+07
