# k_mean_over_bin [h Mpc^-1] P_bin [h^-3 Mpc^3] N_modes
1.069098562002182007e-01 3.311499131944444343e+03 1.800000000000000000e+01
1.868873286631799469e-01 2.658061491935483900e+03 6.200000000000000000e+01
2.625667106132117956e-01 1.329124760841836633e+03 9.800000000000000000e+01
3.401783364159720047e-01 1.080479761904761972e+03 2.100000000000000000e+02
4.270541385241917176e-01 8.978000892857143072e+02 3.500000000000000000e+02
5.128694796562194291e-01 6.306850694444444798e+02 4.500000000000000000e+02
5.924409936828867185e-01 5.368947778239203217e+02 6.020000000000000000e+02
6.723074058848103052e-01 5.325833743438320198e+02 7.620000000000000000e+02
7.587901033369756076e-01 4.399945271453590294e+02 1.142000000000000000e+03
8.455789937973022807e-01 3.895122750000000451e+02 1.250000000000000000e+03
9.266650832075477018e-01 3.601592935528120734e+02 1.458000000000000000e+03
1.007750486722986061e+00 3.195832759095920892e+02 1.814000000000000000e+03
1.092835779579765187e+00 2.789476297061524406e+02 2.178000000000000000e+03
1.177363493425355623e+00 2.608417483987189485e+02 2.498000000000000000e+03
1.258028109868367439e+00 2.413982646834477634e+02 2.622000000000000000e+03
1.340799985780481762e+00 2.420382901437986902e+02 3.338000000000000000e+03
1.426850895994392410e+00 2.208150020150456783e+02 3.722000000000000000e+03
1.512363640181452196e+00 2.056243705035971345e+02 4.170000000000000000e+03
1.594785005141420520e+00 1.942303378843506323e+02 4.358000000000000000e+03
1.677071391375802634e+00 1.772216676599125833e+02 5.034000000000000000e+03
1.761985852120012019e+00 1.690182009100454934e+02 5.714000000000000000e+03
1.846083149308944682e+00 1.620660523236375639e+02 5.982000000000000000e+03
1.928661810308107905e+00 1.537164116934262381e+02 6.602000000000000000e+03
2.011378788513354721e+00 1.428703453716690035e+02 7.130000000000000000e+03
2.095637345213126945e+00 1.332589930296240937e+02 8.034000000000000000e+03
2.180555682444943688e+00 1.269481611666279406e+02 8.606000000000000000e+03
2.264340079280416695e+00 1.217601340172071360e+02 9.066000000000000000e+03
2.348016596635023046e+00 1.106929958843605704e+02 9.962000000000000000e+03
2.431996450378996588e+00 1.040249881516587607e+02 1.055000000000000000e+04
2.515341055577990037e+00 1.013346027079992950e+02 1.122600000000000000e+04
2.598773634337562477e+00 9.531823233986497712e+01 1.214600000000000000e+04
2.681898648145367936e+00 8.957986276376328760e+01 1.260600000000000000e+04
2.765270270742967273e+00 8.514655484712361044e+01 1.380200000000000000e+04
2.849850549273848177e+00 8.030639148705435559e+01 1.475400000000000000e+04
2.933772602096362814e+00 7.399210214558377174e+01 1.519400000000000000e+04
3.017238571937396863e+00 7.011374133949192355e+01 1.645400000000000000e+04
3.101311446153521167e+00 6.722457590066456135e+01 1.715400000000000000e+04
3.185186127771569620e+00 6.306484725719916895e+01 1.826600000000000000e+04
3.268289640579223665e+00 6.004655333333333544e+01 1.875000000000000000e+04
3.351647653821971939e+00 5.683735914796876187e+01 2.023400000000000000e+04
3.436091635888550933e+00 5.437524475524475776e+01 2.145000000000000000e+04
3.520270164715723737e+00 5.159288202349512886e+01 2.196200000000000000e+04
3.603861699983517131e+00 4.890187856960191226e+01 2.346200000000000000e+04
3.687484631848983785e+00 4.638422864154396308e+01 2.404200000000000000e+04
3.771595807797023081e+00 4.423213597471671932e+01 2.594600000000000000e+04
3.855312778624945036e+00 4.251161076652117998e+01 2.611800000000000000e+04
3.938028489980820446e+00 4.001292445284664723e+01 2.750600000000000000e+04
4.021431229262672602e+00 3.836585271451180290e+01 2.906600000000000000e+04
4.105840535469242880e+00 3.682293513957306885e+01 3.045000000000000000e+04
4.190344274490949594e+00 3.522712809526809963e+01 3.174200000000000000e+04
4.273947841407716552e+00 3.318826744186046795e+01 3.225000000000000000e+04
4.357501141039994863e+00 3.155852919708029347e+01 3.425000000000000000e+04
4.441647726798034768e+00 3.014210667343600036e+01 3.545400000000000000e+04
4.525392386682563384e+00 2.883533238184113756e+01 3.643400000000000000e+04
4.608518994187962292e+00 2.771499489146011541e+01 3.768200000000000000e+04
4.691740936533260964e+00 2.675163829083320621e+01 3.929400000000000000e+04
4.776039696485631758e+00 2.519881384879061770e+01 4.142600000000000000e+04
4.860154075107475435e+00 2.399241667855275040e+01 4.206600000000000000e+04
4.943517632022839337e+00 2.312706944125086395e+01 4.349000000000000000e+04
5.027384530459288570e+00 2.209923116056190295e+01 4.570200000000000000e+04
5.111447786463775955e+00 2.127568002959214510e+01 4.663400000000000000e+04
5.195348148080394246e+00 2.036366854430119133e+01 4.855400000000000000e+04
5.278356455371061351e+00 1.965883722119910004e+01 4.887000000000000000e+04
5.361498073485091886e+00 1.893477348993288345e+01 5.155400000000000000e+04
5.446046272834274227e+00 1.831844957478276825e+01 5.409000000000000000e+04
5.530257908730890293e+00 1.757151931362079722e+01 5.431400000000000000e+04
5.614055059161845662e+00 1.706340274117026823e+01 5.691000000000000000e+04
5.697714042773073473e+00 1.617527443373577967e+01 5.748200000000000000e+04
5.781614499480172142e+00 1.569263496684590642e+01 6.062600000000000000e+04
5.865571877077833562e+00 1.508615883246740630e+01 6.120600000000000000e+04
5.948642156572602424e+00 1.446181976186671037e+01 6.257000000000000000e+04
6.032247489927458517e+00 1.397250494446980085e+01 6.573000000000000000e+04
6.116202600951229584e+00 1.348767732357616289e+01 6.668600000000000000e+04
6.200338025377547524e+00 1.293976064592958153e+01 6.969800000000000000e+04
6.284184068428623426e+00 1.253611158712478257e+01 7.002600000000000000e+04
6.367735143012361654e+00 1.203130584499491462e+01 7.274600000000000000e+04
6.451745636939620887e+00 1.164737351488452788e+01 7.491000000000000000e+04
6.535332270543387168e+00 1.137367855444916920e+01 7.572200000000000000e+04
6.618657564866837539e+00 1.092181718722090444e+01 7.837800000000000000e+04
6.702212180433519961e+00 1.057193864800699679e+01 8.003000000000000000e+04
6.786191243068122603e+00 1.021657415310268568e+01 8.318600000000000000e+04
6.870329797049675058e+00 9.791526409656768237e+00 8.466600000000000000e+04
6.954215636343825224e+00 9.600656731680262013e+00 8.654600000000000000e+04
7.037715222552200167e+00 9.268538532235005789e+00 8.813400000000000000e+04
7.121547123652851141e+00 8.998401620092201014e+00 9.153800000000000000e+04
7.205739076030694967e+00 8.757394940840471875e+00 9.313800000000000000e+04
7.289302542181411937e+00 8.419743220643960413e+00 9.447800000000000000e+04
7.372793876715714845e+00 8.160303626868433469e+00 9.727400000000000000e+04
7.456586915572077423e+00 7.982967825258301175e+00 9.969000000000000000e+04
7.540727827248953297e+00 7.651171532313091106e+00 1.025900000000000000e+05
7.624726881617420737e+00 7.432404596704250466e+00 1.037700000000000000e+05
7.708301923350904694e+00 7.222651768754818846e+00 1.063460000000000000e+05
7.792073165032958215e+00 7.062992878595249380e+00 1.085460000000000000e+05
7.875590320672460898e+00 6.823484886115275039e+00 1.107260000000000000e+05
7.958880214324710600e+00 6.696212117839782429e+00 1.123220000000000000e+05
8.042278060613545776e+00 6.500123500733454129e+00 1.158900000000000000e+05
8.126250835430456121e+00 6.322776510112321446e+00 1.187660000000000000e+05
8.210824555759154819e+00 6.148707971512207493e+00 1.222980000000000000e+05
8.294696919280857728e+00 5.953597755753952114e+00 1.220900000000000000e+05
8.378214005853156010e+00 5.853105873936889303e+00 1.258100000000000000e+05
8.461948826759577713e+00 5.747610968094234885e+00 1.281900000000000000e+05
8.545861947710649886e+00 5.577181015924393748e+00 1.309940000000000000e+05
8.629829098874107984e+00 5.447004326139303743e+00 1.337220000000000000e+05
8.713023247557901030e+00 5.315563707183723174e+00 1.338860000000000000e+05
8.796849353993154708e+00 5.174510630576783399e+00 1.405380000000000000e+05
8.881002087707511095e+00 5.039840338136762909e+00 1.405940000000000000e+05
8.964535889088320886e+00 4.910966857946711173e+00 1.435940000000000000e+05
9.048105822788635066e+00 4.784101394299773879e+00 1.463100000000000000e+05
9.132180668400087242e+00 4.695327331563225570e+00 1.506500000000000000e+05
9.216334598660838040e+00 4.573519392551048668e+00 1.519140000000000000e+05
9.299613914737928866e+00 4.466481391543566382e+00 1.533980000000000000e+05
9.383076732388492047e+00 4.358021201525344779e+00 1.578660000000000000e+05
9.466957230393353129e+00 4.266204452937295777e+00 1.606580000000000000e+05
9.551001051316637458e+00 4.156295703282104625e+00 1.641020000000000000e+05
9.634679246639796801e+00 4.070121110464623548e+00 1.649940000000000000e+05
9.718288892173823967e+00 3.999856858993229292e+00 1.698500000000000000e+05
9.802505942011645601e+00 3.894274681188072851e+00 1.729860000000000000e+05
9.886246832731625744e+00 3.827919235281263433e+00 1.738940000000000000e+05
9.969472609254763640e+00 3.726444325651381728e+00 1.767780000000000000e+05
1.005318027396082492e+01 3.667424932068954480e+00 1.818020000000000000e+05
1.013721967986819017e+01 3.578498278479640415e+00 1.844300000000000000e+05
1.022118987310401472e+01 3.516102490360068611e+00 1.872420000000000000e+05
1.030498422096843925e+01 3.440716162943495693e+00 1.902500000000000000e+05
1.038865882078979830e+01 3.408378122241262798e+00 1.925700000000000000e+05
1.047268788226501535e+01 3.306495707526708294e+00 1.982540000000000000e+05
1.055654632950225924e+01 3.247807953088239774e+00 1.980740000000000000e+05
1.063992052078719119e+01 3.196447970799307203e+00 2.020500000000000000e+05
1.072342911256288822e+01 3.141731284853675366e+00 2.055020000000000000e+05
1.080749260328197536e+01 3.073255176440431669e+00 2.106660000000000000e+05
1.089152249843396980e+01 3.012018302844284623e+00 2.124260000000000000e+05
1.097500894994265508e+01 2.967551818921268847e+00 2.139180000000000000e+05
1.105881433055313678e+01 2.911257206077992876e+00 2.209940000000000000e+05
1.114281828276192599e+01 2.860511314903260160e+00 2.215220000000000000e+05
1.122659733788113812e+01 2.811439526498581642e+00 2.263140000000000000e+05
1.131012447514301122e+01 2.766495980976180213e+00 2.272940000000000000e+05
1.139373484930237801e+01 2.711895877868493621e+00 2.329620000000000000e+05
1.147791394067837878e+01 2.673622002960247102e+00 2.378180000000000000e+05
1.156185784742859646e+01 2.627323844998699531e+00 2.383980000000000000e+05
1.164526414313828084e+01 2.590194962678839641e+00 2.414180000000000000e+05
1.172886164218967586e+01 2.542475376593278824e+00 2.468180000000000000e+05
1.181275347875375203e+01 2.512400412555120699e+00 2.499060000000000000e+05
1.189671322085345473e+01 2.463763290040910547e+00 2.547020000000000000e+05
1.198029048934881402e+01 2.434887419522203444e+00 2.544180000000000000e+05
1.206365990653934261e+01 2.399422997150034487e+00 2.603540000000000000e+05
1.214748108474901933e+01 2.357732032199385763e+00 2.649740000000000000e+05
1.223153606026712836e+01 2.325922328651915283e+00 2.687220000000000000e+05
1.231542001965392252e+01 2.280983716425715180e+00 2.715620000000000000e+05
1.239926409716702871e+01 2.254462309406138232e+00 2.755860000000000000e+05
1.248326015051037707e+01 2.229821951175987582e+00 2.801900000000000000e+05
1.256718685455069817e+01 2.186722158580651332e+00 2.828340000000000000e+05
1.265082197174950807e+01 2.153519611109163012e+00 2.851700000000000000e+05
1.273428587268279699e+01 2.121596075698722661e+00 2.898860000000000000e+05
1.281807023226541631e+01 2.102966645612176499e+00 2.944740000000000000e+05
1.290206485023277239e+01 2.058805901875805588e+00 2.994980000000000000e+05
1.298575992919460198e+01 2.049709667686809400e+00 2.999580000000000000e+05
1.306931912405511120e+01 2.019204173178402950e+00 3.058580000000000000e+05
1.315318219685355494e+01 1.983385095915622509e+00 3.107940000000000000e+05
1.323705861814894469e+01 1.959581675088315489e+00 3.130820000000000000e+05
1.332048160359036615e+01 1.927798682786682871e+00 3.160460000000000000e+05
1.340413568306796854e+01 1.909568211583462016e+00 3.222180000000000000e+05
1.348834415031892497e+01 1.885813978792434842e+00 3.285620000000000000e+05
1.357223692582022068e+01 1.860691827494740824e+00 3.279900000000000000e+05
1.365596921899284055e+01 1.844888780191003441e+00 3.352820000000000000e+05
1.373963436307014874e+01 1.823290583980712531e+00 3.359700000000000000e+05
1.382343705429599900e+01 1.802582208064731795e+00 3.440660000000000000e+05
1.390711149863252771e+01 1.775158160177820132e+00 3.437180000000000000e+05
1.399068915956085490e+01 1.757128418938372461e+00 3.514980000000000000e+05
1.407457417107653974e+01 1.744440455568783799e+00 3.544580000000000000e+05
1.415828609121325066e+01 1.719019999107556318e+00 3.585660000000000000e+05
1.424237336220074646e+01 1.706785067545790735e+00 3.661220000000000000e+05
1.432626910408441034e+01 1.683814001804215144e+00 3.658100000000000000e+05
1.440982740289316943e+01 1.660142564218480166e+00 3.716220000000000000e+05
1.449360652203593958e+01 1.641755278122057682e+00 3.759860000000000000e+05
1.457752620462352233e+01 1.628186409189627648e+00 3.821700000000000000e+05
1.466117163160900994e+01 1.602297593355996641e+00 3.818180000000000000e+05
1.474463287575832560e+01 1.593346033102825077e+00 3.895740000000000000e+05
1.482845711868307248e+01 1.578026971180955806e+00 3.936980000000000000e+05
1.491237841070789649e+01 1.564721447561445711e+00 3.994580000000000000e+05
1.499620866496918481e+01 1.540292891736404268e+00 4.022220000000000000e+05
1.507994836138688477e+01 1.530944505335174899e+00 4.069220000000000000e+05
1.516379282408116147e+01 1.513687893915832250e+00 4.128420000000000000e+05
1.524761722512787188e+01 1.496550767312072372e+00 4.153460000000000000e+05
1.533130230248727521e+01 1.486128621356088253e+00 4.211820000000000000e+05
1.541507266911158069e+01 1.468853377974579821e+00 4.250180000000000000e+05
1.549892481762436880e+01 1.456461736149446295e+00 4.311380000000000000e+05
1.558273938268929548e+01 1.441014187972798011e+00 4.343820000000000000e+05
1.566651671176344962e+01 1.429168922946709275e+00 4.395140000000000000e+05
1.575031981484862342e+01 1.415922408249351339e+00 4.447380000000000000e+05
1.583416892086091110e+01 1.393477673698514163e+00 4.489100000000000000e+05
1.591764294735933305e+01 1.395966206409863908e+00 4.506180000000000000e+05
1.600124935595454900e+01 1.382171627273399928e+00 4.595540000000000000e+05
1.608512904487886530e+01 1.369168856590067929e+00 4.631060000000000000e+05
1.616876949556501231e+01 1.355690048469901043e+00 4.670940000000000000e+05
1.625266743338817932e+01 1.344781713613145246e+00 4.749380000000000000e+05
1.633654374567825940e+01 1.336252661436001965e+00 4.771860000000000000e+05
1.642042984321098942e+01 1.319867126085790376e+00 4.846700000000000000e+05
1.650430813215196935e+01 1.309587713804644782e+00 4.870100000000000000e+05
1.658806163982228910e+01 1.305378394896556715e+00 4.933140000000000000e+05
1.667181213785922367e+01 1.290809318345751189e+00 4.963220000000000000e+05
1.675536991154071842e+01 1.276854836137786942e+00 5.017020000000000000e+05
1.683913447508381012e+01 1.265523181047738532e+00 5.085620000000000000e+05
1.692311298020776178e+01 1.257109250119593513e+00 5.142420000000000000e+05
1.700686144905196429e+01 1.244882380976367608e+00 5.161580000000000000e+05
1.709049155420597543e+01 1.236567813556013862e+00 5.226020000000000000e+05
1.717439277224682215e+01 1.229666400016583117e+00 5.306580000000000000e+05
1.725814853026401252e+01 1.223028788284701962e+00 5.300420000000000000e+05
1.734170556893915816e+01 1.215307198475350736e+00 5.388780000000000000e+05
1.742552850034927303e+01 1.200007925495745420e+00 5.441300000000000000e+05
1.750952480457216609e+01 1.193020489706154486e+00 5.511060000000000000e+05
1.759341560480224942e+01 1.181383375272120784e+00 5.539820000000000000e+05
1.767712435729064779e+01 1.178382650355938921e+00 5.582420000000000000e+05
1.776076343117287593e+01 1.164652105408593652e+00 5.645460000000000000e+05
1.784454054631641640e+01 1.158356288584980742e+00 5.704940000000000000e+05
1.792845105353852375e+01 1.156675327084655480e+00 5.767620000000000000e+05
1.801209972036178186e+01 1.147864770144958690e+00 5.782340000000000000e+05
1.809567309344786068e+01 1.136105305754474326e+00 5.856660000000000000e+05
1.817956183464563225e+01 1.126571315981603094e+00 5.944460000000000000e+05
1.826340905502171807e+01 1.116764489710205810e+00 5.952500000000000000e+05
1.834709571355303481e+01 1.110320938611406572e+00 6.034020000000000000e+05
1.843085110943905747e+01 1.104898873361410017e+00 6.073820000000000000e+05
1.851480068412604396e+01 1.099380074877230440e+00 6.170100000000000000e+05
1.859860661971084639e+01 1.085622176861042343e+00 6.167780000000000000e+05
1.868221647938244701e+01 1.083042448451050577e+00 6.247460000000000000e+05
1.876579237995989402e+01 1.078683314704599105e+00 6.280620000000000000e+05
1.884963901988879087e+01 1.072793180431960591e+00 6.394100000000000000e+05
1.893369965745856476e+01 1.064926689934272197e+00 6.429540000000000000e+05
1.901742857401997711e+01 1.057762967240167606e+00 6.459740000000000000e+05
1.910112637027143379e+01 1.053839194172825788e+00 6.534900000000000000e+05
1.918502635068278295e+01 1.044502539553777254e+00 6.607460000000000000e+05
1.926890203037728355e+01 1.043760983290353161e+00 6.646460000000000000e+05
1.935246098868276476e+01 1.036242394611038620e+00 6.672900000000000000e+05
1.943618849045804353e+01 1.030783068299967242e+00 6.790340000000000000e+05
1.952018257718143701e+01 1.024055179121223569e+00 6.827220000000000000e+05
1.960415156883808763e+01 1.016299378795725961e+00 6.912380000000000000e+05
1.968780213967107429e+01 1.018348951934499258e+00 6.886020000000000000e+05
1.977130146006852840e+01 1.010816968120475057e+00 7.008260000000000000e+05
1.985512331528093455e+01 1.004537317440927779e+00 7.056620000000000000e+05
1.993880107431200344e+01 9.972325379322387606e-01 7.100820000000000000e+05
2.002251725518269510e+01 9.896966017392465620e-01 7.191620000000000000e+05
2.010630955513293472e+01 9.880771893388715643e-01 7.222500000000000000e+05
2.019007442223688642e+01 9.810034210058645732e-01 7.315100000000000000e+05
2.027398194508671025e+01 9.806992607700267817e-01 7.364420000000000000e+05
2.035771674979394064e+01 9.758841635420800742e-01 7.408980000000000000e+05
2.044152563466510131e+01 9.696024870760558967e-01 7.501580000000000000e+05
2.052547738253136345e+01 9.633218842814487148e-01 7.548660000000000000e+05
2.060926466304059446e+01 9.627843619960411159e-01 7.608260000000000000e+05
2.069293271646331434e+01 9.576264767012987456e-01 7.640340000000000000e+05
2.077660952767816127e+01 9.468807424216187929e-01 7.738460000000000000e+05
2.086046447585410846e+01 9.469362323877729137e-01 7.797140000000000000e+05
2.094422637132597842e+01 9.448306896217586459e-01 7.843140000000000000e+05
2.102790782981232454e+01 9.371587284637994397e-01 7.913420000000000000e+05
2.111175111095767676e+01 9.359093129345131823e-01 7.994580000000000000e+05
2.119561700550019268e+01 9.319584340627258268e-01 8.049620000000000000e+05
2.127937100711389107e+01 9.266062936199122024e-01 8.095500000000000000e+05
2.136289745326768141e+01 9.210610750647236777e-01 8.134580000000000000e+05
2.144667254153534230e+01 9.159800042784522756e-01 8.274020000000000000e+05
2.153058491561258947e+01 9.141271973333913170e-01 8.286180000000000000e+05
2.161430784742540467e+01 9.071436060641544508e-01 8.369180000000000000e+05
2.169809863348851309e+01 9.057693528332821931e-01 8.428740000000000000e+05
2.178186593096226176e+01 9.022163437877499526e-01 8.493380000000000000e+05
2.186575916632278904e+01 8.991205896323616331e-01 8.589420000000000000e+05
2.194962160390628370e+01 8.973821050015214906e-01 8.609780000000000000e+05
2.203325540183720221e+01 8.932170327265860355e-01 8.683460000000000000e+05
2.211696572085686086e+01 8.889019818226278069e-01 8.751540000000000000e+05
2.220087575467714558e+01 8.860137054932555323e-01 8.862140000000000000e+05
2.228474039622523151e+01 8.801139155414009485e-01 8.873460000000000000e+05
2.236841599443145512e+01 8.789912635504911753e-01 8.949860000000000000e+05
2.245213244290275867e+01 8.758200418930983666e-01 9.027740000000000000e+05
2.253605783126969087e+01 8.719191076992569567e-01 9.121140000000000000e+05
2.261989945260146939e+01 8.703619487315115144e-01 9.150260000000000000e+05
2.270351065815671987e+01 8.638277434352523709e-01 9.201420000000000000e+05
2.278715712891601086e+01 8.615359360782651743e-01 9.297620000000000000e+05
2.287097660119039588e+01 8.593282432083676481e-01 9.376980000000000000e+05
2.295488193825153900e+01 8.516371054297272591e-01 9.447620000000000000e+05
2.303860513651060771e+01 8.524360297979233225e-01 9.482540000000000000e+05
2.312228456490283079e+01 8.452723891672467849e-01 9.568020000000000000e+05
2.320617376108143404e+01 8.419225206632922065e-01 9.676580000000000000e+05
2.329003398959252280e+01 8.385026405019274653e-01 9.697020000000000000e+05
2.337357918923447286e+01 8.346201967990638515e-01 9.740900000000000000e+05
2.345731333473774072e+01 8.325353294243093005e-01 9.884820000000000000e+05
2.354122291040432913e+01 8.260293787059195258e-01 9.919940000000000000e+05
2.362504362153938686e+01 8.247081131434621515e-01 1.001030000000000000e+06
2.370885390606303034e+01 8.196856507036650585e-01 1.005450000000000000e+06
2.379260300406784268e+01 8.167258206755590999e-01 1.013738000000000000e+06
2.387641751745553265e+01 8.132878948038093636e-01 1.021710000000000000e+06
2.396006282941129939e+01 8.119380271700797902e-01 1.023626000000000000e+06
2.404369051684131620e+01 8.079612056565047551e-01 1.035834000000000000e+06
2.412744269068185687e+01 8.039701485223667010e-01 1.040786000000000000e+06
2.421130644647855945e+01 8.026752957161277235e-01 1.053206000000000000e+06
2.429521423930532364e+01 8.009870132696059741e-01 1.057002000000000000e+06
2.437900295394788586e+01 7.955103543760774221e-01 1.063898000000000000e+06
2.446281551060106096e+01 7.944373251042615713e-01 1.072782000000000000e+06
2.454665128932692042e+01 7.883254574880472765e-01 1.078826000000000000e+06
2.463047583042725108e+01 7.887130809929389086e-01 1.087922000000000000e+06
2.471419350517742686e+01 7.836063861882779369e-01 1.090494000000000000e+06
2.479788213311304546e+01 7.798663155256854163e-01 1.101362000000000000e+06
2.488170399280058120e+01 7.780449237791966510e-01 1.109802000000000000e+06
2.496549234096980996e+01 7.770350462174544504e-01 1.114514000000000000e+06
2.504920529070785662e+01 7.714540370095540611e-01 1.123926000000000000e+06
2.513283561750531092e+01 7.692253167446131412e-01 1.125986000000000000e+06
2.521660985351493878e+01 7.655302023341268303e-01 1.143554000000000000e+06
2.530049629989554560e+01 7.635358518751473866e-01 1.144710000000000000e+06
2.538425618126688121e+01 7.625910622711257192e-01 1.154018000000000000e+06
2.546797440294039205e+01 7.603840686160409090e-01 1.159962000000000000e+06
2.555179861838427158e+01 7.567045528298375068e-01 1.170986000000000000e+06
2.563566658602011472e+01 7.546644950269152385e-01 1.178142000000000000e+06
2.571944162889506558e+01 7.503749976747607908e-01 1.182674000000000000e+06
2.580313159635703002e+01 7.489142020752274087e-01 1.191002000000000000e+06
2.588687613828602707e+01 7.465797379789710364e-01 1.200438000000000000e+06
2.597069393377533686e+01 7.437038658722919804e-01 1.208162000000000000e+06
2.605447744567819512e+01 7.414466722292715195e-01 1.215258000000000000e+06
2.613827688123685178e+01 7.379708328499985370e-01 1.224134000000000000e+06
2.622200470479734236e+01 7.387081862292691481e-01 1.228722000000000000e+06
2.630582755185602295e+01 7.368537003460552404e-01 1.243154000000000000e+06
2.638970858356262283e+01 7.331344936785088029e-01 1.245434000000000000e+06
2.647343379461910828e+01 7.298237552563103803e-01 1.255158000000000000e+06
2.655698323404419270e+01 7.308459633166349834e-01 1.255610000000000000e+06
2.664075448719018269e+01 7.270075738007235611e-01 1.277562000000000000e+06
2.672459370270217605e+01 7.225268339016991392e-01 1.274414000000000000e+06
2.680821969028329121e+01 7.203287398697039157e-01 1.285994000000000000e+06
2.689209946423879671e+01 7.167942569465284297e-01 1.299570000000000000e+06
2.697602178831967024e+01 7.158417183643314141e-01 1.302122000000000000e+06
2.705977865386645576e+01 7.131170378826353629e-01 1.311366000000000000e+06
2.714355248759463990e+01 7.114871879325583848e-01 1.319186000000000000e+06
2.722733730378022088e+01 7.083736366553817776e-01 1.327434000000000000e+06
2.731116895158762858e+01 7.072221029930590985e-01 1.337294000000000000e+06
2.739498429831479243e+01 7.031618884660356672e-01 1.342730000000000000e+06
2.747866246467847517e+01 7.019618568456281738e-01 1.350570000000000000e+06
2.756247713716112102e+01 6.995313612311847562e-01 1.362590000000000000e+06
2.764637309262924347e+01 6.986688854039356800e-01 1.369698000000000000e+06
2.773011676788824076e+01 6.984770956583467028e-01 1.374914000000000000e+06
2.781378841117401635e+01 6.946769950201291399e-01 1.383570000000000000e+06
2.789756233514980366e+01 6.926710150826946855e-01 1.395374000000000000e+06
2.798127264310749140e+01 6.919881635139448761e-01 1.396994000000000000e+06
2.806492735479844569e+01 6.905188430284868728e-01 1.411530000000000000e+06
2.814870501995718399e+01 6.894997192386429496e-01 1.417574000000000000e+06
2.823250072151722634e+01 6.882771634073656664e-01 1.428834000000000000e+06
2.831642230479694078e+01 6.859595832018779982e-01 1.439018000000000000e+06
2.840020568256145594e+01 6.828959382882464624e-01 1.440698000000000000e+06
2.848389723352962832e+01 6.824161173552150128e-01 1.453638000000000000e+06
2.856776118840668488e+01 6.808518162175607458e-01 1.463426000000000000e+06
2.865164487276349092e+01 6.777313823459434339e-01 1.471050000000000000e+06
2.873539587332590628e+01 6.750240241684150044e-01 1.476638000000000000e+06
2.881905008825031800e+01 6.754320240409682485e-01 1.484466000000000000e+06
2.890289664371697143e+01 6.725490023008965368e-01 1.501154000000000000e+06
2.898675580129650342e+01 6.721862917908032475e-01 1.501706000000000000e+06
2.907041460256035492e+01 6.697172332553976704e-01 1.511502000000000000e+06
2.915408724384591466e+01 6.683508920337263293e-01 1.520234000000000000e+06
2.923796118499564756e+01 6.669702884671760978e-01 1.535010000000000000e+06
2.932194064990682492e+01 6.635495458603901664e-01 1.543358000000000000e+06
2.940549906112970646e+01 6.627960923429142559e-01 1.535754000000000000e+06
2.948914750766615711e+01 6.629728154105120064e-01 1.564802000000000000e+06
2.957304632895900909e+01 6.603026445934135902e-01 1.563038000000000000e+06
2.965685575102008897e+01 6.596783362032809794e-01 1.578426000000000000e+06
2.974065413706701122e+01 6.573356905105464110e-01 1.581482000000000000e+06
2.982438205801049946e+01 6.564565865913015719e-01 1.592250000000000000e+06
2.990814460532068964e+01 6.554443650412238309e-01 1.602230000000000000e+06
2.999179251106756894e+01 6.532323645867217365e-01 1.604754000000000000e+06
3.007552247876005680e+01 6.507626775684988152e-01 1.623458000000000000e+06
3.015929941875942433e+01 6.492885759826698688e-01 1.624910000000000000e+06
3.024317721584131036e+01 6.483282090933073505e-01 1.645122000000000000e+06
3.032708971867213421e+01 6.484122835277456032e-01 1.645130000000000000e+06
3.041082982908923071e+01 6.460576334204261029e-01 1.655706000000000000e+06
3.049455716572687791e+01 6.439663132355716302e-01 1.663502000000000000e+06
3.057833308131591821e+01 6.425567020030867882e-01 1.675514000000000000e+06
3.066218986543191249e+01 6.418886303787222358e-01 1.685298000000000000e+06
3.074593397648938620e+01 6.387860847105114592e-01 1.689566000000000000e+06
3.082954797258716084e+01 6.368969579173661133e-01 1.697850000000000000e+06
3.091340325875023964e+01 6.367426301070788774e-01 1.718546000000000000e+06
3.099734455937852928e+01 6.346234523107623371e-01 1.719822000000000000e+06
3.108104207852860768e+01 6.345751094935323522e-01 1.726586000000000000e+06
3.116474014416233373e+01 6.325849420361019382e-01 1.739186000000000000e+06
3.124860489872393998e+01 6.306537454511407237e-01 1.751538000000000000e+06
3.133245636763500741e+01 6.288702417775937636e-01 1.758062000000000000e+06
3.141614161165799857e+01 6.278873205483803677e-01 1.763010000000000000e+06
3.149986839977743003e+01 6.255411431867682337e-01 1.778642000000000000e+06
3.158374570955720984e+01 6.239639138714355715e-01 1.788582000000000000e+06
3.166757683418391167e+01 6.228262244351010501e-01 1.794746000000000000e+06
3.175127240769322867e+01 6.204458240216493836e-01 1.803290000000000000e+06
3.183493764524526881e+01 6.194766401738652783e-01 1.811058000000000000e+06
3.191872407543332102e+01 6.190854034056787469e-01 1.828358000000000000e+06
3.200254087267285996e+01 6.166899280426262342e-01 1.831362000000000000e+06
3.208624592223405614e+01 6.171260756011806015e-01 1.842458000000000000e+06
3.216985052130985423e+01 6.127804415597635224e-01 1.846998000000000000e+06
3.225366188098975329e+01 6.112135804939431427e-01 1.869122000000000000e+06
3.233765423849688858e+01 6.112376128922917262e-01 1.876346000000000000e+06
3.242147174202217030e+01 6.098073110700364952e-01 1.879506000000000000e+06
3.250521371984105912e+01 6.089043830803569923e-01 1.893326000000000000e+06
3.258903144144911579e+01 6.073559699993585914e-01 1.901826000000000000e+06
3.267283898388830465e+01 6.056714254781213613e-01 1.911962000000000000e+06
3.275656552374432806e+01 6.039105266887523360e-01 1.919198000000000000e+06
3.284028902738920408e+01 6.014660337926540645e-01 1.930242000000000000e+06
3.292407917074154255e+01 6.020399193386469783e-01 1.942442000000000000e+06
3.300791323306159342e+01 6.002660967119495261e-01 1.951734000000000000e+06
3.309159618627632682e+01 5.987015713392949134e-01 1.955402000000000000e+06
3.317527517714455598e+01 5.979041087137106913e-01 1.971858000000000000e+06
3.325918504985392588e+01 5.974536223020024961e-01 1.984898000000000000e+06
3.334295829269785116e+01 5.952603474991718935e-01 1.986422000000000000e+06
3.342654743321071464e+01 5.932812529744818653e-01 1.996146000000000000e+06
3.351037348386732617e+01 5.912184337362538233e-01 2.017106000000000000e+06
3.359427416767851327e+01 5.907218413194248452e-01 2.020638000000000000e+06
3.367803206329031696e+01 5.905082844423769073e-01 2.029346000000000000e+06
3.376176481803330631e+01 5.883456385638035080e-01 2.041002000000000000e+06
3.384556032464315223e+01 5.864460503546272685e-01 2.051450000000000000e+06
3.392943868849130240e+01 5.866060010087681409e-01 2.065886000000000000e+06
3.401316080773777628e+01 5.854349455037571870e-01 2.064546000000000000e+06
3.409683573410565316e+01 5.840110556262454455e-01 2.082650000000000000e+06
3.418067827362567357e+01 5.833151964841239989e-01 2.095182000000000000e+06
3.426452751608461256e+01 5.820747154442914573e-01 2.101346000000000000e+06
3.434833020365326917e+01 5.803686646618332334e-01 2.115554000000000000e+06
3.443203131234047021e+01 5.812335689106064018e-01 2.115654000000000000e+06
3.451583839758579586e+01 5.801266752169246255e-01 2.141066000000000000e+06
3.459967652753523026e+01 5.783909582547039907e-01 2.139786000000000000e+06
3.468336683654744235e+01 5.772510549660301304e-01 2.152202000000000000e+06
3.476703668806430159e+01 5.749746886519092604e-01 2.161086000000000000e+06
3.485079146608372014e+01 5.744575742006876595e-01 2.176058000000000000e+06
3.493469100827560681e+01 5.735209405801851013e-01 2.190818000000000000e+06
3.501848357077192020e+01 5.722801025758982307e-01 2.191158000000000000e+06
3.510217193148474024e+01 5.708859940126440602e-01 2.205314000000000000e+06
3.518590057710364505e+01 5.687721897096618129e-01 2.215554000000000000e+06
3.526972014037630743e+01 5.679561361665804720e-01 2.230562000000000000e+06
3.535358284387880445e+01 5.675021454589942449e-01 2.239614000000000000e+06
3.543734307525335225e+01 5.663943209841360016e-01 2.245706000000000000e+06
3.552108425060000485e+01 5.648904996915484755e-01 2.259674000000000000e+06
3.560491837937646409e+01 5.628297093894371050e-01 2.273214000000000000e+06
3.568872977378013189e+01 5.617114826123550397e-01 2.278802000000000000e+06
3.577252700310645395e+01 5.607573274851200829e-01 2.294034000000000000e+06
3.585622778804119548e+01 5.605447762949999913e-01 2.294942000000000000e+06
3.593995280395726155e+01 5.583956971148658077e-01 2.317050000000000000e+06
3.602378346491772731e+01 5.578781294638206489e-01 2.322842000000000000e+06
3.610749772879712793e+01 5.556440143126208930e-01 2.330810000000000000e+06
3.619121792114155056e+01 5.553885129230787809e-01 2.345958000000000000e+06
3.627496114560943852e+01 5.545000267676643002e-01 2.353586000000000000e+06
3.635885816718877095e+01 5.534181532776984991e-01 2.376210000000000000e+06
3.644273399201994579e+01 5.512803316232203210e-01 2.374502000000000000e+06
3.652641753937271574e+01 5.504940398416658942e-01 2.386346000000000000e+06
3.661016018378540338e+01 5.489383624965331610e-01 2.401314000000000000e+06
3.669398698114004986e+01 5.467513840220614707e-01 2.411450000000000000e+06
3.677774390003110483e+01 5.460064431296830501e-01 2.420718000000000000e+06
3.686138559999712072e+01 5.442459334293584527e-01 2.425754000000000000e+06
3.694523724263420661e+01 5.440317825138134555e-01 2.455218000000000000e+06
3.702912081782671549e+01 5.436364365211416860e-01 2.450942000000000000e+06
3.711286087326819683e+01 5.415691511999772834e-01 2.467130000000000000e+06
3.719659292182770827e+01 5.403709946445758305e-01 2.474874000000000000e+06
3.728037747863233164e+01 5.385119211584500354e-01 2.490362000000000000e+06
3.736414992689033454e+01 5.384586824928286886e-01 2.498142000000000000e+06
3.744783811672414231e+01 5.374377764659425960e-01 2.507090000000000000e+06
3.753161107189383472e+01 5.371368333068045064e-01 2.525562000000000000e+06
3.761546139696773849e+01 5.361371406613574253e-01 2.534726000000000000e+06
3.769935328613158276e+01 5.354175800990310652e-01 2.549906000000000000e+06
3.778311939700706290e+01 5.343013373975039615e-01 2.551074000000000000e+06
3.786687081706659797e+01 5.327864237083878018e-01 2.570702000000000000e+06
3.795064468465042040e+01 5.322317141567642906e-01 2.574642000000000000e+06
3.803440612222431838e+01 5.308321472930912499e-01 2.594066000000000000e+06
3.811814087711778853e+01 5.294878954155268769e-01 2.594802000000000000e+06
3.820178803397806178e+01 5.290656118038460365e-01 2.612030000000000000e+06
3.828560813586370415e+01 5.283693607270142367e-01 2.627954000000000000e+06
3.836951258229983353e+01 5.266297518332435645e-01 2.640402000000000000e+06
3.845325059721353966e+01 5.261416155647609116e-01 2.641454000000000000e+06
3.853698696987893157e+01 5.244352671879614070e-01 2.661834000000000000e+06
3.862077161915910750e+01 5.239497732975963995e-01 2.669138000000000000e+06
3.870457671575751135e+01 5.220984219649604796e-01 2.684858000000000000e+06
3.878838826833961662e+01 5.234419022907224051e-01 2.693910000000000000e+06
3.887209627272635259e+01 5.222356850288080166e-01 2.701682000000000000e+06
3.895591542764768889e+01 5.214947177395363731e-01 2.722698000000000000e+06
3.903970892163287942e+01 5.203642347047733319e-01 2.725262000000000000e+06
3.912346335216212623e+01 5.180740760998376881e-01 2.742450000000000000e+06
3.920722027331640192e+01 5.177145117006382025e-01 2.749850000000000000e+06
3.929096171017344830e+01 5.163279124947266485e-01 2.763902000000000000e+06
3.937477587025743730e+01 5.152193739207298062e-01 2.778498000000000000e+06
3.945853353207475323e+01 5.151747781492747036e-01 2.784530000000000000e+06
3.954233961977095646e+01 5.147040179650840264e-01 2.804106000000000000e+06
3.962614172971799320e+01 5.138569074557173266e-01 2.809790000000000000e+06
3.970993131243198349e+01 5.128557980048551457e-01 2.825058000000000000e+06
3.979370985500473523e+01 5.121790687746310411e-01 2.834330000000000000e+06
3.987739389062250694e+01 5.111754500844820637e-01 2.842022000000000000e+06
3.996117671080862266e+01 5.098175532698444590e-01 2.864754000000000000e+06
4.004492520821357715e+01 5.083405023277119961e-01 2.864186000000000000e+06
4.012855811712667986e+01 5.078543415645148107e-01 2.879538000000000000e+06
4.021232610012081210e+01 5.067904595141016211e-01 2.899454000000000000e+06
4.029612166799358164e+01 5.063857532629676417e-01 2.904258000000000000e+06
4.038001132444682639e+01 5.047996593446120173e-01 2.930234000000000000e+06
4.046390854563925643e+01 5.041001086865246616e-01 2.929526000000000000e+06
4.054763902531173869e+01 5.034239417463453048e-01 2.942442000000000000e+06
4.063145611139889724e+01 5.029099300529247252e-01 2.960810000000000000e+06
4.071526033515022647e+01 5.022959040848525847e-01 2.964954000000000000e+06
4.079900482891658697e+01 5.009354525966902560e-01 2.980910000000000000e+06
4.088275458963052955e+01 4.999781426008482743e-01 2.990978000000000000e+06
4.096655108092426190e+01 4.999277669497470544e-01 3.007626000000000000e+06
4.105038517201685977e+01 4.994606540349222357e-01 3.019166000000000000e+06
4.113408528447489942e+01 4.987306319904405427e-01 3.021090000000000000e+06
4.121781408021657001e+01 4.971573665101183259e-01 3.047834000000000000e+06
4.130168685589991640e+01 4.969187620066828903e-01 3.055590000000000000e+06
4.138552057758511182e+01 4.957467641026075400e-01 3.068546000000000000e+06
4.146914582182057529e+01 4.947246724616059521e-01 3.067274000000000000e+06
4.155286486153210035e+01 4.937540710987334824e-01 3.098058000000000000e+06
4.163678265273760104e+01 4.928354079198151161e-01 3.109214000000000000e+06
4.172055839833407020e+01 4.925598768801845440e-01 3.110466000000000000e+06
4.180418532612258531e+01 4.910297916059877532e-01 3.124370000000000000e+06
4.188792940544573185e+01 4.899526870968337056e-01 3.144174000000000000e+06
4.197185146375928610e+01 4.887465375056377348e-01 3.161738000000000000e+06
4.205562124261886936e+01 4.883590093326033443e-01 3.159890000000000000e+06
4.213924811963049422e+01 4.866912686215911221e-01 3.174138000000000000e+06
4.222299902687193196e+01 4.858918041281306555e-01 3.195926000000000000e+06
4.230691260830872835e+01 4.857449400352371049e-01 3.211386000000000000e+06
4.239080420503626101e+01 4.844631107745314691e-01 3.219314000000000000e+06
4.247453176066197500e+01 4.835922419945595796e-01 3.225494000000000000e+06
4.255825518223384307e+01 4.828642443845329590e-01 3.242562000000000000e+06
4.264203763847876161e+01 4.819843359069210798e-01 3.257450000000000000e+06
4.272584888067141407e+01 4.818951931377209452e-01 3.269118000000000000e+06
4.280959720964953874e+01 4.813925198159155761e-01 3.278930000000000000e+06
4.289324320886135666e+01 4.804498881840171265e-01 3.286650000000000000e+06
4.297705829483984274e+01 4.797036356400059542e-01 3.316610000000000000e+06
4.306095865661109201e+01 4.780562010054366096e-01 3.321542000000000000e+06
4.314470019446389415e+01 4.777833807710079039e-01 3.328578000000000000e+06
4.322841835243094977e+01 4.762047491326051318e-01 3.345074000000000000e+06
4.331221282411586770e+01 4.758247424060426667e-01 3.361686000000000000e+06
4.339600567501560135e+01 4.754026444911479410e-01 3.369722000000000000e+06
4.347974364803604885e+01 4.741929790357694019e-01 3.385290000000000000e+06
4.356345928773459519e+01 4.738142328911324475e-01 3.391370000000000000e+06
4.364729722403626511e+01 4.726124945442052305e-01 3.422966000000000000e+06
4.373115318288750331e+01 4.713624325859224751e-01 3.419538000000000000e+06
4.381493905718808435e+01 4.710483193826647819e-01 3.441890000000000000e+06
4.389872525815614779e+01 4.703358759849657345e-01 3.447582000000000000e+06
4.398251257437213724e+01 4.692524272292803444e-01 3.466298000000000000e+06
4.406617792273893741e+01 4.686448594625690078e-01 3.466194000000000000e+06
4.414985738980470842e+01 4.687759696133688703e-01 3.492062000000000000e+06
4.423365510866776873e+01 4.674125292525450059e-01 3.503114000000000000e+06
4.431743537263581345e+01 4.669902102443287961e-01 3.517146000000000000e+06
4.440128819477504862e+01 4.666270329037538467e-01 3.535706000000000000e+06
4.448508297515113696e+01 4.654337095754436104e-01 3.539742000000000000e+06
4.456885235287207081e+01 4.643444034868932646e-01 3.558698000000000000e+06
4.465264803596780752e+01 4.643217374644340034e-01 3.570122000000000000e+06
4.473644623406987364e+01 4.635545234345668786e-01 3.585174000000000000e+06
4.482021825647485258e+01 4.626449233428130969e-01 3.594314000000000000e+06
4.490398203670622479e+01 4.618735358880788344e-01 3.612258000000000000e+06
4.498774280768772371e+01 4.616510537024463567e-01 3.620282000000000000e+06
4.507149736761645897e+01 4.602110410933759055e-01 3.639078000000000000e+06
4.515529298450014295e+01 4.595015340574449825e-01 3.650450000000000000e+06
4.523902843907125515e+01 4.590293978999393509e-01 3.661418000000000000e+06
4.532276614158288908e+01 4.584270061620134840e-01 3.677694000000000000e+06
4.540659492678172882e+01 4.575052597715679181e-01 3.695978000000000000e+06
4.549038901472820129e+01 4.567290449685509346e-01 3.702810000000000000e+06
4.557410956496986643e+01 4.563780117766663702e-01 3.716162000000000000e+06
4.565793689081163365e+01 4.552130909009238779e-01 3.740094000000000000e+06
4.574173835658945109e+01 4.549375306405799568e-01 3.740954000000000000e+06
4.582547473331504762e+01 4.544178180170627135e-01 3.760946000000000000e+06
4.590929704296743807e+01 4.545285577186220505e-01 3.778278000000000000e+06
4.599310272654993526e+01 4.535708397689569016e-01 3.784922000000000000e+06
4.607688634566734009e+01 4.528367070790845772e-01 3.805266000000000000e+06
4.616063094545984313e+01 4.516084703413044132e-01 3.807686000000000000e+06
4.624436932660083954e+01 4.510308155476072667e-01 3.833130000000000000e+06
4.632816552012486966e+01 4.510756141886119730e-01 3.841898000000000000e+06
4.641196121946922659e+01 4.503577432677547954e-01 3.858074000000000000e+06
4.649571794764229793e+01 4.496948351164933855e-01 3.868974000000000000e+06
4.657948642122168081e+01 4.490523019476692634e-01 3.885362000000000000e+06
4.666325993261497018e+01 4.486270582742690194e-01 3.898290000000000000e+06
4.674697541345595653e+01 4.471135881908226972e-01 3.907334000000000000e+06
4.683072167435498301e+01 4.465264856582152886e-01 3.928730000000000000e+06
4.691446180885739636e+01 4.459287059151068044e-01 3.936666000000000000e+06
4.699827313660760097e+01 4.459194867098203452e-01 3.961346000000000000e+06
4.708217864769230232e+01 4.452278977628003620e-01 3.975774000000000000e+06
4.716589465254151037e+01 4.448586511292141887e-01 3.970106000000000000e+06
4.724959384813382002e+01 4.440998009077806175e-01 4.003170000000000000e+06
4.733350965320634884e+01 4.434835559034103203e-01 4.019558000000000000e+06
4.741737482947186066e+01 4.427279549448261964e-01 4.025642000000000000e+06
4.750102502055832332e+01 4.420087344862150269e-01 4.028514000000000000e+06
4.758473927273391268e+01 4.410814731642475617e-01 4.059398000000000000e+06
4.766858035712024133e+01 4.407053243085318206e-01 4.069674000000000000e+06
4.775237310425116988e+01 4.400340083914138778e-01 4.083698000000000000e+06
4.783614216286913035e+01 4.400289911872651283e-01 4.095210000000000000e+06
4.791988470499018860e+01 4.397118562672636122e-01 4.110518000000000000e+06
4.800366124316044392e+01 4.392190775046342921e-01 4.126850000000000000e+06
4.808744135989131507e+01 4.386356873264842249e-01 4.140114000000000000e+06
4.817110223827052806e+01 4.380933176804445717e-01 4.144070000000000000e+06
4.825485266219342151e+01 4.375821997786293882e-01 4.175802000000000000e+06
4.833872289512638076e+01 4.369950012918224491e-01 4.187882000000000000e+06
4.842255717888043876e+01 4.362124784187652593e-01 4.199250000000000000e+06
4.850630180312896300e+01 4.358649698312746512e-01 4.209326000000000000e+06
4.858999632451881467e+01 4.344852598096221596e-01 4.222130000000000000e+06
4.867384475106437947e+01 4.344355114334861323e-01 4.254258000000000000e+06
4.875769216683561780e+01 4.342040393859767922e-01 4.252478000000000000e+06
4.884143611566376819e+01 4.338551625518826671e-01 4.270698000000000000e+06
4.892512139183435238e+01 4.331046718630277570e-01 4.278122000000000000e+06
4.900892219756748602e+01 4.328884929527334613e-01 4.309898000000000000e+06
4.909279717620340477e+01 4.322734037501592685e-01 4.317150000000000000e+06
4.917658892116529046e+01 4.321675264648943138e-01 4.329698000000000000e+06
4.926033283307290844e+01 4.307523498983834020e-01 4.340826000000000000e+06
4.934406263392526881e+01 4.308982610750093367e-01 4.359590000000000000e+06
4.942786933697856711e+01 4.300646012543267172e-01 4.376850000000000000e+06
4.951163651239814811e+01 4.297233222710417633e-01 4.386674000000000000e+06
4.959537056212825945e+01 4.289748731309274699e-01 4.401782000000000000e+06
4.967912855064864885e+01 4.285564614489920654e-01 4.419210000000000000e+06
4.976302274887876109e+01 4.277120935157277537e-01 4.446482000000000000e+06
4.984679548062160137e+01 4.269370579188079273e-01 4.435554000000000000e+06
4.993048942490332820e+01 4.260720229925078484e-01 4.468934000000000000e+06
5.001430361909919498e+01 4.256158643484864168e-01 4.477650000000000000e+06
5.009804994572623826e+01 4.251558541580480188e-01 4.491218000000000000e+06
5.018180805401110689e+01 4.246041278763237892e-01 4.510358000000000000e+06
5.026555455462500532e+01 4.235513026839764494e-01 4.518594000000000000e+06
5.034932920092879982e+01 4.233500400706440292e-01 4.544474000000000000e+06
5.043314265143789044e+01 4.232126867655309210e-01 4.552098000000000000e+06
5.051694648379982766e+01 4.219420424962677663e-01 4.574990000000000000e+06
5.060070309547457867e+01 4.222666755512637371e-01 4.577210000000000000e+06
5.068450303718635297e+01 4.215262795381957139e-01 4.608186000000000000e+06
5.076830542903382337e+01 4.207808157046617481e-01 4.610198000000000000e+06
5.085203747383901884e+01 4.203551525654702359e-01 4.628898000000000000e+06
5.093575213963705295e+01 4.205239196150970526e-01 4.641170000000000000e+06
5.101951332772792114e+01 4.196133930957506863e-01 4.662462000000000000e+06
5.110336113862717866e+01 4.189910929153879970e-01 4.681442000000000000e+06
5.118714471063960048e+01 4.183465767889331111e-01 4.687850000000000000e+06
5.127091416622770481e+01 4.185372263272864046e-01 4.708818000000000000e+06
5.135469914115158474e+01 4.178299362029374575e-01 4.721534000000000000e+06
5.143843983059813496e+01 4.163282549120282949e-01 4.732770000000000000e+06
5.152216650769391748e+01 4.163238116897023389e-01 4.753346000000000000e+06
5.160598429386493535e+01 4.162021416392513995e-01 4.772886000000000000e+06
5.168981732467736379e+01 4.154233100346115815e-01 4.785098000000000000e+06
5.177356438128705207e+01 4.154673474171257097e-01 4.795394000000000000e+06
5.185730222899092468e+01 4.143952641324673558e-01 4.813986000000000000e+06
5.194107926577834178e+01 4.134922291146852502e-01 4.832654000000000000e+06
5.202490657881455860e+01 4.127657926960288659e-01 4.849362000000000000e+06
5.210868085987050335e+01 4.124875059742849626e-01 4.858322000000000000e+06
5.219237159794067082e+01 4.122602583794094944e-01 4.871286000000000000e+06
5.227611073359056348e+01 4.112172506369562996e-01 4.894370000000000000e+06
5.235994605322523654e+01 4.106217380688350072e-01 4.914650000000000000e+06
5.244373154932242187e+01 4.101418736830893530e-01 4.919658000000000000e+06
5.252748114416922220e+01 4.096517440168623847e-01 4.941638000000000000e+06
5.261134578012941887e+01 4.089043364074657072e-01 4.965954000000000000e+06
5.269521198386222949e+01 4.083805918214237218e-01 4.971770000000000000e+06
5.277896890193841273e+01 4.082807195456126248e-01 4.985702000000000000e+06
5.286266847585078921e+01 4.076256516303818911e-01 4.996314000000000000e+06
5.294640329383995692e+01 4.068558367245818097e-01 5.021258000000000000e+06
5.303021762957992280e+01 4.065806435286902221e-01 5.038470000000000000e+06
5.311400302201958823e+01 4.063589293601950203e-01 5.048570000000000000e+06
5.319775672806940747e+01 4.054511427672754520e-01 5.067786000000000000e+06
5.328156040965277640e+01 4.049630369510514583e-01 5.084402000000000000e+06
5.336537932888339242e+01 4.039233182308505365e-01 5.104238000000000000e+06
5.344909067079665022e+01 4.038448496537557775e-01 5.101890000000000000e+06
5.353274969610571077e+01 4.035499690618789548e-01 5.129594000000000000e+06
5.361652733283789019e+01 4.025744326274605100e-01 5.149086000000000000e+06
5.370036791765407003e+01 4.024973765843515294e-01 5.168834000000000000e+06
5.378411919655201956e+01 4.009007056040381212e-01 5.172306000000000000e+06
5.386787900550569930e+01 4.006135874664228380e-01 5.199218000000000000e+06
5.395171040176744981e+01 4.001225929597367892e-01 5.215430000000000000e+06
5.403552333520342899e+01 3.998932840013876278e-01 5.229066000000000000e+06
5.411930954859285947e+01 3.991876059437166058e-01 5.244530000000000000e+06
5.420310611387987620e+01 3.990285718628809319e-01 5.262870000000000000e+06
5.428687788367701472e+01 3.981398416936585694e-01 5.272562000000000000e+06
5.437058988725362241e+01 3.979690451859304035e-01 5.290098000000000000e+06
5.445438281984417728e+01 3.971735626391748597e-01 5.314358000000000000e+06
5.453817352769988247e+01 3.975392786829554659e-01 5.322098000000000000e+06
5.462191379435898853e+01 3.964014123878071283e-01 5.341026000000000000e+06
5.470574829802723116e+01 3.961862322424032912e-01 5.366858000000000000e+06
5.478957809600312601e+01 3.959178307918507778e-01 5.374422000000000000e+06
5.487325224086976050e+01 3.951871421584943755e-01 5.377730000000000000e+06
5.495693765318431900e+01 3.949388195755175190e-01 5.409410000000000000e+06
5.504079314969082759e+01 3.936451948780404497e-01 5.434014000000000000e+06
5.512463714233620493e+01 3.933613562493173954e-01 5.438882000000000000e+06
5.520838221252131461e+01 3.932527036324695024e-01 5.456178000000000000e+06
5.529211808052662036e+01 3.924580865136338970e-01 5.469242000000000000e+06
5.537590072469641456e+01 3.919933666583335641e-01 5.496174000000000000e+06
5.545970242341099521e+01 3.916820905525898455e-01 5.505530000000000000e+06
5.554345583191326341e+01 3.908730381536484333e-01 5.521202000000000000e+06
5.562722590378358234e+01 3.904945522522395573e-01 5.544126000000000000e+06
5.571106563944463375e+01 3.893776935187926447e-01 5.560106000000000000e+06
5.579489669745275648e+01 3.887175850404874788e-01 5.579754000000000000e+06
5.587861125478883650e+01 3.887652050564266437e-01 5.576270000000000000e+06
5.596227857189307997e+01 3.878821512864495391e-01 5.607138000000000000e+06
5.604605480303836629e+01 3.875960751114750358e-01 5.625026000000000000e+06
5.612988541214276239e+01 3.869323275301778109e-01 5.646698000000000000e+06
5.621362946622106449e+01 3.861849602929727787e-01 5.649126000000000000e+06
5.629735925730341961e+01 3.859537079088737888e-01 5.676434000000000000e+06
5.638111080912815964e+01 3.848949118914769540e-01 5.687418000000000000e+06
5.646491316373262492e+01 3.847526955840184226e-01 5.715830000000000000e+06
5.654876802813965497e+01 3.839939974272194578e-01 5.729210000000000000e+06
5.663258252736607545e+01 3.837748455038136886e-01 5.744802000000000000e+06
5.671632506505508076e+01 3.833031938991897647e-01 5.752154000000000000e+06
5.680011659367309562e+01 3.828955208971686064e-01 5.786382000000000000e+06
5.688389253432841031e+01 3.824121573003170793e-01 5.784146000000000000e+06
5.696761318922022355e+01 3.822050839741465422e-01 5.812146000000000000e+06
5.705141471676580522e+01 3.813681720211740123e-01 5.830166000000000000e+06
5.713521967608792096e+01 3.809903179178391608e-01 5.845850000000000000e+06
5.721899979443838902e+01 3.811338936084494589e-01 5.862834000000000000e+06
5.730276054917728601e+01 3.798787317909635419e-01 5.876066000000000000e+06
5.738658060191707477e+01 3.793804841772248082e-01 5.905854000000000000e+06
5.747033841284835631e+01 3.788228062607734148e-01 5.902274000000000000e+06
5.755404308432154181e+01 3.789148524646879235e-01 5.931258000000000000e+06
5.763786076918741941e+01 3.782198336648773807e-01 5.954966000000000000e+06
5.772168678731480895e+01 3.778843674784329032e-01 5.965346000000000000e+06
5.780542380176103023e+01 3.771233082037626638e-01 5.977818000000000000e+06
5.788919472030089253e+01 3.766221827569588010e-01 6.004718000000000000e+06
5.797296748909236186e+01 3.758263461320297538e-01 6.011706000000000000e+06
5.805676561443797112e+01 3.758957916030546964e-01 6.045770000000000000e+06
5.814055240118248236e+01 3.751751609593904635e-01 6.041586000000000000e+06
5.822426869780232295e+01 3.742975657177821103e-01 6.073166000000000000e+06
5.830801134515590434e+01 3.742529974689758343e-01 6.078962000000000000e+06
5.839179334771463203e+01 3.739432896027612974e-01 6.114258000000000000e+06
5.847563308377345948e+01 3.731808601087752142e-01 6.123086000000000000e+06
5.855940547652057404e+01 3.730973704408018787e-01 6.136770000000000000e+06
5.864312975267635153e+01 3.725714869685898822e-01 6.154898000000000000e+06
5.872691607929913715e+01 3.722417339822386984e-01 6.178610000000000000e+06
5.881074596326828186e+01 3.718769673742195470e-01 6.197982000000000000e+06
5.889452762753505510e+01 3.713068798041423424e-01 6.205322000000000000e+06
5.897820613624093511e+01 3.705793273676001309e-01 6.218850000000000000e+06
5.906193870101766663e+01 3.703785413395093151e-01 6.249542000000000000e+06
5.914581759130012983e+01 3.700903676771308826e-01 6.274146000000000000e+06
5.922958920946686590e+01 3.695504096971057861e-01 6.270242000000000000e+06
5.931332987330311823e+01 3.692182448135846728e-01 6.305222000000000000e+06
5.939720072956040298e+01 3.688360332431834809e-01 6.325026000000000000e+06
5.948100878790476287e+01 3.682624327968663791e-01 6.331922000000000000e+06
5.956471604086164717e+01 3.671955616424363300e-01 6.343698000000000000e+06
5.964845851165156887e+01 3.673488170802982067e-01 6.375158000000000000e+06
5.973228901430513105e+01 3.669305673277558633e-01 6.392178000000000000e+06
5.981613475051615580e+01 3.663753312502163739e-01 6.412826000000000000e+06
5.989983617927980930e+01 3.657831619967791825e-01 6.407078000000000000e+06
5.998354580615653475e+01 3.652527607982314906e-01 6.447954000000000000e+06
6.006732009781541137e+01 3.647739724096526470e-01 6.456026000000000000e+06
6.015110296246270849e+01 3.645226560058154597e-01 6.482034000000000000e+06
6.023487563638593656e+01 3.640270539504977809e-01 6.492878000000000000e+06
6.031854804904904910e+01 3.634384582519362139e-01 6.502074000000000000e+06
6.040231809113185335e+01 3.628066477862364470e-01 6.542930000000000000e+06
6.048619138341645396e+01 3.627113100421895941e-01 6.556598000000000000e+06
6.057002300941265105e+01 3.623938219237085590e-01 6.570330000000000000e+06
6.065376797520794838e+01 3.621848583733345284e-01 6.581882000000000000e+06
6.073756405810313197e+01 3.613785824703525384e-01 6.612546000000000000e+06
6.082141554599847666e+01 3.608604473146907465e-01 6.628622000000000000e+06
6.090514221182844068e+01 3.607716225270752308e-01 6.629498000000000000e+06
6.098884283362370695e+01 3.597325524646168837e-01 6.659250000000000000e+06
6.107265821714712217e+01 3.591488326513616602e-01 6.686006000000000000e+06
6.115647217678110792e+01 3.593219890806189087e-01 6.693786000000000000e+06
6.124020000211061898e+01 3.583265887453188636e-01 6.711554000000000000e+06
6.132397001297174910e+01 3.576066507336009836e-01 6.735678000000000000e+06
6.140778361716733968e+01 3.569918312347126199e-01 6.754754000000000000e+06
6.149161325390366528e+01 3.561984529046405279e-01 6.776570000000000000e+06
6.157529512977538388e+01 3.561289249598885709e-01 6.767394000000000000e+06
6.165900862104440705e+01 3.557946574529578521e-01 6.818246000000000000e+06
6.174288752546006265e+01 3.552178063825495169e-01 6.830562000000000000e+06
6.182665933569239058e+01 3.544543166394363842e-01 6.839186000000000000e+06
6.191039069509358939e+01 3.542955932715213807e-01 6.861462000000000000e+06
6.199415843656247915e+01 3.541326630422618194e-01 6.880394000000000000e+06
6.207797343770133836e+01 3.537969124293597334e-01 6.907178000000000000e+06
6.216178312665557826e+01 3.528237319637289593e-01 6.917034000000000000e+06
6.224554908962505806e+01 3.526628388220470200e-01 6.937934000000000000e+06
6.232927594791426174e+01 3.520979524272194183e-01 6.947250000000000000e+06
6.241305175019838458e+01 3.509572541579861205e-01 6.982106000000000000e+06
6.249687637076911528e+01 3.508303936779613164e-01 6.995718000000000000e+06
6.258064154431843917e+01 3.501136129768698257e-01 7.006682000000000000e+06
6.266440651081673252e+01 3.493832173608764080e-01 7.035866000000000000e+06
6.274824188627123789e+01 3.489916871157381917e-01 7.054110000000000000e+06
6.283199071282825798e+01 3.487135712660680564e-01 7.059194000000000000e+06
6.291572563533181750e+01 3.483421068439304658e-01 7.091802000000000000e+06
6.299950478272180021e+01 3.480214391157110954e-01 7.100666000000000000e+06
6.308326051173192184e+01 3.476170454210717464e-01 7.129070000000000000e+06
6.316706149128079772e+01 3.472302717434367358e-01 7.143282000000000000e+06
6.325081758939361265e+01 3.463640277249876442e-01 7.161482000000000000e+06
6.333459636004668170e+01 3.459019270688494241e-01 7.184694000000000000e+06
6.341840985274772180e+01 3.456929802326901280e-01 7.203914000000000000e+06
6.350218849660716103e+01 3.452734694544655758e-01 7.219746000000000000e+06
6.358591158231319440e+01 3.446839333683237583e-01 7.228634000000000000e+06
6.366969643794534761e+01 3.445298329618164956e-01 7.271990000000000000e+06
6.375349042294114810e+01 3.434518368918528242e-01 7.266786000000000000e+06
6.383719352518139090e+01 3.434808360697318985e-01 7.293650000000000000e+06
6.392099450330575650e+01 3.429088967551718881e-01 7.324086000000000000e+06
6.400484269514925018e+01 3.424134547907312642e-01 7.338650000000000000e+06
6.408862028199594363e+01 3.415876265410512369e-01 7.351962000000000000e+06
6.417229643495983282e+01 3.410628922183605582e-01 7.357190000000000000e+06
6.425605913965068794e+01 3.407155941054614834e-01 7.406042000000000000e+06
6.433988424440737219e+01 3.400635961377993510e-01 7.408626000000000000e+06
6.442367053038186953e+01 3.397808317004253342e-01 7.435610000000000000e+06
6.450748346289900326e+01 3.392725230501149603e-01 7.453542000000000000e+06
6.459124602081936928e+01 3.385301879608285103e-01 7.464002000000000000e+06
6.467501314578137794e+01 3.384155845576980459e-01 7.493546000000000000e+06
6.475881548648480646e+01 3.376408270963195957e-01 7.510806000000000000e+06
6.484263429222687591e+01 3.371773847289087356e-01 7.532114000000000000e+06
6.492635947043980593e+01 3.370545885385193841e-01 7.536234000000000000e+06
6.501006967670859638e+01 3.366462639809437718e-01 7.565834000000000000e+06
6.509392251172288013e+01 3.364115668134758930e-01 7.603062000000000000e+06
6.517772237987890094e+01 3.359844559244340445e-01 7.593890000000000000e+06
6.526142082906874009e+01 3.354507126284910212e-01 7.622906000000000000e+06
6.534517852533637949e+01 3.354690149454229720e-01 7.646622000000000000e+06
6.542900761714354019e+01 3.352321176404036707e-01 7.672058000000000000e+06
6.551278447458254561e+01 3.346491029314215271e-01 7.679346000000000000e+06
6.559647740201288002e+01 3.346475159812911659e-01 7.693058000000000000e+06
6.568023286754312551e+01 3.338627133589355256e-01 7.732158000000000000e+06
6.576407066411815094e+01 3.334429999785722409e-01 7.746962000000000000e+06
6.584790590081712480e+01 3.329638928702226552e-01 7.770986000000000000e+06
6.593165693812879624e+01 3.325094884338763435e-01 7.772094000000000000e+06
6.601538696105420456e+01 3.314943723700373157e-01 7.803818000000000000e+06
6.609922053061411873e+01 3.311759398177612224e-01 7.834338000000000000e+06
6.618301048359400340e+01 3.305878057778498524e-01 7.833710000000000000e+06
6.626672084406415308e+01 3.304120199613324593e-01 7.858794000000000000e+06
6.635048525876615599e+01 3.296838396355283307e-01 7.884290000000000000e+06
6.643426901072554358e+01 3.293720500936401785e-01 7.901522000000000000e+06
6.651807898022045151e+01 3.291642929682289109e-01 7.930662000000000000e+06
6.660186020266071694e+01 3.287895368864742207e-01 7.934426000000000000e+06
6.668562406562675449e+01 3.282029394569467295e-01 7.967322000000000000e+06
6.676942056671894932e+01 3.279472431117571030e-01 7.981934000000000000e+06
6.685320306006303781e+01 3.275895751268042555e-01 8.003282000000000000e+06
6.693696269752706485e+01 3.269452244021134879e-01 8.019666000000000000e+06
6.702068939846760998e+01 3.267501875043095638e-01 8.034482000000000000e+06
6.710445338192448617e+01 3.264086621845682101e-01 8.068542000000000000e+06
6.718828293815808195e+01 3.259681589062706775e-01 8.088290000000000000e+06
6.727206137396285612e+01 3.254253906897477400e-01 8.096322000000000000e+06
6.735579465842747027e+01 3.252715925327781532e-01 8.122646000000000000e+06
6.743961148899337843e+01 3.247096245486886246e-01 8.150138000000000000e+06
6.752341930836868755e+01 3.243712862762791471e-01 8.165322000000000000e+06
6.760720200852335893e+01 3.240089243311456979e-01 8.182574000000000000e+06
6.769097281976790725e+01 3.236096087398633858e-01 8.203698000000000000e+06
6.777475269086721710e+01 3.233350622116628603e-01 8.226914000000000000e+06
6.785855850635472564e+01 3.229583111128572215e-01 8.246898000000000000e+06
6.794231815338379477e+01 3.224166807274079782e-01 8.261774000000000000e+06
6.802605450282356969e+01 3.221024017848580501e-01 8.279426000000000000e+06
6.810980800201946295e+01 3.222699291178595105e-01 8.308722000000000000e+06
6.819359688038117895e+01 3.214173032304958877e-01 8.326214000000000000e+06
6.827735231109772940e+01 3.213001526367659233e-01 8.342682000000000000e+06
6.836106971743787142e+01 3.211475673359858729e-01 8.360834000000000000e+06
6.844484472402324116e+01 3.208712597516140130e-01 8.393226000000000000e+06
6.852869951984511943e+01 3.204291194337393067e-01 8.420150000000000000e+06
6.861250292461069478e+01 3.198101671031037263e-01 8.421986000000000000e+06
6.869622322289008309e+01 3.196500911586634408e-01 8.445714000000000000e+06
6.877998618424895483e+01 3.193242857260884526e-01 8.472590000000000000e+06
6.886380481391077524e+01 3.191411615974348304e-01 8.495370000000000000e+06
6.894760298931718978e+01 3.183890862256634202e-01 8.512802000000000000e+06
6.903133967168669471e+01 3.183492231286275675e-01 8.523290000000000000e+06
6.911515974222776038e+01 3.175666452222160596e-01 8.570982000000000000e+06
6.919899711476296034e+01 3.174190151833620188e-01 8.568458000000000000e+06
6.928271302417118704e+01 3.170811022141972191e-01 8.586498000000000000e+06
6.936640957646372385e+01 3.170122088486274081e-01 8.608838000000000000e+06
6.945020554919668143e+01 3.165520131026035022e-01 8.645610000000000000e+06
6.953403532918613905e+01 3.161439094999922705e-01 8.658386000000000000e+06
6.961776917188856828e+01 3.157513475650849388e-01 8.668598000000000000e+06
6.970149673352695174e+01 3.153190668135607000e-01 8.697426000000000000e+06
6.978527389326413299e+01 3.148341049338485576e-01 8.722562000000000000e+06
6.986906069484918191e+01 3.147199541494916097e-01 8.737962000000000000e+06
6.995286435150323712e+01 3.140114378991823996e-01 8.771366000000000000e+06
7.003663190319885246e+01 3.135736933374833613e-01 8.771010000000000000e+06
7.012044328611759170e+01 3.133362738815168025e-01 8.822618000000000000e+06
7.020422748707765948e+01 3.130228790041833520e-01 8.807726000000000000e+06
7.028792458023832523e+01 3.126270405347070791e-01 8.844618000000000000e+06
7.037169232459277168e+01 3.121826628458981845e-01 8.868722000000000000e+06
7.045550282646577500e+01 3.117670581238442540e-01 8.891394000000000000e+06
7.053930361490046153e+01 3.113407538700354027e-01 8.911934000000000000e+06
7.062306425051619385e+01 3.111733855613967870e-01 8.923938000000000000e+06
7.070681965484220655e+01 3.107719539291209920e-01 8.953682000000000000e+06
7.079064952155906099e+01 3.105796659662261039e-01 8.981966000000000000e+06
7.087445453391488570e+01 3.102995659167813725e-01 8.990442000000000000e+06
7.095817392238910770e+01 3.100304800000532879e-01 9.007874000000000000e+06
7.104193138283987707e+01 3.095158835364424932e-01 9.038982000000000000e+06
7.112576518949173021e+01 3.090983198012476341e-01 9.068570000000000000e+06
7.120961737408205749e+01 3.083675187804408302e-01 9.085250000000000000e+06
7.129335211445750531e+01 3.080421566393570232e-01 9.084690000000000000e+06
7.137708094576892393e+01 3.077464925278140528e-01 9.128654000000000000e+06
7.146084403134838681e+01 3.073995666345857858e-01 9.133170000000000000e+06
7.154466700499622789e+01 3.068732539782244029e-01 9.185882000000000000e+06
7.162842988939222266e+01 3.064863202526089681e-01 9.163254000000000000e+06
7.171216375772418417e+01 3.060192752162930740e-01 9.220130000000000000e+06
7.179600473183870690e+01 3.058475081819420627e-01 9.233138000000000000e+06
7.187979523161671125e+01 3.055243282305036834e-01 9.249378000000000000e+06
7.196355546011572812e+01 3.051426136945818435e-01 9.271550000000000000e+06
7.204729456439589796e+01 3.049449585010810537e-01 9.286266000000000000e+06
7.213106195575964819e+01 3.045662468369002562e-01 9.320762000000000000e+06
7.221480100434702365e+01 3.040295632397162495e-01 9.326718000000000000e+06
7.229852044064539029e+01 3.038139677134313321e-01 9.354602000000000000e+06
7.238228513403092279e+01 3.035875652511764167e-01 9.384122000000000000e+06
7.246607101969223663e+01 3.030522264709405444e-01 9.400482000000000000e+06
7.254987229319446840e+01 3.027952784788305873e-01 9.432638000000000000e+06
7.263368004746904205e+01 3.026840611122086355e-01 9.445314000000000000e+06
7.271750377988070113e+01 3.022586361713105463e-01 9.477290000000000000e+06
7.280130965501079743e+01 3.019236010016458360e-01 9.489182000000000000e+06
7.288506808349802668e+01 3.013825977157598146e-01 9.506706000000000000e+06
7.296882044375145426e+01 3.010697371023931534e-01 9.533978000000000000e+06
7.305259508565603710e+01 3.008254060066182234e-01 9.553662000000000000e+06
7.313637578996366528e+01 3.004339159033879159e-01 9.579506000000000000e+06
7.322019448267818120e+01 3.005062726728287004e-01 9.607866000000000000e+06
7.330395493317661249e+01 2.997605781385656587e-01 9.608354000000000000e+06
7.338767665724321887e+01 2.995683420189961255e-01 9.643862000000000000e+06
7.347148144397506542e+01 2.992778456468682680e-01 9.670578000000000000e+06
7.355528219623099062e+01 2.991353122300108303e-01 9.687890000000000000e+06
7.363899049307546818e+01 2.986867261015708763e-01 9.693294000000000000e+06
7.372271936705998030e+01 2.983897241936500633e-01 9.736034000000000000e+06
7.380653630549342381e+01 2.981305306946057665e-01 9.758946000000000000e+06
7.389035041122994585e+01 2.977951770908132123e-01 9.778994000000000000e+06
7.397413682104121335e+01 2.969368664139178660e-01 9.796814000000000000e+06
7.405789030452048394e+01 2.964585904159793284e-01 9.816882000000000000e+06
7.414169336727162829e+01 2.962508859943754902e-01 9.850514000000000000e+06
7.422546410721621157e+01 2.961744254449698022e-01 9.856062000000000000e+06
7.430920453981931928e+01 2.955886166737434761e-01 9.886706000000000000e+06
7.439300623648529154e+01 2.950967629314230622e-01 9.916194000000000000e+06
7.447678580430749662e+01 2.950879680446684694e-01 9.924854000000000000e+06
7.456057015370268459e+01 2.949064597765996831e-01 9.961490000000000000e+06
7.464438207761332933e+01 2.942838871809856927e-01 9.979098000000000000e+06
7.472814187157202070e+01 2.941943687985885680e-01 9.990266000000000000e+06
7.481184032970919873e+01 2.939675390450918746e-01 1.001239800000000000e+07
7.489556739303819199e+01 2.933566232598300294e-01 1.003881800000000000e+07
7.497934539842769652e+01 2.931642385357863811e-01 1.007208200000000000e+07
7.506311845073820166e+01 2.927939722315616722e-01 1.008267000000000000e+07
7.514692845282340272e+01 2.924250135282962515e-01 1.012322600000000000e+07
7.523075434859080701e+01 2.920890712171506642e-01 1.013483400000000000e+07
7.531451998763395750e+01 2.916289791113584329e-01 1.015145000000000000e+07
7.539829240323696524e+01 2.912571319381805912e-01 1.018411800000000000e+07
7.548208785347107153e+01 2.908189466274371804e-01 1.019981000000000000e+07
7.556588568954626339e+01 2.906090737925235423e-01 1.023038600000000000e+07
7.564964729204579896e+01 2.901107982998015200e-01 1.023833400000000000e+07
7.573340121842171868e+01 2.899686991133021974e-01 1.027159400000000000e+07
7.581720789955566886e+01 2.895230850019876456e-01 1.029841800000000000e+07
7.590097746677226098e+01 2.892902937804058827e-01 1.030681400000000000e+07
7.598473441420171071e+01 2.891877244518245571e-01 1.034130600000000000e+07
7.606853414532200475e+01 2.889991953944680003e-01 1.036284200000000000e+07
7.615234225222069142e+01 2.887896033375834115e-01 1.038883400000000000e+07
7.623609486341722175e+01 2.882008593995746271e-01 1.039563000000000000e+07
7.631981686271907961e+01 2.879557803364525825e-01 1.042536200000000000e+07
7.640358391725688136e+01 2.875629144596745790e-01 1.045427400000000000e+07
7.648737898269467905e+01 2.873846162361926582e-01 1.047829400000000000e+07
7.657118934301615809e+01 2.869620050547438406e-01 1.050181800000000000e+07
7.665495370414140552e+01 2.866711096063552233e-01 1.051481000000000000e+07
7.673872804344208021e+01 2.863628064578083166e-01 1.054884200000000000e+07
7.682251652605027914e+01 2.861131758198723340e-01 1.056646200000000000e+07
7.690627753078842943e+01 2.858904145819184395e-01 1.058681000000000000e+07
7.699005464682980460e+01 2.856592454380866841e-01 1.061495400000000000e+07
7.707381180345538496e+01 2.854633463436456742e-01 1.063105400000000000e+07
7.715758338891963319e+01 2.848005910885411662e-01 1.066236200000000000e+07
7.724136633010250819e+01 2.847831074398545770e-01 1.068335400000000000e+07
7.732513064497173616e+01 2.844750889263950033e-01 1.069929800000000000e+07
7.740891675259864257e+01 2.840322813145848557e-01 1.073878200000000000e+07
7.749269678833181274e+01 2.834064130588758168e-01 1.074420200000000000e+07
7.757647201263735326e+01 2.832083401269464007e-01 1.078218600000000000e+07
7.766021942620808716e+01 2.828972293468519084e-01 1.078496600000000000e+07
7.774399377810598821e+01 2.826607693342900740e-01 1.083393800000000000e+07
7.782781619390954120e+01 2.821876897214987689e-01 1.084813800000000000e+07
7.791162934251399008e+01 2.817704096262509394e-01 1.087376600000000000e+07
7.799540511290568645e+01 2.815685631539353584e-01 1.088697000000000000e+07
7.807914813246686947e+01 2.813589753787466008e-01 1.091244200000000000e+07
7.816290535363634717e+01 2.809996444996469278e-01 1.093669800000000000e+07
7.824668533679131599e+01 2.808880050978730947e-01 1.096614200000000000e+07
7.833041095642785479e+01 2.809378574360277825e-01 1.096874600000000000e+07
7.841414392264080391e+01 2.802633495064097424e-01 1.101460200000000000e+07
7.849797249906831098e+01 2.803912540454056024e-01 1.104277400000000000e+07
7.858180790853903375e+01 2.797617433264318887e-01 1.106147400000000000e+07
7.866557249392315043e+01 2.796215381419649426e-01 1.107245000000000000e+07
7.874929642754150905e+01 2.793904922464084950e-01 1.109692200000000000e+07
7.883311733517257380e+01 2.792220419169165191e-01 1.114652600000000000e+07
7.891694388884677380e+01 2.788521203251291269e-01 1.114560200000000000e+07
7.900068064387527045e+01 2.785173616875120106e-01 1.116844200000000000e+07
7.908436254240528740e+01 2.785039172402394292e-01 1.118108600000000000e+07
7.916818498501314139e+01 2.778202958654463206e-01 1.125011400000000000e+07
7.925204788986106053e+01 2.778398904973854444e-01 1.124210600000000000e+07
7.933579233388016405e+01 2.774507773593695159e-01 1.126544600000000000e+07
7.941952493065861063e+01 2.772966215910873111e-01 1.128549000000000000e+07
7.950333832745211282e+01 2.769701705780967527e-01 1.133592200000000000e+07
7.958714865226424706e+01 2.769148721153243398e-01 1.133013000000000000e+07
7.967084542663688751e+01 2.763131676890661081e-01 1.135727000000000000e+07
7.975459940281155014e+01 2.758963440300540304e-01 1.138909800000000000e+07
7.983842455402911753e+01 2.755797810065284126e-01 1.142664200000000000e+07
7.992222930735910325e+01 2.754305743901993009e-01 1.143135800000000000e+07
8.000599249688541192e+01 2.752903911589107411e-01 1.146229800000000000e+07
8.008974723090098280e+01 2.748825005431562163e-01 1.147920200000000000e+07
8.017351431250847327e+01 2.745691347141804850e-01 1.150974600000000000e+07
8.025725050801121085e+01 2.743374330538185246e-01 1.152306200000000000e+07
8.034098853496081460e+01 2.743121879924300122e-01 1.155621000000000000e+07
8.042478722869675778e+01 2.736825225689191732e-01 1.158828200000000000e+07
8.050856818393795322e+01 2.735212565969685761e-01 1.159964600000000000e+07
8.059238432489331672e+01 2.732203209645389097e-01 1.164527400000000000e+07
8.067619508126320227e+01 2.728407185026307524e-01 1.164933800000000000e+07
8.075991190763001271e+01 2.726244978091594828e-01 1.166538600000000000e+07
8.084370881607510739e+01 2.723139020585383929e-01 1.171928600000000000e+07
8.092752076494051039e+01 2.721323520754409531e-01 1.172073800000000000e+07
8.101129568093679723e+01 2.718225125592573788e-01 1.175507400000000000e+07
8.109505415502717085e+01 2.718344841910108056e-01 1.176716600000000000e+07
8.117885621851634426e+01 2.715466261633240896e-01 1.181334600000000000e+07
8.126268722760181618e+01 2.713466717968449071e-01 1.182545000000000000e+07
8.134639629346085599e+01 2.708785301721711170e-01 1.182881400000000000e+07
8.143015233987259194e+01 2.703807834763132800e-01 1.188441800000000000e+07
8.151397637113406347e+01 2.700778496279697682e-01 1.190037800000000000e+07
8.159772317446993384e+01 2.700453233044468604e-01 1.190800200000000000e+07
8.168141734243471319e+01 2.695785413492138294e-01 1.193747000000000000e+07
8.176520133866806361e+01 2.693347016270125072e-01 1.198134600000000000e+07
8.184903097691562834e+01 2.688872388202385166e-01 1.199815400000000000e+07
8.193279961532795141e+01 2.687742420436828317e-01 1.201579800000000000e+07
8.201657568404829135e+01 2.685174455235699309e-01 1.204658600000000000e+07
8.210037051622212800e+01 2.680810414714344114e-01 1.207322600000000000e+07
8.218415135428907092e+01 2.677228838227302399e-01 1.208937000000000000e+07
8.226793051369322995e+01 2.677183676021320791e-01 1.212366200000000000e+07
8.235168042461171467e+01 2.673757677661950938e-01 1.212901800000000000e+07
8.243541383154146729e+01 2.672352251654203092e-01 1.216869800000000000e+07
8.251918488013311048e+01 2.669362902517990466e-01 1.219107000000000000e+07
8.260303078488138340e+01 2.668551207007434090e-01 1.223729000000000000e+07
8.268685924360107720e+01 2.663816000968830533e-01 1.223743400000000000e+07
8.277063051313547248e+01 2.662612892367453021e-01 1.226943000000000000e+07
8.285440377364854214e+01 2.661413111676670940e-01 1.228831400000000000e+07
8.293815406053037975e+01 2.656439017551793791e-01 1.231201800000000000e+07
8.302189376558496292e+01 2.653551185079663366e-01 1.233377000000000000e+07
8.310562968257865180e+01 2.651596089318685179e-01 1.236265400000000000e+07
8.318944101633324806e+01 2.649030670967415513e-01 1.240528200000000000e+07
8.327326128703917618e+01 2.648511958509016662e-01 1.241484200000000000e+07
8.335700627654608752e+01 2.646452126301688246e-01 1.243327800000000000e+07
8.344077096181236186e+01 2.644501654524717416e-01 1.246944200000000000e+07
8.352457339564003291e+01 2.640795596996616257e-01 1.249710600000000000e+07
8.360836227802133180e+01 2.637920945724447908e-01 1.251307400000000000e+07
8.369209465434660444e+01 2.635436145287443077e-01 1.253190200000000000e+07
8.377584262040987539e+01 2.631773221650120509e-01 1.256769000000000000e+07
8.385966673075142808e+01 2.629744992953453875e-01 1.260333800000000000e+07
8.394346090052225406e+01 2.625624430434925771e-01 1.261269400000000000e+07
8.402720779866986334e+01 2.623695135211115415e-01 1.263483400000000000e+07
8.411093992791514040e+01 2.623139915326315741e-01 1.266273000000000000e+07
8.419472601452393690e+01 2.619585771763416893e-01 1.269908600000000000e+07
8.427850266886640895e+01 2.618993644399486009e-01 1.271099400000000000e+07
8.436223963096817613e+01 2.613648620028701797e-01 1.273917800000000000e+07
8.444601602840830878e+01 2.612127226694253013e-01 1.276949000000000000e+07
8.452980895575083764e+01 2.611558818662503834e-01 1.279952600000000000e+07
8.461363861937496722e+01 2.610222432582474661e-01 1.282878600000000000e+07
8.469740509358031488e+01 2.609072116329460012e-01 1.283279400000000000e+07
8.478116598674121462e+01 2.607040712050426867e-01 1.287594200000000000e+07
8.486500032617030342e+01 2.603033677934691315e-01 1.290631400000000000e+07
8.494878196533655057e+01 2.600175813409026926e-01 1.291312200000000000e+07
8.503250920999884954e+01 2.599679940500639885e-01 1.293728200000000000e+07
8.511625773657412708e+01 2.596039203063135181e-01 1.297337400000000000e+07
8.520007740986383737e+01 2.592059757287621391e-01 1.300815400000000000e+07
8.528389512543735407e+01 2.592222750403698206e-01 1.302582600000000000e+07
8.536763020189312101e+01 2.588598523483898184e-01 1.303365400000000000e+07
8.545139541654327786e+01 2.588807869292902852e-01 1.308366600000000000e+07
8.553518371581006363e+01 2.584597928353641882e-01 1.309470600000000000e+07
8.561892248318710585e+01 2.584789779491385997e-01 1.311903400000000000e+07
8.570266153022458866e+01 2.580413960775937432e-01 1.314631800000000000e+07
