# k_mean_over_bin [h Mpc^-1] P_bin [h^-3 Mpc^3] N_modes
1.069098562002182007e-01 3.667617458767360858e+02 1.800000000000000000e+01
1.868873286631799469e-01 2.902634198588709751e+02 6.200000000000000000e+01
2.625667106132117956e-01 1.187040617028061149e+02 9.800000000000000000e+01
3.401783364159720047e-01 7.078584914434524933e+01 2.100000000000000000e+02
4.270541385241917176e-01 6.059966517857142776e+01 3.500000000000000000e+02
5.128694796562194291e-01 3.526424479166666970e+01 4.500000000000000000e+02
5.924409936828867185e-01 2.719906301910299007e+01 6.020000000000000000e+02
6.723074058848103052e-01 2.100517116756889635e+01 7.620000000000000000e+02
7.587901033369756076e-01 1.675631088550787950e+01 1.142000000000000000e+03
8.455789937973022807e-01 1.416056406250000066e+01 1.250000000000000000e+03
9.266650832075477018e-01 1.254750594778806416e+01 1.458000000000000000e+03
1.007750486722986061e+00 1.084900104224090356e+01 1.814000000000000000e+03
1.092835779579765187e+00 9.043902268422865376e+00 2.178000000000000000e+03
1.177363493425355623e+00 8.211136878252601079e+00 2.498000000000000000e+03
1.258028109868367439e+00 7.168630965150648571e+00 2.622000000000000000e+03
1.340799985780481762e+00 6.695967247416117374e+00 3.338000000000000000e+03
1.426850895994392410e+00 5.679175867309242953e+00 3.722000000000000000e+03
1.512363640181452196e+00 5.432533816696643036e+00 4.170000000000000000e+03
1.594785005141420520e+00 4.645475096087655409e+00 4.358000000000000000e+03
1.677071391375802634e+00 4.525887247963845894e+00 5.034000000000000000e+03
1.761985852120012019e+00 4.177250708238537058e+00 5.714000000000000000e+03
1.846083149308944682e+00 3.846662056481945591e+00 5.982000000000000000e+03
1.928661810308107905e+00 3.577154650106028289e+00 6.602000000000000000e+03
2.011378788513354721e+00 3.474523360799439242e+00 7.130000000000000000e+03
2.095637345213126945e+00 3.190164943521284435e+00 8.034000000000000000e+03
2.180555682444943688e+00 2.992225173570764785e+00 8.606000000000000000e+03
2.264340079280416695e+00 2.883058525672843597e+00 9.066000000000000000e+03
2.348016596635023046e+00 2.648810009285284206e+00 9.962000000000000000e+03
2.431996450378996588e+00 2.644040284360189563e+00 1.055000000000000000e+04
2.515341055577990037e+00 2.438491524975503477e+00 1.122600000000000000e+04
2.598773634337562477e+00 2.369365750555738614e+00 1.214600000000000000e+04
2.681898648145367936e+00 2.291580367235840132e+00 1.260600000000000000e+04
2.765270270742967273e+00 2.179602876847558601e+00 1.380200000000000000e+04
2.849850549273848177e+00 2.075449745619831532e+00 1.475400000000000000e+04
2.933772602096362814e+00 1.962431973558641296e+00 1.519400000000000000e+04
3.017238571937396863e+00 1.909755274173453365e+00 1.645400000000000000e+04
3.101311446153521167e+00 1.827951024542380676e+00 1.715400000000000000e+04
3.185186127771569620e+00 1.761995583495291839e+00 1.826600000000000000e+04
3.268289640579223665e+00 1.694022291666666735e+00 1.875000000000000000e+04
3.351647653821971939e+00 1.666138021090738386e+00 2.023400000000000000e+04
3.436091635888550933e+00 1.585170272435897365e+00 2.145000000000000000e+04
3.520270164715723737e+00 1.561849373349421644e+00 2.196200000000000000e+04
3.603861699983517131e+00 1.512249029015003021e+00 2.346200000000000000e+04
3.687484631848983785e+00 1.461375048092920848e+00 2.404200000000000000e+04
3.771595807797023081e+00 1.405501450127187191e+00 2.594600000000000000e+04
3.855312778624945036e+00 1.360329053478444017e+00 2.611800000000000000e+04
3.938028489980820446e+00 1.324087954673525802e+00 2.750600000000000000e+04
4.021431229262672602e+00 1.306586330463428203e+00 2.906600000000000000e+04
4.105840535469242880e+00 1.267984913793103408e+00 3.045000000000000000e+04
4.190344274490949594e+00 1.253276169979837373e+00 3.174200000000000000e+04
4.273947841407716552e+00 1.182639777131782921e+00 3.225000000000000000e+04
4.357501141039994863e+00 1.157789005474452626e+00 3.425000000000000000e+04
4.441647726798034768e+00 1.130918099861792703e+00 3.545400000000000000e+04
4.525392386682563384e+00 1.093242125315639246e+00 3.643400000000000000e+04
4.608518994187962292e+00 1.089024185950851820e+00 3.768200000000000000e+04
4.691740936533260964e+00 1.056286921190258132e+00 3.929400000000000000e+04
4.776039696485631758e+00 1.026093968763578390e+00 4.142600000000000000e+04
4.860154075107475435e+00 1.014064487204630716e+00 4.206600000000000000e+04
4.943517632022839337e+00 9.781895802195907930e-01 4.349000000000000000e+04
5.027384530459288570e+00 9.587889855750295620e-01 4.570200000000000000e+04
5.111447786463775955e+00 9.420777021593688128e-01 4.663400000000000000e+04
5.195348148080394246e+00 9.264612274477901366e-01 4.855400000000000000e+04
5.278356455371061351e+00 9.012470904951912498e-01 4.887000000000000000e+04
5.361498073485091886e+00 8.884685839120145534e-01 5.155400000000000000e+04
5.446046272834274227e+00 8.760645596459604167e-01 5.409000000000000000e+04
5.530257908730890293e+00 8.486210536187722697e-01 5.431400000000000000e+04
5.614055059161845662e+00 8.257485091591987292e-01 5.691000000000000000e+04
5.697714042773073473e+00 8.213714592176681872e-01 5.748200000000000000e+04
5.781614499480172142e+00 7.985607325033813320e-01 6.062600000000000000e+04
5.865571877077833562e+00 7.792403930987158445e-01 6.120600000000000000e+04
5.948642156572602424e+00 7.712536334305577501e-01 6.257000000000000000e+04
6.032247489927458517e+00 7.562683634755819062e-01 6.573000000000000000e+04
6.116202600951229584e+00 7.374641627365564611e-01 6.668600000000000000e+04
6.200338025377547524e+00 7.292540227122730201e-01 6.969800000000000000e+04
6.284184068428623426e+00 7.130510564825921493e-01 7.002600000000000000e+04
6.367735143012361654e+00 7.044337059769609777e-01 7.274600000000000000e+04
6.451745636939620887e+00 6.891829049025497422e-01 7.491000000000000000e+04
6.535332270543387168e+00 6.802570690321174673e-01 7.572200000000000000e+04
6.618657564866837539e+00 6.692960018276812306e-01 7.837800000000000000e+04
6.702212180433519961e+00 6.525425524022241408e-01 8.003000000000000000e+04
6.786191243068122603e+00 6.477007286382324702e-01 8.318600000000000000e+04
6.870329797049675058e+00 6.334997132113244778e-01 8.466600000000000000e+04
6.954215636343825224e+00 6.234877532612714823e-01 8.654600000000000000e+04
7.037715222552200167e+00 6.180171581767535116e-01 8.813400000000000000e+04
7.121547123652851141e+00 6.055146240495750121e-01 9.153800000000000000e+04
7.205739076030694967e+00 5.975983302330949432e-01 9.313800000000000000e+04
7.289302542181411937e+00 5.801223647965664254e-01 9.447800000000000000e+04
7.372793876715714845e+00 5.757251263184407497e-01 9.727400000000000000e+04
7.456586915572077423e+00 5.690843176346674914e-01 9.969000000000000000e+04
7.540727827248953297e+00 5.600816584827956746e-01 1.025900000000000000e+05
7.624726881617420737e+00 5.486971261564036473e-01 1.037700000000000000e+05
7.708301923350904694e+00 5.422036324826509102e-01 1.063460000000000000e+05
7.792073165032958215e+00 5.317481327041070349e-01 1.085460000000000000e+05
7.875590320672460898e+00 5.223594235432509336e-01 1.107260000000000000e+05
7.958880214324710600e+00 5.157746117189865309e-01 1.123220000000000000e+05
8.042278060613545776e+00 5.102102815708862149e-01 1.158900000000000000e+05
8.126250835430456121e+00 5.037055533570212740e-01 1.187660000000000000e+05
8.210824555759154819e+00 4.959997173911265822e-01 1.222980000000000000e+05
8.294696919280857728e+00 4.894733777336391367e-01 1.220900000000000000e+05
8.378214005853156010e+00 4.824888162208886278e-01 1.258100000000000000e+05
8.461948826759577713e+00 4.728711105097901379e-01 1.281900000000000000e+05
8.545861947710649886e+00 4.668134251377925592e-01 1.309940000000000000e+05
8.629829098874107984e+00 4.594540410796278951e-01 1.337220000000000000e+05
8.713023247557901030e+00 4.533750378120192104e-01 1.338860000000000000e+05
8.796849353993154708e+00 4.465225263807653389e-01 1.405380000000000000e+05
8.881002087707511095e+00 4.384159241326087697e-01 1.405940000000000000e+05
8.964535889088320886e+00 4.346407557941139865e-01 1.435940000000000000e+05
9.048105822788635066e+00 4.286076812504271416e-01 1.463100000000000000e+05
9.132180668400087242e+00 4.204707465565881153e-01 1.506500000000000000e+05
9.216334598660838040e+00 4.168542728122490715e-01 1.519140000000000000e+05
9.299613914737928866e+00 4.109991859411465942e-01 1.533980000000000000e+05
9.383076732388492047e+00 4.040660374146428091e-01 1.578660000000000000e+05
9.466957230393353129e+00 3.983704904206450959e-01 1.606580000000000000e+05
9.551001051316637458e+00 3.942465328347612985e-01 1.641020000000000000e+05
9.634679246639796801e+00 3.901791031037492585e-01 1.649940000000000000e+05
9.718288892173823967e+00 3.841384631660288429e-01 1.698500000000000000e+05
9.802505942011645601e+00 3.814319240429861479e-01 1.729860000000000000e+05
9.886246832731625744e+00 3.734127363508804587e-01 1.738940000000000000e+05
9.969472609254763640e+00 3.699099956937514921e-01 1.767780000000000000e+05
1.005318027396082492e+01 3.658386338571633090e-01 1.818020000000000000e+05
1.013721967986819017e+01 3.599065363552567676e-01 1.844300000000000000e+05
1.022118987310401472e+01 3.540844702310378955e-01 1.872420000000000000e+05
1.030498422096843925e+01 3.495682079500657125e-01 1.902500000000000000e+05
1.038865882078979830e+01 3.456435078802513328e-01 1.925700000000000000e+05
1.047268788226501535e+01 3.425018379200419627e-01 1.982540000000000000e+05
1.055654632950225924e+01 3.376425919100942141e-01 1.980740000000000000e+05
1.063992052078719119e+01 3.343516069660975032e-01 2.020500000000000000e+05
1.072342911256288822e+01 3.288894390322235073e-01 2.055020000000000000e+05
1.080749260328197536e+01 3.237196260905889078e-01 2.106660000000000000e+05
1.089152249843396980e+01 3.179649177831339046e-01 2.124260000000000000e+05
1.097500894994265508e+01 3.158537237399377529e-01 2.139180000000000000e+05
1.105881433055313678e+01 3.111046354765287236e-01 2.209940000000000000e+05
1.114281828276192599e+01 3.072442085323353611e-01 2.215220000000000000e+05
1.122659733788113812e+01 3.044837247695679205e-01 2.263140000000000000e+05
1.131012447514301122e+01 2.996248113676559521e-01 2.272940000000000000e+05
1.139373484930237801e+01 2.957849281749813652e-01 2.329620000000000000e+05
1.147791394067837878e+01 2.927101488848615762e-01 2.378180000000000000e+05
1.156185784742859646e+01 2.902345486853916690e-01 2.383980000000000000e+05
1.164526414313828084e+01 2.854599569004797055e-01 2.414180000000000000e+05
1.172886164218967586e+01 2.818938195350420006e-01 2.468180000000000000e+05
1.181275347875375203e+01 2.796101959336710352e-01 2.499060000000000000e+05
1.189671322085345473e+01 2.755753230736311399e-01 2.547020000000000000e+05
1.198029048934881402e+01 2.729470730746251794e-01 2.544180000000000000e+05
1.206365990653934261e+01 2.700281395715065091e-01 2.603540000000000000e+05
1.214748108474901933e+01 2.656213439809189114e-01 2.649740000000000000e+05
1.223153606026712836e+01 2.614992213142206534e-01 2.687220000000000000e+05
1.231542001965392252e+01 2.594203855841391571e-01 2.715620000000000000e+05
1.239926409716702871e+01 2.564567242621177967e-01 2.755860000000000000e+05
1.248326015051037707e+01 2.540489545040865438e-01 2.801900000000000000e+05
1.256718685455069817e+01 2.505865576186031007e-01 2.828340000000000000e+05
1.265082197174950807e+01 2.473435801451765725e-01 2.851700000000000000e+05
1.273428587268279699e+01 2.446347982482769134e-01 2.898860000000000000e+05
1.281807023226541631e+01 2.413664120176993722e-01 2.944740000000000000e+05
1.290206485023277239e+01 2.394902522303988535e-01 2.994980000000000000e+05
1.298575992919460198e+01 2.365168363154174780e-01 2.999580000000000000e+05
1.306931912405511120e+01 2.345900201237175464e-01 3.058580000000000000e+05
1.315318219685355494e+01 2.318938297956202599e-01 3.107940000000000000e+05
1.323705861814894469e+01 2.290624191505739593e-01 3.130820000000000000e+05
1.332048160359036615e+01 2.268830625130519030e-01 3.160460000000000000e+05
1.340413568306796854e+01 2.232056887728184058e-01 3.222180000000000000e+05
1.348834415031892497e+01 2.196739361596898032e-01 3.285620000000000000e+05
1.357223692582022068e+01 2.177167177352968275e-01 3.279900000000000000e+05
1.365596921899284055e+01 2.157506358453480932e-01 3.352820000000000000e+05
1.373963436307014874e+01 2.131526577893859409e-01 3.359700000000000000e+05
1.382343705429599900e+01 2.114051837074863716e-01 3.440660000000000000e+05
1.390711149863252771e+01 2.092074753140655829e-01 3.437180000000000000e+05
1.399068915956085490e+01 2.068306131898332290e-01 3.514980000000000000e+05
1.407457417107653974e+01 2.048637021170350014e-01 3.544580000000000000e+05
1.415828609121325066e+01 2.021674531327566082e-01 3.585660000000000000e+05
1.424237336220074646e+01 2.004624440418767417e-01 3.661220000000000000e+05
1.432626910408441034e+01 1.981321416855744699e-01 3.658100000000000000e+05
1.440982740289316943e+01 1.947703244156696878e-01 3.716220000000000000e+05
1.449360652203593958e+01 1.935818421430585135e-01 3.759860000000000000e+05
1.457752620462352233e+01 1.916578559606981202e-01 3.821700000000000000e+05
1.466117163160900994e+01 1.890263121107438604e-01 3.818180000000000000e+05
1.474463287575832560e+01 1.871907278848177758e-01 3.895740000000000000e+05
1.482845711868307248e+01 1.851525868178146572e-01 3.936980000000000000e+05
1.491237841070789649e+01 1.828295895626073364e-01 3.994580000000000000e+05
1.499620866496918481e+01 1.812589269731640917e-01 4.022220000000000000e+05
1.507994836138688477e+01 1.794100358913993387e-01 4.069220000000000000e+05
1.516379282408116147e+01 1.777077966570746181e-01 4.128420000000000000e+05
1.524761722512787188e+01 1.759218895210258593e-01 4.153460000000000000e+05
1.533130230248727521e+01 1.742463768632087906e-01 4.211820000000000000e+05
1.541507266911158069e+01 1.725334831407140390e-01 4.250180000000000000e+05
1.549892481762436880e+01 1.698803696554235521e-01 4.311380000000000000e+05
1.558273938268929548e+01 1.684216024144646884e-01 4.343820000000000000e+05
1.566651671176344962e+01 1.671069138298211243e-01 4.395140000000000000e+05
1.575031981484862342e+01 1.655338016427649606e-01 4.447380000000000000e+05
1.583416892086091110e+01 1.637428890256398817e-01 4.489100000000000000e+05
1.591764294735933305e+01 1.620252804204448116e-01 4.506180000000000000e+05
1.600124935595454900e+01 1.601963534209255025e-01 4.595540000000000000e+05
1.608512904487886530e+01 1.593704890187127854e-01 4.631060000000000000e+05
1.616876949556501231e+01 1.575178624377534253e-01 4.670940000000000000e+05
1.625266743338817932e+01 1.567153403444238868e-01 4.749380000000000000e+05
1.633654374567825940e+01 1.551818892423499352e-01 4.771860000000000000e+05
1.642042984321098942e+01 1.529295222780448771e-01 4.846700000000000000e+05
1.650430813215196935e+01 1.516202824377322900e-01 4.870100000000000000e+05
1.658806163982228910e+01 1.509277211117057427e-01 4.933140000000000000e+05
1.667181213785922367e+01 1.483446450842396402e-01 4.963220000000000000e+05
1.675536991154071842e+01 1.476411794252364962e-01 5.017020000000000000e+05
1.683913447508381012e+01 1.461611213332887627e-01 5.085620000000000000e+05
1.692311298020776178e+01 1.449914540478996483e-01 5.142420000000000000e+05
1.700686144905196429e+01 1.432113113862421849e-01 5.161580000000000000e+05
1.709049155420597543e+01 1.421598229867088170e-01 5.226020000000000000e+05
1.717439277224682215e+01 1.404246885470491479e-01 5.306580000000000000e+05
1.725814853026401252e+01 1.395479184904215297e-01 5.300420000000000000e+05
1.734170556893915816e+01 1.383534689206091239e-01 5.388780000000000000e+05
1.742552850034927303e+01 1.371304450453016688e-01 5.441300000000000000e+05
1.750952480457216609e+01 1.356073627396544579e-01 5.511060000000000000e+05
1.759341560480224942e+01 1.341892651746807719e-01 5.539820000000000000e+05
1.767712435729064779e+01 1.331310782330960563e-01 5.582420000000000000e+05
1.776076343117287593e+01 1.326322113255607171e-01 5.645460000000000000e+05
1.784454054631641640e+01 1.307386257568002585e-01 5.704940000000000000e+05
1.792845105353852375e+01 1.299106179195231303e-01 5.767620000000000000e+05
1.801209972036178186e+01 1.286890477081942541e-01 5.782340000000000000e+05
1.809567309344786068e+01 1.284296424924786517e-01 5.856660000000000000e+05
1.817956183464563225e+01 1.274844298304639856e-01 5.944460000000000000e+05
1.826340905502171807e+01 1.258339720705585751e-01 5.952500000000000000e+05
1.834709571355303481e+01 1.251686142695914161e-01 6.034020000000000000e+05
1.843085110943905747e+01 1.236779582289234819e-01 6.073820000000000000e+05
1.851480068412604396e+01 1.231840726852077017e-01 6.170100000000000000e+05
1.859860661971084639e+01 1.220442034046285706e-01 6.167780000000000000e+05
1.868221647938244701e+01 1.210527208257435872e-01 6.247460000000000000e+05
1.876579237995989402e+01 1.196429204043549799e-01 6.280620000000000000e+05
1.884963901988879087e+01 1.189356447740886058e-01 6.394100000000000000e+05
1.893369965745856476e+01 1.176844129790000498e-01 6.429540000000000000e+05
1.901742857401997711e+01 1.169666610033840426e-01 6.459740000000000000e+05
1.910112637027143379e+01 1.159029666674317866e-01 6.534900000000000000e+05
1.918502635068278295e+01 1.151365393244908053e-01 6.607460000000000000e+05
1.926890203037728355e+01 1.143549653687827850e-01 6.646460000000000000e+05
1.935246098868276476e+01 1.135273831467577821e-01 6.672900000000000000e+05
1.943618849045804353e+01 1.129495517713398761e-01 6.790340000000000000e+05
1.952018257718143701e+01 1.118397202668143103e-01 6.827220000000000000e+05
1.960415156883808763e+01 1.109003655397996085e-01 6.912380000000000000e+05
1.968780213967107429e+01 1.101169357444503477e-01 6.886020000000000000e+05
1.977130146006852840e+01 1.090206748001643772e-01 7.008260000000000000e+05
1.985512331528093455e+01 1.085197968361623633e-01 7.056620000000000000e+05
1.993880107431200344e+01 1.074799063699685281e-01 7.100820000000000000e+05
2.002251725518269510e+01 1.068553464831289712e-01 7.191620000000000000e+05
2.010630955513293472e+01 1.058955520941502193e-01 7.222500000000000000e+05
2.019007442223688642e+01 1.050288636689860750e-01 7.315100000000000000e+05
2.027398194508671025e+01 1.045536448389689926e-01 7.364420000000000000e+05
2.035771674979394064e+01 1.031695447618970474e-01 7.408980000000000000e+05
2.044152563466510131e+01 1.025017500479898924e-01 7.501580000000000000e+05
2.052547738253136345e+01 1.015391514851642640e-01 7.548660000000000000e+05
2.060926466304059446e+01 1.008703041168414333e-01 7.608260000000000000e+05
2.069293271646331434e+01 9.998463950884385609e-02 7.640340000000000000e+05
2.077660952767816127e+01 9.936480215378770686e-02 7.738460000000000000e+05
2.086046447585410846e+01 9.880362583267709997e-02 7.797140000000000000e+05
2.094422637132597842e+01 9.793615224578421097e-02 7.843140000000000000e+05
2.102790782981232454e+01 9.735197060815677095e-02 7.913420000000000000e+05
2.111175111095767676e+01 9.643885294787218898e-02 7.994580000000000000e+05
2.119561700550019268e+01 9.603467694748323014e-02 8.049620000000000000e+05
2.127937100711389107e+01 9.526947841393365590e-02 8.095500000000000000e+05
2.136289745326768141e+01 9.432545610836699790e-02 8.134580000000000000e+05
2.144667254142469304e+01 9.373764959475562597e-02 8.274020000000000000e+05
2.153058491534557461e+01 9.307443991079122902e-02 8.286180000000000000e+05
2.161430784700606722e+01 9.256624827641418696e-02 8.369180000000000000e+05
2.169809863307213860e+01 9.147463766826358089e-02 8.428740000000000000e+05
2.178186593067481169e+01 9.087792860439541931e-02 8.493380000000000000e+05
2.186575916582538071e+01 9.011414987857153946e-02 8.589420000000000000e+05
2.194962160359613890e+01 8.980465927991190811e-02 8.609780000000000000e+05
2.203325540158240514e+01 8.907211418317122209e-02 8.683460000000000000e+05
2.211696572065634925e+01 8.830034306819142809e-02 8.751540000000000000e+05
2.220087575377320022e+01 8.762860360195166842e-02 8.862140000000000000e+05
2.228474039585551836e+01 8.741067816274597502e-02 8.873460000000000000e+05
2.236841599369833844e+01 8.673120131208755801e-02 8.949860000000000000e+05
2.245213244253936224e+01 8.615388167470484915e-02 9.027740000000000000e+05
2.253605783062562296e+01 8.536273631914431670e-02 9.121140000000000000e+05
2.261989945437744254e+01 8.480518927877460367e-02 9.150260000000000000e+05
2.270351066166404053e+01 8.404167339117223079e-02 9.201420000000000000e+05
2.278715713508673701e+01 8.358042837844523176e-02 9.297620000000000000e+05
2.287097660594199766e+01 8.299320516840176520e-02 9.376980000000000000e+05
2.295488194224081724e+01 8.232405687887531243e-02 9.447620000000000000e+05
2.303860513929442888e+01 8.158641929008472737e-02 9.482540000000000000e+05
2.312228457062805376e+01 8.122520385617923444e-02 9.568020000000000000e+05
2.320617376685280675e+01 8.093947093136211191e-02 9.676580000000000000e+05
2.329003399264521690e+01 8.015997601582754151e-02 9.697020000000000000e+05
2.337357919469360468e+01 7.939603405486146681e-02 9.740900000000000000e+05
2.345731333975463073e+01 7.906092846151979714e-02 9.884820000000000000e+05
2.354122291724928928e+01 7.863218552733181044e-02 9.919940000000000000e+05
2.362504362987735718e+01 7.799976180783792234e-02 1.001030000000000000e+06
2.370885391198929071e+01 7.757495866278781016e-02 1.005450000000000000e+06
2.379260301169920666e+01 7.678925669157118938e-02 1.013738000000000000e+06
2.387641752539325068e+01 7.652289115796068186e-02 1.021710000000000000e+06
2.396006283413669280e+01 7.595641468417176079e-02 1.023626000000000000e+06
2.404369052369119331e+01 7.547766914148405781e-02 1.035834000000000000e+06
2.412744270265975643e+01 7.503693422567174476e-02 1.040786000000000000e+06
2.421130645610579890e+01 7.451912749025356442e-02 1.053206000000000000e+06
2.429521424783694883e+01 7.406674283728886810e-02 1.057002000000000000e+06
2.437900296233815567e+01 7.382035507633251392e-02 1.063898000000000000e+06
2.446281552067134868e+01 7.317545643010416045e-02 1.072782000000000000e+06
2.454665130065617262e+01 7.284290544768109998e-02 1.078826000000000000e+06
2.463047584162671555e+01 7.220591756578137455e-02 1.087922000000000000e+06
2.471419351460140845e+01 7.182508856078070880e-02 1.090494000000000000e+06
2.479788214718918837e+01 7.139272498506395170e-02 1.101362000000000000e+06
2.488170400420547068e+01 7.122390976047979216e-02 1.109802000000000000e+06
2.496549235403784905e+01 7.070843350778904801e-02 1.114514000000000000e+06
2.504920530001442813e+01 7.015692786936150727e-02 1.123926000000000000e+06
2.513283563092806361e+01 6.974339462257968247e-02 1.125986000000000000e+06
2.521660986450314823e+01 6.949345253918923215e-02 1.143554000000000000e+06
2.530049631401849908e+01 6.886634360449371550e-02 1.144710000000000000e+06
2.538425619517014553e+01 6.851471202138961769e-02 1.154018000000000000e+06
2.546797442087663654e+01 6.808290109934636569e-02 1.159962000000000000e+06
2.555179862950599201e+01 6.775153721948853902e-02 1.170986000000000000e+06
2.563566659695771577e+01 6.713556308365205283e-02 1.178142000000000000e+06
2.571944164108739628e+01 6.692116498291160454e-02 1.182674000000000000e+06
2.580313161065491201e+01 6.654628439960638686e-02 1.191002000000000000e+06
2.588687615376169404e+01 6.614342275486113920e-02 1.200438000000000000e+06
2.597069394533787445e+01 6.559972400224473033e-02 1.208162000000000000e+06
2.605447746181266666e+01 6.533386326195754490e-02 1.215258000000000000e+06
2.613827689714214841e+01 6.511815827556460823e-02 1.224134000000000000e+06
2.622200471752001505e+01 6.473956654759986662e-02 1.228722000000000000e+06
2.630582756493424412e+01 6.441654025768328573e-02 1.243154000000000000e+06
2.638970859842403627e+01 6.396170807726463126e-02 1.245434000000000000e+06
2.647343381061754286e+01 6.345893056890049289e-02 1.255158000000000000e+06
2.655698325241876034e+01 6.307712859685730977e-02 1.255610000000000000e+06
2.664075450504598308e+01 6.288291928297805311e-02 1.277562000000000000e+06
2.672459372147013923e+01 6.244325823476515325e-02 1.274414000000000000e+06
2.680821970896530715e+01 6.210747168143863906e-02 1.285994000000000000e+06
2.689209948526767135e+01 6.164900938387312540e-02 1.299570000000000000e+06
2.697602180974090658e+01 6.143529561746133988e-02 1.302122000000000000e+06
2.705977866669492116e+01 6.104985421690054676e-02 1.311366000000000000e+06
2.714355250957160237e+01 6.066580191307367059e-02 1.319186000000000000e+06
2.722733732164337539e+01 6.028193421480842334e-02 1.327434000000000000e+06
2.731116896890260648e+01 5.991362618279899577e-02 1.337294000000000000e+06
2.739498431913932919e+01 5.964514692082548142e-02 1.342730000000000000e+06
2.747866248606565875e+01 5.917458693366504929e-02 1.350570000000000000e+06
2.756247715403146614e+01 5.890122395584879156e-02 1.362590000000000000e+06
2.764637310805850134e+01 5.851796915268912824e-02 1.369698000000000000e+06
2.773011678530099289e+01 5.823477868433953042e-02 1.374914000000000000e+06
2.781378843005491674e+01 5.805149337402516763e-02 1.383570000000000000e+06
2.789756235151989827e+01 5.760663785300571688e-02 1.395374000000000000e+06
2.798127266280637926e+01 5.732559181535496623e-02 1.396994000000000000e+06
2.806492737685106320e+01 5.707744322649890845e-02 1.411530000000000000e+06
2.814870503193753493e+01 5.669438927879603268e-02 1.417574000000000000e+06
2.823250074775065599e+01 5.637674342330879773e-02 1.428834000000000000e+06
2.831642233404170383e+01 5.609502452366822711e-02 1.439018000000000000e+06
2.840020570617993911e+01 5.568000936004631474e-02 1.440698000000000000e+06
2.848389726092145935e+01 5.555068451533325125e-02 1.453638000000000000e+06
2.856776121011519720e+01 5.523099135180049857e-02 1.463426000000000000e+06
2.865164489492480726e+01 5.502711711022739011e-02 1.471050000000000000e+06
2.873539589474718525e+01 5.449152060288303678e-02 1.476638000000000000e+06
2.881905011082294621e+01 5.419855102777698663e-02 1.484466000000000000e+06
2.890289666564224191e+01 5.412417296959539520e-02 1.501154000000000000e+06
2.898675583075823425e+01 5.371046017829055746e-02 1.501706000000000000e+06
2.907041462822719069e+01 5.349808915237955903e-02 1.511502000000000000e+06
2.915408726365921410e+01 5.308637930081815809e-02 1.520234000000000000e+06
2.923796120897216966e+01 5.280497969068605191e-02 1.535010000000000000e+06
2.932194067512791591e+01 5.262996336559631894e-02 1.543358000000000000e+06
2.940549908527842149e+01 5.235075592347471912e-02 1.535754000000000000e+06
2.948914753245385612e+01 5.214728744435398466e-02 1.564802000000000000e+06
2.957304635018217098e+01 5.176423653807520758e-02 1.563038000000000000e+06
2.965685577674422291e+01 5.154732170687761211e-02 1.578426000000000000e+06
2.974065415739138984e+01 5.121394837247594117e-02 1.581482000000000000e+06
2.982438208244756339e+01 5.103938020097346234e-02 1.592250000000000000e+06
2.990814462346290270e+01 5.061540204901918139e-02 1.602230000000000000e+06
2.999179253803364986e+01 5.038421192594005199e-02 1.604754000000000000e+06
3.007552250167938013e+01 5.020544398900371463e-02 1.623458000000000000e+06
3.015929945318985617e+01 4.995664663735222694e-02 1.624910000000000000e+06
3.024317724387088191e+01 4.969998045737641229e-02 1.645122000000000000e+06
3.032708974927541590e+01 4.952935425315933143e-02 1.645130000000000000e+06
3.041082986219728213e+01 4.924228225753848193e-02 1.655706000000000000e+06
3.049455718111865465e+01 4.896409333292054550e-02 1.663502000000000000e+06
3.057833311640947471e+01 4.868521409698754743e-02 1.675514000000000000e+06
3.066218988698510373e+01 4.853620936030304117e-02 1.685298000000000000e+06
3.074593400131612242e+01 4.820250437094496243e-02 1.689566000000000000e+06
3.082954800108083759e+01 4.795703941749859811e-02 1.697850000000000000e+06
3.091340329100726336e+01 4.775918676311254052e-02 1.718546000000000000e+06
3.099734458115560543e+01 4.762504128334211356e-02 1.719822000000000000e+06
3.108104211268131678e+01 4.717639861263789314e-02 1.726586000000000000e+06
3.116474017506268268e+01 4.696997528585211690e-02 1.739186000000000000e+06
3.124860491960577136e+01 4.678192554914595291e-02 1.751538000000000000e+06
3.133245639924944470e+01 4.656823020888910258e-02 1.758062000000000000e+06
3.141614165314989648e+01 4.630991085558221199e-02 1.763010000000000000e+06
3.149986843762323829e+01 4.617238355160847157e-02 1.778642000000000000e+06
3.158374575237114357e+01 4.596610086929198147e-02 1.788582000000000000e+06
3.166757685905628250e+01 4.560096874432370551e-02 1.794746000000000000e+06
3.175127242270840711e+01 4.543722428866128760e-02 1.803290000000000000e+06
3.183493768127625856e+01 4.525380071345037197e-02 1.811058000000000000e+06
3.191872412128418190e+01 4.504245578546433454e-02 1.828358000000000000e+06
3.200254088182548884e+01 4.478987582056415118e-02 1.831362000000000000e+06
3.208624583416585097e+01 4.446257221331504500e-02 1.842458000000000000e+06
3.216985045468992865e+01 4.435059113491189586e-02 1.846998000000000000e+06
3.225366180729682242e+01 4.418974022294959447e-02 1.869122000000000000e+06
3.233765415904546359e+01 4.389175823648729796e-02 1.876346000000000000e+06
3.242147166917477819e+01 4.369190378349416953e-02 1.879506000000000000e+06
3.250521364177109263e+01 4.346831729585923926e-02 1.893326000000000000e+06
3.258903135646705351e+01 4.328960118459838219e-02 1.901826000000000000e+06
3.267283891042598754e+01 4.308029690182126753e-02 1.911962000000000000e+06
3.275656545687176902e+01 4.292217699789183105e-02 1.919198000000000000e+06
3.284028897216405340e+01 4.264629609914197955e-02 1.930242000000000000e+06
3.292407909481060102e+01 4.249598009232708612e-02 1.942442000000000000e+06
3.300791314714884095e+01 4.225176737070727995e-02 1.951734000000000000e+06
3.309159612192946298e+01 4.203360022005705326e-02 1.955402000000000000e+06
3.317527509831469956e+01 4.181653721388660372e-02 1.971858000000000000e+06
3.325918497902951998e+01 4.173311109689264303e-02 1.984898000000000000e+06
3.334295821575950214e+01 4.149455418460930994e-02 1.986422000000000000e+06
3.342654734828448682e+01 4.129235552534734482e-02 1.996146000000000000e+06
3.351037342887956783e+01 4.108166755986051438e-02 2.017106000000000000e+06
3.359427408040616569e+01 4.094921845229080454e-02 2.020638000000000000e+06
3.367803200276182451e+01 4.082443232327064714e-02 2.029346000000000000e+06
3.376176475760377826e+01 4.060238013608021695e-02 2.041002000000000000e+06
3.384556024068987767e+01 4.042643237100587705e-02 2.051450000000000000e+06
3.392943862731982563e+01 4.021692296912801612e-02 2.065886000000000000e+06
3.401316073793102390e+01 3.993703776157082191e-02 2.064546000000000000e+06
3.409683565092651492e+01 3.988073338054882316e-02 2.082650000000000000e+06
3.418067820056463546e+01 3.970812932361007103e-02 2.095182000000000000e+06
3.426452747595791237e+01 3.954114038692343319e-02 2.101346000000000000e+06
3.434833014284325969e+01 3.923059648323795612e-02 2.115554000000000000e+06
3.443203124235204626e+01 3.914839616378670839e-02 2.115654000000000000e+06
3.451583832368878291e+01 3.896826029066829261e-02 2.141066000000000000e+06
3.459967647157123594e+01 3.880647994706012960e-02 2.139786000000000000e+06
3.468336677851701921e+01 3.863165129829820854e-02 2.152202000000000000e+06
3.476703662459563304e+01 3.841772507549445076e-02 2.161086000000000000e+06
3.485079141119982182e+01 3.833706264952496667e-02 2.176058000000000000e+06
3.493469094911589679e+01 3.808386296807859256e-02 2.190818000000000000e+06
3.501848352048630630e+01 3.790424044614765231e-02 2.191158000000000000e+06
3.510217190445873570e+01 3.777870818509292128e-02 2.205314000000000000e+06
3.518590052204110918e+01 3.772473146107023501e-02 2.215554000000000000e+06
3.526972008152505822e+01 3.744920142322876594e-02 2.230562000000000000e+06
3.535358280489406013e+01 3.731975409601833577e-02 2.239614000000000000e+06
3.543734301245718399e+01 3.718190752150993955e-02 2.245706000000000000e+06
3.552108420591096660e+01 3.695976651388652168e-02 2.259674000000000000e+06
3.560491832305918081e+01 3.688827250755977866e-02 2.273214000000000000e+06
3.568872971989096499e+01 3.666384724846651760e-02 2.278802000000000000e+06
3.577252693782853754e+01 3.652458194276980707e-02 2.294034000000000000e+06
3.585622772987016305e+01 3.636097135025634364e-02 2.294942000000000000e+06
3.593995275959117208e+01 3.615536188256619071e-02 2.317050000000000000e+06
3.602378342126661437e+01 3.608338406142131555e-02 2.322842000000000000e+06
3.610749766663753491e+01 3.595705127723838185e-02 2.330810000000000000e+06
3.619121788841196974e+01 3.582411082167711452e-02 2.345958000000000000e+06
3.627496111717408667e+01 3.566506798030749659e-02 2.353586000000000000e+06
3.635885812444738718e+01 3.551733906094158011e-02 2.376210000000000000e+06
3.644273392201400696e+01 3.531024281617787391e-02 2.374502000000000000e+06
3.652641744991137784e+01 3.517952041007464670e-02 2.386346000000000000e+06
3.661016014033436505e+01 3.502986737157239711e-02 2.401314000000000000e+06
3.669398691290277270e+01 3.487530518463995144e-02 2.411450000000000000e+06
3.677774381985167196e+01 3.471413233594330267e-02 2.420718000000000000e+06
3.686138554851707028e+01 3.460001186744410262e-02 2.425754000000000000e+06
3.694523717355003356e+01 3.441351427347795477e-02 2.455218000000000000e+06
3.702912076202591152e+01 3.428507347889097473e-02 2.450942000000000000e+06
3.711286081221152244e+01 3.406973956074466764e-02 2.467130000000000000e+06
3.719659289170933647e+01 3.409786278513572688e-02 2.474874000000000000e+06
3.728037743061396014e+01 3.385608761396937533e-02 2.490362000000000000e+06
3.736414988603355880e+01 3.378483701587019911e-02 2.498142000000000000e+06
3.744783805399919174e+01 3.358224512781751020e-02 2.507090000000000000e+06
3.753161101691400603e+01 3.345785945365823549e-02 2.525562000000000000e+06
3.761546135403383317e+01 3.327891135964991531e-02 2.534726000000000000e+06
3.769935325560689421e+01 3.327278289866371364e-02 2.549906000000000000e+06
3.778311936025185958e+01 3.309387720132775379e-02 2.551074000000000000e+06
3.786687078809468687e+01 3.297061768050128100e-02 2.570702000000000000e+06
3.795064463666300725e+01 3.282020313406679157e-02 2.574642000000000000e+06
3.803440609447214626e+01 3.267309770645773770e-02 2.594066000000000000e+06
3.811814086371019528e+01 3.252716271800314141e-02 2.594802000000000000e+06
3.820178798980870027e+01 3.234198772123597632e-02 2.612030000000000000e+06
3.828560811267899311e+01 3.228427954313507764e-02 2.627954000000000000e+06
3.836951251943626318e+01 3.213813121543613455e-02 2.640402000000000000e+06
3.845325058191693302e+01 3.202979069482186913e-02 2.641454000000000000e+06
3.853698693832188127e+01 3.186840879728037451e-02 2.661834000000000000e+06
3.862077159000941151e+01 3.173532463945288873e-02 2.669138000000000000e+06
3.870457670799984129e+01 3.159705338699476951e-02 2.684858000000000000e+06
3.878838821765087630e+01 3.148820220887112165e-02 2.693910000000000000e+06
3.887209621917875069e+01 3.139852726468177896e-02 2.701682000000000000e+06
3.895591542408336494e+01 3.121907077556894047e-02 2.722698000000000000e+06
3.903970887964025138e+01 3.109857820550831695e-02 2.725262000000000000e+06
3.912346331692578616e+01 3.101095450691899319e-02 2.742450000000000000e+06
3.920722022882489455e+01 3.091529708438641930e-02 2.749850000000000000e+06
3.929096167025848274e+01 3.075890873663393588e-02 2.763902000000000000e+06
3.937477582870144488e+01 3.066341677679811084e-02 2.778498000000000000e+06
3.945853348853739817e+01 3.055311118483191105e-02 2.784530000000000000e+06
3.954233958622901213e+01 3.045845705814972590e-02 2.804106000000000000e+06
3.962614167438038493e+01 3.031535497314745767e-02 2.809790000000000000e+06
3.970993126399375228e+01 3.026029963367123793e-02 2.825058000000000000e+06
3.979370981757821824e+01 3.011708234397546952e-02 2.834330000000000000e+06
3.987739384873901116e+01 2.991215134418382521e-02 2.842022000000000000e+06
3.996117667276756436e+01 2.988855838494335060e-02 2.864754000000000000e+06
4.004492516549280623e+01 2.969887212283001121e-02 2.864186000000000000e+06
4.012855808612199127e+01 2.957492388970036148e-02 2.879538000000000000e+06
4.021232606561892453e+01 2.949677659138582805e-02 2.899454000000000000e+06
4.029612165501635701e+01 2.941013408157952883e-02 2.904258000000000000e+06
4.038001132021844342e+01 2.924645107267883487e-02 2.930234000000000000e+06
4.046390852562252860e+01 2.917897383399225761e-02 2.929526000000000000e+06
4.054763900150392431e+01 2.905699001458652078e-02 2.942442000000000000e+06
4.063145608459510072e+01 2.893738590537724142e-02 2.960810000000000000e+06
4.071526030907864424e+01 2.880354551875003929e-02 2.964954000000000000e+06
4.079900478702403177e+01 2.869651434041953567e-02 2.980910000000000000e+06
4.088275457861616502e+01 2.858059460400578025e-02 2.990978000000000000e+06
4.096655105273664077e+01 2.850448950434661746e-02 3.007626000000000000e+06
4.105038513816533197e+01 2.844434367388212759e-02 3.019166000000000000e+06
4.113408523972015018e+01 2.830734054182431139e-02 3.021090000000000000e+06
4.121781406084166122e+01 2.823036837390094020e-02 3.047834000000000000e+06
4.130168682692630000e+01 2.806768189613135372e-02 3.055590000000000000e+06
4.138552055246827877e+01 2.802225233465621690e-02 3.068546000000000000e+06
4.146914580625471558e+01 2.790207607797673059e-02 3.067274000000000000e+06
4.155286483985596391e+01 2.774470178172907045e-02 3.098058000000000000e+06
4.163678262996631929e+01 2.771141979130416905e-02 3.109214000000000000e+06
4.172055837336933592e+01 2.761270588153029448e-02 3.110466000000000000e+06
4.180418530575715153e+01 2.752224848529463350e-02 3.124370000000000000e+06
4.188792938967822010e+01 2.740305860140055880e-02 3.144174000000000000e+06
4.197185143918973438e+01 2.730436303941060142e-02 3.161738000000000000e+06
4.205562120233136625e+01 2.719710970951520757e-02 3.159890000000000000e+06
4.213924809800760585e+01 2.711715550804659480e-02 3.174138000000000000e+06
4.222299900062201061e+01 2.700044672107551960e-02 3.195926000000000000e+06
4.230691259953752592e+01 2.688899600125926881e-02 3.211386000000000000e+06
4.239080419001594890e+01 2.684289116019748442e-02 3.219314000000000000e+06
4.247453173762828271e+01 2.669734223269365839e-02 3.225494000000000000e+06
4.255825514774046070e+01 2.663277429236510924e-02 3.242562000000000000e+06
4.264203760174468272e+01 2.650262523216012633e-02 3.257450000000000000e+06
4.272584885369760599e+01 2.640017076089024722e-02 3.269118000000000000e+06
4.280959719993285262e+01 2.628490134357854696e-02 3.278930000000000000e+06
4.289324318419027549e+01 2.619057161167145584e-02 3.286650000000000000e+06
4.297705827639556730e+01 2.613025093770446339e-02 3.316610000000000000e+06
4.306095862027344623e+01 2.602787255888981341e-02 3.321542000000000000e+06
4.314470017730990747e+01 2.595511272005643355e-02 3.328578000000000000e+06
4.322841833920695365e+01 2.585705830050396420e-02 3.345074000000000000e+06
4.331221280300484722e+01 2.577255644563471865e-02 3.361686000000000000e+06
4.339600564024804896e+01 2.574004992103206060e-02 3.369722000000000000e+06
4.347974363439671208e+01 2.558159945307491787e-02 3.385290000000000000e+06
4.356345928354124908e+01 2.549181129233908313e-02 3.391370000000000000e+06
4.364729720955297410e+01 2.542664433783449821e-02 3.422966000000000000e+06
4.373115315531980229e+01 2.540141433214077732e-02 3.419538000000000000e+06
4.381493905452369830e+01 2.525209396218356869e-02 3.441890000000000000e+06
4.389872523281321293e+01 2.519969068175898635e-02 3.447582000000000000e+06
4.398251255205818921e+01 2.514256113438602044e-02 3.466298000000000000e+06
4.406617792368100339e+01 2.505279611080625871e-02 3.466194000000000000e+06
4.414985739731598358e+01 2.494500160292114146e-02 3.492062000000000000e+06
4.423365509751261726e+01 2.484689559417706597e-02 3.503114000000000000e+06
4.431743535943839873e+01 2.478219822975788120e-02 3.517146000000000000e+06
4.440128818884537765e+01 2.470518352628866751e-02 3.535706000000000000e+06
4.448508296177932664e+01 2.461495825472590979e-02 3.539742000000000000e+06
4.456885234203693358e+01 2.452715194222718567e-02 3.558698000000000000e+06
4.465264802091896712e+01 2.445386495195402132e-02 3.570122000000000000e+06
4.473644622434472495e+01 2.436588938919003605e-02 3.585174000000000000e+06
4.482021824979281632e+01 2.426528747905719666e-02 3.594314000000000000e+06
4.490398202217085810e+01 2.415531841510213176e-02 3.612258000000000000e+06
4.498774280518412638e+01 2.410612453670736219e-02 3.620282000000000000e+06
4.507149734910000660e+01 2.404272069395050129e-02 3.639078000000000000e+06
4.515529297823018595e+01 2.393713018258022962e-02 3.650450000000000000e+06
4.523902846367590058e+01 2.382951000814438614e-02 3.661418000000000000e+06
4.532276621440631459e+01 2.376507874227709247e-02 3.677694000000000000e+06
4.540659498183919851e+01 2.366287590185872300e-02 3.695978000000000000e+06
4.549038911701224919e+01 2.361750476327437870e-02 3.702810000000000000e+06
4.557410966326897750e+01 2.354907134363356733e-02 3.716162000000000000e+06
4.565793696688335501e+01 2.346722853088719155e-02 3.740094000000000000e+06
4.574173843524599192e+01 2.338213101858510265e-02 3.740954000000000000e+06
4.582547478172923405e+01 2.332977070463122804e-02 3.760946000000000000e+06
4.590929711238214850e+01 2.326710781009232176e-02 3.778278000000000000e+06
4.599310280186580258e+01 2.314559751825797165e-02 3.784922000000000000e+06
4.607688639180540946e+01 2.306310107493142469e-02 3.805266000000000000e+06
4.616063101354097853e+01 2.299209332781117221e-02 3.807686000000000000e+06
4.624436942972255338e+01 2.289235763266573090e-02 3.833130000000000000e+06
4.632816561691868174e+01 2.285666729699747241e-02 3.841898000000000000e+06
4.641196129135185799e+01 2.276042155360420705e-02 3.858074000000000000e+06
4.649571801764231793e+01 2.269414239408173647e-02 3.868974000000000000e+06
4.657948645014587896e+01 2.263902428847041834e-02 3.885362000000000000e+06
4.666325999921161838e+01 2.255096144719864401e-02 3.898290000000000000e+06
4.674697547192801039e+01 2.250850579960658390e-02 3.907334000000000000e+06
4.683072173641968305e+01 2.241299192105336915e-02 3.928730000000000000e+06
4.691446189628213403e+01 2.233260128939056413e-02 3.936666000000000000e+06
4.699827322710461885e+01 2.229213094488590244e-02 3.961346000000000000e+06
4.708217871422302636e+01 2.221667442930608943e-02 3.975774000000000000e+06
4.716589473736966198e+01 2.213457705852186347e-02 3.970106000000000000e+06
4.724959391401483799e+01 2.205997645303597182e-02 4.003170000000000000e+06
4.733350973396914441e+01 2.197536590154937700e-02 4.019558000000000000e+06
4.741737489397687000e+01 2.191506426179973266e-02 4.025642000000000000e+06
4.750102508416132707e+01 2.183773400998482300e-02 4.028514000000000000e+06
4.758473935413621803e+01 2.176623348769940805e-02 4.059398000000000000e+06
4.766858047678197607e+01 2.167260894238702898e-02 4.069674000000000000e+06
4.775237318701866229e+01 2.164134344349166045e-02 4.083698000000000000e+06
4.783614223730733528e+01 2.158357912353700905e-02 4.095210000000000000e+06
4.791988477564692772e+01 2.147363559166995395e-02 4.110518000000000000e+06
4.800366129648494962e+01 2.138949993639216451e-02 4.126850000000000000e+06
4.808744142773208807e+01 2.134164889541688773e-02 4.140114000000000000e+06
4.817110232480672494e+01 2.127217513519317690e-02 4.144070000000000000e+06
4.825485274724985629e+01 2.119429692787157954e-02 4.175802000000000000e+06
4.833872299292310970e+01 2.111815747494795448e-02 4.187882000000000000e+06
4.842255725586751680e+01 2.107962731440138002e-02 4.199250000000000000e+06
4.850630187404113514e+01 2.100170327149761956e-02 4.209326000000000000e+06
4.858999639143207361e+01 2.096722544367416591e-02 4.222130000000000000e+06
4.867384483565692932e+01 2.087295723778388734e-02 4.254258000000000000e+06
4.875769224302769089e+01 2.078618741531408284e-02 4.252478000000000000e+06
4.884143621730927975e+01 2.074483967550503488e-02 4.270698000000000000e+06
4.892512148497165470e+01 2.065399549147967084e-02 4.278122000000000000e+06
4.900892230640665304e+01 2.059772680525153929e-02 4.309898000000000000e+06
4.909279727729246190e+01 2.055983656752718991e-02 4.317150000000000000e+06
4.917658902282833111e+01 2.050193331902132668e-02 4.329698000000000000e+06
4.926033292271002750e+01 2.040553276899373381e-02 4.340826000000000000e+06
4.934406271597697469e+01 2.035752286912301257e-02 4.359590000000000000e+06
4.942786942454267773e+01 2.029572673555182435e-02 4.376850000000000000e+06
4.951163660913012876e+01 2.021775744846779008e-02 4.386674000000000000e+06
4.959537064322362454e+01 2.015455757463681732e-02 4.401782000000000000e+06
4.967912864452078736e+01 2.011126034121483303e-02 4.419210000000000000e+06
4.976302285605961373e+01 2.003885635036867577e-02 4.446482000000000000e+06
4.984679555031132736e+01 1.998342540751392102e-02 4.435554000000000000e+06
4.993048951567210025e+01 1.987969369484982388e-02 4.468934000000000000e+06
5.001430369328628700e+01 1.985121241052784438e-02 4.477650000000000000e+06
5.009804997751299283e+01 1.975789021764251877e-02 4.491218000000000000e+06
5.018180817023257134e+01 1.969421863242341517e-02 4.510358000000000000e+06
5.026555467483886730e+01 1.963523872138103060e-02 4.518594000000000000e+06
5.034932929965401627e+01 1.958620857441367019e-02 4.544474000000000000e+06
5.043314274443673639e+01 1.953524541046787466e-02 4.552098000000000000e+06
5.051694656824865604e+01 1.945313507515863266e-02 4.574990000000000000e+06
5.060070317211172153e+01 1.938635926688965505e-02 4.577210000000000000e+06
5.068450311949373344e+01 1.932614794086002716e-02 4.608186000000000000e+06
5.076830552879421532e+01 1.927233012822876512e-02 4.610198000000000000e+06
5.085203760345422808e+01 1.925634318092556835e-02 4.628898000000000000e+06
5.093575226312647430e+01 1.917866346201496652e-02 4.641170000000000000e+06
5.101951343050671994e+01 1.909865766734399062e-02 4.662462000000000000e+06
5.110336122884794463e+01 1.904014197174716538e-02 4.681442000000000000e+06
5.118714481371458902e+01 1.897753967703744854e-02 4.687850000000000000e+06
5.127091424446887657e+01 1.892343424878600161e-02 4.708818000000000000e+06
5.135469924049539969e+01 1.887961458871205769e-02 4.721534000000000000e+06
5.143843993862709851e+01 1.881187411124985928e-02 4.732770000000000000e+06
5.152216658975088848e+01 1.877327899652160917e-02 4.753346000000000000e+06
5.160598440853397051e+01 1.868644863139408765e-02 4.772886000000000000e+06
5.168981741401837837e+01 1.865680833495991092e-02 4.785098000000000000e+06
5.177356447071306889e+01 1.857821960249773224e-02 4.795394000000000000e+06
5.185730232527625816e+01 1.855577847806370861e-02 4.813986000000000000e+06
5.194107935484009886e+01 1.849967397572845063e-02 4.832654000000000000e+06
5.202490667435973393e+01 1.844475076051241280e-02 4.849362000000000000e+06
5.210868095349635354e+01 1.835720941819006524e-02 4.858322000000000000e+06
5.219237170547263815e+01 1.832116303579793895e-02 4.871286000000000000e+06
5.227611083067326803e+01 1.829620532111385020e-02 4.894370000000000000e+06
5.235994615653599027e+01 1.824205754733297311e-02 4.914650000000000000e+06
5.244373166816935594e+01 1.814350903558743094e-02 4.919658000000000000e+06
5.252748123941858438e+01 1.810378967459777555e-02 4.941638000000000000e+06
5.261134589434708886e+01 1.807207669714620824e-02 4.965954000000000000e+06
5.269521206408813185e+01 1.802908439801116994e-02 4.971770000000000000e+06
5.277896901694624177e+01 1.794962092349281987e-02 4.985702000000000000e+06
5.286266857352105575e+01 1.791722576633494185e-02 4.996314000000000000e+06
5.294640341831683372e+01 1.789346477018309220e-02 5.021258000000000000e+06
5.303021775002165583e+01 1.782866376102269085e-02 5.038470000000000000e+06
5.311400309404636033e+01 1.777064315984526119e-02 5.048570000000000000e+06
5.319775683044129977e+01 1.771225269772638139e-02 5.067786000000000000e+06
5.328156050139634914e+01 1.766053774613022403e-02 5.084402000000000000e+06
5.336537944009935330e+01 1.761740684897530190e-02 5.104238000000000000e+06
5.344909076355964572e+01 1.754302388428602075e-02 5.101890000000000000e+06
5.353274980864298271e+01 1.750610190835765953e-02 5.129594000000000000e+06
5.361652741907572306e+01 1.746263347757252490e-02 5.149086000000000000e+06
5.370036803481900023e+01 1.741472907622879790e-02 5.168834000000000000e+06
5.378411931263232049e+01 1.737217615073431351e-02 5.172306000000000000e+06
5.386787911426733189e+01 1.733284397288207754e-02 5.199218000000000000e+06
5.395171053261064742e+01 1.726240393888902810e-02 5.215430000000000000e+06
5.403552341818755167e+01 1.720048003075501375e-02 5.229066000000000000e+06
5.411930966280981892e+01 1.717013518132225539e-02 5.244530000000000000e+06
5.420310623088808200e+01 1.711686215173470124e-02 5.262870000000000000e+06
5.428687797633128298e+01 1.709333562602013967e-02 5.272562000000000000e+06
5.437059000272792275e+01 1.701299856590558421e-02 5.290098000000000000e+06
5.445438292064761754e+01 1.696982524747109658e-02 5.314358000000000000e+06
5.453817357817165856e+01 1.692399871018910110e-02 5.322098000000000000e+06
5.462191391265187690e+01 1.686562364141271780e-02 5.341026000000000000e+06
5.470574839778488041e+01 1.682786278302873112e-02 5.366858000000000000e+06
5.478957820011191160e+01 1.679248746423336533e-02 5.374422000000000000e+06
5.487325233531556989e+01 1.670047991903647264e-02 5.377730000000000000e+06
5.495693777444145667e+01 1.670681853473853992e-02 5.409410000000000000e+06
5.504079324798536987e+01 1.667142805254090421e-02 5.434014000000000000e+06
5.512463725720744634e+01 1.658927072466363437e-02 5.438882000000000000e+06
5.520838230798631230e+01 1.655899285177279967e-02 5.456178000000000000e+06
5.529211818919988275e+01 1.650985182224520495e-02 5.469242000000000000e+06
5.537590084708213567e+01 1.646867353771914663e-02 5.496174000000000000e+06
5.545970250157947135e+01 1.644115098818824117e-02 5.505530000000000000e+06
5.554345593241417589e+01 1.639610416807789350e-02 5.521202000000000000e+06
5.562722599968277848e+01 1.632696620035331211e-02 5.544126000000000000e+06
5.571106574931954469e+01 1.628637172115064008e-02 5.560106000000000000e+06
5.579489681241283705e+01 1.625656766185391150e-02 5.579754000000000000e+06
5.587861135027205250e+01 1.622761356381595757e-02 5.576270000000000000e+06
5.596227869248815523e+01 1.614865033418118323e-02 5.607138000000000000e+06
5.604605490018689551e+01 1.611142830717582353e-02 5.625026000000000000e+06
5.612988549745008982e+01 1.608378582491927153e-02 5.646698000000000000e+06
5.621362959957109950e+01 1.600949393543355317e-02 5.649126000000000000e+06
5.629735936314713030e+01 1.595085103165121143e-02 5.676434000000000000e+06
5.638111093238607907e+01 1.592656478739561468e-02 5.687418000000000000e+06
5.646491330475247850e+01 1.588771611034617975e-02 5.715830000000000000e+06
5.654876814812010366e+01 1.585117783472764913e-02 5.729210000000000000e+06
5.663258263827167838e+01 1.580852460189228342e-02 5.744802000000000000e+06
5.671632516703846960e+01 1.575031718552737103e-02 5.752154000000000000e+06
5.680011671459879352e+01 1.570116212082092039e-02 5.786382000000000000e+06
5.688389263218638092e+01 1.565657067179839629e-02 5.784146000000000000e+06
5.696761333628059276e+01 1.562610490600201824e-02 5.812146000000000000e+06
5.705141482279697840e+01 1.556619485620134961e-02 5.830166000000000000e+06
5.713521979053699340e+01 1.553986615505016308e-02 5.845850000000000000e+06
5.721899988862497821e+01 1.549163206522647697e-02 5.862834000000000000e+06
5.730276065749892922e+01 1.543847799275910142e-02 5.876066000000000000e+06
5.738658072494894924e+01 1.539797419644982693e-02 5.905854000000000000e+06
5.747033854138127396e+01 1.536600686659074164e-02 5.902274000000000000e+06
5.755404320198995549e+01 1.532530335470148018e-02 5.931258000000000000e+06
5.763786088500113891e+01 1.528787066122627714e-02 5.954966000000000000e+06
5.772168689184871937e+01 1.523006010464439050e-02 5.965346000000000000e+06
5.780542390816484755e+01 1.519873660422582304e-02 5.977818000000000000e+06
5.788919481506992071e+01 1.514591187920898314e-02 6.004718000000000000e+06
5.797296764258877033e+01 1.512190991417411250e-02 6.011706000000000000e+06
5.805676572471379870e+01 1.506873814253602110e-02 6.045770000000000000e+06
5.814055249019818916e+01 1.503691844120070426e-02 6.041586000000000000e+06
5.822426884065264829e+01 1.498471796876620944e-02 6.073166000000000000e+06
5.830801143894821337e+01 1.494620915544463136e-02 6.078962000000000000e+06
5.839179348518767654e+01 1.490549578951362586e-02 6.114258000000000000e+06
5.847563320096768535e+01 1.486899079565434829e-02 6.123086000000000000e+06
5.855940559056421790e+01 1.482201370794408030e-02 6.136770000000000000e+06
5.864312986406115868e+01 1.480773295308874388e-02 6.154898000000000000e+06
5.872691618099295141e+01 1.476169903101182818e-02 6.178610000000000000e+06
5.881074605381682829e+01 1.472411201742760724e-02 6.197982000000000000e+06
5.889452775266784812e+01 1.468064555110919385e-02 6.205322000000000000e+06
5.897820624464253569e+01 1.463359006287336117e-02 6.218850000000000000e+06
5.906193882171498899e+01 1.459382943582105546e-02 6.249542000000000000e+06
5.914581769547044132e+01 1.455906932393667523e-02 6.274146000000000000e+06
5.922958931907525226e+01 1.452691140150571582e-02 6.270242000000000000e+06
5.931332997041383948e+01 1.448435568565230487e-02 6.305222000000000000e+06
5.939720085577238962e+01 1.446377700660835160e-02 6.325026000000000000e+06
5.948100889852511841e+01 1.442604162093279012e-02 6.331922000000000000e+06
5.956471613659441999e+01 1.438753665448765096e-02 6.343698000000000000e+06
5.964845862620573058e+01 1.433395479178711969e-02 6.375158000000000000e+06
5.973228913798572393e+01 1.429716986721896524e-02 6.392178000000000000e+06
5.981613483281306287e+01 1.424860798499756609e-02 6.412826000000000000e+06
5.989983628638534441e+01 1.423246778796824312e-02 6.407078000000000000e+06
5.998354593341024810e+01 1.418131530559926454e-02 6.447954000000000000e+06
6.006732017453211370e+01 1.416034850618631304e-02 6.456026000000000000e+06
6.015110308456534227e+01 1.412943476731223606e-02 6.482034000000000000e+06
6.023487576375092800e+01 1.407732225024095618e-02 6.492878000000000000e+06
6.031854815155540450e+01 1.405297034838422394e-02 6.502074000000000000e+06
6.040231820814047836e+01 1.399738319644257267e-02 6.542930000000000000e+06
6.048619149078142954e+01 1.396227605383157724e-02 6.556598000000000000e+06
6.057002313574071195e+01 1.393303304400235476e-02 6.570330000000000000e+06
6.065376810047506950e+01 1.392358812608612481e-02 6.581882000000000000e+06
6.073756420085517505e+01 1.389248842276484715e-02 6.612546000000000000e+06
6.082141567455345665e+01 1.385526824994697155e-02 6.628622000000000000e+06
6.090514234048841757e+01 1.382675274771935983e-02 6.629498000000000000e+06
6.098884297909804530e+01 1.378731534144235493e-02 6.659250000000000000e+06
6.107265833278380995e+01 1.373091681154638491e-02 6.686006000000000000e+06
6.115647229221500680e+01 1.371389683282375586e-02 6.693786000000000000e+06
6.124020013407199059e+01 1.366771996843055975e-02 6.711554000000000000e+06
6.132397015888409442e+01 1.363059354418367369e-02 6.735678000000000000e+06
6.140778371898139198e+01 1.359250208260730231e-02 6.754754000000000000e+06
6.149161336268995370e+01 1.355511411931109578e-02 6.776570000000000000e+06
6.157529526004137210e+01 1.353440112988840358e-02 6.767394000000000000e+06
6.165900873058907194e+01 1.349242830377490182e-02 6.818246000000000000e+06
6.174288766441307530e+01 1.344314027528042445e-02 6.830562000000000000e+06
6.182665952315910829e+01 1.342481126408903193e-02 6.839186000000000000e+06
6.191039080757094126e+01 1.336885500859729195e-02 6.861462000000000000e+06
6.199415856355579280e+01 1.334519551133263489e-02 6.880394000000000000e+06
6.207797355802108541e+01 1.331457402900287391e-02 6.907178000000000000e+06
6.216178327842871454e+01 1.327725533263245453e-02 6.917034000000000000e+06
6.224554921344719816e+01 1.326150483883242401e-02 6.937934000000000000e+06
6.232927607046118368e+01 1.319026300874446764e-02 6.947250000000000000e+06
6.241305190096788635e+01 1.315741983865613071e-02 6.982106000000000000e+06
6.249687645512552336e+01 1.313720585935568112e-02 6.995718000000000000e+06
6.258064170622748179e+01 1.311646600345213291e-02 7.006682000000000000e+06
6.266440662937605310e+01 1.305572450143308721e-02 7.035866000000000000e+06
6.274824199582823780e+01 1.304241428046911538e-02 7.054110000000000000e+06
6.283199090147090971e+01 1.299787974200737432e-02 7.059194000000000000e+06
6.291572577777267838e+01 1.296274249125962605e-02 7.091802000000000000e+06
6.299950490706926587e+01 1.294313008807906201e-02 7.100666000000000000e+06
6.308326060911409883e+01 1.290720598899996671e-02 7.129070000000000000e+06
6.316706167546203687e+01 1.287376114368717420e-02 7.143282000000000000e+06
6.325081775835399611e+01 1.284850044830106348e-02 7.161482000000000000e+06
6.333459649360765553e+01 1.281753005068831004e-02 7.184694000000000000e+06
6.341840994349242777e+01 1.278552360563993233e-02 7.203914000000000000e+06
6.350218860420231692e+01 1.275860977311390164e-02 7.219746000000000000e+06
6.358591171155190835e+01 1.272594453011454026e-02 7.228634000000000000e+06
6.366969655684319918e+01 1.271136966978777399e-02 7.271990000000000000e+06
6.375349060172221982e+01 1.266670819981488214e-02 7.266786000000000000e+06
6.383719372019321980e+01 1.261612198624831316e-02 7.293650000000000000e+06
6.392099470213435808e+01 1.257718582564431968e-02 7.324086000000000000e+06
6.400484279407517363e+01 1.255804030714095798e-02 7.338650000000000000e+06
6.408861999749028371e+01 1.252511425691536437e-02 7.351962000000000000e+06
6.417229612994540844e+01 1.249683876418850210e-02 7.357190000000000000e+06
6.425605879444056256e+01 1.246968142700244017e-02 7.406042000000000000e+06
6.433988393301267195e+01 1.245413749796520954e-02 7.408626000000000000e+06
6.442367029324670114e+01 1.240562832941749169e-02 7.435610000000000000e+06
6.450748324658101751e+01 1.238202106629304571e-02 7.453542000000000000e+06
6.459124568032603975e+01 1.235120226890346409e-02 7.464002000000000000e+06
6.467501288660652392e+01 1.232687539550701358e-02 7.493546000000000000e+06
6.475881521758512349e+01 1.230460173814900728e-02 7.510806000000000000e+06
6.484263399504560255e+01 1.228181507210326234e-02 7.532114000000000000e+06
6.492635913209637977e+01 1.225324483190145045e-02 7.536234000000000000e+06
6.501006936798864899e+01 1.221496202533653257e-02 7.565834000000000000e+06
6.509392229039096378e+01 1.219302437787564940e-02 7.603062000000000000e+06
6.517772196392721185e+01 1.215673060842335264e-02 7.593890000000000000e+06
6.526142058723507944e+01 1.211438631474663283e-02 7.622906000000000000e+06
6.534517830398021943e+01 1.209673144723251610e-02 7.646622000000000000e+06
6.542900729312344765e+01 1.205857997945270974e-02 7.672058000000000000e+06
6.551278416460007747e+01 1.203730536591267157e-02 7.679346000000000000e+06
6.559647719167602986e+01 1.200015528610339291e-02 7.693058000000000000e+06
6.568023267700554868e+01 1.196808005442982596e-02 7.732158000000000000e+06
6.576407041868029069e+01 1.195795868916098986e-02 7.746962000000000000e+06
6.584790554620231262e+01 1.192655221776232899e-02 7.770986000000000000e+06
6.593165659051061311e+01 1.189326558904202705e-02 7.772094000000000000e+06
6.601538669843424145e+01 1.187503467853812111e-02 7.803818000000000000e+06
6.609922025384089750e+01 1.184002101549614001e-02 7.834338000000000000e+06
6.618301023603952160e+01 1.180252157023939028e-02 7.833710000000000000e+06
6.626672060487214821e+01 1.178243065189137073e-02 7.858794000000000000e+06
6.635048507599255174e+01 1.175251572272201922e-02 7.884290000000000000e+06
6.643426875367799767e+01 1.174642662989484887e-02 7.901522000000000000e+06
6.651807873232911561e+01 1.169795649625466477e-02 7.930662000000000000e+06
6.660185985560055144e+01 1.168140778236510108e-02 7.934426000000000000e+06
6.668562382265275801e+01 1.165870688733303302e-02 7.967322000000000000e+06
6.676942026161709975e+01 1.162012983006373984e-02 7.981934000000000000e+06
6.685320269733495024e+01 1.159432155458223375e-02 8.003282000000000000e+06
6.693696242872526625e+01 1.156087052908437787e-02 8.019666000000000000e+06
6.702068906058376285e+01 1.153467038229720291e-02 8.034482000000000000e+06
6.710445310107799344e+01 1.150496156864524132e-02 8.068542000000000000e+06
6.718828268521988889e+01 1.148948626656561695e-02 8.088290000000000000e+06
6.727206109048030669e+01 1.145089689336713581e-02 8.096322000000000000e+06
6.735579430891966979e+01 1.143188419604892342e-02 8.122646000000000000e+06
6.743961125358514153e+01 1.139717473188797507e-02 8.150138000000000000e+06
6.752341891245190197e+01 1.137938417339818403e-02 8.165322000000000000e+06
6.760720172037214581e+01 1.135810076389165597e-02 8.182574000000000000e+06
6.769097252970632894e+01 1.131451061765072208e-02 8.203698000000000000e+06
6.777475243391891979e+01 1.129872806042460202e-02 8.226914000000000000e+06
6.785855826576356264e+01 1.128351532903644656e-02 8.246898000000000000e+06
6.794231789994282167e+01 1.125788594253486138e-02 8.261774000000000000e+06
6.802605414573208975e+01 1.120992472032481500e-02 8.279426000000000000e+06
6.810980773894759466e+01 1.117403814479531188e-02 8.308722000000000000e+06
6.819359660124744948e+01 1.116628833344903218e-02 8.326214000000000000e+06
6.827735201528211917e+01 1.113468834872286851e-02 8.342682000000000000e+06
6.836106940010131439e+01 1.111093458947995036e-02 8.360834000000000000e+06
6.844484456819616014e+01 1.108206654539029522e-02 8.393226000000000000e+06
6.852869928545473499e+01 1.106079983729506104e-02 8.420150000000000000e+06
6.861250269764533982e+01 1.103614675178752474e-02 8.421986000000000000e+06
6.869622294158479292e+01 1.101744846557674122e-02 8.445714000000000000e+06
6.877998602555203433e+01 1.099181854368026789e-02 8.472590000000000000e+06
6.886380452677424557e+01 1.095303971457393943e-02 8.495370000000000000e+06
6.894760264555716844e+01 1.092004210247107809e-02 8.512802000000000000e+06
6.903133940425253456e+01 1.090646463249519797e-02 8.523290000000000000e+06
6.911515946171540747e+01 1.088200679630408826e-02 8.570982000000000000e+06
6.919899688998209797e+01 1.086783570042591102e-02 8.568458000000000000e+06
6.928271288071917411e+01 1.083273140720466057e-02 8.586498000000000000e+06
6.936640924106890793e+01 1.080442618243019660e-02 8.608838000000000000e+06
6.945020539043174779e+01 1.078254057550595037e-02 8.645610000000000000e+06
6.953403513144048986e+01 1.076575140563148895e-02 8.658386000000000000e+06
6.961776884814572952e+01 1.072411738322621468e-02 8.668598000000000000e+06
6.970149653632856257e+01 1.072622754278104718e-02 8.697426000000000000e+06
6.978527368983604617e+01 1.069348948164541672e-02 8.722562000000000000e+06
6.986906044047090347e+01 1.066355811858646190e-02 8.737962000000000000e+06
6.995286407519343186e+01 1.063631544106128854e-02 8.771366000000000000e+06
7.003663162962304511e+01 1.061408816515999921e-02 8.771010000000000000e+06
7.012044310015741644e+01 1.058161941699164478e-02 8.822618000000000000e+06
7.020422732191448745e+01 1.057038587485577968e-02 8.807726000000000000e+06
7.028792444366065695e+01 1.053566735442955198e-02 8.844618000000000000e+06
7.037169211544325265e+01 1.051785649753143696e-02 8.868722000000000000e+06
7.045550251895585347e+01 1.047644532735811720e-02 8.891394000000000000e+06
7.053930338124681043e+01 1.046651584689698052e-02 8.911934000000000000e+06
7.062306408203568253e+01 1.044504364272813221e-02 8.923938000000000000e+06
7.070681948489000490e+01 1.041668004570633736e-02 8.953682000000000000e+06
7.079064920365452451e+01 1.039925011267021047e-02 8.981966000000000000e+06
7.087445430484403630e+01 1.037035533125067743e-02 8.990442000000000000e+06
7.095817372313446469e+01 1.033415754510997805e-02 9.007874000000000000e+06
7.104193116643777728e+01 1.033170307508080032e-02 9.038982000000000000e+06
7.112576494968736540e+01 1.029433337477683903e-02 9.068570000000000000e+06
7.120961714824476019e+01 1.028401977105748363e-02 9.085250000000000000e+06
7.129335189279188967e+01 1.024528716032137646e-02 9.084690000000000000e+06
7.137708067631213282e+01 1.022007615388862388e-02 9.128654000000000000e+06
7.146084379626081784e+01 1.020561333715457042e-02 9.133170000000000000e+06
7.154466684116063391e+01 1.019195900976084881e-02 9.185882000000000000e+06
7.162842959602461690e+01 1.016604864794755196e-02 9.163254000000000000e+06
7.171216352048149645e+01 1.013444817887600331e-02 9.220130000000000000e+06
7.179600440921259974e+01 1.011010896295495669e-02 9.233138000000000000e+06
7.187979506399631191e+01 1.009419059043754029e-02 9.249378000000000000e+06
7.196355529234318738e+01 1.007523182477579327e-02 9.271550000000000000e+06
7.204729440015253772e+01 1.004906230609805932e-02 9.286266000000000000e+06
7.213106176915599121e+01 1.003617900955951908e-02 9.320762000000000000e+06
7.221480070966205744e+01 1.000400392051094441e-02 9.326718000000000000e+06
7.229852025615544164e+01 9.991587897058581622e-03 9.354602000000000000e+06
7.238228500398169274e+01 9.970730845943819032e-03 9.384122000000000000e+06
7.246607085182493790e+01 9.937877221348862325e-03 9.400482000000000000e+06
7.254987213978543537e+01 9.925004708385925731e-03 9.432638000000000000e+06
7.263367991219456599e+01 9.903003390093754674e-03 9.445314000000000000e+06
7.271750359917334094e+01 9.878625805741936966e-03 9.477290000000000000e+06
7.280130941731979988e+01 9.866831942152652288e-03 9.489182000000000000e+06
7.288506787698197797e+01 9.839222307916117849e-03 9.506706000000000000e+06
7.296882011335806340e+01 9.811191056608268776e-03 9.533978000000000000e+06
7.305259477168505100e+01 9.782461230573157029e-03 9.553662000000000000e+06
7.313637551143658300e+01 9.761391108007029874e-03 9.579506000000000000e+06
7.322019433912477382e+01 9.746885878456257660e-03 9.607866000000000000e+06
7.330395469809700160e+01 9.728408444099790817e-03 9.608354000000000000e+06
7.338767634094634218e+01 9.709967431875321867e-03 9.643862000000000000e+06
7.347148119926838206e+01 9.676652244829626187e-03 9.670578000000000000e+06
7.355528193302335183e+01 9.665947964417432453e-03 9.687890000000000000e+06
7.363899018032148547e+01 9.646756174939086909e-03 9.693294000000000000e+06
7.372271920895903463e+01 9.624954351278969256e-03 9.736034000000000000e+06
7.380653605853389365e+01 9.603511325659553483e-03 9.758946000000000000e+06
7.389035013247718098e+01 9.588073265767419265e-03 9.778994000000000000e+06
7.397413669563236738e+01 9.559404019000463174e-03 9.796814000000000000e+06
7.405789005336373521e+01 9.537727966985851819e-03 9.816882000000000000e+06
7.414169308322202312e+01 9.527407338845465465e-03 9.850514000000000000e+06
7.422546390340367850e+01 9.506358402828634507e-03 9.856062000000000000e+06
7.430920436939176454e+01 9.479331070935051798e-03 9.886706000000000000e+06
7.439300609940507059e+01 9.463554798595105733e-03 9.916194000000000000e+06
7.447678568596212756e+01 9.434995529909053977e-03 9.924854000000000000e+06
7.456056993881570349e+01 9.426311663716973460e-03 9.961490000000000000e+06
7.464438189512740962e+01 9.399588425977978973e-03 9.979098000000000000e+06
7.472814170835772529e+01 9.380584185646308193e-03 9.990266000000000000e+06
7.481184004027616652e+01 9.349431231409298035e-03 1.001239800000000000e+07
7.489556716853127227e+01 9.333760396393281020e-03 1.003881800000000000e+07
7.497934527226496471e+01 9.308862358348551566e-03 1.007208200000000000e+07
7.506311817166408673e+01 9.296538485093729098e-03 1.008267000000000000e+07
7.514692828563615024e+01 9.278360999991505653e-03 1.012322600000000000e+07
7.523075420921939838e+01 9.256576593903756769e-03 1.013483400000000000e+07
7.531451982478355944e+01 9.237678176516654627e-03 1.015145000000000000e+07
7.539829224986274880e+01 9.223650982834251388e-03 1.018411800000000000e+07
7.548208773055175413e+01 9.205006024622026592e-03 1.019981000000000000e+07
7.556588562532157027e+01 9.187254151505133692e-03 1.023038600000000000e+07
7.564964711774537420e+01 9.167202673061846871e-03 1.023833400000000000e+07
7.573340117869561539e+01 9.146347715116076582e-03 1.027159400000000000e+07
7.581720772399928876e+01 9.123298264112020620e-03 1.029841800000000000e+07
7.590097718709036201e+01 9.105084661710205127e-03 1.030681400000000000e+07
7.598473427977016570e+01 9.089803309175843379e-03 1.034130600000000000e+07
7.606853403543584591e+01 9.066125694572975055e-03 1.036284200000000000e+07
7.615234218995666993e+01 9.048504023646927047e-03 1.038883400000000000e+07
7.623609480418529927e+01 9.031965234430236814e-03 1.039563000000000000e+07
7.631981677950045651e+01 9.017406451929438696e-03 1.042536200000000000e+07
7.640358364275184044e+01 8.988102467708421889e-03 1.045427400000000000e+07
7.648737881983883824e+01 8.974171540949317863e-03 1.047829400000000000e+07
7.657118928417101245e+01 8.957428251946472283e-03 1.050181800000000000e+07
7.665495351759915366e+01 8.941293280620382297e-03 1.051481000000000000e+07
7.673872778137578621e+01 8.928910307169260485e-03 1.054884200000000000e+07
7.682251637512686671e+01 8.907570747190497046e-03 1.056646200000000000e+07
7.690627743529641691e+01 8.889057025912432478e-03 1.058681000000000000e+07
7.699005456853599583e+01 8.881295846877903730e-03 1.061495400000000000e+07
7.707381171438045442e+01 8.854232168560143348e-03 1.063105400000000000e+07
7.715758320195071462e+01 8.845433943248222353e-03 1.066236200000000000e+07
7.724136613305741150e+01 8.823074780635369041e-03 1.068335400000000000e+07
7.732513051311859442e+01 8.808345124605371571e-03 1.069929800000000000e+07
7.740891669821492371e+01 8.795828463134832895e-03 1.073878200000000000e+07
7.749269661457746849e+01 8.770292020058818167e-03 1.074420200000000000e+07
7.757647183126439927e+01 8.762002349291692430e-03 1.078218600000000000e+07
7.766021916116696389e+01 8.734976975124446666e-03 1.078496600000000000e+07
7.774399360266693293e+01 8.719555622341571000e-03 1.083393800000000000e+07
7.782781609888090202e+01 8.699890190832748962e-03 1.084813800000000000e+07
7.791162926578900283e+01 8.691019226917335097e-03 1.087376600000000000e+07
7.799540497798268746e+01 8.671425997086425544e-03 1.088697000000000000e+07
7.807914807776845123e+01 8.644682974030927849e-03 1.091244200000000000e+07
7.816290507438317547e+01 8.632725143594529443e-03 1.093669800000000000e+07
7.824668512854479729e+01 8.624710922720133649e-03 1.096614200000000000e+07
7.833041087067117303e+01 8.605097155135145101e-03 1.096874600000000000e+07
7.841414380457797506e+01 8.585980342276552588e-03 1.101460200000000000e+07
7.849797227702579505e+01 8.561364285595268048e-03 1.104277400000000000e+07
7.858180769468512494e+01 8.549188381222972560e-03 1.106147400000000000e+07
7.866557248587788820e+01 8.539868378272197358e-03 1.107245000000000000e+07
7.874929618229087680e+01 8.518986024908529325e-03 1.109692200000000000e+07
7.883311719250839644e+01 8.508399276151152116e-03 1.114652600000000000e+07
7.891694373072525082e+01 8.496613030637555075e-03 1.114560200000000000e+07
7.900068046771210106e+01 8.479002711389824892e-03 1.116844200000000000e+07
7.908436235474859188e+01 8.461580230220928922e-03 1.118108600000000000e+07
7.916818483734482470e+01 8.455239320241555306e-03 1.125011400000000000e+07
7.925204766423617286e+01 8.435243221999507574e-03 1.124210600000000000e+07
7.933579218117913001e+01 8.412718274758052700e-03 1.126544600000000000e+07
7.941952470372693540e+01 8.400392616979855676e-03 1.128549000000000000e+07
7.950333818005624664e+01 8.377185816910171987e-03 1.133592200000000000e+07
7.958714853519445853e+01 8.366603306846435648e-03 1.133013000000000000e+07
7.967084527267417116e+01 8.346912649342667911e-03 1.135727000000000000e+07
7.975459928466781889e+01 8.341470775385372363e-03 1.138909800000000000e+07
7.983842432278051149e+01 8.311907163976959070e-03 1.142664200000000000e+07
7.992222920764281469e+01 8.293005985159418447e-03 1.143135800000000000e+07
8.000599229732556239e+01 8.272934777127588860e-03 1.146229800000000000e+07
8.008974704237272135e+01 8.257347314952728778e-03 1.147920200000000000e+07
8.017351414807581023e+01 8.257030199667307266e-03 1.150974600000000000e+07
8.025725043874783182e+01 8.238633207909493855e-03 1.152306200000000000e+07
8.034098831500374160e+01 8.213074669376898423e-03 1.155621000000000000e+07
8.042478709244545598e+01 8.208959220616136518e-03 1.158828200000000000e+07
8.050856809697336303e+01 8.188384315779981965e-03 1.159964600000000000e+07
8.059238423722645450e+01 8.180571792471348289e-03 1.164527400000000000e+07
8.067619504273289976e+01 8.159483236300637404e-03 1.164933800000000000e+07
8.075991184291081026e+01 8.148730435280924014e-03 1.166538600000000000e+07
8.084370886148968793e+01 8.135736548924568309e-03 1.171928600000000000e+07
8.092752063040603616e+01 8.117299626311925628e-03 1.172073800000000000e+07
8.101129554805960709e+01 8.097625544509544013e-03 1.175507400000000000e+07
8.109505401394339685e+01 8.086568353629072781e-03 1.176716600000000000e+07
8.117885605191069942e+01 8.070943130760751746e-03 1.181334600000000000e+07
8.126268713087831941e+01 8.055185664181912022e-03 1.182545000000000000e+07
8.134639615264538293e+01 8.044716327858397048e-03 1.182881400000000000e+07
8.143015232676363269e+01 8.031070074277090950e-03 1.188441800000000000e+07
8.151397624281044330e+01 8.005302436611676231e-03 1.190037800000000000e+07
8.159772303275080674e+01 7.993718084486381784e-03 1.190800200000000000e+07
8.168141722553581019e+01 7.985502398121209836e-03 1.193747000000000000e+07
8.176520129533186321e+01 7.962764836688632220e-03 1.198134600000000000e+07
8.184903091285447374e+01 7.950530999393740431e-03 1.199815400000000000e+07
8.193279948339105090e+01 7.934736861629997778e-03 1.201579800000000000e+07
8.201657558578170892e+01 7.914983651799770842e-03 1.204658600000000000e+07
8.210037042786612460e+01 7.915251249955894408e-03 1.207322600000000000e+07
8.218415123082907314e+01 7.895556566429847226e-03 1.208937000000000000e+07
8.226793032621029056e+01 7.880591921195096924e-03 1.212366200000000000e+07
8.235168030011608664e+01 7.868745536530656615e-03 1.212901800000000000e+07
8.243541377031419870e+01 7.846512728806319045e-03 1.216869800000000000e+07
8.251918478199979745e+01 7.836398768729897074e-03 1.219107000000000000e+07
8.260303070876007325e+01 7.814339919214140576e-03 1.223729000000000000e+07
8.268685916925375068e+01 7.815716309481220495e-03 1.223743400000000000e+07
8.277063039232054109e+01 7.793821081134168216e-03 1.226943000000000000e+07
8.285440360384670555e+01 7.788771917774888094e-03 1.228831400000000000e+07
8.293815396185901534e+01 7.781004477698132138e-03 1.231201800000000000e+07
8.302189365956076017e+01 7.755825697455035611e-03 1.233377000000000000e+07
8.310562957442496668e+01 7.744900361807424173e-03 1.236265400000000000e+07
8.318944092516389333e+01 7.729855012566421747e-03 1.240528200000000000e+07
8.327326119887753464e+01 7.715659007178665360e-03 1.241484200000000000e+07
8.335700622969199003e+01 7.705344278475877162e-03 1.243327800000000000e+07
8.344077085623199252e+01 7.692922049960214392e-03 1.246944200000000000e+07
8.352457326109960434e+01 7.676736067934447974e-03 1.249710600000000000e+07
8.360836223937766931e+01 7.662304592380737335e-03 1.251307400000000000e+07
8.369209453495405171e+01 7.657408318785129467e-03 1.253190200000000000e+07
8.377584254924252605e+01 7.639281139771907092e-03 1.256769000000000000e+07
8.385966670004580692e+01 7.623241482732590231e-03 1.260333800000000000e+07
8.394346070514018265e+01 7.620321340547864426e-03 1.261269400000000000e+07
8.402720764616449856e+01 7.600864725448707761e-03 1.263483400000000000e+07
8.411093978970706075e+01 7.597506373033302562e-03 1.266273000000000000e+07
8.419472591948728279e+01 7.580105076066104113e-03 1.269908600000000000e+07
8.427850266196148254e+01 7.576833561364280413e-03 1.271099400000000000e+07
8.436223949186468474e+01 7.553483582300207777e-03 1.273917800000000000e+07
8.444601588764423639e+01 7.547101161636055738e-03 1.276949000000000000e+07
8.452980891712559242e+01 7.534608849968350841e-03 1.279952600000000000e+07
8.461363858985836828e+01 7.517522507585674453e-03 1.282878600000000000e+07
8.469740496976966426e+01 7.510184941019079109e-03 1.283279400000000000e+07
8.478116591462544704e+01 7.500747930714505782e-03 1.287594200000000000e+07
8.486500034247622182e+01 7.486228615505558133e-03 1.290631400000000000e+07
8.494878180424458947e+01 7.477456240830064604e-03 1.291312200000000000e+07
8.503250907291452165e+01 7.466250808129558728e-03 1.293728200000000000e+07
8.511625765187164916e+01 7.449602282528815927e-03 1.297337400000000000e+07
8.520007731401190654e+01 7.439774650192487217e-03 1.300815400000000000e+07
8.528389497904191785e+01 7.428306513920883251e-03 1.302582600000000000e+07
8.536763008158268917e+01 7.418536706974115415e-03 1.303365400000000000e+07
8.545139530629326430e+01 7.407019466103765756e-03 1.308366600000000000e+07
8.553518361814229820e+01 7.397813093321835981e-03 1.309470600000000000e+07
8.561892246952761809e+01 7.386920837692775334e-03 1.311903400000000000e+07
8.570266139787584336e+01 7.374788919034211757e-03 1.314631800000000000e+07
