# k_mean_over_bin [h Mpc^-1] P_bin [h^-3 Mpc^3] N_modes
1.069098562002182007e-01 1.316254231770833258e+03 1.800000000000000000e+01
1.868873286631799469e-01 1.060319934475806349e+03 6.200000000000000000e+01
2.625667106132117956e-01 4.616014827806122298e+02 9.800000000000000000e+01
3.401783364159720047e-01 3.210547619047619605e+02 2.100000000000000000e+02
4.270541402271815778e-01 2.641634374999999864e+02 3.500000000000000000e+02
5.128694812456766616e-01 1.593039409722222217e+02 4.500000000000000000e+02
5.924409924947542372e-01 1.423741045473421991e+02 6.020000000000000000e+02
6.723074055719250319e-01 1.179737942913385780e+02 7.620000000000000000e+02
7.587901043808397139e-01 9.486734484457092265e+01 1.142000000000000000e+03
8.455790008544922243e-01 8.255893749999999898e+01 1.250000000000000000e+03
9.266650900755726283e-01 7.476939193244169246e+01 1.458000000000000000e+03
1.007750481597118108e+00 7.055628100882029230e+01 1.814000000000000000e+03
1.092835777828297106e+00 6.113850866620752811e+01 2.178000000000000000e+03
1.177363493043580345e+00 5.712662004603682675e+01 2.498000000000000000e+03
1.258028102048383667e+00 5.779503360983981963e+01 2.622000000000000000e+03
1.340799984066267880e+00 4.827815121330137771e+01 3.338000000000000000e+03
1.426850896250618783e+00 4.593972914427727261e+01 3.722000000000000000e+03
1.512363651158998401e+00 4.240287769784172411e+01 4.170000000000000000e+03
1.594785008970998508e+00 3.957743661083065945e+01 4.358000000000000000e+03
1.677071395354181815e+00 3.651271665176798109e+01 5.034000000000000000e+03
1.761985857460855120e+00 3.555765171071053743e+01 5.714000000000000000e+03
1.846083158874384234e+00 3.362113946004680543e+01 5.982000000000000000e+03
1.928661813341607134e+00 3.241994376704028724e+01 6.602000000000000000e+03
2.011378788847742793e+00 3.027511614656381767e+01 7.130000000000000000e+03
2.095637332393009089e+00 2.873356788337067513e+01 8.034000000000000000e+03
2.180555667263281983e+00 2.726070292528468642e+01 8.606000000000000000e+03
2.264340071811755895e+00 2.605364824619457309e+01 9.066000000000000000e+03
2.348016592997236973e+00 2.490429883557518664e+01 9.962000000000000000e+03
2.431996440706659879e+00 2.348341084123222799e+01 1.055000000000000000e+04
2.515341052179898895e+00 2.225744226572243178e+01 1.122600000000000000e+04
2.598773628370227406e+00 2.083344439527416370e+01 1.214600000000000000e+04
2.681898646405362463e+00 2.080086615500555425e+01 1.260600000000000000e+04
2.765270270259289287e+00 2.009899154108100205e+01 1.380200000000000000e+04
2.849850551988659220e+00 1.891042895147078440e+01 1.475400000000000000e+04
2.933772609879409909e+00 1.809166035935237460e+01 1.519400000000000000e+04
3.017238585326163403e+00 1.716057835480734184e+01 1.645400000000000000e+04
3.101311446264710892e+00 1.653770257665850352e+01 1.715400000000000000e+04
3.185186132992604779e+00 1.611957496167743287e+01 1.826600000000000000e+04
3.268289649175008194e+00 1.536932166666666610e+01 1.875000000000000000e+04
3.351647662541441530e+00 1.461162677918355257e+01 2.023400000000000000e+04
3.436091650782765239e+00 1.397407925407925333e+01 2.145000000000000000e+04
3.520270179566676205e+00 1.353580758810672968e+01 2.196200000000000000e+04
3.603861709535706392e+00 1.293414484059329972e+01 2.346200000000000000e+04
3.687484650452812929e+00 1.259111658763830022e+01 2.404200000000000000e+04
3.771595824668082741e+00 1.200730363061743589e+01 2.594600000000000000e+04
3.855312792317719062e+00 1.149316802588253417e+01 2.611800000000000000e+04
3.938028496533734213e+00 1.109663005344288500e+01 2.750600000000000000e+04
4.021431216072791415e+00 1.083737119830730045e+01 2.906600000000000000e+04
4.105840509662095350e+00 1.024795566502463018e+01 3.045000000000000000e+04
4.190344247210492590e+00 1.005053143311700481e+01 3.174200000000000000e+04
4.273947828100633117e+00 9.461808139534884532e+00 3.225000000000000000e+04
4.357501119655414534e+00 9.206570255474453290e+00 3.425000000000000000e+04
4.441647719320134691e+00 8.894869055677780523e+00 3.545400000000000000e+04
4.525392379562855893e+00 8.600712932974694525e+00 3.643400000000000000e+04
4.608518969537498400e+00 8.260117562762061993e+00 3.768200000000000000e+04
4.691740922213826437e+00 7.839663816358731552e+00 3.929400000000000000e+04
4.776039686402365980e+00 7.667960640660455240e+00 4.142600000000000000e+04
4.860154063182579698e+00 7.503301359767983847e+00 4.206600000000000000e+04
4.943517626628406880e+00 7.203528109910324773e+00 4.349000000000000000e+04
5.027384526744921089e+00 6.901059444882062799e+00 4.570200000000000000e+04
5.111447781105825428e+00 6.721291064459407494e+00 4.663400000000000000e+04
5.195348147294732932e+00 6.427705492853317715e+00 4.855400000000000000e+04
5.278356443076916982e+00 6.225014707386944401e+00 4.887000000000000000e+04
5.361498069859376159e+00 6.054780545641462730e+00 5.155400000000000000e+04
5.446046268496986364e+00 5.883333911074135614e+00 5.409000000000000000e+04
5.530257906132226786e+00 5.630532068159221915e+00 5.431400000000000000e+04
5.614055059061300312e+00 5.470884400808293968e+00 5.691000000000000000e+04
5.697714059662542851e+00 5.378867515048189496e+00 5.748200000000000000e+04
5.781614503695933216e+00 5.206942978260151733e+00 6.062600000000000000e+04
5.865571886738293550e+00 5.018372892363494486e+00 6.120600000000000000e+04
5.948642163157025209e+00 4.896602305417932399e+00 6.257000000000000000e+04
6.032247506670804782e+00 4.786677981895634204e+00 6.573000000000000000e+04
6.116202609789227473e+00 4.608337956992472506e+00 6.668600000000000000e+04
6.200338050909933507e+00 4.492836953714597570e+00 6.969800000000000000e+04
6.284184080576646458e+00 4.368260985205495217e+00 7.002600000000000000e+04
6.367735154784823770e+00 4.256350435075468397e+00 7.274600000000000000e+04
6.451745661739480830e+00 4.137488319316513063e+00 7.491000000000000000e+04
6.535332300795173133e+00 4.024163222049074840e+00 7.572200000000000000e+04
6.618657591294924813e+00 3.936827776927199096e+00 7.837800000000000000e+04
6.702212198046048286e+00 3.822733271898038243e+00 8.003000000000000000e+04
6.786191249900881850e+00 3.724937940278412185e+00 8.318600000000000000e+04
6.870329813067023395e+00 3.612164638107386416e+00 8.466600000000000000e+04
6.954215657456758848e+00 3.476183907979571774e+00 8.654600000000000000e+04
7.037715246920486223e+00 3.414718284090135114e+00 8.813400000000000000e+04
7.121547139301203089e+00 3.366693681858899723e+00 9.153800000000000000e+04
7.205739104639491188e+00 3.288326193390452623e+00 9.313800000000000000e+04
7.289302562894590665e+00 3.183139527191515938e+00 9.447800000000000000e+04
7.372793903598283016e+00 3.116428850463639044e+00 9.727400000000000000e+04
7.456586938722763236e+00 3.051369558130204052e+00 9.969000000000000000e+04
7.540727849410562733e+00 2.993871844234330837e+00 1.025900000000000000e+05
7.624726899722253037e+00 2.909416257107063863e+00 1.037700000000000000e+05
7.708301949249494633e+00 2.856518757169992373e+00 1.063460000000000000e+05
7.792073202214887750e+00 2.785150132202015794e+00 1.085460000000000000e+05
7.875590350490393909e+00 2.716844112945469014e+00 1.107260000000000000e+05
7.958880241426510516e+00 2.664900075230141940e+00 1.123220000000000000e+05
8.042278013378316714e+00 2.616851378462334843e+00 1.158900000000000000e+05
8.126250782754576463e+00 2.572704151440647902e+00 1.187660000000000000e+05
8.210824485795901850e+00 2.496919409965820957e+00 1.222980000000000000e+05
8.294696866383139522e+00 2.439327289294782819e+00 1.220900000000000000e+05
8.378213958279353335e+00 2.415302340831412486e+00 1.258100000000000000e+05
8.461948784979133720e+00 2.331479152039940494e+00 1.281900000000000000e+05
8.545861912066349930e+00 2.309233151900087044e+00 1.309940000000000000e+05
8.629829070974631477e+00 2.266279108897563344e+00 1.337220000000000000e+05
8.713023213538299672e+00 2.187960279640888572e+00 1.338860000000000000e+05
8.796849328478236529e+00 2.184564628427898558e+00 1.405380000000000000e+05
8.881002057237468605e+00 2.144169781427372357e+00 1.405940000000000000e+05
8.964535854632408984e+00 2.094769367104475144e+00 1.435940000000000000e+05
9.048105800131455823e+00 2.059976035472626421e+00 1.463100000000000000e+05
9.132180630417705558e+00 2.016987014603385475e+00 1.506500000000000000e+05
9.216334569657748332e+00 1.971396851178956577e+00 1.519140000000000000e+05
9.299613886090023485e+00 1.945810489706515156e+00 1.533980000000000000e+05
9.383076715811887070e+00 1.920073234578693278e+00 1.578660000000000000e+05
9.466957210946844725e+00 1.870790359023515981e+00 1.606580000000000000e+05
9.551001030929990421e+00 1.839198524393365064e+00 1.641020000000000000e+05
9.634679217300240239e+00 1.812270635598870250e+00 1.649940000000000000e+05
9.718288873285626295e+00 1.782468170444509781e+00 1.698500000000000000e+05
9.802505913321919451e+00 1.763839631530875307e+00 1.729860000000000000e+05
9.886246806166026246e+00 1.719724911440302817e+00 1.738940000000000000e+05
9.969472594688919997e+00 1.696509357782076899e+00 1.767780000000000000e+05
1.005318025662911374e+01 1.658772833907217858e+00 1.818020000000000000e+05
1.013721966898855698e+01 1.635596838909071371e+00 1.844300000000000000e+05
1.022118986876454727e+01 1.618737549534826625e+00 1.872420000000000000e+05
1.030498420635128198e+01 1.593675427069645378e+00 1.902500000000000000e+05
1.038865879785050694e+01 1.568966804278963512e+00 1.925700000000000000e+05
1.047268787066241202e+01 1.550445388239329425e+00 1.982540000000000000e+05
1.055654631656024378e+01 1.526020262629118385e+00 1.980740000000000000e+05
1.063992050874177231e+01 1.499789346696362324e+00 2.020500000000000000e+05
1.072342909671023747e+01 1.484798201477357749e+00 2.055020000000000000e+05
1.080749259245351190e+01 1.471662786116411770e+00 2.106660000000000000e+05
1.089152248600719375e+01 1.433823866899532229e+00 2.124260000000000000e+05
1.097500893551614531e+01 1.414092666348787830e+00 2.139180000000000000e+05
1.105881432508122764e+01 1.387693500728526486e+00 2.209940000000000000e+05
1.114281827806075675e+01 1.373365991865367786e+00 2.215220000000000000e+05
1.122659733627983947e+01 1.358448880758591937e+00 2.263140000000000000e+05
1.131012448294715078e+01 1.334255276206147034e+00 2.272940000000000000e+05
1.139373491340957045e+01 1.322116241060773856e+00 2.329620000000000000e+05
1.147791396342367420e+01 1.296846091338754947e+00 2.378180000000000000e+05
1.156185786192584786e+01 1.280645443753722690e+00 2.383980000000000000e+05
1.164526418449005440e+01 1.264885877399365643e+00 2.414180000000000000e+05
1.172886167625361331e+01 1.246452218841413329e+00 2.468180000000000000e+05
1.181275352276138690e+01 1.221547176738453588e+00 2.499060000000000000e+05
1.189671323999418817e+01 1.209862162448665401e+00 2.547020000000000000e+05
1.198029050867584644e+01 1.207316306236193793e+00 2.544180000000000000e+05
1.206365995307397831e+01 1.182684801270577735e+00 2.603540000000000000e+05
1.214748111162727895e+01 1.166698312853336583e+00 2.649740000000000000e+05
1.223153609351346027e+01 1.151367281986588331e+00 2.687220000000000000e+05
1.231542005092308401e+01 1.134167565786082132e+00 2.715620000000000000e+05
1.239926414254153109e+01 1.116289810621729606e+00 2.755860000000000000e+05
1.248326018835918916e+01 1.106853050608515687e+00 2.801900000000000000e+05
1.256718689365069075e+01 1.096839599376312480e+00 2.828340000000000000e+05
1.265082201539840945e+01 1.075278013991654014e+00 2.851700000000000000e+05
1.273428590217279144e+01 1.069513856309031841e+00 2.898860000000000000e+05
1.281807025163205793e+01 1.051638153962658917e+00 2.944740000000000000e+05
1.290206487994812434e+01 1.036996177770803218e+00 2.994980000000000000e+05
1.298575998115805419e+01 1.031164779735829651e+00 2.999580000000000000e+05
1.306931917580193137e+01 1.016517468890792530e+00 3.058580000000000000e+05
1.315318222821372096e+01 1.000321957631099767e+00 3.107940000000000000e+05
1.323705865044962771e+01 9.950625954222854785e-01 3.130820000000000000e+05
1.332048162954101578e+01 9.865198618239117145e-01 3.160460000000000000e+05
1.340413573615346365e+01 9.757269340943087732e-01 3.222180000000000000e+05
1.348834417846224731e+01 9.580213361557331497e-01 3.285620000000000000e+05
1.357223695452436729e+01 9.472696385560536170e-01 3.279900000000000000e+05
1.365596925306868847e+01 9.383573007199910165e-01 3.352820000000000000e+05
1.373963440686360471e+01 9.246592887757835166e-01 3.359700000000000000e+05
1.382343709261304809e+01 9.205697453395570440e-01 3.440660000000000000e+05
1.390711154340320732e+01 9.083252840991742350e-01 3.437180000000000000e+05
1.399068919637316455e+01 9.003574522472389541e-01 3.514980000000000000e+05
1.407457421522249952e+01 8.906526831105517905e-01 3.544580000000000000e+05
1.415828615108818589e+01 8.778507652705499487e-01 3.585660000000000000e+05
1.424237341329648920e+01 8.763683963269073285e-01 3.661220000000000000e+05
1.432626916020835672e+01 8.613534006724802294e-01 3.658100000000000000e+05
1.440982743915939146e+01 8.541173894441126402e-01 3.716220000000000000e+05
1.449360657137520469e+01 8.468235851866824371e-01 3.759860000000000000e+05
1.457752624362193217e+01 8.393530693147028821e-01 3.821700000000000000e+05
1.466117168697845941e+01 8.278434522468819390e-01 3.818180000000000000e+05
1.474463292325917685e+01 8.186952286343543994e-01 3.895740000000000000e+05
1.482845717927088813e+01 8.112077658509821987e-01 3.936980000000000000e+05
1.491237844591757877e+01 8.027892638274862769e-01 3.994580000000000000e+05
1.499620869344033025e+01 7.972875520235094271e-01 4.022220000000000000e+05
1.507994841028436639e+01 7.900866904468178964e-01 4.069220000000000000e+05
1.516379287905045814e+01 7.826526249751721842e-01 4.128420000000000000e+05
1.524761726947007823e+01 7.710967181578732843e-01 4.153460000000000000e+05
1.533130236314283046e+01 7.677802440512652149e-01 4.211820000000000000e+05
1.541507271489498443e+01 7.605467591960811680e-01 4.250180000000000000e+05
1.549892486087325949e+01 7.539002883067602578e-01 4.311380000000000000e+05
1.558273944082544205e+01 7.456546024006519557e-01 4.343820000000000000e+05
1.566651676212105748e+01 7.394849054865146876e-01 4.395140000000000000e+05
1.575031987626283225e+01 7.318563822969927912e-01 4.447380000000000000e+05
1.583416895458823603e+01 7.289162220712391838e-01 4.489100000000000000e+05
1.591764298541166056e+01 7.185091502114874240e-01 4.506180000000000000e+05
1.600124934657456777e+01 7.113889227381330338e-01 4.595540000000000000e+05
1.608512892540650085e+01 7.031489550988326842e-01 4.631060000000000000e+05
1.616876936376802121e+01 6.957438572321630321e-01 4.670940000000000000e+05
1.625266730092459966e+01 6.899697960575906786e-01 4.749380000000000000e+05
1.633654362034594953e+01 6.852467512668016791e-01 4.771860000000000000e+05
1.642042973451647470e+01 6.796962366146037660e-01 4.846700000000000000e+05
1.650430805090920217e+01 6.717122723352704217e-01 4.870100000000000000e+05
1.658806155565851981e+01 6.623336632449109418e-01 4.933140000000000000e+05
1.667181202155569864e+01 6.595961769778490025e-01 4.963220000000000000e+05
1.675536979785300673e+01 6.544361119748376421e-01 5.017020000000000000e+05
1.683913437464611107e+01 6.475318520652348919e-01 5.085620000000000000e+05
1.692311287467790493e+01 6.390894267679420038e-01 5.142420000000000000e+05
1.700686134416512019e+01 6.356337352128611506e-01 5.161580000000000000e+05
1.709049145912358725e+01 6.313690915840353135e-01 5.226020000000000000e+05
1.717439271307012660e+01 6.253668205322449047e-01 5.306580000000000000e+05
1.725814844798823344e+01 6.197296039747793861e-01 5.300420000000000000e+05
1.734170549116967663e+01 6.158570446371905982e-01 5.388780000000000000e+05
1.742552841692270604e+01 6.111770739529156504e-01 5.441300000000000000e+05
1.750952475613275183e+01 6.043137572445228534e-01 5.511060000000000000e+05
1.759341552867108760e+01 6.015361848399406464e-01 5.539820000000000000e+05
1.767712427740806902e+01 5.937960149899147444e-01 5.582420000000000000e+05
1.776076336549380486e+01 5.909991723437948430e-01 5.645460000000000000e+05
1.784454049115150198e+01 5.844979855178144001e-01 5.704940000000000000e+05
1.792845098480595212e+01 5.811406503028979653e-01 5.767620000000000000e+05
1.801209967098870024e+01 5.763231775544156443e-01 5.782340000000000000e+05
1.809567304656415843e+01 5.706240310176790009e-01 5.856660000000000000e+05
1.817956177579962329e+01 5.667294106613552929e-01 5.944460000000000000e+05
1.826340897759345694e+01 5.639525934481309788e-01 5.952500000000000000e+05
1.834709561527148480e+01 5.590082358029969667e-01 6.034020000000000000e+05
1.843085104599287050e+01 5.544473041677231429e-01 6.073820000000000000e+05
1.851480060957681317e+01 5.510134560217824218e-01 6.170100000000000000e+05
1.859860657464781752e+01 5.477313149950224780e-01 6.167780000000000000e+05
1.868221643305014013e+01 5.411616781059822578e-01 6.247460000000000000e+05
1.876579233005788794e+01 5.399154462457528281e-01 6.280620000000000000e+05
1.884963899569083878e+01 5.337476638619977898e-01 6.394100000000000000e+05
1.893369961008885838e+01 5.314077678963036178e-01 6.429540000000000000e+05
1.901742853382821963e+01 5.249658364732946447e-01 6.459740000000000000e+05
1.910112633018001560e+01 5.227865001759781638e-01 6.534900000000000000e+05
1.918502629066336240e+01 5.167593239308296837e-01 6.607460000000000000e+05
1.926890198512752406e+01 5.119591387746259548e-01 6.646460000000000000e+05
1.935246095562879987e+01 5.095333363305308838e-01 6.672900000000000000e+05
1.943618843304382438e+01 5.069103682584377157e-01 6.790340000000000000e+05
1.952018254288546828e+01 5.038723667905823378e-01 6.827220000000000000e+05
1.960415151947932699e+01 4.999868894649889262e-01 6.912380000000000000e+05
1.968780210242165651e+01 4.969188478976244716e-01 6.886020000000000000e+05
1.977130140774902145e+01 4.921963511627708288e-01 7.008260000000000000e+05
1.985512328577584995e+01 4.882126198519971538e-01 7.056620000000000000e+05
1.993880103532062975e+01 4.829544774406335783e-01 7.100820000000000000e+05
2.002251720567175752e+01 4.809280193475183873e-01 7.191620000000000000e+05
2.010630953640407981e+01 4.769806161301488046e-01 7.222500000000000000e+05
2.019007441105629752e+01 4.749226343453951671e-01 7.315100000000000000e+05
2.027398189270754258e+01 4.704249876432903266e-01 7.364420000000000000e+05
2.035771672240259988e+01 4.682633861206266235e-01 7.408980000000000000e+05
2.044152561001209278e+01 4.653076418567821393e-01 7.501580000000000000e+05
2.052547735138173479e+01 4.606160646392870039e-01 7.548660000000000000e+05
2.060926463402020303e+01 4.574215227923336125e-01 7.608260000000000000e+05
2.069293267341507203e+01 4.563633621016865982e-01 7.640340000000000000e+05
2.077660950204460377e+01 4.527317935351478084e-01 7.738460000000000000e+05
2.086046445382838144e+01 4.488378912011327104e-01 7.797140000000000000e+05
2.094422635366088770e+01 4.455444503094423969e-01 7.843140000000000000e+05
2.102790779658915099e+01 4.428590135491355384e-01 7.913420000000000000e+05
2.111175109708185005e+01 4.392409451153156397e-01 7.994580000000000000e+05
2.119561698133140482e+01 4.372471153917824593e-01 8.049620000000000000e+05
2.127937098747377220e+01 4.349267339880180105e-01 8.095500000000000000e+05
2.136289743529758312e+01 4.316371819442429980e-01 8.134580000000000000e+05
2.144667251561538279e+01 4.293326430199588262e-01 8.274020000000000000e+05
2.153058487447404801e+01 4.269435297688440323e-01 8.286180000000000000e+05
2.161430781897418285e+01 4.230775147624976640e-01 8.369180000000000000e+05
2.169809860621591113e+01 4.196072010763174376e-01 8.428740000000000000e+05
2.178186592258134979e+01 4.169350497093030072e-01 8.493380000000000000e+05
2.186575914903780316e+01 4.149639905837646525e-01 8.589420000000000000e+05
2.194962158415442133e+01 4.131296763680372686e-01 8.609780000000000000e+05
2.203325539668853494e+01 4.086903434805941870e-01 8.683460000000000000e+05
2.211696571376059239e+01 4.074494317571535906e-01 8.751540000000000000e+05
2.220087574207360248e+01 4.040359819975761768e-01 8.862140000000000000e+05
2.228474038685342151e+01 4.012820957101288499e-01 8.873460000000000000e+05
2.236841597704980344e+01 3.978299311385876114e-01 8.949860000000000000e+05
2.245213243389392943e+01 3.970570846081079019e-01 9.027740000000000000e+05
2.253605781739295466e+01 3.932984939382577205e-01 9.121140000000000000e+05
2.261989949900187824e+01 3.926948523867081486e-01 9.150260000000000000e+05
2.270351073009412346e+01 3.891968576589265316e-01 9.201420000000000000e+05
2.278715722706498781e+01 3.864646611175763247e-01 9.297620000000000000e+05
2.287097668523026428e+01 3.850396796196642879e-01 9.376980000000000000e+05
2.295488199422259967e+01 3.825651328059341827e-01 9.447620000000000000e+05
2.303860516955441540e+01 3.803242261567048588e-01 9.482540000000000000e+05
2.312228464582942422e+01 3.786083092426646424e-01 9.568020000000000000e+05
2.320617384356005175e+01 3.763625358856125258e-01 9.676580000000000000e+05
2.329003403044199771e+01 3.743431293840788210e-01 9.697020000000000000e+05
2.337357926991530377e+01 3.713184549168968007e-01 9.740900000000000000e+05
2.345731339274843563e+01 3.688867437646816128e-01 9.884820000000000000e+05
2.354122299663546514e+01 3.680238678358941362e-01 9.919940000000000000e+05
2.362504372012406506e+01 3.646524392375852797e-01 1.001030000000000000e+06
2.370885397094835767e+01 3.621492553085683408e-01 1.005450000000000000e+06
2.379260308853216443e+01 3.597986486646451154e-01 1.013738000000000000e+06
2.387641759766158600e+01 3.587012826535905807e-01 1.021710000000000000e+06
2.396006287668014423e+01 3.557723963635155973e-01 1.023626000000000000e+06
2.404369058312309448e+01 3.543756769907147053e-01 1.035834000000000000e+06
2.412744281115724831e+01 3.525252189210846265e-01 1.040786000000000000e+06
2.421130654323629017e+01 3.508929817623522851e-01 1.053206000000000000e+06
2.429521431171586343e+01 3.494231798993758242e-01 1.057002000000000000e+06
2.437900304005930963e+01 3.471714687404243715e-01 1.063898000000000000e+06
2.446281560559316759e+01 3.463415388681018170e-01 1.072782000000000000e+06
2.454665138918273826e+01 3.424246878087847668e-01 1.078826000000000000e+06
2.463047593346652420e+01 3.416031606585766545e-01 1.087922000000000000e+06
2.471419358613830752e+01 3.393211585758381110e-01 1.090494000000000000e+06
2.479788224447528933e+01 3.371249359883489727e-01 1.101362000000000000e+06
2.488170408610204021e+01 3.362223903453048224e-01 1.109802000000000000e+06
2.496549243986660471e+01 3.335175130146413314e-01 1.114514000000000000e+06
2.504920536425761668e+01 3.319569638036667936e-01 1.123926000000000000e+06
2.513283571770503499e+01 3.300509508999223685e-01 1.125986000000000000e+06
2.521660993392169203e+01 3.289777690865494653e-01 1.143554000000000000e+06
2.530049640187540660e+01 3.267836941234024128e-01 1.144710000000000000e+06
2.538425628289359182e+01 3.246745826321599804e-01 1.154018000000000000e+06
2.546797452488973690e+01 3.231184512940941111e-01 1.159962000000000000e+06
2.555179869471822229e+01 3.211937418551545353e-01 1.170986000000000000e+06
2.563566666461671772e+01 3.191391349684503109e-01 1.178142000000000000e+06
2.571944170984828659e+01 3.182994901807260635e-01 1.182674000000000000e+06
2.580313169207982682e+01 3.170022751850962717e-01 1.191002000000000000e+06
2.588687624829988820e+01 3.145574000906335987e-01 1.200438000000000000e+06
2.597069400893500202e+01 3.132975699864753438e-01 1.208162000000000000e+06
2.605447755360336259e+01 3.113767560057206230e-01 1.215258000000000000e+06
2.613827698295097690e+01 3.104506685951047840e-01 1.224134000000000000e+06
2.622200478464780105e+01 3.076075945169045589e-01 1.228722000000000000e+06
2.630582763864114426e+01 3.068960583322741797e-01 1.243154000000000000e+06
2.638970867910203921e+01 3.052354891949312088e-01 1.245434000000000000e+06
2.647343389639032196e+01 3.033751527696114669e-01 1.255158000000000000e+06
2.655698334590179499e+01 3.019652798241492242e-01 1.255610000000000000e+06
2.664075459217511366e+01 3.011203419090424105e-01 1.277562000000000000e+06
2.672459382145218143e+01 2.987248943435963366e-01 1.274414000000000000e+06
2.680821980594094356e+01 2.977197988482061519e-01 1.285994000000000000e+06
2.689209959394619531e+01 2.959650836430511300e-01 1.299570000000000000e+06
2.697602191334329902e+01 2.941575846963648266e-01 1.302122000000000000e+06
2.705977872814356644e+01 2.930767182845979146e-01 1.311366000000000000e+06
2.714355261554103649e+01 2.921631218039003053e-01 1.319186000000000000e+06
2.722733740409666225e+01 2.903596101576425004e-01 1.327434000000000000e+06
2.731116904834040326e+01 2.887609932819559244e-01 1.337294000000000000e+06
2.739498441427308961e+01 2.866377175604924443e-01 1.342730000000000000e+06
2.747866258082228796e+01 2.854836291343654797e-01 1.350570000000000000e+06
2.756247723469893529e+01 2.842111805458721885e-01 1.362590000000000000e+06
2.764637317716708864e+01 2.830279238562077304e-01 1.369698000000000000e+06
2.773011686037893142e+01 2.812012014933297777e-01 1.374914000000000000e+06
2.781378851120859963e+01 2.799135117847308396e-01 1.383570000000000000e+06
2.789756242253353236e+01 2.789784091935209043e-01 1.395374000000000000e+06
2.798127274786056873e+01 2.770614753893001492e-01 1.396994000000000000e+06
2.806492746953691508e+01 2.754858646291613034e-01 1.411530000000000000e+06
2.814870507983202330e+01 2.743377506218370177e-01 1.417574000000000000e+06
2.823250085536484733e+01 2.735004993582179633e-01 1.428834000000000000e+06
2.831642245547427450e+01 2.716092024213734857e-01 1.439018000000000000e+06
2.840020580335993117e+01 2.709121941239593934e-01 1.440698000000000000e+06
2.848389737328623639e+01 2.701283349086911478e-01 1.453638000000000000e+06
2.856776129641226092e+01 2.680675560294815130e-01 1.463426000000000000e+06
2.865164498472143961e+01 2.666253696339349610e-01 1.471050000000000000e+06
2.873539597999311468e+01 2.652873453073806842e-01 1.476638000000000000e+06
2.881905019890862363e+01 2.640225719214855382e-01 1.484466000000000000e+06
2.890289675093428912e+01 2.628326898839160042e-01 1.501154000000000000e+06
2.898675594616652873e+01 2.620016001800619110e-01 1.501706000000000000e+06
2.907041472198053711e+01 2.600329010480965652e-01 1.511502000000000000e+06
2.915408733972060062e+01 2.585404615342111745e-01 1.520234000000000000e+06
2.923796129814355282e+01 2.574548985022898639e-01 1.535010000000000000e+06
2.932194077207240568e+01 2.561590133332642405e-01 1.543358000000000000e+06
2.940549917698988835e+01 2.551795608215898792e-01 1.535754000000000000e+06
2.948914761948871543e+01 2.537453021212907611e-01 1.564802000000000000e+06
2.957304642502456460e+01 2.528107322086858844e-01 1.563038000000000000e+06
2.965685586864443124e+01 2.519212573158323698e-01 1.578426000000000000e+06
2.974065423044915946e+01 2.504326242726758744e-01 1.581482000000000000e+06
2.982438217008557402e+01 2.492505887894488903e-01 1.592250000000000000e+06
2.990814468646065549e+01 2.480646700224062862e-01 1.602230000000000000e+06
2.999179263215820157e+01 2.465792069999513947e-01 1.604754000000000000e+06
3.007552257970940346e+01 2.457599765438957806e-01 1.623458000000000000e+06
3.015929957087215385e+01 2.446738203962065539e-01 1.624910000000000000e+06
3.024317734005441238e+01 2.436317602889025713e-01 1.645122000000000000e+06
3.032708985436260107e+01 2.417908463160966248e-01 1.645130000000000000e+06
3.041082997219342587e+01 2.405283607113823663e-01 1.655706000000000000e+06
3.049455723219219649e+01 2.398450490290964521e-01 1.663502000000000000e+06
3.057833323294630645e+01 2.392890703986955414e-01 1.675514000000000000e+06
3.066218995697298411e+01 2.378051055362315480e-01 1.685298000000000000e+06
3.074593408191947930e+01 2.364485539481736565e-01 1.689566000000000000e+06
3.082954809468623125e+01 2.354304340783932581e-01 1.697850000000000000e+06
3.091340339641750390e+01 2.340284679607063378e-01 1.718546000000000000e+06
3.099734465130006811e+01 2.337965062663461546e-01 1.719822000000000000e+06
3.108104222338488043e+01 2.322903224919002085e-01 1.726586000000000000e+06
3.116474027426929894e+01 2.314240325646595431e-01 1.739186000000000000e+06
3.124860498828843447e+01 2.306805861477170538e-01 1.751538000000000000e+06
3.133245649887071949e+01 2.291933532492028136e-01 1.758062000000000000e+06
3.141614178307822414e+01 2.277507465924753782e-01 1.763010000000000000e+06
3.149986855610640646e+01 2.273549497313118450e-01 1.778642000000000000e+06
3.158374588400788952e+01 2.257588169007627155e-01 1.788582000000000000e+06
3.166757693376691307e+01 2.257517742064893695e-01 1.794746000000000000e+06
3.175127246931511493e+01 2.246111794276017815e-01 1.803290000000000000e+06
3.183493779085208786e+01 2.233327839307189533e-01 1.811058000000000000e+06
3.191872426101914328e+01 2.222576725947544296e-01 1.828358000000000000e+06
3.200254090967914777e+01 2.208508953991619450e-01 1.831362000000000000e+06
3.208624557094677954e+01 2.202452172586837897e-01 1.842458000000000000e+06
3.216985025736639159e+01 2.189089065066665007e-01 1.846998000000000000e+06
3.225366158768746061e+01 2.183490430266188942e-01 1.869122000000000000e+06
3.233765392466781208e+01 2.171962820290074259e-01 1.876346000000000000e+06
3.242147145466748981e+01 2.163313292162940549e-01 1.879506000000000000e+06
3.250521341167948464e+01 2.149911386100439026e-01 1.893326000000000000e+06
3.258903110732968855e+01 2.148819575239795943e-01 1.901826000000000000e+06
3.267283869534620777e+01 2.139724632341019062e-01 1.911962000000000000e+06
3.275656526575507854e+01 2.128215633561519049e-01 1.919198000000000000e+06
3.284028881372969266e+01 2.121270286316430942e-01 1.930242000000000000e+06
3.292407887898949781e+01 2.110249141287101615e-01 1.942442000000000000e+06
3.300791290112206156e+01 2.097231551533149663e-01 1.951734000000000000e+06
3.309159594029746643e+01 2.085679025335966663e-01 1.955402000000000000e+06
3.317527487811420173e+01 2.079797328205175155e-01 1.971858000000000000e+06
3.325918478063969275e+01 2.073541215971803353e-01 1.984898000000000000e+06
3.334295800125237008e+01 2.066946090760170551e-01 1.986422000000000000e+06
3.342654711354870045e+01 2.056372786609797221e-01 1.996146000000000000e+06
3.351037327631482299e+01 2.045509290290148385e-01 2.017106000000000000e+06
3.359427383821539337e+01 2.037463848051951631e-01 2.020638000000000000e+06
3.367803183712429416e+01 2.033542764516252932e-01 2.029346000000000000e+06
3.376176459220195625e+01 2.020656091958753509e-01 2.041002000000000000e+06
3.384556001022187388e+01 2.011865387896366042e-01 2.051450000000000000e+06
3.392943845922752644e+01 2.006047586846515240e-01 2.065886000000000000e+06
3.401316055039511355e+01 1.998609954682530609e-01 2.064546000000000000e+06
3.409683542659267630e+01 1.988481922070439167e-01 2.082650000000000000e+06
3.418067800810939616e+01 1.984205160935899326e-01 2.095182000000000000e+06
3.426452736710173497e+01 1.972757877569900620e-01 2.101346000000000000e+06
3.434832998306823271e+01 1.966369092918450467e-01 2.115554000000000000e+06
3.443203105705293865e+01 1.960156882930762789e-01 2.115654000000000000e+06
3.451583812868020118e+01 1.948781734192220061e-01 2.141066000000000000e+06
3.459967632687634875e+01 1.942594376260055877e-01 2.139786000000000000e+06
3.468336662819802285e+01 1.935840594888398047e-01 2.152202000000000000e+06
3.476703645977761425e+01 1.927951820288503204e-01 2.161086000000000000e+06
3.485079127028417645e+01 1.921811424603571961e-01 2.176058000000000000e+06
3.493469079655712051e+01 1.910928503645670240e-01 2.190818000000000000e+06
3.501848338903062796e+01 1.902279525255595460e-01 2.191158000000000000e+06
3.510217183339957359e+01 1.896735000095224610e-01 2.205314000000000000e+06
3.518590037953279648e+01 1.889632203728728865e-01 2.215554000000000000e+06
3.526971993052846699e+01 1.881591948576188389e-01 2.230562000000000000e+06
3.535358270636252342e+01 1.873844946048738858e-01 2.239614000000000000e+06
3.543734285600354639e+01 1.868340345975831318e-01 2.245706000000000000e+06
3.552108409358061891e+01 1.861473435991209402e-01 2.259674000000000000e+06
3.560491818170212497e+01 1.853880535444529243e-01 2.273214000000000000e+06
3.568872958243610327e+01 1.844065297248290991e-01 2.278802000000000000e+06
3.577252677462045227e+01 1.836493868443100641e-01 2.294034000000000000e+06
3.585622758416000266e+01 1.831308808675774780e-01 2.294942000000000000e+06
3.593995265006216755e+01 1.823884761873934557e-01 2.317050000000000000e+06
3.602378331164942438e+01 1.817906415933584763e-01 2.322842000000000000e+06
3.610749751390627438e+01 1.810384989552988044e-01 2.330810000000000000e+06
3.619121780725145499e+01 1.805082934136075790e-01 2.345958000000000000e+06
3.627496104714246883e+01 1.794784639269608184e-01 2.353586000000000000e+06
3.635885802177431714e+01 1.791149035649206023e-01 2.376210000000000000e+06
3.644273375320676678e+01 1.783005052217264963e-01 2.374502000000000000e+06
3.652641723315417011e+01 1.774382125433612845e-01 2.386346000000000000e+06
3.661016003667585750e+01 1.769485633698883176e-01 2.401314000000000000e+06
3.669398675014319622e+01 1.761323451657716421e-01 2.411450000000000000e+06
3.677774362791269880e+01 1.756168521075152089e-01 2.420718000000000000e+06
3.686138542781196037e+01 1.751147787450829663e-01 2.425754000000000000e+06
3.694523701027373619e+01 1.741658098181098346e-01 2.455218000000000000e+06
3.702912063015348565e+01 1.737247352242525522e-01 2.450942000000000000e+06
3.711286066480837320e+01 1.731881528334542619e-01 2.467130000000000000e+06
3.719659282330948713e+01 1.724827329593344727e-01 2.474874000000000000e+06
3.728037731851799208e+01 1.718086065399327400e-01 2.490362000000000000e+06
3.736414979091281197e+01 1.708388799555830007e-01 2.498142000000000000e+06
3.744783790554325975e+01 1.707598376005647900e-01 2.507090000000000000e+06
3.753161089290124863e+01 1.704776624965057275e-01 2.525562000000000000e+06
3.761546125363399540e+01 1.693481736290234074e-01 2.534726000000000000e+06
3.769935318534805191e+01 1.686915860819967472e-01 2.549906000000000000e+06
3.778311927771562750e+01 1.680349261722709764e-01 2.551074000000000000e+06
3.786687072097435447e+01 1.675052670437880420e-01 2.570702000000000000e+06
3.795064452686742129e+01 1.666525749016756486e-01 2.574642000000000000e+06
3.803440602811515703e+01 1.661226164831580976e-01 2.594066000000000000e+06
3.811814083290802557e+01 1.656097941191659317e-01 2.594802000000000000e+06
3.820178788957619531e+01 1.650339367273729596e-01 2.612030000000000000e+06
3.828560806097936364e+01 1.642377492147883977e-01 2.627954000000000000e+06
3.836951237816947469e+01 1.638038568558878583e-01 2.640402000000000000e+06
3.845325054821010724e+01 1.630686995684952345e-01 2.641454000000000000e+06
3.853698686701612530e+01 1.628393947556459331e-01 2.661834000000000000e+06
3.862077152240886591e+01 1.621976364654056924e-01 2.669138000000000000e+06
3.870457668857440581e+01 1.613209036567297139e-01 2.684858000000000000e+06
3.878838810440694118e+01 1.606240209398235308e-01 2.693910000000000000e+06
3.887209610060705955e+01 1.601273415042925030e-01 2.701682000000000000e+06
3.895591541384992951e+01 1.599789528621977097e-01 2.722698000000000000e+06
3.903970878692612700e+01 1.593069881904932428e-01 2.725262000000000000e+06
3.912346323929788383e+01 1.587534754507830548e-01 2.742450000000000000e+06
3.920722013046969323e+01 1.585072481226248720e-01 2.749850000000000000e+06
3.929096158370429492e+01 1.575604548388473969e-01 2.763902000000000000e+06
3.937477573634135553e+01 1.573209360776937626e-01 2.778498000000000000e+06
3.945853339307303997e+01 1.566155015388593363e-01 2.784530000000000000e+06
3.954233951365999644e+01 1.559125929975543057e-01 2.804106000000000000e+06
3.962614155532578053e+01 1.552326196975574724e-01 2.809790000000000000e+06
3.970993115735726064e+01 1.547978395487809578e-01 2.825058000000000000e+06
3.979370973670097555e+01 1.544109741102835387e-01 2.834330000000000000e+06
3.987739375837353606e+01 1.537597505402843456e-01 2.842022000000000000e+06
3.996117659102883124e+01 1.530573611207105555e-01 2.864754000000000000e+06
4.004492507367432097e+01 1.525709333297488313e-01 2.864186000000000000e+06
4.012855801902023956e+01 1.521794685466904828e-01 2.879538000000000000e+06
4.021232599228400773e+01 1.515593539335337026e-01 2.899454000000000000e+06
4.029612162727031688e+01 1.508164262610277861e-01 2.904258000000000000e+06
4.038001131135030874e+01 1.507179332776836245e-01 2.930234000000000000e+06
4.046390848166176823e+01 1.500541064493027266e-01 2.929526000000000000e+06
4.054763895091686976e+01 1.492516993538020309e-01 2.942442000000000000e+06
4.063145602871991713e+01 1.490634319662524632e-01 2.960810000000000000e+06
4.071526025477401589e+01 1.485407425376582546e-01 2.964954000000000000e+06
4.079900469843234134e+01 1.479968679866215386e-01 2.980910000000000000e+06
4.088275455494471800e+01 1.477189588990624469e-01 2.990978000000000000e+06
4.096655099355582053e+01 1.472329733650394046e-01 3.007626000000000000e+06
4.105038506696493528e+01 1.467718651442153355e-01 3.019166000000000000e+06
4.113408514747818856e+01 1.458598965936135639e-01 3.021090000000000000e+06
4.121781401966371305e+01 1.456180848432034047e-01 3.047834000000000000e+06
4.130168676574312769e+01 1.451758293815597067e-01 3.055590000000000000e+06
4.138552050109588976e+01 1.447380534624541915e-01 3.068546000000000000e+06
4.146914577407831359e+01 1.441560466231578963e-01 3.067274000000000000e+06
4.155286479481431883e+01 1.437085647686389411e-01 3.098058000000000000e+06
4.163678258255396258e+01 1.429910019059479342e-01 3.109214000000000000e+06
4.172055832134024200e+01 1.426767223142770269e-01 3.110466000000000000e+06
4.180418526461116357e+01 1.419390949215361686e-01 3.124370000000000000e+06
4.188792935761906477e+01 1.416677221903113459e-01 3.144174000000000000e+06
4.197185138929292947e+01 1.413636265876552778e-01 3.161738000000000000e+06
4.205562112114309059e+01 1.409009589732554135e-01 3.159890000000000000e+06
4.213924805322351830e+01 1.401244014910504876e-01 3.174138000000000000e+06
4.222299894826061717e+01 1.395678728950545122e-01 3.195926000000000000e+06
4.230691258081674988e+01 1.393469984611006018e-01 3.211386000000000000e+06
4.239080415901788967e+01 1.387896711069501188e-01 3.219314000000000000e+06
4.247453169083237157e+01 1.382615345122328587e-01 3.225494000000000000e+06
4.255825507974662258e+01 1.378398373724234183e-01 3.242562000000000000e+06
4.264203752623418353e+01 1.374407607944864995e-01 3.257450000000000000e+06
4.272584879897986099e+01 1.369295747354485338e-01 3.269118000000000000e+06
4.280959718026213068e+01 1.363993455944469690e-01 3.278930000000000000e+06
4.289324313363174213e+01 1.360418378135791750e-01 3.286650000000000000e+06
4.297705823947939763e+01 1.354272887074452481e-01 3.316610000000000000e+06
4.306095854823670521e+01 1.351543010746213691e-01 3.321542000000000000e+06
4.314470014373539897e+01 1.345356973758764230e-01 3.328578000000000000e+06
4.322841831305547800e+01 1.342639860134633711e-01 3.345074000000000000e+06
4.331221276153173960e+01 1.335245822334387988e-01 3.361686000000000000e+06
4.339600557191744912e+01 1.332686717183197977e-01 3.369722000000000000e+06
4.347974360653208947e+01 1.326608743268671009e-01 3.385290000000000000e+06
4.356345927572596111e+01 1.323439163229019333e-01 3.391370000000000000e+06
4.364729718140662129e+01 1.318257324203629399e-01 3.422966000000000000e+06
4.373115310142490841e+01 1.314629892985543780e-01 3.419538000000000000e+06
4.381493904908852244e+01 1.307761233653603195e-01 3.441890000000000000e+06
4.389872518355250719e+01 1.304400718387554170e-01 3.447582000000000000e+06
4.398251250846917060e+01 1.300024550687794156e-01 3.466298000000000000e+06
4.406617792640594899e+01 1.296810799539783454e-01 3.466194000000000000e+06
4.414985741111507167e+01 1.291978421345325589e-01 3.492062000000000000e+06
4.423365507571194399e+01 1.287187181890169785e-01 3.503114000000000000e+06
4.431743533444053895e+01 1.284084364851501847e-01 3.517146000000000000e+06
4.440128817701192787e+01 1.282077575171691186e-01 3.535706000000000000e+06
4.448508293520813339e+01 1.275822944864343222e-01 3.539742000000000000e+06
4.456885232151149978e+01 1.272025699427150047e-01 3.558698000000000000e+06
4.465264799184704714e+01 1.267608729477592011e-01 3.570122000000000000e+06
4.473644620586907905e+01 1.262638595086319482e-01 3.585174000000000000e+06
4.482021823753251510e+01 1.258767406659518084e-01 3.594314000000000000e+06
4.490398199496299014e+01 1.256211142725685570e-01 3.612258000000000000e+06
4.498774280066585618e+01 1.253135287527325226e-01 3.620282000000000000e+06
4.507149731418039096e+01 1.249341522770328200e-01 3.639078000000000000e+06
4.515529296565681960e+01 1.246007427166513776e-01 3.650450000000000000e+06
4.523902850959706967e+01 1.240698617311653679e-01 3.661418000000000000e+06
4.532276634990883224e+01 1.237637293912979275e-01 3.677694000000000000e+06
4.540659508440727876e+01 1.235229805886290388e-01 3.695978000000000000e+06
4.549038931088257698e+01 1.229039145270753863e-01 3.702810000000000000e+06
4.557410984910109875e+01 1.226649968435175875e-01 3.716162000000000000e+06
4.565793710884364032e+01 1.223445186137032820e-01 3.740094000000000000e+06
4.574173858314507868e+01 1.219037810943411904e-01 3.740954000000000000e+06
4.582547487248402263e+01 1.214780054672414816e-01 3.760946000000000000e+06
4.590929724167653347e+01 1.210365955734331866e-01 3.778278000000000000e+06
4.599310294070550498e+01 1.206074887408511986e-01 3.784922000000000000e+06
4.607688647938994819e+01 1.202370281078904840e-01 3.805266000000000000e+06
4.616063114034604098e+01 1.199813269135112520e-01 3.807686000000000000e+06
4.624436961981203353e+01 1.194920583830968303e-01 3.833130000000000000e+06
4.632816579644655519e+01 1.191349301829460333e-01 3.841898000000000000e+06
4.641196142457300766e+01 1.186802339716656468e-01 3.858074000000000000e+06
4.649571814796405533e+01 1.183240133559956692e-01 3.868974000000000000e+06
4.657948650465218066e+01 1.180683260658852429e-01 3.885362000000000000e+06
4.666326012374663890e+01 1.177356449879306127e-01 3.898290000000000000e+06
4.674697557759400013e+01 1.173703492585993352e-01 3.907334000000000000e+06
4.683072185148795086e+01 1.169240521109875253e-01 3.928730000000000000e+06
4.691446205725140572e+01 1.165379139987999940e-01 3.936666000000000000e+06
4.699827339304534490e+01 1.163096299843538045e-01 3.961346000000000000e+06
4.708217883775101598e+01 1.158892818731648150e-01 3.975774000000000000e+06
4.716589489477312469e+01 1.156669919518521772e-01 3.970106000000000000e+06
4.724959403662504087e+01 1.152565576155896582e-01 4.003170000000000000e+06
4.733350988050379016e+01 1.149064539558827258e-01 4.019558000000000000e+06
4.741737501115326126e+01 1.145331058375285288e-01 4.025642000000000000e+06
4.750102520144735507e+01 1.140519339140933924e-01 4.028514000000000000e+06
4.758473950277736009e+01 1.138131811662714543e-01 4.059398000000000000e+06
4.766858069315918556e+01 1.135952474325953310e-01 4.069674000000000000e+06
4.775237333775331194e+01 1.132676038972519478e-01 4.083698000000000000e+06
4.783614237112322343e+01 1.130051328259112503e-01 4.095210000000000000e+06
4.791988490245709897e+01 1.125505425958480132e-01 4.110518000000000000e+06
4.800366139183459069e+01 1.122718068866084412e-01 4.126850000000000000e+06
4.808744155042190727e+01 1.120763673415756112e-01 4.140114000000000000e+06
4.817110248164115660e+01 1.116142991672437884e-01 4.144070000000000000e+06
4.825485289941014599e+01 1.114777622358531367e-01 4.175802000000000000e+06
4.833872317014574804e+01 1.111253776371922547e-01 4.187882000000000000e+06
4.842255739313756635e+01 1.105978671786628648e-01 4.199250000000000000e+06
4.850630200152498617e+01 1.102868517430106304e-01 4.209326000000000000e+06
4.858999651144587517e+01 1.100132590067098848e-01 4.222130000000000000e+06
4.867384498554194749e+01 1.095660071627061610e-01 4.254258000000000000e+06
4.875769237889889496e+01 1.094252427643364611e-01 4.252478000000000000e+06
4.884143639731927777e+01 1.090827687886148922e-01 4.270698000000000000e+06
4.892512165045238959e+01 1.086243858870784840e-01 4.278122000000000000e+06
4.900892249802404876e+01 1.083707853990976133e-01 4.309898000000000000e+06
4.909279745527720706e+01 1.080547351840913661e-01 4.317150000000000000e+06
4.917658920170342185e+01 1.077385333803881906e-01 4.329698000000000000e+06
4.926033308118844189e+01 1.073495142399165519e-01 4.340826000000000000e+06
4.934406286064109537e+01 1.071675748178154280e-01 4.359590000000000000e+06
4.942786957825488514e+01 1.069204165095902215e-01 4.376850000000000000e+06
4.951163677893373460e+01 1.065279255422217353e-01 4.386674000000000000e+06
4.959537078523236886e+01 1.064378514769700190e-01 4.401782000000000000e+06
4.967912880843362444e+01 1.059756367653947318e-01 4.419210000000000000e+06
4.976302304379169783e+01 1.056308532228399932e-01 4.446482000000000000e+06
4.984679567254183752e+01 1.054784954709152428e-01 4.435554000000000000e+06
4.993048967360238777e+01 1.052040948132149656e-01 4.468934000000000000e+06
5.001430382430130805e+01 1.048825695398255820e-01 4.477650000000000000e+06
5.009805003277288193e+01 1.044517809534073055e-01 4.491218000000000000e+06
5.018180837416312556e+01 1.042960932923727990e-01 4.510358000000000000e+06
5.026555488397971772e+01 1.039975391128302312e-01 4.518594000000000000e+06
5.034932947116654134e+01 1.038031367876678240e-01 4.544474000000000000e+06
5.043314290484163820e+01 1.033461178230345584e-01 4.552098000000000000e+06
5.051694671432978367e+01 1.031368921024963942e-01 4.574990000000000000e+06
5.060070330614421863e+01 1.029209046012745793e-01 4.577210000000000000e+06
5.068450326170798093e+01 1.024819880317330983e-01 4.608186000000000000e+06
5.076830570006593746e+01 1.021848193938741933e-01 4.610198000000000000e+06
5.085203782795357341e+01 1.019086980853758234e-01 4.628898000000000000e+06
5.093575247787595117e+01 1.016964270324077768e-01 4.641170000000000000e+06
5.101951360832174487e+01 1.013719186880236156e-01 4.662462000000000000e+06
5.110336138272519690e+01 1.010800331393617579e-01 4.681442000000000000e+06
5.118714498866896889e+01 1.009074922405793773e-01 4.687850000000000000e+06
5.127091437680648056e+01 1.004134623062518106e-01 4.708818000000000000e+06
5.135469940961902324e+01 1.001125839081112162e-01 4.721534000000000000e+06
5.143844012238305652e+01 1.000923415357179852e-01 4.732770000000000000e+06
5.152216672994304503e+01 9.973005068429691145e-02 4.753346000000000000e+06
5.160598460354614758e+01 9.947546673019216912e-02 4.772886000000000000e+06
5.168981756623005452e+01 9.915981605810371413e-02 4.785098000000000000e+06
5.177356462271885107e+01 9.874731487131192809e-02 4.795394000000000000e+06
5.185730248904087603e+01 9.850907595078174650e-02 4.813986000000000000e+06
5.194107950576231758e+01 9.833703049090623816e-02 4.832654000000000000e+06
5.202490683524943194e+01 9.802128996556661034e-02 4.849362000000000000e+06
5.210868111161441618e+01 9.775238497983460007e-02 4.858322000000000000e+06
5.219237188700115837e+01 9.728697668336452886e-02 4.871286000000000000e+06
5.227611099451670640e+01 9.733810863298034133e-02 4.894370000000000000e+06
5.235994633095187112e+01 9.698064078825552325e-02 4.914650000000000000e+06
5.244373186833391998e+01 9.666576416490739454e-02 4.919658000000000000e+06
5.252748139865951060e+01 9.640553395453085872e-02 4.941638000000000000e+06
5.261134608608541186e+01 9.623857017201528641e-02 4.965954000000000000e+06
5.269521219925067612e+01 9.606667368965177145e-02 4.971770000000000000e+06
5.277896921030312427e+01 9.569795788035466433e-02 4.985702000000000000e+06
5.286266873731673144e+01 9.544895872237012246e-02 4.996314000000000000e+06
5.294640362710930503e+01 9.516671419791614128e-02 5.021258000000000000e+06
5.303021795299186181e+01 9.495621934833391176e-02 5.038470000000000000e+06
5.311400321458867069e+01 9.477361906440832928e-02 5.048570000000000000e+06
5.319775700266092855e+01 9.438585459212366080e-02 5.067786000000000000e+06
5.328156065547872799e+01 9.416655587028720242e-02 5.084402000000000000e+06
5.336537962353408915e+01 9.395847259669318219e-02 5.104238000000000000e+06
5.344909091783166133e+01 9.358964275983998327e-02 5.101890000000000000e+06
5.353274999593639194e+01 9.325296383105563525e-02 5.129594000000000000e+06
5.361652756373694473e+01 9.308806820278395233e-02 5.149086000000000000e+06
5.370036822863162485e+01 9.293938439501055193e-02 5.168834000000000000e+06
5.378411950541506314e+01 9.264612220352004546e-02 5.172306000000000000e+06
5.386787929501433325e+01 9.230095396076871961e-02 5.199218000000000000e+06
5.395171074936121158e+01 9.209123217069349610e-02 5.215430000000000000e+06
5.403552355469201984e+01 9.177398984828265271e-02 5.229066000000000000e+06
5.411930985166335262e+01 9.169445951305454923e-02 5.244530000000000000e+06
5.420310642373981125e+01 9.150492031914146673e-02 5.262870000000000000e+06
5.428687812998526852e+01 9.120947747982859066e-02 5.272562000000000000e+06
5.437059019332080112e+01 9.105363572659712357e-02 5.290098000000000000e+06
5.445438308715934994e+01 9.074592711857198957e-02 5.314358000000000000e+06
5.453817366229988295e+01 9.054821402198906521e-02 5.322098000000000000e+06
5.462191410682409298e+01 9.021174606714139899e-02 5.341026000000000000e+06
5.470574856213039538e+01 8.993328242521043958e-02 5.366858000000000000e+06
5.478957837144608334e+01 8.975897198805751764e-02 5.374422000000000000e+06
5.487325249086202206e+01 8.945580314556514367e-02 5.377730000000000000e+06
5.495693797161722927e+01 8.922689235055210333e-02 5.409410000000000000e+06
5.504079340903902562e+01 8.905963091924312680e-02 5.434014000000000000e+06
5.512463744441291880e+01 8.874599021453305481e-02 5.438882000000000000e+06
5.520838246356159118e+01 8.848522835032142375e-02 5.456178000000000000e+06
5.529211836524709867e+01 8.824362109959661693e-02 5.469242000000000000e+06
5.537590104604533536e+01 8.800048906748585142e-02 5.496174000000000000e+06
5.545970262891226810e+01 8.769574069163187102e-02 5.505530000000000000e+06
5.554345609431005926e+01 8.748685974539602284e-02 5.521202000000000000e+06
5.562722615507448864e+01 8.724097698176412619e-02 5.544126000000000000e+06
5.571106592766010124e+01 8.699409799921080377e-02 5.560106000000000000e+06
5.579489699651359302e+01 8.683619273358646196e-02 5.579754000000000000e+06
5.587861150379660558e+01 8.660582589257694031e-02 5.576270000000000000e+06
5.596227888762821578e+01 8.650041808316470682e-02 5.607138000000000000e+06
5.604605505562237511e+01 8.608180211078135524e-02 5.625026000000000000e+06
5.612988563474059589e+01 8.584969702647458900e-02 5.646698000000000000e+06
5.621362981395379421e+01 8.557849811634579695e-02 5.649126000000000000e+06
5.629735953290565220e+01 8.537824979555827531e-02 5.676434000000000000e+06
5.638111113221403770e+01 8.520971203452955278e-02 5.687418000000000000e+06
5.646491353105431443e+01 8.486216678067752539e-02 5.715830000000000000e+06
5.654876833880403098e+01 8.473806270847114575e-02 5.729210000000000000e+06
5.663258281598625388e+01 8.462745430564883042e-02 5.744802000000000000e+06
5.671632533067610638e+01 8.435639392651865520e-02 5.752154000000000000e+06
5.680011690917110911e+01 8.409196260288380464e-02 5.786382000000000000e+06
5.688389278969563634e+01 8.377363529551293264e-02 5.784146000000000000e+06
5.696761357142070636e+01 8.359688701901156482e-02 5.812146000000000000e+06
5.705141499197365818e+01 8.344147062021904648e-02 5.830166000000000000e+06
5.713521997423967491e+01 8.326097787319208798e-02 5.845850000000000000e+06
5.721900004074090873e+01 8.296031620543921348e-02 5.862834000000000000e+06
5.730276083164348933e+01 8.286536859865087368e-02 5.876066000000000000e+06
5.738658092066984295e+01 8.251804586601700631e-02 5.905854000000000000e+06
5.747033874630024286e+01 8.235235902297995125e-02 5.902274000000000000e+06
5.755404338958180688e+01 8.194051118666562106e-02 5.931258000000000000e+06
5.763786106901985562e+01 8.189061763744746869e-02 5.954966000000000000e+06
5.772168705776467590e+01 8.166370399973446603e-02 5.965346000000000000e+06
5.780542407686664319e+01 8.153401981291501233e-02 5.977818000000000000e+06
5.788919496618857607e+01 8.116495333336219697e-02 6.004718000000000000e+06
5.797296788463464878e+01 8.095480717120896730e-02 6.011706000000000000e+06
5.805676589856359726e+01 8.087331617808815598e-02 6.045770000000000000e+06
5.814055263107005089e+01 8.057729481132934468e-02 6.041586000000000000e+06
5.822426906686246895e+01 8.046015455530114435e-02 6.073166000000000000e+06
5.830801158641646253e+01 8.021631098368439683e-02 6.078962000000000000e+06
5.839179370373053501e+01 8.001845849488196938e-02 6.114258000000000000e+06
5.847563338611901429e+01 7.966983478592330747e-02 6.123086000000000000e+06
5.855940577164263061e+01 7.951007818445207653e-02 6.136770000000000000e+06
5.864313003931577839e+01 7.940580412542985744e-02 6.154898000000000000e+06
5.872691634067579969e+01 7.906972098093259516e-02 6.178610000000000000e+06
5.881074619570083684e+01 7.894527706760039176e-02 6.197982000000000000e+06
5.889452794754235043e+01 7.873371639698954760e-02 6.205322000000000000e+06
5.897820641443409073e+01 7.857152548300731787e-02 6.218850000000000000e+06
5.906193901280321512e+01 7.828835697079881972e-02 6.249542000000000000e+06
5.914581786000324826e+01 7.811350939235395252e-02 6.274146000000000000e+06
5.922958949112301497e+01 7.802120117532944377e-02 6.270242000000000000e+06
5.931333012199205257e+01 7.776690396468197153e-02 6.305222000000000000e+06
5.939720105247847926e+01 7.756321377176947363e-02 6.325026000000000000e+06
5.948100907207791010e+01 7.733094311648185115e-02 6.331922000000000000e+06
5.956471628696222353e+01 7.721235705104499691e-02 6.343698000000000000e+06
5.964845880386389609e+01 7.692940708293033447e-02 6.375158000000000000e+06
5.973228933048412159e+01 7.668746180879193464e-02 6.392178000000000000e+06
5.981613496168468203e+01 7.650650528331814915e-02 6.412826000000000000e+06
5.989983645289154879e+01 7.627907273018995349e-02 6.407078000000000000e+06
5.998354613160790194e+01 7.613499375150628579e-02 6.447954000000000000e+06
6.006732029307560339e+01 7.597175975592415642e-02 6.456026000000000000e+06
6.015110327404215695e+01 7.582710052893891495e-02 6.482034000000000000e+06
6.023487596160424573e+01 7.553810305691867344e-02 6.492878000000000000e+06
6.031854831072890022e+01 7.546595420937995957e-02 6.502074000000000000e+06
6.040231839065788222e+01 7.522337565127550085e-02 6.542930000000000000e+06
6.048619165671609466e+01 7.507730190260254732e-02 6.556598000000000000e+06
6.057002333107591596e+01 7.484107533411563096e-02 6.570330000000000000e+06
6.065376829395822256e+01 7.471724557656912735e-02 6.581882000000000000e+06
6.073756442394000743e+01 7.442478471983407506e-02 6.612546000000000000e+06
6.082141587353444123e+01 7.437863782246144362e-02 6.628622000000000000e+06
6.090514253860760618e+01 7.404857426610582383e-02 6.629498000000000000e+06
6.098884320245825563e+01 7.385177103277396071e-02 6.659250000000000000e+06
6.107265851032283877e+01 7.360227466143465236e-02 6.686006000000000000e+06
6.115647246835320061e+01 7.350333484667719020e-02 6.693786000000000000e+06
6.124020033801726015e+01 7.338697192930281055e-02 6.711554000000000000e+06
6.132397038132510403e+01 7.313601633718239126e-02 6.735678000000000000e+06
6.140778387575393538e+01 7.291227778243293545e-02 6.754754000000000000e+06
6.149161352937865388e+01 7.271900644426310123e-02 6.776570000000000000e+06
6.157529545988447239e+01 7.246764781243711373e-02 6.767394000000000000e+06
6.165900889953971387e+01 7.229645736601467143e-02 6.818246000000000000e+06
6.174288787705573611e+01 7.215233076721945527e-02 6.830562000000000000e+06
6.182665980957211360e+01 7.189407756273920314e-02 6.839186000000000000e+06
6.191039097988957707e+01 7.178599928848981848e-02 6.861462000000000000e+06
6.199415875786135643e+01 7.161183738169644986e-02 6.880394000000000000e+06
6.207797374072198693e+01 7.139947837597351854e-02 6.907178000000000000e+06
6.216178350871904001e+01 7.120474252403559412e-02 6.917034000000000000e+06
6.224554940092006916e+01 7.099336506372069810e-02 6.937934000000000000e+06
6.232927625716432374e+01 7.082030209795242559e-02 6.947250000000000000e+06
6.241305212971730754e+01 7.069033863135278095e-02 6.982106000000000000e+06
6.249687658401688850e+01 7.051773492013257982e-02 6.995718000000000000e+06
6.258064195304475419e+01 7.041398571392279426e-02 7.006682000000000000e+06
6.266440681033797944e+01 7.018494151963668159e-02 7.035866000000000000e+06
6.274824216199589699e+01 7.000154431246465025e-02 7.054110000000000000e+06
6.283199118762099999e+01 6.985410621949192378e-02 7.059194000000000000e+06
6.291572599321118986e+01 6.969097469867320538e-02 7.091802000000000000e+06
6.299950509521183051e+01 6.952104035029953166e-02 7.100666000000000000e+06
6.308326075680762557e+01 6.940805830914831276e-02 7.129070000000000000e+06
6.316706195378349520e+01 6.925587128577592733e-02 7.143282000000000000e+06
6.325081801455058894e+01 6.894958595860464778e-02 7.161482000000000000e+06
6.333459669546337523e+01 6.881864940942508668e-02 7.184694000000000000e+06
6.341841008120442780e+01 6.865278375061112381e-02 7.203914000000000000e+06
6.350218876580745331e+01 6.853144487354541348e-02 7.219746000000000000e+06
6.358591190700263951e+01 6.831563888834321641e-02 7.228634000000000000e+06
6.366969673610064717e+01 6.816825586943875415e-02 7.271990000000000000e+06
6.375349087092273948e+01 6.800819939516589141e-02 7.266786000000000000e+06
6.383719401333753751e+01 6.782107552460017730e-02 7.293650000000000000e+06
6.392099500043143223e+01 6.774272755672175461e-02 7.324086000000000000e+06
6.400484294296721544e+01 6.756649298576714036e-02 7.338650000000000000e+06
6.408861957019631461e+01 6.725536326221490113e-02 7.351962000000000000e+06
6.417229567069612983e+01 6.725191615277029134e-02 7.357190000000000000e+06
6.425605827522849722e+01 6.705665961656712137e-02 7.406042000000000000e+06
6.433988346718935247e+01 6.690989327845675572e-02 7.408626000000000000e+06
6.442366993893529070e+01 6.665636713060528462e-02 7.435610000000000000e+06
6.450748292497215175e+01 6.652100353764693608e-02 7.453542000000000000e+06
6.459124517573944502e+01 6.634394574787090548e-02 7.464002000000000000e+06
6.467501250428696835e+01 6.621101428482589757e-02 7.493546000000000000e+06
6.475881482306483861e+01 6.604139339373163442e-02 7.510806000000000000e+06
6.484263355878292145e+01 6.575093410030702357e-02 7.532114000000000000e+06
6.492635863913294259e+01 6.561738926896377999e-02 7.536234000000000000e+06
6.501006892041591811e+01 6.555243116621378707e-02 7.565834000000000000e+06
6.509392196997305291e+01 6.540604956266303505e-02 7.603062000000000000e+06
6.517772136341262978e+01 6.522583863474451515e-02 7.593890000000000000e+06
6.526142024031203448e+01 6.505681691470417694e-02 7.622906000000000000e+06
6.534517798747489792e+01 6.490930733858689405e-02 7.646622000000000000e+06
6.542900683024386410e+01 6.476726160047278913e-02 7.672058000000000000e+06
6.551278372258207128e+01 6.461513373013795525e-02 7.679346000000000000e+06
6.559647689529717240e+01 6.447523858522839768e-02 7.693058000000000000e+06
6.568023240704575016e+01 6.432426028412767394e-02 7.732158000000000000e+06
6.576407007540214522e+01 6.400522714581534378e-02 7.746962000000000000e+06
6.584790505033298302e+01 6.394996481141518307e-02 7.770986000000000000e+06
6.593165610578880376e+01 6.382817326964908278e-02 7.772094000000000000e+06
6.601538633341530726e+01 6.359589386246577991e-02 7.803818000000000000e+06
6.609921986930250171e+01 6.355716095603737570e-02 7.834338000000000000e+06
6.618300989442009552e+01 6.329116408445041586e-02 7.833710000000000000e+06
6.626672027527055775e+01 6.314980946822119912e-02 7.858794000000000000e+06
6.635048482494400446e+01 6.298628744630144216e-02 7.884290000000000000e+06
6.643426840268917033e+01 6.293612641969484334e-02 7.901522000000000000e+06
6.651807839369693909e+01 6.277836185049874562e-02 7.930662000000000000e+06
6.660185938569200914e+01 6.258384349416075410e-02 7.934426000000000000e+06
6.668562349459918437e+01 6.241131351914733227e-02 7.967322000000000000e+06
6.676941985144630110e+01 6.229011978801127225e-02 7.981934000000000000e+06
6.685320220952085890e+01 6.214277155297039806e-02 8.003282000000000000e+06
6.693696207061206849e+01 6.195665988458870510e-02 8.019666000000000000e+06
6.702068860837411535e+01 6.190159879006511962e-02 8.034482000000000000e+06
6.710445272740649614e+01 6.170939867450650484e-02 8.068542000000000000e+06
6.718828234859530824e+01 6.157978076948279755e-02 8.088290000000000000e+06
6.727206071729939652e+01 6.140303584763549816e-02 8.096322000000000000e+06
6.735579384931760671e+01 6.124589050169119975e-02 8.122646000000000000e+06
6.743961094632139464e+01 6.108658068121055468e-02 8.150138000000000000e+06
6.752341839406597046e+01 6.099004347287222821e-02 8.165322000000000000e+06
6.760720134506061640e+01 6.077744836160357822e-02 8.182574000000000000e+06
6.769097215349376029e+01 6.075670081955722446e-02 8.203698000000000000e+06
6.777475210174605991e+01 6.054423931014716459e-02 8.226914000000000000e+06
6.785855795495925236e+01 6.044764877048316304e-02 8.246898000000000000e+06
6.794231757399198557e+01 6.028370843840560184e-02 8.261774000000000000e+06
6.802605368830526800e+01 6.013962728213284592e-02 8.279426000000000000e+06
6.810980740395922339e+01 5.996369312272091523e-02 8.308722000000000000e+06
6.819359624676370402e+01 5.981960258287860599e-02 8.326214000000000000e+06
6.827735164047554406e+01 5.977725823062655236e-02 8.342682000000000000e+06
6.836106899917464830e+01 5.960913633137555900e-02 8.360834000000000000e+06
6.844484437189701964e+01 5.946619184327932989e-02 8.393226000000000000e+06
6.852869899063553305e+01 5.933882561474557865e-02 8.420150000000000000e+06
6.861250241461986832e+01 5.916097165205452119e-02 8.421986000000000000e+06
6.869622258997036113e+01 5.906641670556213308e-02 8.445714000000000000e+06
6.877998582885126666e+01 5.886017808603980633e-02 8.472590000000000000e+06
6.886380417121233677e+01 5.876256713951246574e-02 8.495370000000000000e+06
6.894760222040189035e+01 5.866011420211582339e-02 8.512802000000000000e+06
6.903133907390910906e+01 5.856653504691263640e-02 8.523290000000000000e+06
6.911515911696680803e+01 5.835380429570380389e-02 8.570982000000000000e+06
6.919899661482570252e+01 5.821935813888566569e-02 8.568458000000000000e+06
6.928271270688284744e+01 5.805400088604224795e-02 8.586498000000000000e+06
6.936640883580386685e+01 5.795701246207676793e-02 8.608838000000000000e+06
6.945020519724739927e+01 5.778588786679019623e-02 8.645610000000000000e+06
6.953403489536805182e+01 5.766697598143580294e-02 8.658386000000000000e+06
6.961776845906641142e+01 5.753182709014768165e-02 8.668598000000000000e+06
6.970149629909469979e+01 5.739621627709163426e-02 8.697426000000000000e+06
6.978527344513386765e+01 5.721745657984431827e-02 8.722562000000000000e+06
6.986906013590846953e+01 5.717575004903889535e-02 8.737962000000000000e+06
6.995286374627769987e+01 5.705722959798963795e-02 8.771366000000000000e+06
7.003663130607654352e+01 5.689275664946226441e-02 8.771010000000000000e+06
7.012044287898793016e+01 5.674852903639259621e-02 8.822618000000000000e+06
7.020422712516214858e+01 5.662026157489458839e-02 8.807726000000000000e+06
7.028792428421020588e+01 5.645426475739257627e-02 8.844618000000000000e+06
7.037169187076506205e+01 5.633091075579998996e-02 8.868722000000000000e+06
7.045550216092648554e+01 5.626545665955192538e-02 8.891394000000000000e+06
7.053930310811041693e+01 5.617090591671795863e-02 8.911934000000000000e+06
7.062306388634770826e+01 5.599904786989779587e-02 8.923938000000000000e+06
7.070681928787864479e+01 5.587018907417082986e-02 8.953682000000000000e+06
7.079064883602877956e+01 5.569183016279509457e-02 8.981966000000000000e+06
7.087445404086807343e+01 5.565650303956134332e-02 8.990442000000000000e+06
7.095817349518108585e+01 5.546582426108535857e-02 9.007874000000000000e+06
7.104193091703314167e+01 5.534012292534712385e-02 9.038982000000000000e+06
7.112576467725064333e+01 5.518321797152141855e-02 9.068570000000000000e+06
7.120961688916655419e+01 5.502054153710685125e-02 9.085250000000000000e+06
7.129335164196812968e+01 5.497648722741227401e-02 9.084690000000000000e+06
7.137708037180341591e+01 5.479681067986583859e-02 9.128654000000000000e+06
7.146084353628984331e+01 5.464373267989099114e-02 9.133170000000000000e+06
7.154466665793322022e+01 5.463769020764690926e-02 9.185882000000000000e+06
7.162842926759091711e+01 5.447228408161555041e-02 9.163254000000000000e+06
7.171216325434680527e+01 5.432707090355558960e-02 9.220130000000000000e+06
7.179600405083390058e+01 5.428786778666148255e-02 9.233138000000000000e+06
7.187979487849634097e+01 5.405834789647476907e-02 9.249378000000000000e+06
7.196355510905767972e+01 5.399915939082462063e-02 9.271550000000000000e+06
7.204729422001986450e+01 5.385856920316518803e-02 9.286266000000000000e+06
7.213106156089709486e+01 5.384636537763758113e-02 9.320762000000000000e+06
7.221480038490358311e+01 5.362319038701502533e-02 9.326718000000000000e+06
7.229852005323998299e+01 5.350548318357103983e-02 9.354602000000000000e+06
7.238228486066410028e+01 5.339930509748274517e-02 9.384122000000000000e+06
7.246607067066045715e+01 5.328532954480419415e-02 9.400482000000000000e+06
7.254987197439923818e+01 5.315356239686076789e-02 9.432638000000000000e+06
7.263367976569567475e+01 5.303892292516691753e-02 9.445314000000000000e+06
7.271750340333485951e+01 5.296579375538788131e-02 9.477290000000000000e+06
7.280130916047085066e+01 5.284230176531549278e-02 9.489182000000000000e+06
7.288506765200136783e+01 5.266751635634887851e-02 9.506706000000000000e+06
7.296881975889688476e+01 5.252712653102408619e-02 9.533978000000000000e+06
7.305259443485221027e+01 5.242019369117308092e-02 9.553662000000000000e+06
7.313637521480190173e+01 5.234784223215685484e-02 9.579506000000000000e+06
7.322019418653475498e+01 5.220300741080277640e-02 9.607866000000000000e+06
7.330395444861356680e+01 5.210623874807276956e-02 9.608354000000000000e+06
7.338767600840630223e+01 5.199758794765001885e-02 9.643862000000000000e+06
7.347148094131401308e+01 5.183076311467629121e-02 9.670578000000000000e+06
7.355528165751150027e+01 5.171631154978018757e-02 9.687890000000000000e+06
7.363898985402030917e+01 5.161820829431151142e-02 9.693294000000000000e+06
7.372271904442924040e+01 5.142893335725819831e-02 9.736034000000000000e+06
7.380653580168322492e+01 5.138132360810276217e-02 9.758946000000000000e+06
7.389034984429981989e+01 5.124060435050885320e-02 9.778994000000000000e+06
7.397413656457592879e+01 5.114458001346151861e-02 9.796814000000000000e+06
7.405788979529948790e+01 5.099283624372789869e-02 9.816882000000000000e+06
7.414169279296697823e+01 5.094885150155616105e-02 9.850514000000000000e+06
7.422546369344802031e+01 5.078584821706681740e-02 9.856062000000000000e+06
7.430920419509655517e+01 5.062856627879902538e-02 9.886706000000000000e+06
7.439300596308194713e+01 5.057751681239797820e-02 9.916194000000000000e+06
7.447678556559041851e+01 5.046453328179940911e-02 9.924854000000000000e+06
7.456056972198642541e+01 5.033007424090171072e-02 9.961490000000000000e+06
7.464438171105736330e+01 5.024985098853623766e-02 9.979098000000000000e+06
7.472814154131890518e+01 5.009593213033566861e-02 9.990266000000000000e+06
7.481183974796279301e+01 4.998186685647134503e-02 1.001239800000000000e+07
7.489556694343458787e+01 4.986772969686271983e-02 1.003881800000000000e+07
7.497934514550230745e+01 4.978639843281657679e-02 1.007208200000000000e+07
7.506311789232059084e+01 4.969371642134474271e-02 1.008267000000000000e+07
7.514692811902769165e+01 4.962418230117553869e-02 1.012322600000000000e+07
7.523075407192267505e+01 4.948418494076962243e-02 1.013483400000000000e+07
7.531451966247126961e+01 4.935957116963585883e-02 1.015145000000000000e+07
7.539829209775307106e+01 4.926814108988131907e-02 1.018411800000000000e+07
7.548208760826673824e+01 4.911845171625745660e-02 1.019981000000000000e+07
7.556588556111178434e+01 4.902725566757695774e-02 1.023038600000000000e+07
7.564964694677739487e+01 4.887137887863396424e-02 1.023833400000000000e+07
7.573340114101655729e+01 4.877436136007712308e-02 1.027159400000000000e+07
7.581720755260936073e+01 4.868118457611644856e-02 1.029841800000000000e+07
7.590097691415932957e+01 4.861043565450972465e-02 1.030681400000000000e+07
7.598473414840474049e+01 4.848317755997163386e-02 1.034130600000000000e+07
7.606853392840329775e+01 4.843543100917682004e-02 1.036284200000000000e+07
7.615234212784832835e+01 4.832414602543461807e-02 1.038883400000000000e+07
7.623609474757780902e+01 4.822018663130565180e-02 1.039563000000000000e+07
7.631981670052634570e+01 4.806411338522346283e-02 1.042536200000000000e+07
7.640358337833828273e+01 4.800388637699758154e-02 1.045427400000000000e+07
7.648737866504175997e+01 4.789873236998312689e-02 1.047829400000000000e+07
7.657118922665969762e+01 4.780618103455992057e-02 1.050181800000000000e+07
7.665495334176074493e+01 4.769020731235276700e-02 1.051481000000000000e+07
7.673872752945807463e+01 4.759695720629809196e-02 1.054884200000000000e+07
7.682251623133140583e+01 4.750610942432765410e-02 1.056646200000000000e+07
7.690627734628161249e+01 4.744714472537053113e-02 1.058681000000000000e+07
7.699005449515836119e+01 4.733417532944560885e-02 1.061495400000000000e+07
7.707381163172706806e+01 4.726282901958733101e-02 1.063105400000000000e+07
7.715758302708022143e+01 4.716006523695218111e-02 1.066236200000000000e+07
7.724136594782987686e+01 4.707917569707040922e-02 1.068335400000000000e+07
7.732513038906363079e+01 4.698338619973010943e-02 1.069929800000000000e+07
7.740891664711064379e+01 4.687811953441274604e-02 1.073878200000000000e+07
7.749269645330657852e+01 4.678913682933362461e-02 1.074420200000000000e+07
7.757647166278094630e+01 4.667822288077760895e-02 1.078218600000000000e+07
7.766021891602670735e+01 4.659268281420637231e-02 1.078496600000000000e+07
7.774399344085298935e+01 4.652286292389710975e-02 1.083393800000000000e+07
7.782781601101176250e+01 4.640424812995557619e-02 1.084813800000000000e+07
7.791162919578846413e+01 4.631601128348725172e-02 1.087376600000000000e+07
7.799540485219509378e+01 4.623707571987430848e-02 1.088697000000000000e+07
7.807914803163318140e+01 4.616711250332419109e-02 1.091244200000000000e+07
7.816290481905753040e+01 4.603063808655957767e-02 1.093669800000000000e+07
7.824668494094176197e+01 4.595666484165534388e-02 1.096614200000000000e+07
7.833041079278541474e+01 4.585586002720821314e-02 1.096874600000000000e+07
7.841414369597413270e+01 4.574813790366642069e-02 1.101460200000000000e+07
7.849797207299076263e+01 4.562278690118986429e-02 1.104277400000000000e+07
7.858180750484748955e+01 4.555201854201347544e-02 1.106147400000000000e+07
7.866557248062186147e+01 4.555504596995244709e-02 1.107245000000000000e+07
7.874929596355666206e+01 4.539957397645941889e-02 1.109692200000000000e+07
7.883311706336922953e+01 4.527489102882817362e-02 1.114652600000000000e+07
7.891694358971126633e+01 4.519064167642088820e-02 1.114560200000000000e+07
7.900068031277757541e+01 4.506697028555997631e-02 1.116844200000000000e+07
7.908436218738494006e+01 4.498725012042658483e-02 1.118108600000000000e+07
7.916818470584115630e+01 4.490098667000174543e-02 1.125011400000000000e+07
7.925204746494267738e+01 4.481325329524556839e-02 1.124210600000000000e+07
7.933579204504063398e+01 4.472475501635710116e-02 1.126544600000000000e+07
7.941952450138673214e+01 4.463581665483731808e-02 1.128549000000000000e+07
7.950333805121174180e+01 4.456919670936338590e-02 1.133592200000000000e+07
7.958714843508016656e+01 4.448100441036422631e-02 1.133013000000000000e+07
7.967084513754768693e+01 4.437898037996806933e-02 1.135727000000000000e+07
7.975459918129639902e+01 4.431693690755843934e-02 1.138909800000000000e+07
7.983842412182876558e+01 4.421145227968111685e-02 1.142664200000000000e+07
7.992222911930718965e+01 4.412504238341586477e-02 1.143135800000000000e+07
8.000599212589428078e+01 4.404578438372479948e-02 1.146229800000000000e+07
8.008974687846490781e+01 4.395957521698808101e-02 1.147920200000000000e+07
8.017351400530820626e+01 4.390133804864156108e-02 1.150974600000000000e+07
8.025725037950861918e+01 4.380016353292206371e-02 1.152306200000000000e+07
8.034098812717721216e+01 4.372075976899000849e-02 1.155621000000000000e+07
8.042478697546600586e+01 4.363250307508912545e-02 1.158828200000000000e+07
8.050856802239243848e+01 4.359355826462290445e-02 1.159964600000000000e+07
8.059238416169034736e+01 4.348138083741095311e-02 1.164527400000000000e+07
8.067619501003925109e+01 4.341206180557212468e-02 1.164933800000000000e+07
8.075991178803855064e+01 4.328949927160575389e-02 1.166538600000000000e+07
8.084370890131339138e+01 4.320196266649692363e-02 1.171928600000000000e+07
8.092752051805530300e+01 4.309296692750917007e-02 1.172073800000000000e+07
8.101129543325400562e+01 4.297418714675892149e-02 1.175507400000000000e+07
8.109505389589725155e+01 4.297150860283605739e-02 1.176716600000000000e+07
8.117885591153601865e+01 4.287121267336112956e-02 1.181334600000000000e+07
8.126268704922078712e+01 4.278935738174868136e-02 1.182545000000000000e+07
8.134639603648894024e+01 4.270237119714622581e-02 1.182881400000000000e+07
8.143015231506957718e+01 4.264410287066645183e-02 1.188441800000000000e+07
8.151397613354559724e+01 4.255686773142836055e-02 1.190037800000000000e+07
8.159772291543191614e+01 4.253386451816181663e-02 1.190800200000000000e+07
8.168141712941573473e+01 4.244578991612125290e-02 1.193747000000000000e+07
8.176520125845252096e+01 4.233479381198072128e-02 1.198134600000000000e+07
8.184903085960836222e+01 4.224527216853526251e-02 1.199815400000000000e+07
8.193279937551101000e+01 4.216892211403686780e-02 1.201579800000000000e+07
8.201657550601832725e+01 4.214232355955455089e-02 1.204658600000000000e+07
8.210037035575065545e+01 4.205719850684481315e-02 1.207322600000000000e+07
8.218415112950239632e+01 4.200769715460772602e-02 1.208937000000000000e+07
8.226793017110850315e+01 4.192131160535488704e-02 1.212366200000000000e+07
8.235168019795568739e+01 4.182794827248174918e-02 1.212901800000000000e+07
8.243541372022190217e+01 4.171567389543236193e-02 1.216869800000000000e+07
8.251918470186251398e+01 4.167097822422478198e-02 1.219107000000000000e+07
8.260303064827999719e+01 4.156527915902948761e-02 1.223729000000000000e+07
8.268685911029808722e+01 4.150328308205789019e-02 1.223743400000000000e+07
8.277063029603770872e+01 4.143000632466219135e-02 1.226943000000000000e+07
8.285440346682658230e+01 4.138096924850716285e-02 1.228831400000000000e+07
8.293815388297495872e+01 4.131707176272809284e-02 1.231201800000000000e+07
8.302189357408074954e+01 4.118930434490021553e-02 1.233377000000000000e+07
8.310562948947298878e+01 4.115078162019256136e-02 1.236265400000000000e+07
8.318944085122717524e+01 4.105313013037511366e-02 1.240528200000000000e+07
8.327326112930197155e+01 4.098423081018670588e-02 1.241484200000000000e+07
8.335700619223128172e+01 4.093852753473380124e-02 1.243327800000000000e+07
8.344077077200753934e+01 4.089018678622508007e-02 1.246944200000000000e+07
8.352457315314735808e+01 4.076808112614232343e-02 1.249710600000000000e+07
8.360836220932365848e+01 4.068278156510542892e-02 1.251307400000000000e+07
8.369209444132825126e+01 4.063462643180580647e-02 1.253190200000000000e+07
8.377584249260344507e+01 4.053504213980452936e-02 1.256769000000000000e+07
8.385966667689248766e+01 4.047230632472127720e-02 1.260333800000000000e+07
8.394346055007575558e+01 4.040773327252687036e-02 1.261269400000000000e+07
8.402720752589927145e+01 4.036887475134220277e-02 1.263483400000000000e+07
8.411093968200033544e+01 4.027342445112546548e-02 1.266273000000000000e+07
8.419472584613649246e+01 4.018450865282745255e-02 1.269908600000000000e+07
8.427850265596407553e+01 4.013960031371267834e-02 1.271099400000000000e+07
8.436223938424853941e+01 4.005311164896196985e-02 1.273917800000000000e+07
8.444601577921049795e+01 3.996975897236303144e-02 1.276949000000000000e+07
8.452980888818765948e+01 3.993375174596309335e-02 1.279952600000000000e+07
8.461363856796832295e+01 3.983542119651851260e-02 1.282878600000000000e+07
8.469740487481715263e+01 3.979311227936799950e-02 1.283279400000000000e+07
8.478116585803400085e+01 3.971994825698966364e-02 1.287594200000000000e+07
8.486500035405539677e+01 3.965813263957470441e-02 1.290631400000000000e+07
8.494878168161768883e+01 3.959362276992349494e-02 1.291312200000000000e+07
8.503250896829791827e+01 3.956355071335694584e-02 1.293728200000000000e+07
8.511625758727213054e+01 3.946311980985054563e-02 1.297337400000000000e+07
8.520007724156167228e+01 3.940498350111783926e-02 1.300815400000000000e+07
8.528389486690601018e+01 3.931061646301739487e-02 1.302582600000000000e+07
8.536762998882402087e+01 3.928456814566352873e-02 1.303365400000000000e+07
8.545139522308386404e+01 3.921340500055565254e-02 1.308366600000000000e+07
8.553518354504295473e+01 3.914802478192332125e-02 1.309470600000000000e+07
8.561892245915041144e+01 3.909449192295712944e-02 1.311903400000000000e+07
8.570266129864387494e+01 3.900196617790623738e-02 1.314631800000000000e+07
