# k_mean_over_bin [h Mpc^-1] P_bin [h^-3 Mpc^3] N_modes
1.069098562002182007e-01 6.364605577256944571e+02 1.800000000000000000e+01
1.868873286631799469e-01 5.077389112903225623e+02 6.200000000000000000e+01
2.625667106132117956e-01 2.105020727040816269e+02 9.800000000000000000e+01
3.401783364159720047e-01 1.321674386160714505e+02 2.100000000000000000e+02
4.270541402271815778e-01 1.116540848214285688e+02 3.500000000000000000e+02
5.128694812456766616e-01 6.585452256944444116e+01 4.500000000000000000e+02
5.924409924947542372e-01 5.469091959094684796e+01 6.020000000000000000e+02
6.723074055719250319e-01 4.248466719980314821e+01 7.620000000000000000e+02
7.587901043808397139e-01 3.364733266746934959e+01 1.142000000000000000e+03
8.455790008544922243e-01 2.848825312499999995e+01 1.250000000000000000e+03
9.266650900755726283e-01 2.604800561556927008e+01 1.458000000000000000e+03
1.007750481597118108e+00 2.404129341234840211e+01 1.814000000000000000e+03
1.092835777828297106e+00 1.982061739554637114e+01 2.178000000000000000e+03
1.177363493043580345e+00 1.829164425290231932e+01 2.498000000000000000e+03
1.258028102048383667e+00 1.623193918049199169e+01 2.622000000000000000e+03
1.340799984066267880e+00 1.519598421584781356e+01 3.338000000000000000e+03
1.426850896250618783e+00 1.305744349476088217e+01 3.722000000000000000e+03
1.512363651158998401e+00 1.277743180455635574e+01 4.170000000000000000e+03
1.594785008970998508e+00 1.126540718936438701e+01 4.358000000000000000e+03
1.677071395354181815e+00 1.055452920143027384e+01 5.034000000000000000e+03
1.761985857460855120e+00 9.991351423039901647e+00 5.714000000000000000e+03
1.846083158874384234e+00 9.503238883316615926e+00 5.982000000000000000e+03
1.928661813341607134e+00 8.798018119509238844e+00 6.602000000000000000e+03
2.011378788847742793e+00 8.227424285589060915e+00 7.130000000000000000e+03
2.095637332393009089e+00 7.679154608538710569e+00 8.034000000000000000e+03
2.180555667263281983e+00 7.369136086015570797e+00 8.606000000000000000e+03
2.264340071811755895e+00 6.980738473417162915e+00 9.066000000000000000e+03
2.348016592997236973e+00 6.653438535183697766e+00 9.962000000000000000e+03
2.431996440706659879e+00 6.467396327014217405e+00 1.055000000000000000e+04
2.515341052179898895e+00 6.029313229333689961e+00 1.122600000000000000e+04
2.598773628370227406e+00 5.891937803597892653e+00 1.214600000000000000e+04
2.681898646405362463e+00 5.637447569609710385e+00 1.260600000000000000e+04
2.765270270259289287e+00 5.438099437581509932e+00 1.380200000000000000e+04
2.849850551988659220e+00 5.168719605700148989e+00 1.475400000000000000e+04
2.933772609879409909e+00 4.921834379524812064e+00 1.519400000000000000e+04
3.017238585326163403e+00 4.770093898140269850e+00 1.645400000000000000e+04
3.101311446264710892e+00 4.542322034948116816e+00 1.715400000000000000e+04
3.185186132992604779e+00 4.434590307812328547e+00 1.826600000000000000e+04
3.268289649175008194e+00 4.259391250000000184e+00 1.875000000000000000e+04
3.351647662541441530e+00 4.160987925644954011e+00 2.023400000000000000e+04
3.436091650782765239e+00 3.953836684149184322e+00 2.145000000000000000e+04
3.520270179566676205e+00 3.849664690715781656e+00 2.196200000000000000e+04
3.603861709535706392e+00 3.666814623113971550e+00 2.346200000000000000e+04
3.687484650452812929e+00 3.564388297042675458e+00 2.404200000000000000e+04
3.771595824668082741e+00 3.498274962903722862e+00 2.594600000000000000e+04
3.855312792317719062e+00 3.330488073359369139e+00 2.611800000000000000e+04
3.938028496533734213e+00 3.262036862411837213e+00 2.750600000000000000e+04
4.021431216072791415e+00 3.133941127520126990e+00 2.906600000000000000e+04
4.105840509662095350e+00 3.052833538587849116e+00 3.045000000000000000e+04
4.190344247210492590e+00 2.962791805809337653e+00 3.174200000000000000e+04
4.273947828100633117e+00 2.850453003875969227e+00 3.225000000000000000e+04
4.357501119655414534e+00 2.782464644160584033e+00 3.425000000000000000e+04
4.441647719320134691e+00 2.718296948158176907e+00 3.545400000000000000e+04
4.525392379562855893e+00 2.655742446958884617e+00 3.643400000000000000e+04
4.608518969537498400e+00 2.513589877129664085e+00 3.768200000000000000e+04
4.691740922213826437e+00 2.508613751463327990e+00 3.929400000000000000e+04
4.776039686402365980e+00 2.424585405301018959e+00 4.142600000000000000e+04
4.860154063182579698e+00 2.370406400061807695e+00 4.206600000000000000e+04
4.943517626628406880e+00 2.303515535180501228e+00 4.349000000000000000e+04
5.027384526744921089e+00 2.248582700155354441e+00 4.570200000000000000e+04
5.111447781105825428e+00 2.209534955719003602e+00 4.663400000000000000e+04
5.195348147294732932e+00 2.132854817574247441e+00 4.855400000000000000e+04
5.278356443076916982e+00 2.082881241047677356e+00 4.887000000000000000e+04
5.361498069859376159e+00 2.018557453107421296e+00 5.155400000000000000e+04
5.446046268496986364e+00 1.981779210574967642e+00 5.409000000000000000e+04
5.530257906132226786e+00 1.926481892329785950e+00 5.431400000000000000e+04
5.614055059061300312e+00 1.877250538130381230e+00 5.691000000000000000e+04
5.697714059662542851e+00 1.850017587027243282e+00 5.748200000000000000e+04
5.781614503695933216e+00 1.805550114637284098e+00 6.062600000000000000e+04
5.865571886738293550e+00 1.756090599777799577e+00 6.120600000000000000e+04
5.948642163157025209e+00 1.701279691745245293e+00 6.257000000000000000e+04
6.032247506670804782e+00 1.678162202380952372e+00 6.573000000000000000e+04
6.116202609789227473e+00 1.659164311099781131e+00 6.668600000000000000e+04
6.200338050909933507e+00 1.616307587735659634e+00 6.969800000000000000e+04
6.284184080576646458e+00 1.568307775861822906e+00 7.002600000000000000e+04
6.367735154784823770e+00 1.547793542772111230e+00 7.274600000000000000e+04
6.451745661739480830e+00 1.506505202075824279e+00 7.491000000000000000e+04
6.535332300795173133e+00 1.470912618690737306e+00 7.572200000000000000e+04
6.618657591294924813e+00 1.455787577508995012e+00 7.837800000000000000e+04
6.702212198046048286e+00 1.411847022210421132e+00 8.003000000000000000e+04
6.786191249900881850e+00 1.391005641724569086e+00 8.318600000000000000e+04
6.870329813067023395e+00 1.371513875109252822e+00 8.466600000000000000e+04
6.954215657456758848e+00 1.347183596728907196e+00 8.654600000000000000e+04
7.037715246920486223e+00 1.308659612067987199e+00 8.813400000000000000e+04
7.121547139301203089e+00 1.278922414734864121e+00 9.153800000000000000e+04
7.205739104639491188e+00 1.250415629898644854e+00 9.313800000000000000e+04
7.289302562894590665e+00 1.225487348906623808e+00 9.447800000000000000e+04
7.372793903598283016e+00 1.210332170595431522e+00 9.727400000000000000e+04
7.456586938722763236e+00 1.186001213135720933e+00 9.969000000000000000e+04
7.540727849410562733e+00 1.152914666390486564e+00 1.025900000000000000e+05
7.624726899722253037e+00 1.143728242146092366e+00 1.037700000000000000e+05
7.708301949249494633e+00 1.122585049625749898e+00 1.063460000000000000e+05
7.792073202214887750e+00 1.100788202697473794e+00 1.085460000000000000e+05
7.875590350490393909e+00 1.077626091094232574e+00 1.107260000000000000e+05
7.958880241426510516e+00 1.064480981575292473e+00 1.123220000000000000e+05
8.042278013378316714e+00 1.053935507269824878e+00 1.158900000000000000e+05
8.126250782754576463e+00 1.024270611433406808e+00 1.187660000000000000e+05
8.210824485795901850e+00 1.008200959439238487e+00 1.222980000000000000e+05
8.294696866383139522e+00 9.857070731632402438e-01 1.220900000000000000e+05
8.378213958279353335e+00 9.734045261704157292e-01 1.258100000000000000e+05
8.461948784979133720e+00 9.530596672907402089e-01 1.281900000000000000e+05
8.545861912066349930e+00 9.383304888964379975e-01 1.309940000000000000e+05
8.629829070974631477e+00 9.257665857151403666e-01 1.337220000000000000e+05
8.713023213538299672e+00 9.167533970131306331e-01 1.338860000000000000e+05
8.796849328478236529e+00 8.983510020421522357e-01 1.405380000000000000e+05
8.881002057237468605e+00 8.788938028116420886e-01 1.405940000000000000e+05
8.964535854632408984e+00 8.726864566938730139e-01 1.435940000000000000e+05
9.048105800131455823e+00 8.547863376563460402e-01 1.463100000000000000e+05
9.132180630417705558e+00 8.444079820776634326e-01 1.506500000000000000e+05
9.216334569657748332e+00 8.302870476881657469e-01 1.519140000000000000e+05
9.299613886090023485e+00 8.191840526766972497e-01 1.533980000000000000e+05
9.383076715811887070e+00 8.065707229549111679e-01 1.578660000000000000e+05
9.466957210946844725e+00 7.913944625384357057e-01 1.606580000000000000e+05
9.551001030929990421e+00 7.839774385747888541e-01 1.641020000000000000e+05
9.634679217300240239e+00 7.726705213522916393e-01 1.649940000000000000e+05
9.718288873285626295e+00 7.584837724462760722e-01 1.698500000000000000e+05
9.802505913321919451e+00 7.488281204837385907e-01 1.729860000000000000e+05
9.886246806166026246e+00 7.334304141459739856e-01 1.738940000000000000e+05
9.969472594688919997e+00 7.240918871409338653e-01 1.767780000000000000e+05
1.005318025662911374e+01 7.190164299622666677e-01 1.818020000000000000e+05
1.013721966898855698e+01 7.101922562083176071e-01 1.844300000000000000e+05
1.022118986876454727e+01 6.985507474952200591e-01 1.872420000000000000e+05
1.030498420635128198e+01 6.919842312746387059e-01 1.902500000000000000e+05
1.038865879785050694e+01 6.792590032196084149e-01 1.925700000000000000e+05
1.047268787066241202e+01 6.710218488655966818e-01 1.982540000000000000e+05
1.055654631656024378e+01 6.636457523450831619e-01 1.980740000000000000e+05
1.063992050874177231e+01 6.501496380846325529e-01 2.020500000000000000e+05
1.072342909671023747e+01 6.473820054062733309e-01 2.055020000000000000e+05
1.080749259245351190e+01 6.357262503204124116e-01 2.106660000000000000e+05
1.089152248600719375e+01 6.245844876568782400e-01 2.124260000000000000e+05
1.097500893551614531e+01 6.189974809272712486e-01 2.139180000000000000e+05
1.105881432508122764e+01 6.102955566666967702e-01 2.209940000000000000e+05
1.114281827806075675e+01 6.009575234062530802e-01 2.215220000000000000e+05
1.122659733627983947e+01 5.933137974230493494e-01 2.263140000000000000e+05
1.131012448294715078e+01 5.865909075910494819e-01 2.272940000000000000e+05
1.139373491340957045e+01 5.811240808586808360e-01 2.329620000000000000e+05
1.147791396342367420e+01 5.692754017778302034e-01 2.378180000000000000e+05
1.156185786192584786e+01 5.632986906349884970e-01 2.383980000000000000e+05
1.164526418449005440e+01 5.590028239402199395e-01 2.414180000000000000e+05
1.172886167625361331e+01 5.509411919916699096e-01 2.468180000000000000e+05
1.181275352276138690e+01 5.438377329876032951e-01 2.499060000000000000e+05
1.189671323999418817e+01 5.382229158977942518e-01 2.547020000000000000e+05
1.198029050867584644e+01 5.321893989418987614e-01 2.544180000000000000e+05
1.206365995307397831e+01 5.237760414666186026e-01 2.603540000000000000e+05
1.214748111162727895e+01 5.164461300920090148e-01 2.649740000000000000e+05
1.223153609351346027e+01 5.116761583532424273e-01 2.687220000000000000e+05
1.231542005092308401e+01 5.055260746164780272e-01 2.715620000000000000e+05
1.239926414254153109e+01 4.992505742309115702e-01 2.755860000000000000e+05
1.248326018835918916e+01 4.957615814268889198e-01 2.801900000000000000e+05
1.256718689365069075e+01 4.866716762305804411e-01 2.828340000000000000e+05
1.265082201539840945e+01 4.840235648911175859e-01 2.851700000000000000e+05
1.273428590217279144e+01 4.771249517051530664e-01 2.898860000000000000e+05
1.281807025163205793e+01 4.719064225534342905e-01 2.944740000000000000e+05
1.290206487994812434e+01 4.670193436183213143e-01 2.994980000000000000e+05
1.298575998115805419e+01 4.613259397982383825e-01 2.999580000000000000e+05
1.306931917580193137e+01 4.548752505247533051e-01 3.058580000000000000e+05
1.315318222821372096e+01 4.523508738907443538e-01 3.107940000000000000e+05
1.323705865044962771e+01 4.460465828441111391e-01 3.130820000000000000e+05
1.332048162954101578e+01 4.452542114122627903e-01 3.160460000000000000e+05
1.340413573615346365e+01 4.377827084458347784e-01 3.222180000000000000e+05
1.348834417846224731e+01 4.323668363961748473e-01 3.285620000000000000e+05
1.357223695452436729e+01 4.304472887892923927e-01 3.279900000000000000e+05
1.365596925306868847e+01 4.231578287083708756e-01 3.352820000000000000e+05
1.373963440686360471e+01 4.196663299550554838e-01 3.359700000000000000e+05
1.382343709261304809e+01 4.141105013282335712e-01 3.440660000000000000e+05
1.390711154340320732e+01 4.115376740525663046e-01 3.437180000000000000e+05
1.399068919637316455e+01 4.063877586074458592e-01 3.514980000000000000e+05
1.407457421522249952e+01 4.027747557538551848e-01 3.544580000000000000e+05
1.415828615108818589e+01 4.000692602617091365e-01 3.585660000000000000e+05
1.424237341329648920e+01 3.946313489765706506e-01 3.661220000000000000e+05
1.432626916020835672e+01 3.891262711516907391e-01 3.658100000000000000e+05
1.440982743915939146e+01 3.886753542578211262e-01 3.716220000000000000e+05
1.449360657137520469e+01 3.829345125217428203e-01 3.759860000000000000e+05
1.457752624362193217e+01 3.809280310463929453e-01 3.821700000000000000e+05
1.466117168697845941e+01 3.758473441534971871e-01 3.818180000000000000e+05
1.474463292325917685e+01 3.713989110541257577e-01 3.895740000000000000e+05
1.482845717927088813e+01 3.694452981727110452e-01 3.936980000000000000e+05
1.491237844591757877e+01 3.661999900490164328e-01 3.994580000000000000e+05
1.499620869344033025e+01 3.626382787366180804e-01 4.022220000000000000e+05
1.507994841028436639e+01 3.598488315942613425e-01 4.069220000000000000e+05
1.516379287905045814e+01 3.580619598417796867e-01 4.128420000000000000e+05
1.524761726947007823e+01 3.528317354687417473e-01 4.153460000000000000e+05
1.533130236314283046e+01 3.505031672768542106e-01 4.211820000000000000e+05
1.541507271489498443e+01 3.459514141165785928e-01 4.250180000000000000e+05
1.549892486087325949e+01 3.445826075409729738e-01 4.311380000000000000e+05
1.558273944082544205e+01 3.399886937073819393e-01 4.343820000000000000e+05
1.566651676212105748e+01 3.384569021123331467e-01 4.395140000000000000e+05
1.575031987626283225e+01 3.346418284473105520e-01 4.447380000000000000e+05
1.583416895458823603e+01 3.310936490610589811e-01 4.489100000000000000e+05
1.591764298541166056e+01 3.294749862965971610e-01 4.506180000000000000e+05
1.600124934657456777e+01 3.252948102943288289e-01 4.595540000000000000e+05
1.608512892540650085e+01 3.216710577599944942e-01 4.631060000000000000e+05
1.616876936376802121e+01 3.206723713535176712e-01 4.670940000000000000e+05
1.625266730092459966e+01 3.183345115572979722e-01 4.749380000000000000e+05
1.633654362034594953e+01 3.140471888844182380e-01 4.771860000000000000e+05
1.642042973451647470e+01 3.114320697588049969e-01 4.846700000000000000e+05
1.650430805090920217e+01 3.084438717890803372e-01 4.870100000000000000e+05
1.658806155565851981e+01 3.068129844784457938e-01 4.933140000000000000e+05
1.667181202155569864e+01 3.041002741164002265e-01 4.963220000000000000e+05
1.675536979785300673e+01 3.013820953474373177e-01 5.017020000000000000e+05
1.683913437464611107e+01 2.994167254926636268e-01 5.085620000000000000e+05
1.692311287467790493e+01 2.966163669050758678e-01 5.142420000000000000e+05
1.700686134416512019e+01 2.947024578714269594e-01 5.161580000000000000e+05
1.709049145912358725e+01 2.914368869617797175e-01 5.226020000000000000e+05
1.717439271307012660e+01 2.900007808701649537e-01 5.306580000000000000e+05
1.725814844798823344e+01 2.885743900955018981e-01 5.300420000000000000e+05
1.734170549116967663e+01 2.851224848203118278e-01 5.388780000000000000e+05
1.742552841692270604e+01 2.831968578280925630e-01 5.441300000000000000e+05
1.750952475613275183e+01 2.818317562773767770e-01 5.511060000000000000e+05
1.759341552867108760e+01 2.791686767349841891e-01 5.539820000000000000e+05
1.767712427740806902e+01 2.771982457876691619e-01 5.582420000000000000e+05
1.776076336549380486e+01 2.748847912747588440e-01 5.645460000000000000e+05
1.784454049115150198e+01 2.733112388123275505e-01 5.704940000000000000e+05
1.792845098480595212e+01 2.713801630915351759e-01 5.767620000000000000e+05
1.801209967098870024e+01 2.702589641477325944e-01 5.782340000000000000e+05
1.809567304656415843e+01 2.674675871144986949e-01 5.856660000000000000e+05
1.817956177579962329e+01 2.661483864808578126e-01 5.944460000000000000e+05
1.826340897759345694e+01 2.639893689626207629e-01 5.952500000000000000e+05
1.834709561527148480e+01 2.626075257456886303e-01 6.034020000000000000e+05
1.843085104599287050e+01 2.602917881580290582e-01 6.073820000000000000e+05
1.851480060957681317e+01 2.579412205636861799e-01 6.170100000000000000e+05
1.859860657464781752e+01 2.566034446348605114e-01 6.167780000000000000e+05
1.868221643305014013e+01 2.545737837857305341e-01 6.247460000000000000e+05
1.876579233005788794e+01 2.537978187264951502e-01 6.280620000000000000e+05
1.884963899569083878e+01 2.516906943510423544e-01 6.394100000000000000e+05
1.893369961008885838e+01 2.504421000569247435e-01 6.429540000000000000e+05
1.901742853382821963e+01 2.484579003953719667e-01 6.459740000000000000e+05
1.910112633018001560e+01 2.473237922538983058e-01 6.534900000000000000e+05
1.918502629066336240e+01 2.461438709050073892e-01 6.607460000000000000e+05
1.926890198512752406e+01 2.441801490944051634e-01 6.646460000000000000e+05
1.935246095562879987e+01 2.421891859236613709e-01 6.672900000000000000e+05
1.943618843304382438e+01 2.415688592176533089e-01 6.790340000000000000e+05
1.952018254288546828e+01 2.402485931316113987e-01 6.827220000000000000e+05
1.960415151947932699e+01 2.377225038626348819e-01 6.912380000000000000e+05
1.968780210242165651e+01 2.368516211105979874e-01 6.886020000000000000e+05
1.977130140774902145e+01 2.345864023309637558e-01 7.008260000000000000e+05
1.985512328577584995e+01 2.334425643934348316e-01 7.056620000000000000e+05
1.993880103532062975e+01 2.318636043090797905e-01 7.100820000000000000e+05
2.002251720567175752e+01 2.304335201943372990e-01 7.191620000000000000e+05
2.010630953640407981e+01 2.285678435444790380e-01 7.222500000000000000e+05
2.019007441105629752e+01 2.274784990977566923e-01 7.315100000000000000e+05
2.027398189270754258e+01 2.257630056066873003e-01 7.364420000000000000e+05
2.035771672240259988e+01 2.244821697791059001e-01 7.408980000000000000e+05
2.044152561001209278e+01 2.229151642054073845e-01 7.501580000000000000e+05
2.052547735138173479e+01 2.220279617508273129e-01 7.548660000000000000e+05
2.060926463402020303e+01 2.208980149534847670e-01 7.608260000000000000e+05
2.069293267341507203e+01 2.200914406296055059e-01 7.640340000000000000e+05
2.077660950204460377e+01 2.187073356649772704e-01 7.738460000000000000e+05
2.086046445382838144e+01 2.173711290293620368e-01 7.797140000000000000e+05
2.094422635366088770e+01 2.164652406434157683e-01 7.843140000000000000e+05
2.102790779658915099e+01 2.150592956332407490e-01 7.913420000000000000e+05
2.111175109708185005e+01 2.134185168263998955e-01 7.994580000000000000e+05
2.119561698133140482e+01 2.119478155490569504e-01 8.049620000000000000e+05
2.127937098747377220e+01 2.106853730467543595e-01 8.095500000000000000e+05
2.136289743529758312e+01 2.102086862505501419e-01 8.134580000000000000e+05
2.144667251561538279e+01 2.088731316518451508e-01 8.274020000000000000e+05
2.153058487447404801e+01 2.077889592972877730e-01 8.286180000000000000e+05
2.161430781897418285e+01 2.068327071768082392e-01 8.369180000000000000e+05
2.169809860621591113e+01 2.053176282872647418e-01 8.428740000000000000e+05
2.178186592258134979e+01 2.044455873280131009e-01 8.493380000000000000e+05
2.186575914903780316e+01 2.033608461048592164e-01 8.589420000000000000e+05
2.194962158415442133e+01 2.024563200221143611e-01 8.609780000000000000e+05
2.203325539668853494e+01 2.011728331794008506e-01 8.683460000000000000e+05
2.211696571376059239e+01 2.004232790743115111e-01 8.751540000000000000e+05
2.220087574207360248e+01 1.990329790547203936e-01 8.862140000000000000e+05
2.228474038685342151e+01 1.985361755730008226e-01 8.873460000000000000e+05
2.236841597704980344e+01 1.969171340389681835e-01 8.949860000000000000e+05
2.245213243389392943e+01 1.962861136895834302e-01 9.027740000000000000e+05
2.253605781739295466e+01 1.949828742624277467e-01 9.121140000000000000e+05
2.261989949900187824e+01 1.937968497616461283e-01 9.150260000000000000e+05
2.270351073009412346e+01 1.937010979011934975e-01 9.201420000000000000e+05
2.278715722706498781e+01 1.929959293346039106e-01 9.297620000000000000e+05
2.287097668523026428e+01 1.914942397498981264e-01 9.376980000000000000e+05
2.295488199422259967e+01 1.909834666032291794e-01 9.447620000000000000e+05
2.303860516955441540e+01 1.895609094451486676e-01 9.482540000000000000e+05
2.312228464582942422e+01 1.889724670046676325e-01 9.568020000000000000e+05
2.320617384356005175e+01 1.880441294858307411e-01 9.676580000000000000e+05
2.329003403044199771e+01 1.872628781831944256e-01 9.697020000000000000e+05
2.337357926991530377e+01 1.864492917748873380e-01 9.740900000000000000e+05
2.345731339274843563e+01 1.855369995356516422e-01 9.884820000000000000e+05
2.354122299663546514e+01 1.849192762254610323e-01 9.919940000000000000e+05
2.362504372012406506e+01 1.841543054403963764e-01 1.001030000000000000e+06
2.370885397094835767e+01 1.831242696056492314e-01 1.005450000000000000e+06
2.379260308853216443e+01 1.819451716074567404e-01 1.013738000000000000e+06
2.387641759766158600e+01 1.813752954605514500e-01 1.021710000000000000e+06
2.396006287668014423e+01 1.803488438404260985e-01 1.023626000000000000e+06
2.404369058312309448e+01 1.796036002148992949e-01 1.035834000000000000e+06
2.412744281115724831e+01 1.790377807013161238e-01 1.040786000000000000e+06
2.421130654323629017e+01 1.784528323518855819e-01 1.053206000000000000e+06
2.429521431171586343e+01 1.773362006410584002e-01 1.057002000000000000e+06
2.437900304005930963e+01 1.761299602969457756e-01 1.063898000000000000e+06
2.446281560559316759e+01 1.755755130119632801e-01 1.072782000000000000e+06
2.454665138918273826e+01 1.749223519362714807e-01 1.078826000000000000e+06
2.463047593346652420e+01 1.744045500274835903e-01 1.087922000000000000e+06
2.471419358613830752e+01 1.732426571122812342e-01 1.090494000000000000e+06
2.479788224447528933e+01 1.727665381591157179e-01 1.101362000000000000e+06
2.488170408610204021e+01 1.720974214319311024e-01 1.109802000000000000e+06
2.496549243986660471e+01 1.714290516987673485e-01 1.114514000000000000e+06
2.504920536425761668e+01 1.702402588115231874e-01 1.123926000000000000e+06
2.513283571770503499e+01 1.700358341489148217e-01 1.125986000000000000e+06
2.521660993392169203e+01 1.692108002770310871e-01 1.143554000000000000e+06
2.530049640187540660e+01 1.680241474915044053e-01 1.144710000000000000e+06
2.538425628289359182e+01 1.675992461772693176e-01 1.154018000000000000e+06
2.546797452488973690e+01 1.672669153170535106e-01 1.159962000000000000e+06
2.555179869471822229e+01 1.657355558691564201e-01 1.170986000000000000e+06
2.563566666461671772e+01 1.658115331174001283e-01 1.178142000000000000e+06
2.571944170984828659e+01 1.650665409487314383e-01 1.182674000000000000e+06
2.580313169207982682e+01 1.646524575525482037e-01 1.191002000000000000e+06
2.588687624829988820e+01 1.634688625110168048e-01 1.200438000000000000e+06
2.597069400893500202e+01 1.629486437870086846e-01 1.208162000000000000e+06
2.605447755360336259e+01 1.622708408420269754e-01 1.215258000000000000e+06
2.613827698295097690e+01 1.616571388426430445e-01 1.224134000000000000e+06
2.622200478464780105e+01 1.612477105276864942e-01 1.228722000000000000e+06
2.630582763864114426e+01 1.610483546286300971e-01 1.243154000000000000e+06
2.638970867910203921e+01 1.600389402409120032e-01 1.245434000000000000e+06
2.647343389639032196e+01 1.596847269427434657e-01 1.255158000000000000e+06
2.655698334590179499e+01 1.587191185957423090e-01 1.255610000000000000e+06
2.664075459217511366e+01 1.584799186849640273e-01 1.277562000000000000e+06
2.672459382145218143e+01 1.575824506400588798e-01 1.274414000000000000e+06
2.680821980594094356e+01 1.572189367718667408e-01 1.285994000000000000e+06
2.689209959394619531e+01 1.565230470463306878e-01 1.299570000000000000e+06
2.697602191334329902e+01 1.560419741775348201e-01 1.302122000000000000e+06
2.705977872814356644e+01 1.553422275893991678e-01 1.311366000000000000e+06
2.714355261554103649e+01 1.550125062917586949e-01 1.319186000000000000e+06
2.722733740409666225e+01 1.547504786490326578e-01 1.327434000000000000e+06
2.731116904834040326e+01 1.540499532077463929e-01 1.337294000000000000e+06
2.739498441427308961e+01 1.531213926105769729e-01 1.342730000000000000e+06
2.747866258082228796e+01 1.523588188690701006e-01 1.350570000000000000e+06
2.756247723469893529e+01 1.518877652118392207e-01 1.362590000000000000e+06
2.764637317716708864e+01 1.512077502668471296e-01 1.369698000000000000e+06
2.773011686037893142e+01 1.503424145982948934e-01 1.374914000000000000e+06
2.781378851120859963e+01 1.499591297332263651e-01 1.383570000000000000e+06
2.789756242253353236e+01 1.495276311225521015e-01 1.395374000000000000e+06
2.798127274786056873e+01 1.488120765908801379e-01 1.396994000000000000e+06
2.806492746953691508e+01 1.483319518536623527e-01 1.411530000000000000e+06
2.814870507983202330e+01 1.482968768297104889e-01 1.417574000000000000e+06
2.823250085536484733e+01 1.474630056745570017e-01 1.428834000000000000e+06
2.831642245547427450e+01 1.469056502420400534e-01 1.439018000000000000e+06
2.840020580335993117e+01 1.465406872224435664e-01 1.440698000000000000e+06
2.848389737328623639e+01 1.458623445967978105e-01 1.453638000000000000e+06
2.856776129641226092e+01 1.455266934405975987e-01 1.463426000000000000e+06
2.865164498472143961e+01 1.450086885218041521e-01 1.471050000000000000e+06
2.873539597999311468e+01 1.445713378973045582e-01 1.476638000000000000e+06
2.881905019890862363e+01 1.440217180790937523e-01 1.484466000000000000e+06
2.890289675093428912e+01 1.431580408305876684e-01 1.501154000000000000e+06
2.898675594616652873e+01 1.431755991186024479e-01 1.501706000000000000e+06
2.907041472198053711e+01 1.428496807314843242e-01 1.511502000000000000e+06
2.915408733972060062e+01 1.419338856715479380e-01 1.520234000000000000e+06
2.923796129814355282e+01 1.415871476407319918e-01 1.535010000000000000e+06
2.932194077207240568e+01 1.413888174357472438e-01 1.543358000000000000e+06
2.940549917698988835e+01 1.406304126507240126e-01 1.535754000000000000e+06
2.948914761948871543e+01 1.405038584753853792e-01 1.564802000000000000e+06
2.957304642502456460e+01 1.400833365055743907e-01 1.563038000000000000e+06
2.965685586864443124e+01 1.393591622287012610e-01 1.578426000000000000e+06
2.974065423044915946e+01 1.391581993977800413e-01 1.581482000000000000e+06
2.982438217008557402e+01 1.387441317318260370e-01 1.592250000000000000e+06
2.990814468646065549e+01 1.384987642223650950e-01 1.602230000000000000e+06
2.999179263215820157e+01 1.376012012588845590e-01 1.604754000000000000e+06
3.007552257970940346e+01 1.369719854933111880e-01 1.623458000000000000e+06
3.015929957087215385e+01 1.369049670443286126e-01 1.624910000000000000e+06
3.024317734005441238e+01 1.365761931333967782e-01 1.645122000000000000e+06
3.032708985436260107e+01 1.362313882489529782e-01 1.645130000000000000e+06
3.041082997219342587e+01 1.358581229849985528e-01 1.655706000000000000e+06
3.049455723219219649e+01 1.352525988847623761e-01 1.663502000000000000e+06
3.057833323294630645e+01 1.349724994837405156e-01 1.675514000000000000e+06
3.066218995697298411e+01 1.347699802201153541e-01 1.685298000000000000e+06
3.074593408191947930e+01 1.341915431240922052e-01 1.689566000000000000e+06
3.082954809468623125e+01 1.334878117913832207e-01 1.697850000000000000e+06
3.091340339641750390e+01 1.330506555396247792e-01 1.718546000000000000e+06
3.099734465130006811e+01 1.328559456298384345e-01 1.719822000000000000e+06
3.108104222338488043e+01 1.324287948153176353e-01 1.726586000000000000e+06
3.116474027426929894e+01 1.324935558933892088e-01 1.739186000000000000e+06
3.124860498828843447e+01 1.318934059666418968e-01 1.751538000000000000e+06
3.133245649887071949e+01 1.312536990305233908e-01 1.758062000000000000e+06
3.141614178307822414e+01 1.307349628618101889e-01 1.763010000000000000e+06
3.149986855610640646e+01 1.306042492671375121e-01 1.778642000000000000e+06
3.158374588400788952e+01 1.298487345701790363e-01 1.788582000000000000e+06
3.166757693376691307e+01 1.293119524294802647e-01 1.794746000000000000e+06
3.175127246931511493e+01 1.291110882747644739e-01 1.803290000000000000e+06
3.183493779085208786e+01 1.288107472952274291e-01 1.811058000000000000e+06
3.191872426101914328e+01 1.285592044883988871e-01 1.828358000000000000e+06
3.200254090967914777e+01 1.280476804968105620e-01 1.831362000000000000e+06
3.208624557094677954e+01 1.278405074226929561e-01 1.842458000000000000e+06
3.216985025736639159e+01 1.275205597136542801e-01 1.846998000000000000e+06
3.225366158768746061e+01 1.271195362715756283e-01 1.869122000000000000e+06
3.233765392466781208e+01 1.267290088022145211e-01 1.876346000000000000e+06
3.242147145466748981e+01 1.264372210703237909e-01 1.879506000000000000e+06
3.250521341167948464e+01 1.258429445061230723e-01 1.893326000000000000e+06
3.258903110732968855e+01 1.256293458234349625e-01 1.901826000000000000e+06
3.267283869534620777e+01 1.254523086102129481e-01 1.911962000000000000e+06
3.275656526575507854e+01 1.250321504737916534e-01 1.919198000000000000e+06
3.284028881372969266e+01 1.247524193209970655e-01 1.930242000000000000e+06
3.292407887898949781e+01 1.248136849131145365e-01 1.942442000000000000e+06
3.300791290112206156e+01 1.240619399211163043e-01 1.951734000000000000e+06
3.309159594029746643e+01 1.236613925806560599e-01 1.955402000000000000e+06
3.317527487811420173e+01 1.235387037251161196e-01 1.971858000000000000e+06
3.325918478063969275e+01 1.229197844801093176e-01 1.984898000000000000e+06
3.334295800125237008e+01 1.227838372838198494e-01 1.986422000000000000e+06
3.342654711354870045e+01 1.224422665601614391e-01 1.996146000000000000e+06
3.351037327631482299e+01 1.219169009957830757e-01 2.017106000000000000e+06
3.359427383821539337e+01 1.216529367828378810e-01 2.020638000000000000e+06
3.367803183712429416e+01 1.212137432453608138e-01 2.029346000000000000e+06
3.376176459220195625e+01 1.209845626682384406e-01 2.041002000000000000e+06
3.384556001022187388e+01 1.208842145189987644e-01 2.051450000000000000e+06
3.392943845922752644e+01 1.201596358051702645e-01 2.065886000000000000e+06
3.401316055039511355e+01 1.200487601148145789e-01 2.064546000000000000e+06
3.409683542659267630e+01 1.198749264758841027e-01 2.082650000000000000e+06
3.418067800810939616e+01 1.194916032354229746e-01 2.095182000000000000e+06
3.426452736710173497e+01 1.191480216727754532e-01 2.101346000000000000e+06
3.434832998306823271e+01 1.190266311448443248e-01 2.115554000000000000e+06
3.443203105705293865e+01 1.184914924652140655e-01 2.115654000000000000e+06
3.451583812868020118e+01 1.183959298779206221e-01 2.141066000000000000e+06
3.459967632687634875e+01 1.180129768233832838e-01 2.139786000000000000e+06
3.468336662819802285e+01 1.176388473293863701e-01 2.152202000000000000e+06
3.476703645977761425e+01 1.176196322705343605e-01 2.161086000000000000e+06
3.485079127028417645e+01 1.171260859085557354e-01 2.176058000000000000e+06
3.493469079655712051e+01 1.170661269557763395e-01 2.190818000000000000e+06
3.501848338903062796e+01 1.164893674372181331e-01 2.191158000000000000e+06
3.510217183339957359e+01 1.164348577458810957e-01 2.205314000000000000e+06
3.518590037953279648e+01 1.160839244383120444e-01 2.215554000000000000e+06
3.526971993052846699e+01 1.158514998126032730e-01 2.230562000000000000e+06
3.535358270636252342e+01 1.154231822983782102e-01 2.239614000000000000e+06
3.543734285600354639e+01 1.150941020886082217e-01 2.245706000000000000e+06
3.552108409358061891e+01 1.145880929616396038e-01 2.259674000000000000e+06
3.560491818170212497e+01 1.145072846199257921e-01 2.273214000000000000e+06
3.568872958243610327e+01 1.141724632065444917e-01 2.278802000000000000e+06
3.577252677462045227e+01 1.139843339287909402e-01 2.294034000000000000e+06
3.585622758416000266e+01 1.137184240386031470e-01 2.294942000000000000e+06
3.593995265006216755e+01 1.134674478323730584e-01 2.317050000000000000e+06
3.602378331164942438e+01 1.129835375156812288e-01 2.322842000000000000e+06
3.610749751390627438e+01 1.131066426478348624e-01 2.330810000000000000e+06
3.619121780725145499e+01 1.125421762665827774e-01 2.345958000000000000e+06
3.627496104714246883e+01 1.122474784222883687e-01 2.353586000000000000e+06
3.635885802177431714e+01 1.120588300276490618e-01 2.376210000000000000e+06
3.644273375320676678e+01 1.117817809797591183e-01 2.374502000000000000e+06
3.652641723315417011e+01 1.114521034460216609e-01 2.386346000000000000e+06
3.661016003667585750e+01 1.113783302600159786e-01 2.401314000000000000e+06
3.669398675014319622e+01 1.110431094362313159e-01 2.411450000000000000e+06
3.677774362791269880e+01 1.104871183880154623e-01 2.420718000000000000e+06
3.686138542781196037e+01 1.105327328121483016e-01 2.425754000000000000e+06
3.694523701027373619e+01 1.104618815925917791e-01 2.455218000000000000e+06
3.702912063015348565e+01 1.103241376172916371e-01 2.450942000000000000e+06
3.711286066480837320e+01 1.098101463035997261e-01 2.467130000000000000e+06
3.719659282330948713e+01 1.096148228152220988e-01 2.474874000000000000e+06
3.728037731851799208e+01 1.093310304887401829e-01 2.490362000000000000e+06
3.736414979091281197e+01 1.092044857738271174e-01 2.498142000000000000e+06
3.744783790554325975e+01 1.089468517284979815e-01 2.507090000000000000e+06
3.753161089290124863e+01 1.086881726720626828e-01 2.525562000000000000e+06
3.761546125363399540e+01 1.084345507167244066e-01 2.534726000000000000e+06
3.769935318534805191e+01 1.082325559255909869e-01 2.549906000000000000e+06
3.778311927771562750e+01 1.079949684917019259e-01 2.551074000000000000e+06
3.786687072097435447e+01 1.078179350426459321e-01 2.570702000000000000e+06
3.795064452686742129e+01 1.076124855416791815e-01 2.574642000000000000e+06
3.803440602811515703e+01 1.070871823423151098e-01 2.594066000000000000e+06
3.811814083290802557e+01 1.070101278440512976e-01 2.594802000000000000e+06
3.820178788957619531e+01 1.065930641110553884e-01 2.612030000000000000e+06
3.828560806097936364e+01 1.061958751941624590e-01 2.627954000000000000e+06
3.836951237816947469e+01 1.061821504831461233e-01 2.640402000000000000e+06
3.845325054821010724e+01 1.058847584512166429e-01 2.641454000000000000e+06
3.853698686701612530e+01 1.057899483025613180e-01 2.661834000000000000e+06
3.862077152240886591e+01 1.054057175949688618e-01 2.669138000000000000e+06
3.870457668857440581e+01 1.051709136013897206e-01 2.684858000000000000e+06
3.878838810440694118e+01 1.052595599890122496e-01 2.693910000000000000e+06
3.887209610060705955e+01 1.049354161592667145e-01 2.701682000000000000e+06
3.895591541384992951e+01 1.048601538804524030e-01 2.722698000000000000e+06
3.903970878692612700e+01 1.045416459041369206e-01 2.725262000000000000e+06
3.912346323929788383e+01 1.043082827398858631e-01 2.742450000000000000e+06
3.920722013046969323e+01 1.040184237322035743e-01 2.749850000000000000e+06
3.929096158370429492e+01 1.037953091317999066e-01 2.763902000000000000e+06
3.937477573634135553e+01 1.035489655742059256e-01 2.778498000000000000e+06
3.945853339307303997e+01 1.034548245125748306e-01 2.784530000000000000e+06
3.954233951365999644e+01 1.032596931071792512e-01 2.804106000000000000e+06
3.962614155532578053e+01 1.029757339516476355e-01 2.809790000000000000e+06
3.970993115735726064e+01 1.026597949493426309e-01 2.825058000000000000e+06
3.979370973670097555e+01 1.026404829360025028e-01 2.834330000000000000e+06
3.987739375837353606e+01 1.022430399025764103e-01 2.842022000000000000e+06
3.996117659102883124e+01 1.021233738568826516e-01 2.864754000000000000e+06
4.004492507367432097e+01 1.019078915440547461e-01 2.864186000000000000e+06
4.012855801902023956e+01 1.016795597939669504e-01 2.879538000000000000e+06
4.021232599228400773e+01 1.014970189214935009e-01 2.899454000000000000e+06
4.029612162727031688e+01 1.010953679907225927e-01 2.904258000000000000e+06
4.038001131135030874e+01 1.008924756521151489e-01 2.930234000000000000e+06
4.046390848166176823e+01 1.007741632093382966e-01 2.929526000000000000e+06
4.054763895091686976e+01 1.005233068315365130e-01 2.942442000000000000e+06
4.063145602871991713e+01 1.005166449383783495e-01 2.960810000000000000e+06
4.071526025477401589e+01 1.003948121960745454e-01 2.964954000000000000e+06
4.079900469843234134e+01 1.002527751592634520e-01 2.980910000000000000e+06
4.088275455494471800e+01 9.992046288872735715e-02 2.990978000000000000e+06
4.096655099355582053e+01 9.977678408153141387e-02 3.007626000000000000e+06
4.105038506696493528e+01 9.944745502565940920e-02 3.019166000000000000e+06
4.113408514747818856e+01 9.933638397068608739e-02 3.021090000000000000e+06
4.121781401966371305e+01 9.912667692859913893e-02 3.047834000000000000e+06
4.130168676574312769e+01 9.901499178554715175e-02 3.055590000000000000e+06
4.138552050109588976e+01 9.867701795899426476e-02 3.068546000000000000e+06
4.146914577407831359e+01 9.847251582349668408e-02 3.067274000000000000e+06
4.155286479481431883e+01 9.844332320440740691e-02 3.098058000000000000e+06
4.163678258255396258e+01 9.820021032646836234e-02 3.109214000000000000e+06
4.172055832134024200e+01 9.806802260497302082e-02 3.110466000000000000e+06
4.180418526461116357e+01 9.792499167832234563e-02 3.124370000000000000e+06
4.188792935761906477e+01 9.763640426706664266e-02 3.144174000000000000e+06
4.197185138929292947e+01 9.748242106082161129e-02 3.161738000000000000e+06
4.205562112114309059e+01 9.738375979860058873e-02 3.159890000000000000e+06
4.213924805322351830e+01 9.713161691457648794e-02 3.174138000000000000e+06
4.222299894826061717e+01 9.678078239295903606e-02 3.195926000000000000e+06
4.230691258081674988e+01 9.669081550769667577e-02 3.211386000000000000e+06
4.239080415901788967e+01 9.654799516294465533e-02 3.219314000000000000e+06
4.247453169083237157e+01 9.645617462007369247e-02 3.225494000000000000e+06
4.255825507974662258e+01 9.619151075600096412e-02 3.242562000000000000e+06
4.264203752623418353e+01 9.597442017529049518e-02 3.257450000000000000e+06
4.272584879897986099e+01 9.586817453514985543e-02 3.269118000000000000e+06
4.280959718026213068e+01 9.576067878850723358e-02 3.278930000000000000e+06
4.289324313363174213e+01 9.561633806459464424e-02 3.286650000000000000e+06
4.297705823947939763e+01 9.527974347300406655e-02 3.316610000000000000e+06
4.306095854823670521e+01 9.529832077992690664e-02 3.321542000000000000e+06
4.314470014373539897e+01 9.500756591853938560e-02 3.328578000000000000e+06
4.322841831305547800e+01 9.498894867497699457e-02 3.345074000000000000e+06
4.331221276153173960e+01 9.481696833077210562e-02 3.361686000000000000e+06
4.339600557191744912e+01 9.467134825958936628e-02 3.369722000000000000e+06
4.347974360653208947e+01 9.457964642615550310e-02 3.385290000000000000e+06
4.356345927572596111e+01 9.431912840533471232e-02 3.391370000000000000e+06
4.364729718140662129e+01 9.415778779280893629e-02 3.422966000000000000e+06
4.373115310142490841e+01 9.404204420304732026e-02 3.419538000000000000e+06
4.381493904908852244e+01 9.390932380174846217e-02 3.441890000000000000e+06
4.389872518355250719e+01 9.375831198503763175e-02 3.447582000000000000e+06
4.398251250846917060e+01 9.353321612856135836e-02 3.466298000000000000e+06
4.406617792640594899e+01 9.342467920145265670e-02 3.466194000000000000e+06
4.414985741111507167e+01 9.321204778151133408e-02 3.492062000000000000e+06
4.423365507571194399e+01 9.298830269297544970e-02 3.503114000000000000e+06
4.431743533444053895e+01 9.293283353889773835e-02 3.517146000000000000e+06
4.440128817701192787e+01 9.276310374787948010e-02 3.535706000000000000e+06
4.448508293520813339e+01 9.263145979283235465e-02 3.539742000000000000e+06
4.456885232151149978e+01 9.257403445023995592e-02 3.558698000000000000e+06
4.465264799184704714e+01 9.232560890076024762e-02 3.570122000000000000e+06
4.473644620586907905e+01 9.212565415235075827e-02 3.585174000000000000e+06
4.482021823753251510e+01 9.205430090415027411e-02 3.594314000000000000e+06
4.490398199496299014e+01 9.189679626981239746e-02 3.612258000000000000e+06
4.498774280066585618e+01 9.182702307444558232e-02 3.620282000000000000e+06
4.507149731418039096e+01 9.146979502775154369e-02 3.639078000000000000e+06
4.515529296565681960e+01 9.139521326137872714e-02 3.650450000000000000e+06
4.523902850959706967e+01 9.134177148033904847e-02 3.661418000000000000e+06
4.532276634990883224e+01 9.120577663612035313e-02 3.677694000000000000e+06
4.540659508440727876e+01 9.113779390732304475e-02 3.695978000000000000e+06
4.549038931088257698e+01 9.092408873261118019e-02 3.702810000000000000e+06
4.557410984910109875e+01 9.085009110205637117e-02 3.716162000000000000e+06
4.565793710884364032e+01 9.067518590441844828e-02 3.740094000000000000e+06
4.574173858314507868e+01 9.053848630589951541e-02 3.740954000000000000e+06
4.582547487248402263e+01 9.034638492549480759e-02 3.760946000000000000e+06
4.590929724167653347e+01 9.019523080355654199e-02 3.778278000000000000e+06
4.599310294070550498e+01 9.015171745943509340e-02 3.784922000000000000e+06
4.607688647938994819e+01 8.986218867485215589e-02 3.805266000000000000e+06
4.616063114034604098e+01 8.985004278188905846e-02 3.807686000000000000e+06
4.624436961981203353e+01 8.984321396613210997e-02 3.833130000000000000e+06
4.632816579644655519e+01 8.955439310205529080e-02 3.841898000000000000e+06
4.641196142457300766e+01 8.948881456135884815e-02 3.858074000000000000e+06
4.649571814796405533e+01 8.926740816816033930e-02 3.868974000000000000e+06
4.657948650465218066e+01 8.917271575981852716e-02 3.885362000000000000e+06
4.666326012374663890e+01 8.900788069897314081e-02 3.898290000000000000e+06
4.674697557759400013e+01 8.879942180525135509e-02 3.907334000000000000e+06
4.683072185148795086e+01 8.860417361335597153e-02 3.928730000000000000e+06
4.691446205725140572e+01 8.846705562524226352e-02 3.936666000000000000e+06
4.699827339304534490e+01 8.830045551436303819e-02 3.961346000000000000e+06
4.708217883775101598e+01 8.817019025729329329e-02 3.975774000000000000e+06
4.716589489477312469e+01 8.813463513316772968e-02 3.970106000000000000e+06
4.724959403662504087e+01 8.791990160297964707e-02 4.003170000000000000e+06
4.733350988050379016e+01 8.792812232091190561e-02 4.019558000000000000e+06
4.741737501115326126e+01 8.773390989561416498e-02 4.025642000000000000e+06
4.750102520144735507e+01 8.757556911804204036e-02 4.028514000000000000e+06
4.758473950277736009e+01 8.744362310618471190e-02 4.059398000000000000e+06
4.766858069315918556e+01 8.734408149153960466e-02 4.069674000000000000e+06
4.775237333775331194e+01 8.709217111549384660e-02 4.083698000000000000e+06
4.783614237112322343e+01 8.707708212765645495e-02 4.095210000000000000e+06
4.791988490245709897e+01 8.694219773517594674e-02 4.110518000000000000e+06
4.800366139183459069e+01 8.679935210875122653e-02 4.126850000000000000e+06
4.808744155042190727e+01 8.651906988551522071e-02 4.140114000000000000e+06
4.817110248164115660e+01 8.648715212339559699e-02 4.144070000000000000e+06
4.825485289941014599e+01 8.637945477299929786e-02 4.175802000000000000e+06
4.833872317014574804e+01 8.607090947166132211e-02 4.187882000000000000e+06
4.842255739313756635e+01 8.594871107935940502e-02 4.199250000000000000e+06
4.850630200152498617e+01 8.600872206144166698e-02 4.209326000000000000e+06
4.858999651144587517e+01 8.574043196206654338e-02 4.222130000000000000e+06
4.867384498554194749e+01 8.574337463783343605e-02 4.254258000000000000e+06
4.875769237889889496e+01 8.553522352143855256e-02 4.252478000000000000e+06
4.884143639731927777e+01 8.530732271399195377e-02 4.270698000000000000e+06
4.892512165045238959e+01 8.524045422267059746e-02 4.278122000000000000e+06
4.900892249802404876e+01 8.516027380462368179e-02 4.309898000000000000e+06
4.909279745527720706e+01 8.499230539823726671e-02 4.317150000000000000e+06
4.917658920170342185e+01 8.493625017264483379e-02 4.329698000000000000e+06
4.926033308118844189e+01 8.466513631276627316e-02 4.340826000000000000e+06
4.934406286064109537e+01 8.469360077438474466e-02 4.359590000000000000e+06
4.942786957825488514e+01 8.457191673235317508e-02 4.376850000000000000e+06
4.951163677893373460e+01 8.427764691426807564e-02 4.386674000000000000e+06
4.959537078523236886e+01 8.438272130468978116e-02 4.401782000000000000e+06
4.967912880843362444e+01 8.416674728062255306e-02 4.419210000000000000e+06
4.976302304379169783e+01 8.399646057265047761e-02 4.446482000000000000e+06
4.984679567254183752e+01 8.392208447918794723e-02 4.435554000000000000e+06
4.993048967360238777e+01 8.372708402048452403e-02 4.468934000000000000e+06
5.001430382430130805e+01 8.364444100141815719e-02 4.477650000000000000e+06
5.009805003277288193e+01 8.349521638673518265e-02 4.491218000000000000e+06
5.018180837416312556e+01 8.344571816693929778e-02 4.510358000000000000e+06
5.026555488397971772e+01 8.334659796830606870e-02 4.518594000000000000e+06
5.034932947116654134e+01 8.309215213905943309e-02 4.544474000000000000e+06
5.043314290484163820e+01 8.293591356117552271e-02 4.552098000000000000e+06
5.051694671432978367e+01 8.290723722893383885e-02 4.574990000000000000e+06
5.060070330614421863e+01 8.286553790409441345e-02 4.577210000000000000e+06
5.068450326170798093e+01 8.269651821779763767e-02 4.608186000000000000e+06
5.076830570006593746e+01 8.259152453972692931e-02 4.610198000000000000e+06
5.085203782795357341e+01 8.244042372504210847e-02 4.628898000000000000e+06
5.093575247787595117e+01 8.232440580715638667e-02 4.641170000000000000e+06
5.101951360832174487e+01 8.244411697081928392e-02 4.662462000000000000e+06
5.110336138272519690e+01 8.226675936602440009e-02 4.681442000000000000e+06
5.118714498866896889e+01 8.216523832887144552e-02 4.687850000000000000e+06
5.127091437680648056e+01 8.208455922484156342e-02 4.708818000000000000e+06
5.135469940961902324e+01 8.189366395540093047e-02 4.721534000000000000e+06
5.143844012238305652e+01 8.176820868117402885e-02 4.732770000000000000e+06
5.152216672994304503e+01 8.169287487172194329e-02 4.753346000000000000e+06
5.160598460354614758e+01 8.154056319384121732e-02 4.772886000000000000e+06
5.168981756623005452e+01 8.142664998710580360e-02 4.785098000000000000e+06
5.177356462271885107e+01 8.131416052570446251e-02 4.795394000000000000e+06
5.185730248904087603e+01 8.127035994703765698e-02 4.813986000000000000e+06
5.194107950576231758e+01 8.108915153040130441e-02 4.832654000000000000e+06
5.202490683524943194e+01 8.098674887541908174e-02 4.849362000000000000e+06
5.210868111161441618e+01 8.083733051246912160e-02 4.858322000000000000e+06
5.219237188700115837e+01 8.071460749789687028e-02 4.871286000000000000e+06
5.227611099451670640e+01 8.058422227988484843e-02 4.894370000000000000e+06
5.235994633095187112e+01 8.062218316665480111e-02 4.914650000000000000e+06
5.244373186833391998e+01 8.046990385307270510e-02 4.919658000000000000e+06
5.252748139865951060e+01 8.020339738564419285e-02 4.941638000000000000e+06
5.261134608608541186e+01 8.014896911046699712e-02 4.965954000000000000e+06
5.269521219925067612e+01 8.003312326394824983e-02 4.971770000000000000e+06
5.277896921030312427e+01 7.989455396652267449e-02 4.985702000000000000e+06
5.286266873731673144e+01 7.970579035865239803e-02 4.996314000000000000e+06
5.294640362710930503e+01 7.966405032364400063e-02 5.021258000000000000e+06
5.303021795299186181e+01 7.953303532620020766e-02 5.038470000000000000e+06
5.311400321458867069e+01 7.937543452898543350e-02 5.048570000000000000e+06
5.319775700266092855e+01 7.924689647510767265e-02 5.067786000000000000e+06
5.328156065547872799e+01 7.911787733346026252e-02 5.084402000000000000e+06
5.336537962353408915e+01 7.909630683365470594e-02 5.104238000000000000e+06
5.344909091783166133e+01 7.893231723929759747e-02 5.101890000000000000e+06
5.353274999593639194e+01 7.892502676625089142e-02 5.129594000000000000e+06
5.361652756373694473e+01 7.873519931498522417e-02 5.149086000000000000e+06
5.370036822863162485e+01 7.864033019826134618e-02 5.168834000000000000e+06
5.378411950541506314e+01 7.873108846421691953e-02 5.172306000000000000e+06
5.386787929501433325e+01 7.855610449494521141e-02 5.199218000000000000e+06
5.395171074936121158e+01 7.852984437524805628e-02 5.215430000000000000e+06
5.403552355469201984e+01 7.838343525402050038e-02 5.229066000000000000e+06
5.411930985166335262e+01 7.831236783849077066e-02 5.244530000000000000e+06
5.420310642373981125e+01 7.821246415928952145e-02 5.262870000000000000e+06
5.428687812998526852e+01 7.819765798865901951e-02 5.272562000000000000e+06
5.437059019332080112e+01 7.791269887627791380e-02 5.290098000000000000e+06
5.445438308715934994e+01 7.781249164997916523e-02 5.314358000000000000e+06
5.453817366229988295e+01 7.762843243397622717e-02 5.322098000000000000e+06
5.462191410682409298e+01 7.756596064127004031e-02 5.341026000000000000e+06
5.470574856213039538e+01 7.738374343051372672e-02 5.366858000000000000e+06
5.478957837144608334e+01 7.728822397087538321e-02 5.374422000000000000e+06
5.487325249086202206e+01 7.725873068190482196e-02 5.377730000000000000e+06
5.495693797161722927e+01 7.712475806049089166e-02 5.409410000000000000e+06
5.504079340903902562e+01 7.710111369790360880e-02 5.434014000000000000e+06
5.512463744441291880e+01 7.697290201368589546e-02 5.438882000000000000e+06
5.520838246356159118e+01 7.689958291316742467e-02 5.456178000000000000e+06
5.529211836524709867e+01 7.674181015394820893e-02 5.469242000000000000e+06
5.537590104604533536e+01 7.680697517946119546e-02 5.496174000000000000e+06
5.545970262891226810e+01 7.659958487193785359e-02 5.505530000000000000e+06
5.554345609431005926e+01 7.651224543133905431e-02 5.521202000000000000e+06
5.562722615507448864e+01 7.650075841530297460e-02 5.544126000000000000e+06
5.571106592766010124e+01 7.625821904294630138e-02 5.560106000000000000e+06
5.579489699651359302e+01 7.621634730670921731e-02 5.579754000000000000e+06
5.587861150379660558e+01 7.599369179577029898e-02 5.576270000000000000e+06
5.596227888762821578e+01 7.603961682412667400e-02 5.607138000000000000e+06
5.604605505562237511e+01 7.593303790951365373e-02 5.625026000000000000e+06
5.612988563474059589e+01 7.581647163528136557e-02 5.646698000000000000e+06
5.621362981395379421e+01 7.571024039824922336e-02 5.649126000000000000e+06
5.629735953290565220e+01 7.559043670727079445e-02 5.676434000000000000e+06
5.638111113221403770e+01 7.545785715064375065e-02 5.687418000000000000e+06
5.646491353105431443e+01 7.541766134577129743e-02 5.715830000000000000e+06
5.654876833880403098e+01 7.526857978674196537e-02 5.729210000000000000e+06
5.663258281598625388e+01 7.531655355571871546e-02 5.744802000000000000e+06
5.671632533067610638e+01 7.515333603724796974e-02 5.752154000000000000e+06
5.680011690917110911e+01 7.507673836604634998e-02 5.786382000000000000e+06
5.688389278969563634e+01 7.497890570189617854e-02 5.784146000000000000e+06
5.696761357142070636e+01 7.494580100018134738e-02 5.812146000000000000e+06
5.705141499197365818e+01 7.482342162298638577e-02 5.830166000000000000e+06
5.713521997423967491e+01 7.468296419682338150e-02 5.845850000000000000e+06
5.721900004074090873e+01 7.460716203972345140e-02 5.862834000000000000e+06
5.730276083164348933e+01 7.450106180733845340e-02 5.876066000000000000e+06
5.738658092066984295e+01 7.445470100513829070e-02 5.905854000000000000e+06
5.747033874630024286e+01 7.436286950588874567e-02 5.902274000000000000e+06
5.755404338958180688e+01 7.427329813506679257e-02 5.931258000000000000e+06
5.763786106901985562e+01 7.413969177153992285e-02 5.954966000000000000e+06
5.772168705776467590e+01 7.405250990470627070e-02 5.965346000000000000e+06
5.780542407686664319e+01 7.404218186301422810e-02 5.977818000000000000e+06
5.788919496618857607e+01 7.400372507085262175e-02 6.004718000000000000e+06
5.797296788463464878e+01 7.380618642195742318e-02 6.011706000000000000e+06
5.805676589856359726e+01 7.378678088150888992e-02 6.045770000000000000e+06
5.814055263107005089e+01 7.367769924155677386e-02 6.041586000000000000e+06
5.822426906686246895e+01 7.349816080278391561e-02 6.073166000000000000e+06
5.830801158641646253e+01 7.347476119278259499e-02 6.078962000000000000e+06
5.839179370373053501e+01 7.334689057936384649e-02 6.114258000000000000e+06
5.847563338611901429e+01 7.332994036830448037e-02 6.123086000000000000e+06
5.855940577164263061e+01 7.314292575736094926e-02 6.136770000000000000e+06
5.864313003931577839e+01 7.299731043471394121e-02 6.154898000000000000e+06
5.872691634067579969e+01 7.289435346299572016e-02 6.178610000000000000e+06
5.881074619570083684e+01 7.289715930927194443e-02 6.197982000000000000e+06
5.889452794754235043e+01 7.271030818384606464e-02 6.205322000000000000e+06
5.897820641443409073e+01 7.273078523360429481e-02 6.218850000000000000e+06
5.906193901280321512e+01 7.263073738043523964e-02 6.249542000000000000e+06
5.914581786000324826e+01 7.247773740840585122e-02 6.274146000000000000e+06
5.922958949112301497e+01 7.233602885662149262e-02 6.270242000000000000e+06
5.931333012199205257e+01 7.221024989286657647e-02 6.305222000000000000e+06
5.939720105247847926e+01 7.220878914173632646e-02 6.325026000000000000e+06
5.948100907207791010e+01 7.206384175294641703e-02 6.331922000000000000e+06
5.956471628696222353e+01 7.210265506806913527e-02 6.343698000000000000e+06
5.964845880386389609e+01 7.191220299951781025e-02 6.375158000000000000e+06
5.973228933048412159e+01 7.185863038388480561e-02 6.392178000000000000e+06
5.981613496168468203e+01 7.169642818158485087e-02 6.412826000000000000e+06
5.989983645289154879e+01 7.167107806397861325e-02 6.407078000000000000e+06
5.998354613160790194e+01 7.158146115031217838e-02 6.447954000000000000e+06
6.006732029307560339e+01 7.156775410291098261e-02 6.456026000000000000e+06
6.015110327404215695e+01 7.141496307331926530e-02 6.482034000000000000e+06
6.023487596160424573e+01 7.136312953208115428e-02 6.492878000000000000e+06
6.031854831072890022e+01 7.122278887474980946e-02 6.502074000000000000e+06
6.040231839065788222e+01 7.124095206581761153e-02 6.542930000000000000e+06
6.048619165671609466e+01 7.111059157508207995e-02 6.556598000000000000e+06
6.057002333107591596e+01 7.103269070959905562e-02 6.570330000000000000e+06
6.065376829395822256e+01 7.098558113773537070e-02 6.581882000000000000e+06
6.073756442394000743e+01 7.095118884617210298e-02 6.612546000000000000e+06
6.082141587353444123e+01 7.084395708489638066e-02 6.628622000000000000e+06
6.090514253860760618e+01 7.072870562748491408e-02 6.629498000000000000e+06
6.098884320245825563e+01 7.071466381349252039e-02 6.659250000000000000e+06
6.107265851032283877e+01 7.053180366574604565e-02 6.686006000000000000e+06
6.115647246835320061e+01 7.050083465470810551e-02 6.693786000000000000e+06
6.124020033801726015e+01 7.039529332551000551e-02 6.711554000000000000e+06
6.132397038132510403e+01 7.034131345055390228e-02 6.735678000000000000e+06
6.140778387575393538e+01 7.023797147164796695e-02 6.754754000000000000e+06
6.149161352937865388e+01 7.020281370221218009e-02 6.776570000000000000e+06
6.157529545988447239e+01 7.006900477495472956e-02 6.767394000000000000e+06
6.165900889953971387e+01 6.997029092966138009e-02 6.818246000000000000e+06
6.174288787705573611e+01 6.995455223889338048e-02 6.830562000000000000e+06
6.182665980957211360e+01 6.978581771280968626e-02 6.839186000000000000e+06
6.191039097988957707e+01 6.968317666847094471e-02 6.861462000000000000e+06
6.199415875786135643e+01 6.955134037382161571e-02 6.880394000000000000e+06
6.207797374072198693e+01 6.961150143372590859e-02 6.907178000000000000e+06
6.216178350871904001e+01 6.943787702214561375e-02 6.917034000000000000e+06
6.224554940092006916e+01 6.930721829437985759e-02 6.937934000000000000e+06
6.232927625716432374e+01 6.930423908740869499e-02 6.947250000000000000e+06
6.241305212971730754e+01 6.919447907264655862e-02 6.982106000000000000e+06
6.249687658401688850e+01 6.915126510245267477e-02 6.995718000000000000e+06
6.258064195304475419e+01 6.903628297245401058e-02 7.006682000000000000e+06
6.266440681033797944e+01 6.893356748835183234e-02 7.035866000000000000e+06
6.274824216199589699e+01 6.891530699833146867e-02 7.054110000000000000e+06
6.283199118762099999e+01 6.880318507325340616e-02 7.059194000000000000e+06
6.291572599321118986e+01 6.876193984265212278e-02 7.091802000000000000e+06
6.299950509521183051e+01 6.865457233166578910e-02 7.100666000000000000e+06
6.308326075680762557e+01 6.852261234635091680e-02 7.129070000000000000e+06
6.316706195378349520e+01 6.852897327166980468e-02 7.143282000000000000e+06
6.325081801455058894e+01 6.846944790896632160e-02 7.161482000000000000e+06
6.333459669546337523e+01 6.834505582283670333e-02 7.184694000000000000e+06
6.341841008120442780e+01 6.824449007858782168e-02 7.203914000000000000e+06
6.350218876580745331e+01 6.825385979645268164e-02 7.219746000000000000e+06
6.358591190700263951e+01 6.823724838607127252e-02 7.228634000000000000e+06
6.366969673610064717e+01 6.806274829860876896e-02 7.271990000000000000e+06
6.375349087092273948e+01 6.805650995501999478e-02 7.266786000000000000e+06
6.383719401333753751e+01 6.794609437661527918e-02 7.293650000000000000e+06
6.392099500043143223e+01 6.790631452170277360e-02 7.324086000000000000e+06
6.400484294296721544e+01 6.781504006186424294e-02 7.338650000000000000e+06
6.408861957019631461e+01 6.782491360809536629e-02 7.351962000000000000e+06
6.417229567069612983e+01 6.768331812145669812e-02 7.357190000000000000e+06
6.425605827522849722e+01 6.760542608318990954e-02 7.406042000000000000e+06
6.433988346718935247e+01 6.747088208393836606e-02 7.408626000000000000e+06
6.442366993893529070e+01 6.736557676505357251e-02 7.435610000000000000e+06
6.450748292497215175e+01 6.738358839998487282e-02 7.453542000000000000e+06
6.459124517573944502e+01 6.726947554408478636e-02 7.464002000000000000e+06
6.467501250428696835e+01 6.710582179651662649e-02 7.493546000000000000e+06
6.475881482306483861e+01 6.711624890857252612e-02 7.510806000000000000e+06
6.484263355878292145e+01 6.707706412170606758e-02 7.532114000000000000e+06
6.492635863913294259e+01 6.707589294599929086e-02 7.536234000000000000e+06
6.501006892041591811e+01 6.693544128776814095e-02 7.565834000000000000e+06
6.509392196997305291e+01 6.692532232408468507e-02 7.603062000000000000e+06
6.517772136341262978e+01 6.679488789671697568e-02 7.593890000000000000e+06
6.526142024031203448e+01 6.678132739010556040e-02 7.622906000000000000e+06
6.534517798747489792e+01 6.671713176092658459e-02 7.646622000000000000e+06
6.542900683024386410e+01 6.662683027813397219e-02 7.672058000000000000e+06
6.551278372258207128e+01 6.656929590749004200e-02 7.679346000000000000e+06
6.559647689529717240e+01 6.647622684633340551e-02 7.693058000000000000e+06
6.568023240704575016e+01 6.644579769968488037e-02 7.732158000000000000e+06
6.576407007540214522e+01 6.634489429533796390e-02 7.746962000000000000e+06
6.584790505033298302e+01 6.628455031317777302e-02 7.770986000000000000e+06
6.593165610578880376e+01 6.618020188638994161e-02 7.772094000000000000e+06
6.601538633341530726e+01 6.610218709611116739e-02 7.803818000000000000e+06
6.609921986930250171e+01 6.606818597818986394e-02 7.834338000000000000e+06
6.618300989442009552e+01 6.594298470967141501e-02 7.833710000000000000e+06
6.626672027527055775e+01 6.591651896588712756e-02 7.858794000000000000e+06
6.635048482494400446e+01 6.585098341131541411e-02 7.884290000000000000e+06
6.643426840268917033e+01 6.575103505375293200e-02 7.901522000000000000e+06
6.651807839369693909e+01 6.568824267129276528e-02 7.930662000000000000e+06
6.660185938569200914e+01 6.556816066467820170e-02 7.934426000000000000e+06
6.668562349459918437e+01 6.553075487597966042e-02 7.967322000000000000e+06
6.676941985144630110e+01 6.551525059590820876e-02 7.981934000000000000e+06
6.685320220952085890e+01 6.543378860072655845e-02 8.003282000000000000e+06
6.693696207061206849e+01 6.536658992406915725e-02 8.019666000000000000e+06
6.702068860837411535e+01 6.528935219470277662e-02 8.034482000000000000e+06
6.710445272740649614e+01 6.520926426360550143e-02 8.068542000000000000e+06
6.718828234859530824e+01 6.515661839523557985e-02 8.088290000000000000e+06
6.727206071729939652e+01 6.511084601131228444e-02 8.096322000000000000e+06
6.735579384931760671e+01 6.504796897464201755e-02 8.122646000000000000e+06
6.743961094632139464e+01 6.496047981028051088e-02 8.150138000000000000e+06
6.752341839406597046e+01 6.492713943185585146e-02 8.165322000000000000e+06
6.760720134506061640e+01 6.488742876019208683e-02 8.182574000000000000e+06
6.769097215349376029e+01 6.479781282782470786e-02 8.203698000000000000e+06
6.777475210174605991e+01 6.478547119855634917e-02 8.226914000000000000e+06
6.785855795495925236e+01 6.467424933593213243e-02 8.246898000000000000e+06
6.794231757399198557e+01 6.462853801132784071e-02 8.261774000000000000e+06
6.802605368830526800e+01 6.454448049901044537e-02 8.279426000000000000e+06
6.810980740395922339e+01 6.448500744157766029e-02 8.308722000000000000e+06
6.819359624676370402e+01 6.435558526360239673e-02 8.326214000000000000e+06
6.827735164047554406e+01 6.432164890139645264e-02 8.342682000000000000e+06
6.836106899917464830e+01 6.426467144306417800e-02 8.360834000000000000e+06
6.844484437189701964e+01 6.424095008284061437e-02 8.393226000000000000e+06
6.852869899063553305e+01 6.416042172645380903e-02 8.420150000000000000e+06
6.861250241461986832e+01 6.400752001962482785e-02 8.421986000000000000e+06
6.869622258997036113e+01 6.395624159188909030e-02 8.445714000000000000e+06
6.877998582885126666e+01 6.396375695035401432e-02 8.472590000000000000e+06
6.886380417121233677e+01 6.379403575123862580e-02 8.495370000000000000e+06
6.894760222040189035e+01 6.374439784926279329e-02 8.512802000000000000e+06
6.903133907390910906e+01 6.370774225680458924e-02 8.523290000000000000e+06
6.911515911696680803e+01 6.353696548423506951e-02 8.570982000000000000e+06
6.919899661482570252e+01 6.354501008232753267e-02 8.568458000000000000e+06
6.928271270688284744e+01 6.355728493735164630e-02 8.586498000000000000e+06
6.936640883580386685e+01 6.352740346606591815e-02 8.608838000000000000e+06
6.945020519724739927e+01 6.341339708823322263e-02 8.645610000000000000e+06
6.953403489536805182e+01 6.335474215402270293e-02 8.658386000000000000e+06
6.961776845906641142e+01 6.329330879111016994e-02 8.668598000000000000e+06
6.970149629909469979e+01 6.322108977989579492e-02 8.697426000000000000e+06
6.978527344513386765e+01 6.309101758176095809e-02 8.722562000000000000e+06
6.986906013590846953e+01 6.314244099482237138e-02 8.737962000000000000e+06
6.995286374627769987e+01 6.305969760012294922e-02 8.771366000000000000e+06
7.003663130607654352e+01 6.303755924346227113e-02 8.771010000000000000e+06
7.012044287898793016e+01 6.291262553813391223e-02 8.822618000000000000e+06
7.020422712516214858e+01 6.291147113341173658e-02 8.807726000000000000e+06
7.028792428421020588e+01 6.283224300925149830e-02 8.844618000000000000e+06
7.037169187076506205e+01 6.278052942690051652e-02 8.868722000000000000e+06
7.045550216092648554e+01 6.270614737126709026e-02 8.891394000000000000e+06
7.053930310811041693e+01 6.270090336171699197e-02 8.911934000000000000e+06
7.062306388634770826e+01 6.259890532632565729e-02 8.923938000000000000e+06
7.070681928787864479e+01 6.256566432669823097e-02 8.953682000000000000e+06
7.079064883602877956e+01 6.251189884263645691e-02 8.981966000000000000e+06
7.087445404086807343e+01 6.243167048961552335e-02 8.990442000000000000e+06
7.095817349518108585e+01 6.237852988396596493e-02 9.007874000000000000e+06
7.104193091703314167e+01 6.236670235652643640e-02 9.038982000000000000e+06
7.112576467725064333e+01 6.230677769482950712e-02 9.068570000000000000e+06
7.120961688916655419e+01 6.230129192922594095e-02 9.085250000000000000e+06
7.129335164196812968e+01 6.212992683294642215e-02 9.084690000000000000e+06
7.137708037180341591e+01 6.204669521925137987e-02 9.128654000000000000e+06
7.146084353628984331e+01 6.204777475947562820e-02 9.133170000000000000e+06
7.154466665793322022e+01 6.196191204067284797e-02 9.185882000000000000e+06
7.162842926759091711e+01 6.197644144754690942e-02 9.163254000000000000e+06
7.171216325434680527e+01 6.188592921141025660e-02 9.220130000000000000e+06
7.179600405083390058e+01 6.179746934357528698e-02 9.233138000000000000e+06
7.187979487849634097e+01 6.172375185661133079e-02 9.249378000000000000e+06
7.196355510905767972e+01 6.162572601129261141e-02 9.271550000000000000e+06
7.204729422001986450e+01 6.161978883654636169e-02 9.286266000000000000e+06
7.213106156089709486e+01 6.152931756008789971e-02 9.320762000000000000e+06
7.221480038490358311e+01 6.145263934215659113e-02 9.326718000000000000e+06
7.229852005323998299e+01 6.139671281578842205e-02 9.354602000000000000e+06
7.238228486066410028e+01 6.138828837689876139e-02 9.384122000000000000e+06
7.246607067066045715e+01 6.131828532834805723e-02 9.400482000000000000e+06
7.254987197439923818e+01 6.118972894963211479e-02 9.432638000000000000e+06
7.263367976569567475e+01 6.115311518494779414e-02 9.445314000000000000e+06
7.271750340333485951e+01 6.112733703410996172e-02 9.477290000000000000e+06
7.280130916047085066e+01 6.106344308708590296e-02 9.489182000000000000e+06
7.288506765200136783e+01 6.102526469210260707e-02 9.506706000000000000e+06
7.296881975889688476e+01 6.094005959527072636e-02 9.533978000000000000e+06
7.305259443485221027e+01 6.094748013902941131e-02 9.553662000000000000e+06
7.313637521480190173e+01 6.086442505490366472e-02 9.579506000000000000e+06
7.322019418653475498e+01 6.079065840427000378e-02 9.607866000000000000e+06
7.330395444861356680e+01 6.070877878770911118e-02 9.608354000000000000e+06
7.338767600840630223e+01 6.065184907249813323e-02 9.643862000000000000e+06
7.347148094131401308e+01 6.054380875682922186e-02 9.670578000000000000e+06
7.355528165751150027e+01 6.053434364964919989e-02 9.687890000000000000e+06
7.363898985402030917e+01 6.046811202672693758e-02 9.693294000000000000e+06
7.372271904442924040e+01 6.043665341554887299e-02 9.736034000000000000e+06
7.380653580168322492e+01 6.036680344373255430e-02 9.758946000000000000e+06
7.389034984429981989e+01 6.031607775810067518e-02 9.778994000000000000e+06
7.397413656457592879e+01 6.030831809198378135e-02 9.796814000000000000e+06
7.405788979529948790e+01 6.019700297915366732e-02 9.816882000000000000e+06
7.414169279296697823e+01 6.022342463550632574e-02 9.850514000000000000e+06
7.422546369344802031e+01 6.018718480058262571e-02 9.856062000000000000e+06
7.430920419509655517e+01 6.014820558030146286e-02 9.886706000000000000e+06
7.439300596308194713e+01 6.006360656114634322e-02 9.916194000000000000e+06
7.447678556559041851e+01 6.009075171282116795e-02 9.924854000000000000e+06
7.456056972198642541e+01 5.999076819833177449e-02 9.961490000000000000e+06
7.464438171105736330e+01 5.991343105358821336e-02 9.979098000000000000e+06
7.472814154131890518e+01 5.985084005771217769e-02 9.990266000000000000e+06
7.481183974796279301e+01 5.980848693789440201e-02 1.001239800000000000e+07
7.489556694343458787e+01 5.980523553669366693e-02 1.003881800000000000e+07
7.497934514550230745e+01 5.970897451986590526e-02 1.007208200000000000e+07
7.506311789232059084e+01 5.964909964324925651e-02 1.008267000000000000e+07
7.514692811902769165e+01 5.962357009514555883e-02 1.012322600000000000e+07
7.523075407192267505e+01 5.960801257326957259e-02 1.013483400000000000e+07
7.531451966247126961e+01 5.947936009141550906e-02 1.015145000000000000e+07
7.539829209775307106e+01 5.941552204128035253e-02 1.018411800000000000e+07
7.548208760826673824e+01 5.943132151481252817e-02 1.019981000000000000e+07
7.556588556111178434e+01 5.934272054837422261e-02 1.023038600000000000e+07
7.564964694677739487e+01 5.929719009948298397e-02 1.023833400000000000e+07
7.573340114101655729e+01 5.929144249665631305e-02 1.027159400000000000e+07
7.581720755260936073e+01 5.916035477487901345e-02 1.029841800000000000e+07
7.590097691415932957e+01 5.912837128912969836e-02 1.030681400000000000e+07
7.598473414840474049e+01 5.910855819371364089e-02 1.034130600000000000e+07
7.606853392840329775e+01 5.903317231894493478e-02 1.036284200000000000e+07
7.615234212784832835e+01 5.900474490207466977e-02 1.038883400000000000e+07
7.623609474757780902e+01 5.896155403761003250e-02 1.039563000000000000e+07
7.631981670052634570e+01 5.888092303173741299e-02 1.042536200000000000e+07
7.640358337833828273e+01 5.886714371557508901e-02 1.045427400000000000e+07
7.648737866504175997e+01 5.882660860632465266e-02 1.047829400000000000e+07
7.657118922665969762e+01 5.878652391424037116e-02 1.050181800000000000e+07
7.665495334176074493e+01 5.872780273728198108e-02 1.051481000000000000e+07
7.673872752945807463e+01 5.866352439443115602e-02 1.054884200000000000e+07
7.682251623133140583e+01 5.860914585222565948e-02 1.056646200000000000e+07
7.690627734628161249e+01 5.855031520354100905e-02 1.058681000000000000e+07
7.699005449515836119e+01 5.852454118030091940e-02 1.061495400000000000e+07
7.707381163172706806e+01 5.848252440444757366e-02 1.063105400000000000e+07
7.715758302708022143e+01 5.842708679371418773e-02 1.066236200000000000e+07
7.724136594782987686e+01 5.836932741346959053e-02 1.068335400000000000e+07
7.732513038906363079e+01 5.830716066605490938e-02 1.069929800000000000e+07
7.740891664711064379e+01 5.823189492067163547e-02 1.073878200000000000e+07
7.749269645330657852e+01 5.824017339770790058e-02 1.074420200000000000e+07
7.757647166278094630e+01 5.819615915548108365e-02 1.078218600000000000e+07
7.766021891602670735e+01 5.811251514376587074e-02 1.078496600000000000e+07
7.774399344085298935e+01 5.808004670139334247e-02 1.083393800000000000e+07
7.782781601101176250e+01 5.796801257506126875e-02 1.084813800000000000e+07
7.791162919578846413e+01 5.795715693164631144e-02 1.087376600000000000e+07
7.799540485219509378e+01 5.790868579595608023e-02 1.088697000000000000e+07
7.807914803163318140e+01 5.780267262817983392e-02 1.091244200000000000e+07
7.816290481905753040e+01 5.775519494092275219e-02 1.093669800000000000e+07
7.824668494094176197e+01 5.776439539995013861e-02 1.096614200000000000e+07
7.833041079278541474e+01 5.768320622065639669e-02 1.096874600000000000e+07
7.841414369597413270e+01 5.766626315685305371e-02 1.101460200000000000e+07
7.849797207299076263e+01 5.759450139068317265e-02 1.104277400000000000e+07
7.858180750484748955e+01 5.756876298764522504e-02 1.106147400000000000e+07
7.866557248062186147e+01 5.752547990733757749e-02 1.107245000000000000e+07
7.874929596355666206e+01 5.743632671293896069e-02 1.109692200000000000e+07
7.883311706336922953e+01 5.741520945629158268e-02 1.114652600000000000e+07
7.891694358971126633e+01 5.736742618299128099e-02 1.114560200000000000e+07
7.900068031277757541e+01 5.729029281792393652e-02 1.116844200000000000e+07
7.908436218738494006e+01 5.729085707774718428e-02 1.118108600000000000e+07
7.916818470584115630e+01 5.719582597118571393e-02 1.125011400000000000e+07
7.925204746494267738e+01 5.717060486709518718e-02 1.124210600000000000e+07
7.933579204504063398e+01 5.709510413524684219e-02 1.126544600000000000e+07
7.941952450138673214e+01 5.710986518972591824e-02 1.128549000000000000e+07
7.950333805121174180e+01 5.708124138468842479e-02 1.133592200000000000e+07
7.958714843508016656e+01 5.700950143555281319e-02 1.133013000000000000e+07
7.967084513754768693e+01 5.703749118406095664e-02 1.135727000000000000e+07
7.975459918129639902e+01 5.689729555404651057e-02 1.138909800000000000e+07
7.983842412182876558e+01 5.692640825712400737e-02 1.142664200000000000e+07
7.992222911930718965e+01 5.682998249201888508e-02 1.143135800000000000e+07
8.000599212589428078e+01 5.678208025999673114e-02 1.146229800000000000e+07
8.008974687846490781e+01 5.671431363434496081e-02 1.147920200000000000e+07
8.017351400530820626e+01 5.668983160010655081e-02 1.150974600000000000e+07
8.025725037950861918e+01 5.665405492914990515e-02 1.152306200000000000e+07
8.034098812717721216e+01 5.663650214906097713e-02 1.155621000000000000e+07
8.042478697546600586e+01 5.663369147385263758e-02 1.158828200000000000e+07
8.050856802239243848e+01 5.661557473391860135e-02 1.159964600000000000e+07
8.059238416169034736e+01 5.659603844443676646e-02 1.164527400000000000e+07
8.067619501003925109e+01 5.651491741419125553e-02 1.164933800000000000e+07
8.075991178803855064e+01 5.655205065653206437e-02 1.166538600000000000e+07
8.084370890131339138e+01 5.647030245699269368e-02 1.171928600000000000e+07
8.092752051805530300e+01 5.642697691049829850e-02 1.172073800000000000e+07
8.101129543325400562e+01 5.639840612657989055e-02 1.175507400000000000e+07
8.109505389589725155e+01 5.634236824737579030e-02 1.176716600000000000e+07
8.117885591153601865e+01 5.622741749035371078e-02 1.181334600000000000e+07
8.126268704922078712e+01 5.623666012709875595e-02 1.182545000000000000e+07
8.134639603648894024e+01 5.619992841209608958e-02 1.182881400000000000e+07
8.143015231506957718e+01 5.616143760678899560e-02 1.188441800000000000e+07
8.151397613354559724e+01 5.616330527484084817e-02 1.190037800000000000e+07
8.159772291543191614e+01 5.611810444774866652e-02 1.190800200000000000e+07
8.168141712941573473e+01 5.607006237502586143e-02 1.193747000000000000e+07
8.176520125845252096e+01 5.599151276492641410e-02 1.198134600000000000e+07
8.184903085960836222e+01 5.596596880653473965e-02 1.199815400000000000e+07
8.193279937551101000e+01 5.589629794042808714e-02 1.201579800000000000e+07
8.201657550601832725e+01 5.585605851317543280e-02 1.204658600000000000e+07
8.210037035575065545e+01 5.583581699704784351e-02 1.207322600000000000e+07
8.218415112950239632e+01 5.584003757019596892e-02 1.208937000000000000e+07
8.226793017110850315e+01 5.574381630731704840e-02 1.212366200000000000e+07
8.235168019795568739e+01 5.572181317564208619e-02 1.212901800000000000e+07
8.243541372022190217e+01 5.570875885817858086e-02 1.216869800000000000e+07
8.251918470186251398e+01 5.572088319565058484e-02 1.219107000000000000e+07
8.260303064827999719e+01 5.565193049278067267e-02 1.223729000000000000e+07
8.268685911029808722e+01 5.562481481003288958e-02 1.223743400000000000e+07
8.277063029603770872e+01 5.558499865111907884e-02 1.226943000000000000e+07
8.285440346682658230e+01 5.550672980849936239e-02 1.228831400000000000e+07
8.293815388297495872e+01 5.550104580743790705e-02 1.231201800000000000e+07
8.302189357408074954e+01 5.548997792240328158e-02 1.233377000000000000e+07
8.310562948947298878e+01 5.545548209146677204e-02 1.236265400000000000e+07
8.318944085122717524e+01 5.538976764091296107e-02 1.240528200000000000e+07
8.327326112930197155e+01 5.536851073094607029e-02 1.241484200000000000e+07
8.335700619223128172e+01 5.531047403588981032e-02 1.243327800000000000e+07
8.344077077200753934e+01 5.526149445981624886e-02 1.246944200000000000e+07
8.352457315314735808e+01 5.524723584004168075e-02 1.249710600000000000e+07
8.360836220932365848e+01 5.524649158951669414e-02 1.251307400000000000e+07
8.369209444132825126e+01 5.520135730394316875e-02 1.253190200000000000e+07
8.377584249260344507e+01 5.513621138809120942e-02 1.256769000000000000e+07
8.385966667689248766e+01 5.514070954853388801e-02 1.260333800000000000e+07
8.394346055007575558e+01 5.507119454416321142e-02 1.261269400000000000e+07
8.402720752589927145e+01 5.503751078170081301e-02 1.263483400000000000e+07
8.411093968200033544e+01 5.503592037420050598e-02 1.266273000000000000e+07
8.419472584613649246e+01 5.500268385457032089e-02 1.269908600000000000e+07
8.427850265596407553e+01 5.498101190984749226e-02 1.271099400000000000e+07
8.436223938424853941e+01 5.490085879167400096e-02 1.273917800000000000e+07
8.444601577921049795e+01 5.489092555771608872e-02 1.276949000000000000e+07
8.452980888818765948e+01 5.486538622602118304e-02 1.279952600000000000e+07
8.461363856796832295e+01 5.489153942547642107e-02 1.282878600000000000e+07
8.469740487481715263e+01 5.482779120431606479e-02 1.283279400000000000e+07
8.478116585803400085e+01 5.479363179796864491e-02 1.287594200000000000e+07
8.486500035405539677e+01 5.479333119432860250e-02 1.290631400000000000e+07
8.494878168161768883e+01 5.472583915028449847e-02 1.291312200000000000e+07
8.503250896829791827e+01 5.471170451413210484e-02 1.293728200000000000e+07
8.511625758727213054e+01 5.466737103239296264e-02 1.297337400000000000e+07
8.520007724156167228e+01 5.463884422032519450e-02 1.300815400000000000e+07
8.528389486690601018e+01 5.458594334056051517e-02 1.302582600000000000e+07
8.536762998882402087e+01 5.458490861426888024e-02 1.303365400000000000e+07
8.545139522308386404e+01 5.454821970386587032e-02 1.308366600000000000e+07
8.553518354504295473e+01 5.452005279843625402e-02 1.309470600000000000e+07
8.561892245915041144e+01 5.445568153112492760e-02 1.311903400000000000e+07
8.570266129864387494e+01 5.445207167512607083e-02 1.314631800000000000e+07
