# k_mean_over_bin [h Mpc^-1] P_bin [h^-3 Mpc^3] N_modes
3.911336014668146538e-02 2.164729166666666515e+03 1.800000000000000000e+01
6.837341045179674837e-02 1.853256552419354875e+03 6.200000000000000000e+01
9.606098566128283556e-02 7.810796396683672356e+02 9.800000000000000000e+01
1.244554894311087484e-01 7.348217261904762836e+02 2.100000000000000000e+02
1.562393171446664064e-01 5.433083035714286098e+02 3.500000000000000000e+02
1.876351697577370581e-01 4.101770486111111040e+02 4.500000000000000000e+02
2.167467008100395498e-01 3.273958938953488200e+02 6.020000000000000000e+02
2.459661192468458046e-01 2.414303231627296498e+02 7.620000000000000000e+02
2.776061288634031343e-01 2.013115696147110327e+02 1.142000000000000000e+03
3.093581660270691147e-01 1.671597125000000119e+02 1.250000000000000000e+03
3.390238072074162612e-01 1.427128022119341324e+02 1.458000000000000000e+03
3.686891987081925004e-01 1.202582862458654915e+02 1.814000000000000000e+03
3.998179640432800719e-01 1.077648789026629856e+02 2.178000000000000000e+03
4.307427349283372564e-01 9.312048388710968538e+01 2.498000000000000000e+03
4.602541775534300106e-01 8.368158252288330345e+01 2.622000000000000000e+03
4.905365640492836410e-01 7.739495019472738591e+01 3.338000000000000000e+03
5.220185972105617633e-01 6.685840525926921885e+01 3.722000000000000000e+03
5.533037531861869640e-01 6.074496777577937934e+01 4.170000000000000000e+03
5.834579143079938746e-01 5.738405662000918284e+01 4.358000000000000000e+03
6.135626871243894387e-01 5.024260962951927212e+01 5.034000000000000000e+03
6.446289557821482941e-01 4.848957604130206533e+01 5.714000000000000000e+03
6.753962663893156027e-01 4.388971602306920516e+01 5.982000000000000000e+03
7.056079657646209258e-01 4.248497614359285279e+01 6.602000000000000000e+03
7.358702805567255423e-01 3.914775157784011128e+01 7.130000000000000000e+03
7.666965816517745669e-01 3.640958348892208107e+01 8.034000000000000000e+03
7.977642657007141258e-01 3.489352631884731437e+01 8.606000000000000000e+03
8.284170882817059045e-01 3.171694035407015022e+01 9.066000000000000000e+03
8.590304504147353581e-01 3.053193698554507307e+01 9.962000000000000000e+03
8.897547830450591722e-01 2.860791765402843367e+01 1.055000000000000000e+04
9.202467144416993650e-01 2.711295207553892794e+01 1.122600000000000000e+04
9.507708295887784544e-01 2.589426045611724092e+01 1.214600000000000000e+04
9.811824151074982625e-01 2.502590532286212976e+01 1.260600000000000000e+04
1.011684221748752277e+00 2.323273348065497856e+01 1.380200000000000000e+04
1.042628223097419760e+00 2.332343771180696734e+01 1.475400000000000000e+04
1.073331423130289064e+00 2.156439630775305716e+01 1.519400000000000000e+04
1.103867755953996443e+00 2.053603417102224427e+01 1.645400000000000000e+04
1.134626123126019959e+00 2.012059687244957473e+01 1.715400000000000000e+04
1.165311979605310189e+00 1.927275060221175806e+01 1.826600000000000000e+04
1.195715701344807869e+00 1.841177499999999867e+01 1.875000000000000000e+04
1.226212543355766904e+00 1.782351642038153372e+01 2.023400000000000000e+04
1.257106684237927041e+00 1.701292395104895050e+01 2.145000000000000000e+04
1.287903710180657191e+00 1.647982594936708978e+01 2.196200000000000000e+04
1.318485981586206890e+00 1.603254997442673258e+01 2.346200000000000000e+04
1.349079736575599542e+00 1.564337149571583119e+01 2.404200000000000000e+04
1.379852114035814425e+00 1.476783030139520569e+01 2.594600000000000000e+04
1.410480275290311170e+00 1.451073134428363787e+01 2.611800000000000000e+04
1.440742128148283729e+00 1.412125990692939581e+01 2.750600000000000000e+04
1.471255328685920905e+00 1.352323161081676339e+01 2.906600000000000000e+04
1.502136784696030958e+00 1.313086514778325053e+01 3.045000000000000000e+04
1.533052783826297283e+00 1.280356861571419458e+01 3.174200000000000000e+04
1.563639454531115192e+00 1.247358430232558213e+01 3.225000000000000000e+04
1.594207740129345519e+00 1.212307208029197092e+01 3.425000000000000000e+04
1.624993071443384896e+00 1.171218074829356404e+01 3.545400000000000000e+04
1.655631361837712090e+00 1.147415103337541886e+01 3.643400000000000000e+04
1.686043534699749769e+00 1.111836967915715668e+01 3.768200000000000000e+04
1.716490578110202225e+00 1.087353587697867319e+01 3.929400000000000000e+04
1.747331588627294874e+00 1.062980299208226853e+01 4.142600000000000000e+04
1.778105141829419589e+00 1.038637126776969488e+01 4.206600000000000000e+04
1.808604007799013091e+00 1.017246277879972460e+01 4.349000000000000000e+04
1.839287024270282567e+00 9.844945243096582033e+00 4.570200000000000000e+04
1.870041864274240018e+00 9.589660976969593520e+00 4.663400000000000000e+04
1.900737122550122393e+00 9.474218782180665599e+00 4.855400000000000000e+04
1.931106014629314860e+00 9.174159760589317258e+00 4.887000000000000000e+04
1.961523677526103127e+00 9.090809515265545926e+00 5.155400000000000000e+04
1.992455947436605701e+00 8.957495609169901840e+00 5.409000000000000000e+04
2.023265045582995914e+00 8.603399906101557804e+00 5.431400000000000000e+04
2.053922539849919016e+00 8.544374890177472537e+00 5.691000000000000000e+04
2.084529483730196198e+00 8.277717372394837625e+00 5.748200000000000000e+04
2.115224791136270266e+00 8.079098695279252951e+00 6.062600000000000000e+04
2.145940900281321451e+00 7.921605929157272463e+00 6.120600000000000000e+04
2.176332471415279191e+00 7.814305977305417983e+00 6.257000000000000000e+04
2.206919797950731787e+00 7.681768693899285516e+00 6.573000000000000000e+04
2.237635070960208417e+00 7.451670890441771888e+00 6.668600000000000000e+04
2.268416329433683210e+00 7.350179524520072505e+00 6.969800000000000000e+04
2.299091711246687986e+00 7.153509053780024551e+00 7.002600000000000000e+04
2.329659180150480235e+00 7.014114178099140062e+00 7.274600000000000000e+04
2.360394721737119283e+00 6.844597683887331918e+00 7.491000000000000000e+04
2.390975199166128995e+00 6.795314192044584090e+00 7.572200000000000000e+04
2.421460073556194192e+00 6.672276101074281485e+00 7.837800000000000000e+04
2.452028836611731322e+00 6.538019336498813061e+00 8.003000000000000000e+04
2.482752885913177110e+00 6.348946186858365870e+00 8.318600000000000000e+04
2.513535292349708072e+00 6.327466899345663975e+00 8.466600000000000000e+04
2.544225237245184790e+00 6.205660862431539471e+00 8.654600000000000000e+04
2.574773866485851048e+00 6.066122325095876455e+00 8.813400000000000000e+04
2.605444086916172797e+00 6.018004817671348761e+00 9.153800000000000000e+04
2.636246016268779524e+00 5.931356562305396096e+00 9.313800000000000000e+04
2.666818018924998590e+00 5.841574228921019518e+00 9.447800000000000000e+04
2.697363618359566839e+00 5.734148513477394182e+00 9.727400000000000000e+04
2.728019604504508866e+00 5.620156234326412203e+00 9.969000000000000000e+04
2.758802868025683530e+00 5.528645579491178630e+00 1.025900000000000000e+05
2.789534229339404092e+00 5.384716801580418100e+00 1.037700000000000000e+05
2.820110463944515811e+00 5.344673283433321487e+00 1.063460000000000000e+05
2.850758474967378220e+00 5.236405533138023927e+00 1.085460000000000000e+05
2.881313531403897787e+00 5.189095153803081395e+00 1.107260000000000000e+05
2.911785445579514686e+00 5.064223282170901896e+00 1.123220000000000000e+05
2.942296885913312732e+00 5.022437224954698465e+00 1.158900000000000000e+05
2.973018636090491551e+00 4.925723165720828689e+00 1.187660000000000000e+05
3.003960234284211772e+00 4.875221794305712564e+00 1.222980000000000000e+05
3.034645244098625572e+00 4.826502989597837967e+00 1.220900000000000000e+05
3.065200286165120414e+00 4.735909307686193337e+00 1.258100000000000000e+05
3.095834962651569544e+00 4.633978859505421433e+00 1.281900000000000000e+05
3.126534896692137799e+00 4.594198970945233995e+00 1.309940000000000000e+05
3.157254587660618839e+00 4.521612935792165722e+00 1.337220000000000000e+05
3.187691458898155972e+00 4.465211541908788107e+00 1.338860000000000000e+05
3.218359550987105244e+00 4.365221505927222800e+00 1.405380000000000000e+05
3.249147146635412042e+00 4.333834925387996861e+00 1.405940000000000000e+05
3.279708286755456559e+00 4.263345352173488756e+00 1.435940000000000000e+05
3.310282650626811485e+00 4.215913556831385023e+00 1.463100000000000000e+05
3.341041738096756752e+00 4.129123796880185715e+00 1.506500000000000000e+05
3.371829763035033789e+00 4.078730811511776189e+00 1.519140000000000000e+05
3.402297796942758357e+00 4.032909897782239739e+00 1.533980000000000000e+05
3.432832982060985749e+00 3.978034377256660648e+00 1.578660000000000000e+05
3.463520961645436547e+00 3.926878835787822819e+00 1.606580000000000000e+05
3.494268698776064941e+00 3.893348725183117587e+00 1.641020000000000000e+05
3.524882682212484575e+00 3.814318247936288930e+00 1.649940000000000000e+05
3.555471568173579122e+00 3.763050853694435816e+00 1.698500000000000000e+05
3.586282686546968357e+00 3.735028774004832464e+00 1.729860000000000000e+05
3.616919594142721461e+00 3.685030463960803804e+00 1.738940000000000000e+05
3.647368063767713497e+00 3.630771716503184976e+00 1.767780000000000000e+05
3.677992804816497596e+00 3.545292749804732857e+00 1.818020000000000000e+05
3.708738931120072024e+00 3.550392086428455496e+00 1.844300000000000000e+05
3.739459730643931668e+00 3.493031411221841243e+00 1.872420000000000000e+05
3.770116200383169858e+00 3.446339356110381225e+00 1.902500000000000000e+05
3.800728857439862107e+00 3.399417744196915336e+00 1.925700000000000000e+05
3.831471188539541384e+00 3.340187650690528365e+00 1.982540000000000000e+05
3.862151110977656732e+00 3.323052558639700393e+00 1.980740000000000000e+05
3.892653862982213830e+00 3.259538789903489331e+00 2.020500000000000000e+05
3.923205785510675891e+00 3.223159932750045975e+00 2.055020000000000000e+05
3.953960730198294637e+00 3.193101283548365643e+00 2.106660000000000000e+05
3.984703376546768538e+00 3.157685499891726977e+00 2.124260000000000000e+05
4.015247109978196782e+00 3.110713567815705183e+00 2.139180000000000000e+05
4.045907609536984140e+00 3.060381164194502901e+00 2.209940000000000000e+05
4.076640767458163062e+00 3.025689604192811633e+00 2.215220000000000000e+05
4.107291653286554656e+00 2.995217374974592506e+00 2.263140000000000000e+05
4.137850364426196137e+00 2.971607532534954466e+00 2.272940000000000000e+05
4.168439512608713038e+00 2.911388445325847396e+00 2.329620000000000000e+05
4.199236749561098492e+00 2.894890210160711241e+00 2.378180000000000000e+05
4.229947929265353679e+00 2.856050858228676326e+00 2.383980000000000000e+05
4.260462426058084340e+00 2.832429644848354577e+00 2.414180000000000000e+05
4.291046899785903257e+00 2.793280879028271713e+00 2.468180000000000000e+05
4.321739014984441241e+00 2.762903101566188901e+00 2.499060000000000000e+05
4.352456027103726477e+00 2.737511631239644583e+00 2.547020000000000000e+05
4.383033077269767652e+00 2.693397528869812430e+00 2.544180000000000000e+05
4.413534074271517227e+00 2.677682597540272269e+00 2.603540000000000000e+05
4.444200357558366399e+00 2.649032782461675506e+00 2.649740000000000000e+05
4.474952179323342882e+00 2.622538348181392198e+00 2.687220000000000000e+05
4.505641422859886447e+00 2.593335499812197575e+00 2.715620000000000000e+05
4.536316088749490660e+00 2.564940027795316269e+00 2.755860000000000000e+05
4.567046341728766556e+00 2.515040017488133106e+00 2.801900000000000000e+05
4.597751251862217892e+00 2.504377125805242521e+00 2.828340000000000000e+05
4.628349450743415083e+00 2.484207884770488040e+00 2.851700000000000000e+05
4.658885037465664958e+00 2.449592900312536514e+00 2.898860000000000000e+05
4.689537847550620420e+00 2.423908180348689712e+00 2.944740000000000000e+05
4.720267580499146298e+00 2.396597389631984321e+00 2.994980000000000000e+05
4.750887740307660145e+00 2.362778080597950137e+00 2.999580000000000000e+05
4.781458163146202089e+00 2.344911282359787741e+00 3.058580000000000000e+05
4.812139804037513180e+00 2.317156018134198359e+00 3.107940000000000000e+05
4.842826296526053120e+00 2.286972741965363820e+00 3.130820000000000000e+05
4.873346903503020577e+00 2.270914676977402014e+00 3.160460000000000000e+05
4.903952058997482766e+00 2.250923675896442600e+00 3.222180000000000000e+05
4.934760029521842561e+00 2.228992168905716387e+00 3.285620000000000000e+05
4.965452501381958150e+00 2.199744466294704104e+00 3.279900000000000000e+05
4.996086282036240611e+00 2.181655852386946037e+00 3.352820000000000000e+05
5.026695485686597742e+00 2.168062438610590004e+00 3.359700000000000000e+05
5.057355002192011284e+00 2.141412367103985748e+00 3.440660000000000000e+05
5.087967611864264939e+00 2.121518948673040139e+00 3.437180000000000000e+05
5.118544807508640382e+00 2.095936534489527769e+00 3.514980000000000000e+05
5.149234444935959054e+00 2.076870531910691486e+00 3.544580000000000000e+05
5.179860758536608323e+00 2.040435721736026498e+00 3.585660000000000000e+05
5.210624402206279093e+00 2.034542276891309509e+00 3.661220000000000000e+05
5.241317970278694283e+00 2.021601036056969392e+00 3.658100000000000000e+05
5.271888078465520877e+00 1.997679261453843003e+00 3.716220000000000000e+05
5.302538962989003402e+00 1.979096462368279630e+00 3.759860000000000000e+05
5.333241296744681392e+00 1.961195279587617968e+00 3.821700000000000000e+05
5.363843287577101826e+00 1.937313883839944628e+00 3.818180000000000000e+05
5.394377881285376652e+00 1.923256878025740857e+00 3.895740000000000000e+05
5.425045278876105215e+00 1.910173057775248928e+00 3.936980000000000000e+05
5.455748191050116880e+00 1.883260098683716466e+00 3.994580000000000000e+05
5.486417791867136629e+00 1.872861255724450613e+00 4.022220000000000000e+05
5.517054280059129567e+00 1.845188697096741048e+00 4.069220000000000000e+05
5.547729067425179572e+00 1.832883251946265224e+00 4.128420000000000000e+05
5.578396539675297916e+00 1.810277605899659692e+00 4.153460000000000000e+05
5.609013027442932398e+00 1.794144959898571257e+00 4.211820000000000000e+05
5.639660721036475977e+00 1.776259770174439589e+00 4.250180000000000000e+05
5.670338352606606236e+00 1.764669317016825278e+00 4.311380000000000000e+05
5.701002224415820052e+00 1.737870842944689187e+00 4.343820000000000000e+05
5.731652461074824068e+00 1.732734053977802668e+00 4.395140000000000000e+05
5.762312139234633257e+00 1.715593366206620507e+00 4.447380000000000000e+05
5.792988623860222397e+00 1.696840263081686562e+00 4.489100000000000000e+05
5.823527921889432690e+00 1.685543797629033946e+00 4.506180000000000000e+05
5.854115639221332934e+00 1.666571556335055160e+00 4.595540000000000000e+05
5.884803383516547193e+00 1.655362244281006978e+00 4.631060000000000000e+05
5.915403549749584933e+00 1.635625671706337325e+00 4.670940000000000000e+05
5.946097918579516417e+00 1.618333998332413870e+00 4.749380000000000000e+05
5.976784376694718404e+00 1.608467138600042867e+00 4.771860000000000000e+05
6.007474398726609266e+00 1.589261636783791065e+00 4.846700000000000000e+05
6.038161603080837381e+00 1.579939580296092716e+00 4.870100000000000000e+05
6.068803116216009208e+00 1.563895029332230679e+00 4.933140000000000000e+05
6.099443541903901256e+00 1.547293390178150263e+00 4.963220000000000000e+05
6.130013467858260512e+00 1.539946272887092293e+00 5.017020000000000000e+05
6.160659038280898336e+00 1.523558828618732930e+00 5.085620000000000000e+05
6.191382862441213497e+00 1.514695901929441924e+00 5.142420000000000000e+05
6.222022549110604928e+00 1.498331421773952954e+00 5.161580000000000000e+05
6.252618937652392184e+00 1.486945132242126766e+00 5.226020000000000000e+05
6.283314506372367880e+00 1.473862167346954299e+00 5.306580000000000000e+05
6.313956888688901259e+00 1.462253227102757958e+00 5.300420000000000000e+05
6.344526529636881129e+00 1.450332450016515784e+00 5.388780000000000000e+05
6.375193447856655204e+00 1.439074761545954040e+00 5.441300000000000000e+05
6.405923794226229262e+00 1.424324449379974045e+00 5.511060000000000000e+05
6.436615537335857340e+00 1.413901873165554157e+00 5.539820000000000000e+05
6.467240689922951979e+00 1.402059165200755242e+00 5.582420000000000000e+05
6.497840343194827284e+00 1.389658570780768931e+00 5.645460000000000000e+05
6.528490514375480558e+00 1.377089855458602630e+00 5.704940000000000000e+05
6.559189482379200520e+00 1.364409843228229446e+00 5.767620000000000000e+05
6.589792657935158005e+00 1.356229268773541552e+00 5.782340000000000000e+05
6.620368275030441119e+00 1.343484810455105816e+00 5.856660000000000000e+05
6.651059279332403484e+00 1.331906724916981588e+00 5.944460000000000000e+05
6.681735101215181771e+00 1.324545989080218256e+00 5.952500000000000000e+05
6.712352184571596325e+00 1.311532465089608523e+00 6.034020000000000000e+05
6.742994392514953361e+00 1.304424357323727079e+00 6.073820000000000000e+05
6.773707641956070447e+00 1.289315914652922945e+00 6.170100000000000000e+05
6.804368332827349874e+00 1.277194448407692917e+00 6.167780000000000000e+05
6.834957329072475218e+00 1.271098274338691381e+00 6.247460000000000000e+05
6.865533884427167166e+00 1.263380944078769330e+00 6.280620000000000000e+05
6.896209472882897096e+00 1.249408732268810329e+00 6.394100000000000000e+05
6.926963358802590953e+00 1.235703778963969546e+00 6.429540000000000000e+05
6.957595884588287483e+00 1.229848550406053453e+00 6.459740000000000000e+05
6.988217027338134990e+00 1.217387412202175945e+00 6.534900000000000000e+05
7.018912144628523642e+00 1.211186673850465967e+00 6.607460000000000000e+05
7.049598360905487304e+00 1.200097213403827023e+00 6.646460000000000000e+05
7.080168728874950190e+00 1.188845086094501680e+00 6.672900000000000000e+05
7.110800747994752591e+00 1.184242431159558961e+00 6.790340000000000000e+05
7.141530300546490295e+00 1.173572478988519352e+00 6.827220000000000000e+05
7.172250636009499303e+00 1.165439219198018739e+00 6.912380000000000000e+05
7.202854517584712291e+00 1.156602616605818756e+00 6.886020000000000000e+05
7.233403056127952091e+00 1.146078966105709585e+00 7.008260000000000000e+05
7.264069579203881410e+00 1.138548093846629250e+00 7.056620000000000000e+05
7.294683413182806220e+00 1.129633267707109923e+00 7.100820000000000000e+05
7.325311269352252630e+00 1.120035454459495927e+00 7.191620000000000000e+05
7.355966981418407435e+00 1.112928435444790587e+00 7.222500000000000000e+05
7.386612648734541153e+00 1.107439064401033457e+00 7.315100000000000000e+05
7.417310529501340177e+00 1.098551294602969408e+00 7.364420000000000000e+05
7.447945213101880846e+00 1.085330065677056810e+00 7.408980000000000000e+05
7.478607010838381974e+00 1.081915993030801548e+00 7.501580000000000000e+05
7.509321067315616105e+00 1.074979367198946711e+00 7.548660000000000000e+05
7.539974932446685152e+00 1.065504629179339302e+00 7.608260000000000000e+05
7.570585192452028878e+00 1.055799300162034715e+00 7.640340000000000000e+05
7.601198673865714461e+00 1.047431514151394349e+00 7.738460000000000000e+05
7.631877298250918429e+00 1.038953625944897707e+00 7.797140000000000000e+05
7.662521884307726516e+00 1.030964639162376351e+00 7.843140000000000000e+05
7.693137071617793588e+00 1.023868709736119209e+00 7.913420000000000000e+05
7.723811426513647049e+00 1.018844954956983351e+00 7.994580000000000000e+05
7.754494077568185872e+00 1.010547081725596819e+00 8.049620000000000000e+05
7.785135803531300525e+00 1.003959298375640685e+00 8.095500000000000000e+05
7.815694237908749287e+00 9.990585715550157619e-01 8.134580000000000000e+05
7.846343679982115127e+00 9.850903792835887796e-01 8.274020000000000000e+05
7.877043316447378984e+00 9.810319713064403757e-01 8.286180000000000000e+05
7.907673669198284294e+00 9.740006637448352933e-01 8.369180000000000000e+05
7.938328804946242379e+00 9.670165706855353704e-01 8.428740000000000000e+05
7.968975407284135670e+00 9.627069111472699170e-01 8.493380000000000000e+05
7.999667994830390150e+00 9.550048198830654034e-01 8.589420000000000000e+05
8.030349243530407577e+00 9.448492731521593857e-01 8.609780000000000000e+05
8.060946961497052143e+00 9.431216070552521646e-01 8.683460000000000000e+05
8.091572720963124965e+00 9.334232175137175958e-01 8.751540000000000000e+05
8.122271484065059610e+00 9.282139387326311386e-01 8.862140000000000000e+05
8.152953690965352607e+00 9.209431129457955612e-01 8.873460000000000000e+05
8.183566695722484852e+00 9.141874146634695331e-01 8.949860000000000000e+05
8.214194695410645508e+00 9.099627924596853656e-01 9.027740000000000000e+05
8.244899107337827715e+00 9.042476461275674726e-01 9.121140000000000000e+05
8.275572896457878969e+00 8.953507195423956455e-01 9.150260000000000000e+05
8.306162294726084028e+00 8.907755542079374145e-01 9.201420000000000000e+05
8.336764679477866480e+00 8.832308698355062493e-01 9.297620000000000000e+05
8.367430340319790716e+00 8.767093723139005590e-01 9.376980000000000000e+05
8.398127428085201629e+00 8.724133035621669530e-01 9.447620000000000000e+05
8.428757837489422755e+00 8.661195998118647044e-01 9.482540000000000000e+05
8.459372296062671381e+00 8.589923777333241528e-01 9.568020000000000000e+05
8.490063465610685256e+00 8.567241086210211076e-01 9.676580000000000000e+05
8.520744025357005924e+00 8.480654365980476728e-01 9.697020000000000000e+05
8.551309344016351233e+00 8.407492505825950868e-01 9.740900000000000000e+05
8.581943800972473113e+00 8.360424747238696108e-01 9.884820000000000000e+05
8.612642412703635841e+00 8.309550637403048112e-01 9.919940000000000000e+05
8.643308537119485990e+00 8.259332887126259459e-01 1.001030000000000000e+06
8.673970834036897060e+00 8.220624471629619512e-01 1.005450000000000000e+06
8.704610753383335009e+00 8.154546588960855935e-01 1.013738000000000000e+06
8.735274622149603374e+00 8.091312603380608204e-01 1.021710000000000000e+06
8.765876554462561643e+00 8.027830721376753020e-01 1.023626000000000000e+06
8.796472033298300630e+00 7.996888256226383218e-01 1.035834000000000000e+06
8.827113104195804638e+00 7.941286681411932058e-01 1.040786000000000000e+06
8.857794945353973048e+00 7.893167979483595165e-01 1.053206000000000000e+06
8.888492903056484096e+00 7.830904648240968324e-01 1.057002000000000000e+06
8.919147318144009517e+00 7.792102132911238321e-01 1.063898000000000000e+06
8.949810470249602190e+00 7.717261055834270245e-01 1.072782000000000000e+06
8.980482087512241307e+00 7.703388915357991529e-01 1.078826000000000000e+06
9.011149622969513828e+00 7.623513565310748863e-01 1.087922000000000000e+06
9.041778006101507614e+00 7.583801469792589289e-01 1.090494000000000000e+06
9.072395809677630041e+00 7.523309207145334465e-01 1.101362000000000000e+06
9.103062344101488179e+00 7.482742980279365463e-01 1.109802000000000000e+06
9.133716582676932205e+00 7.443962682388916008e-01 1.114514000000000000e+06
9.164343279595041025e+00 7.393884806473024485e-01 1.123926000000000000e+06
9.194939762742391665e+00 7.357267319487098556e-01 1.125986000000000000e+06
9.225588868133300480e+00 7.296333950998379336e-01 1.143554000000000000e+06
9.256279045055194388e+00 7.245671938744310259e-01 1.144710000000000000e+06
9.286922908321361803e+00 7.208270364933648811e-01 1.154018000000000000e+06
9.317551510994961816e+00 7.169333456613233846e-01 1.159962000000000000e+06
9.348218920250847219e+00 7.118799349437141544e-01 1.170986000000000000e+06
9.378902337186493909e+00 7.062973414919424542e-01 1.178142000000000000e+06
9.409551722439367438e+00 7.026503076925678659e-01 1.182674000000000000e+06
9.440170036212245819e+00 6.961253003773293369e-01 1.191002000000000000e+06
9.470808264249194863e+00 6.943517699373061847e-01 1.200438000000000000e+06
9.501473313875692384e+00 6.901703786412749508e-01 1.208162000000000000e+06
9.532125831626755641e+00 6.857665203602856252e-01 1.215258000000000000e+06
9.562784141325121112e+00 6.813459045333273290e-01 1.224134000000000000e+06
9.593416274997863979e+00 6.750844068064216774e-01 1.228722000000000000e+06
9.624083196782743599e+00 6.738665322236826460e-01 1.243154000000000000e+06
9.654771367964533724e+00 6.681976925312782534e-01 1.245434000000000000e+06
9.685402552280704569e+00 6.655386712270486838e-01 1.255158000000000000e+06
9.715969395840117429e+00 6.610140190823583506e-01 1.255610000000000000e+06
9.746617449311713699e+00 6.575243510686761272e-01 1.277562000000000000e+06
9.777290304407999955e+00 6.534220826199335086e-01 1.274414000000000000e+06
9.807885176827742413e+00 6.485537160360002051e-01 1.285994000000000000e+06
9.838572910167970420e+00 6.447096924367290427e-01 1.299570000000000000e+06
9.869276202679451160e+00 6.418640592048978633e-01 1.302122000000000000e+06
9.899918968135150266e+00 6.367907109838139013e-01 1.311366000000000000e+06
9.930567900523143976e+00 6.346786010464028349e-01 1.319186000000000000e+06
9.961220892975154229e+00 6.301433818931864161e-01 1.327434000000000000e+06
9.991891019630978477e+00 6.272959143613894284e-01 1.337294000000000000e+06
1.002255517125434281e+01 6.228214626172052792e-01 1.342730000000000000e+06
1.005316914398451544e+01 6.192128601257247400e-01 1.350570000000000000e+06
1.008383306751157882e+01 6.139078886532265411e-01 1.362590000000000000e+06
1.011452669049533171e+01 6.107704490332904745e-01 1.369698000000000000e+06
1.014516461762413080e+01 6.083189566765631051e-01 1.374914000000000000e+06
1.017577620860668830e+01 6.051321039051150708e-01 1.383570000000000000e+06
1.020642519374937507e+01 6.013682980333587835e-01 1.395374000000000000e+06
1.023705093164075741e+01 5.962865176944209811e-01 1.396994000000000000e+06
1.026765629299071136e+01 5.938347484644322938e-01 1.411530000000000000e+06
1.029830666316376231e+01 5.903105411075542097e-01 1.417574000000000000e+06
1.032896362286516911e+01 5.855153572773323933e-01 1.428834000000000000e+06
1.035966663242073871e+01 5.839936070987298278e-01 1.439018000000000000e+06
1.039031911060697233e+01 5.816408955936637204e-01 1.440698000000000000e+06
1.042093797488244000e+01 5.764101000386615548e-01 1.453638000000000000e+06
1.045161990055933643e+01 5.745427595929004649e-01 1.463426000000000000e+06
1.048230905031899418e+01 5.704248241052309876e-01 1.471050000000000000e+06
1.051294965218652244e+01 5.689796686797983227e-01 1.476638000000000000e+06
1.054355485794442338e+01 5.651771411403156975e-01 1.484466000000000000e+06
1.057423043832554121e+01 5.609152608593122036e-01 1.501154000000000000e+06
1.060491061368286125e+01 5.578229027519368000e-01 1.501706000000000000e+06
1.063551747879349385e+01 5.549477440320952359e-01 1.511502000000000000e+06
1.066612943100288469e+01 5.507992108451724711e-01 1.520234000000000000e+06
1.069681502375580706e+01 5.494102237118976273e-01 1.535010000000000000e+06
1.072753921292190249e+01 5.459860090789045994e-01 1.543358000000000000e+06
1.075810936250636551e+01 5.426400077746826867e-01 1.535754000000000000e+06
1.078871245727466643e+01 5.393244241124436344e-01 1.564802000000000000e+06
1.081940715839958322e+01 5.371470895141384760e-01 1.563038000000000000e+06
1.085006912710444915e+01 5.344325217019993968e-01 1.578426000000000000e+06
1.088072708694015844e+01 5.322005324752352440e-01 1.581482000000000000e+06
1.091135924400057711e+01 5.290571518291725672e-01 1.592250000000000000e+06
1.094200406382756974e+01 5.242829135018068909e-01 1.602230000000000000e+06
1.097260696004568814e+01 5.232929782384091455e-01 1.604754000000000000e+06
1.100323988183271950e+01 5.205274020023923365e-01 1.623458000000000000e+06
1.103388999676240978e+01 5.178356801299764944e-01 1.624910000000000000e+06
1.106457698538006440e+01 5.144757501267382960e-01 1.645122000000000000e+06
1.109527667386575978e+01 5.120283047540316046e-01 1.645130000000000000e+06
1.112591330354135621e+01 5.105125849637557334e-01 1.655706000000000000e+06
1.115654526125968005e+01 5.062177562756161597e-01 1.663502000000000000e+06
1.118719498215796371e+01 5.037293033660118491e-01 1.675514000000000000e+06
1.121787429068015562e+01 5.004741743003313648e-01 1.685298000000000000e+06
1.124851237891747147e+01 4.989521717411453117e-01 1.689566000000000000e+06
1.127910286336602752e+01 4.958594693288571054e-01 1.697850000000000000e+06
1.130978165659318968e+01 4.921012443076880349e-01 1.718546000000000000e+06
1.134049191158932857e+01 4.896119700178274137e-01 1.719822000000000000e+06
1.137111294866358691e+01 4.879835481696249699e-01 1.726586000000000000e+06
1.140173420596685006e+01 4.864948314901338944e-01 1.739186000000000000e+06
1.143241645198721024e+01 4.829175844315111155e-01 1.751538000000000000e+06
1.146309378911906585e+01 4.797465547290140631e-01 1.758062000000000000e+06
1.149371033408863774e+01 4.783918199556440598e-01 1.763010000000000000e+06
1.152434210102386203e+01 4.754953849622352013e-01 1.778642000000000000e+06
1.155502891721602587e+01 4.738745204301507696e-01 1.788582000000000000e+06
1.158569884908570913e+01 4.704013130548834742e-01 1.794746000000000000e+06
1.161631920000943374e+01 4.679309068424934992e-01 1.803290000000000000e+06
1.164692839895572440e+01 4.656262389166995197e-01 1.811058000000000000e+06
1.167758201264465789e+01 4.633305881561488593e-01 1.828358000000000000e+06
1.170824671228167269e+01 4.606062318645904319e-01 1.831362000000000000e+06
1.173887056645718729e+01 4.588265037791906531e-01 1.842458000000000000e+06
1.176945759162609839e+01 4.559401593829555122e-01 1.846998000000000000e+06
1.180012033129267301e+01 4.541188991408800502e-01 1.869122000000000000e+06
1.183084921812949553e+01 4.512822728324093480e-01 1.876346000000000000e+06
1.186151413816298650e+01 4.500058126975917672e-01 1.879506000000000000e+06
1.189215148075095030e+01 4.473668956112153983e-01 1.893326000000000000e+06
1.192281647950092704e+01 4.446644961210962643e-01 1.901826000000000000e+06
1.195347780224454937e+01 4.424192269511632025e-01 1.911962000000000000e+06
1.198410945486709878e+01 4.415399687786252803e-01 1.919198000000000000e+06
1.201473998051305792e+01 4.383699038773377077e-01 1.930242000000000000e+06
1.204539491969681819e+01 4.365577903999193210e-01 1.942442000000000000e+06
1.207606591889535608e+01 4.339687810941450508e-01 1.951734000000000000e+06
1.210668159911830344e+01 4.337348215354183134e-01 1.955402000000000000e+06
1.213729590584212836e+01 4.310420996339493493e-01 1.971858000000000000e+06
1.216799463550970195e+01 4.290864694306710247e-01 1.984898000000000000e+06
1.219864337641968355e+01 4.261807473437164706e-01 1.986422000000000000e+06
1.222922477881376047e+01 4.247298606915526631e-01 1.996146000000000000e+06
1.225989282685840820e+01 4.220675561918907914e-01 2.017106000000000000e+06
1.229058821881884178e+01 4.208230890441533312e-01 2.020638000000000000e+06
1.232123136247960460e+01 4.192908392654579042e-01 2.029346000000000000e+06
1.235186527658106037e+01 4.166093418820756011e-01 2.041002000000000000e+06
1.238252216979992326e+01 4.142785286017207635e-01 2.051450000000000000e+06
1.241320937502392674e+01 4.127308150110896579e-01 2.065886000000000000e+06
1.244383941472429633e+01 4.106388886467048915e-01 2.064546000000000000e+06
1.247445220519574072e+01 4.080320745204427113e-01 2.082650000000000000e+06
1.250512629307856827e+01 4.064348586423517928e-01 2.095182000000000000e+06
1.253580287130877480e+01 4.038720598606798107e-01 2.101346000000000000e+06
1.256646238438352015e+01 4.027347860182249883e-01 2.115554000000000000e+06
1.259708474717591109e+01 4.012597582118815343e-01 2.115654000000000000e+06
1.262774588521747354e+01 3.991624090523132051e-01 2.141066000000000000e+06
1.265841835076503408e+01 3.968138344208252954e-01 2.139786000000000000e+06
1.268903676420887017e+01 3.953123940039085515e-01 2.152202000000000000e+06
1.271964770975900549e+01 3.936662805182209457e-01 2.161086000000000000e+06
1.275028968623544934e+01 3.912846073036655992e-01 2.176058000000000000e+06
1.278098460469567499e+01 3.896707474103280333e-01 2.190818000000000000e+06
1.281164046729207939e+01 3.876461384802008525e-01 2.191158000000000000e+06
1.284225815563851825e+01 3.864106483249097335e-01 2.205314000000000000e+06
1.287289056249479380e+01 3.848750696214129907e-01 2.215554000000000000e+06
1.290355625633802639e+01 3.828361137238059375e-01 2.230562000000000000e+06
1.293423770049094124e+01 3.806876988623932867e-01 2.239614000000000000e+06
1.296488169854081285e+01 3.793514433768267469e-01 2.245706000000000000e+06
1.299551871653742019e+01 3.778663426671280967e-01 2.259674000000000000e+06
1.302618975751721919e+01 3.756411077003748433e-01 2.273214000000000000e+06
1.305685244694570457e+01 3.750009325075193134e-01 2.278802000000000000e+06
1.308750998994310244e+01 3.726767726633519739e-01 2.294034000000000000e+06
1.311813220161915972e+01 3.709419998413903130e-01 2.294942000000000000e+06
1.314876333796909336e+01 3.695090200902008681e-01 2.317050000000000000e+06
1.317943307318251733e+01 3.673844368235119062e-01 2.322842000000000000e+06
1.321006023701692200e+01 3.662593422458286785e-01 2.330810000000000000e+06
1.324068959969416603e+01 3.640624107507465790e-01 2.345958000000000000e+06
1.327132733229817774e+01 3.624435754631443185e-01 2.353586000000000000e+06
1.330202137818103125e+01 3.611929290761338174e-01 2.376210000000000000e+06
1.333270765674768299e+01 3.598420321397918231e-01 2.374502000000000000e+06
1.336332360429498145e+01 3.581487397468766098e-01 2.386346000000000000e+06
1.339396115374925600e+01 3.560615927363102173e-01 2.401314000000000000e+06
1.342462950449915837e+01 3.554499367600406634e-01 2.411450000000000000e+06
1.345527227069447385e+01 3.536567972808067895e-01 2.420718000000000000e+06
1.348587288323711597e+01 3.521088700667915905e-01 2.425754000000000000e+06
1.351655033488228952e+01 3.502177301567518386e-01 2.455218000000000000e+06
1.354723943126051466e+01 3.489813559439595148e-01 2.450942000000000000e+06
1.357787602620414091e+01 3.473959621098198780e-01 2.467130000000000000e+06
1.360850969175125869e+01 3.460263532608124359e-01 2.474874000000000000e+06
1.363916260858142593e+01 3.444662613306820331e-01 2.490362000000000000e+06
1.366981104919095991e+01 3.430212834178361647e-01 2.498142000000000000e+06
1.370042868629872679e+01 3.420881878991181013e-01 2.507090000000000000e+06
1.373107732768572298e+01 3.407481681304992405e-01 2.525562000000000000e+06
1.376175426428364190e+01 3.386859417941031625e-01 2.534726000000000000e+06
1.379244642300857926e+01 3.377647548576300229e-01 2.549906000000000000e+06
1.382309257737347785e+01 3.356474812177145939e-01 2.551074000000000000e+06
1.385373333418663933e+01 3.342515974235831244e-01 2.570702000000000000e+06
1.388438231685893065e+01 3.327132713985089807e-01 2.574642000000000000e+06
1.391502673172247206e+01 3.315144545281422661e-01 2.594066000000000000e+06
1.394566139702082808e+01 3.306260699274934933e-01 2.594802000000000000e+06
1.397626403373048554e+01 3.290196465967082928e-01 2.612030000000000000e+06
1.400692990380277614e+01 3.277547143138730967e-01 2.627954000000000000e+06
1.403762665833372836e+01 3.266623084287922918e-01 2.640402000000000000e+06
1.406826249291076536e+01 3.255751141227520851e-01 2.641454000000000000e+06
1.409889778741170652e+01 3.233946970397102438e-01 2.661834000000000000e+06
1.412955070116482226e+01 3.222135292367798165e-01 2.669138000000000000e+06
1.416021112645075775e+01 3.209778459419455054e-01 2.684858000000000000e+06
1.419087385297501669e+01 3.197505206187288840e-01 2.693910000000000000e+06
1.422149875684323916e+01 3.185883368212839017e-01 2.701682000000000000e+06
1.425216427801141883e+01 3.171732597592535341e-01 2.722698000000000000e+06
1.428282043751237218e+01 3.158634380841181533e-01 2.725262000000000000e+06
1.431346230054741042e+01 3.146785265000273113e-01 2.742450000000000000e+06
1.434410509664010824e+01 3.134776896921650513e-01 2.749850000000000000e+06
1.437474217852985525e+01 3.117572095537396448e-01 2.763902000000000000e+06
1.440540590632776841e+01 3.105130451776463296e-01 2.778498000000000000e+06
1.443604895983575531e+01 3.095168888465917312e-01 2.784530000000000000e+06
1.446670970857448424e+01 3.084621043213059410e-01 2.804106000000000000e+06
1.449736904962689010e+01 3.068371657668366725e-01 2.809790000000000000e+06
1.452802375701152648e+01 3.059310640701889961e-01 2.825058000000000000e+06
1.455867443991712307e+01 3.047069545536334467e-01 2.834330000000000000e+06
1.458929057279699038e+01 3.037051613252818028e-01 2.842022000000000000e+06
1.461994280853970452e+01 3.021690736796248666e-01 2.864754000000000000e+06
1.465058249564759585e+01 3.012012618943043507e-01 2.864186000000000000e+06
1.468117988573594168e+01 2.997190651764276015e-01 2.879538000000000000e+06
1.471182673337874292e+01 2.988580349955543558e-01 2.899454000000000000e+06
1.474248363238804060e+01 2.979344896355626826e-01 2.904258000000000000e+06
1.477317496500613103e+01 2.967300777002792045e-01 2.930234000000000000e+06
1.480386910161793779e+01 2.956761605802440407e-01 2.929526000000000000e+06
1.483450217940607452e+01 2.945256652467576064e-01 2.942442000000000000e+06
1.486516698446851059e+01 2.933586375012243175e-01 2.960810000000000000e+06
1.489582703702377664e+01 2.919878773835951624e-01 2.964954000000000000e+06
1.492646528006037521e+01 2.912606804633484647e-01 2.980910000000000000e+06
1.495710544900555306e+01 2.898229901724452828e-01 2.990978000000000000e+06
1.498776269392421945e+01 2.892176213066385282e-01 3.007626000000000000e+06
1.501843370546180267e+01 2.881317845722958237e-01 3.019166000000000000e+06
1.504905569365952722e+01 2.868769012177724287e-01 3.021090000000000000e+06
1.507968813668374430e+01 2.855822159277703332e-01 3.047834000000000000e+06
1.511037332515695297e+01 2.847951418547645663e-01 3.055590000000000000e+06
1.514104424704462026e+01 2.834779688816788101e-01 3.068546000000000000e+06
1.517163880420388011e+01 2.822971431636038808e-01 3.067274000000000000e+06
1.520226772397046489e+01 2.815327376052998432e-01 3.098058000000000000e+06
1.523296937728429157e+01 2.805110471649748249e-01 3.109214000000000000e+06
1.526361904753517074e+01 2.794477780821266188e-01 3.110466000000000000e+06
1.529421425129691947e+01 2.785302516987424593e-01 3.124370000000000000e+06
1.532485231670361081e+01 2.774685219393074331e-01 3.144174000000000000e+06
1.535555551766698201e+01 2.761106589160771674e-01 3.161738000000000000e+06
1.538620301937812407e+01 2.752787280569893302e-01 3.159890000000000000e+06
1.541679818315905770e+01 2.743630317900481730e-01 3.174138000000000000e+06
1.544743875163359270e+01 2.735809394522902283e-01 3.195926000000000000e+06
1.547813884141497276e+01 2.724528248862017610e-01 3.211386000000000000e+06
1.550883091269481717e+01 2.716835209302354559e-01 3.219314000000000000e+06
1.553946294611858292e+01 2.705309248753834384e-01 3.225494000000000000e+06
1.557009342916842165e+01 2.697203823704835690e-01 3.242562000000000000e+06
1.560074559370220371e+01 2.687837495587039327e-01 3.257450000000000000e+06
1.563140821530218894e+01 2.680705086203679643e-01 3.269118000000000000e+06
1.566204787145430899e+01 2.669260055871885418e-01 3.278930000000000000e+06
1.569265004490419813e+01 2.660733573699663457e-01 3.286650000000000000e+06
1.572331415106903485e+01 2.649186028806522208e-01 3.316610000000000000e+06
1.575400933951588378e+01 2.640611837815086682e-01 3.321542000000000000e+06
1.578464652652455058e+01 2.633764515958466057e-01 3.328578000000000000e+06
1.581527512713691763e+01 2.625740678681547924e-01 3.345074000000000000e+06
1.584593159202205293e+01 2.615082878055832727e-01 3.361686000000000000e+06
1.587658751981395078e+01 2.604623059409648667e-01 3.369722000000000000e+06
1.590722339945609676e+01 2.595088603930534310e-01 3.385290000000000000e+06
1.593785107536400147e+01 2.588348329731052222e-01 3.391370000000000000e+06
1.596852352225685401e+01 2.577765525570513971e-01 3.422966000000000000e+06
1.599920243251385621e+01 2.569601324798847508e-01 3.419538000000000000e+06
1.602985553152441156e+01 2.559573010758623979e-01 3.441890000000000000e+06
1.606050898189369747e+01 2.552179143237202630e-01 3.447582000000000000e+06
1.609116293617333326e+01 2.541671078193508126e-01 3.466298000000000000e+06
1.612177218423172320e+01 2.534067445445927214e-01 3.466194000000000000e+06
1.615238659316504766e+01 2.526832642146674690e-01 3.492062000000000000e+06
1.618304433395858055e+01 2.514109946179313715e-01 3.503114000000000000e+06
1.621369564724469114e+01 2.508022307006874674e-01 3.517146000000000000e+06
1.624437349555979182e+01 2.499382725826185536e-01 3.535706000000000000e+06
1.627503011624142815e+01 2.495262543145799761e-01 3.539742000000000000e+06
1.630567747321957484e+01 2.484620604220982021e-01 3.558698000000000000e+06
1.633633444718754291e+01 2.473782933748482626e-01 3.570122000000000000e+06
1.636699228812523543e+01 2.467936528324706225e-01 3.585174000000000000e+06
1.639764059090457948e+01 2.459623727921377845e-01 3.594314000000000000e+06
1.642828590068688399e+01 2.450002013975745574e-01 3.612258000000000000e+06
1.645893007191645907e+01 2.445488880424232236e-01 3.620282000000000000e+06
1.648957199783176364e+01 2.435109250200188369e-01 3.639078000000000000e+06
1.652022897904334187e+01 2.425525620129025117e-01 3.650450000000000000e+06
1.655086391605456342e+01 2.418857086243635934e-01 3.661418000000000000e+06
1.658149960773415188e+01 2.412685265549553704e-01 3.677694000000000000e+06
1.661216865362178652e+01 2.403972980899778122e-01 3.695978000000000000e+06
1.664282501558284721e+01 2.394219525171423779e-01 3.702810000000000000e+06
1.667345451826077252e+01 2.387872386887331666e-01 3.716162000000000000e+06
1.670412303906892859e+01 2.378991510641176310e-01 3.740094000000000000e+06
1.673478210225302121e+01 2.371581052587121152e-01 3.740954000000000000e+06
1.676541740863294194e+01 2.363918878388575340e-01 3.760946000000000000e+06
1.679608408952596577e+01 2.357364254297857342e-01 3.778278000000000000e+06
1.682674466654829359e+01 2.350312470111669272e-01 3.784922000000000000e+06
1.685739723155478487e+01 2.342969256288522095e-01 3.805266000000000000e+06
1.688803548841513802e+01 2.335602745341921749e-01 3.807686000000000000e+06
1.691867153120264078e+01 2.326866359867784118e-01 3.833130000000000000e+06
1.694932872530407053e+01 2.321955189856680368e-01 3.841898000000000000e+06
1.697998566510549878e+01 2.313846235194036982e-01 3.858074000000000000e+06
1.701062828430612228e+01 2.305185754672944010e-01 3.868974000000000000e+06
1.704127533600995648e+01 2.299325809281091426e-01 3.885362000000000000e+06
1.707192414656785573e+01 2.291295029359026736e-01 3.898290000000000000e+06
1.710255181072696473e+01 2.284850744778920695e-01 3.907334000000000000e+06
1.713319071172596608e+01 2.275829434702817677e-01 3.928730000000000000e+06
1.716382735984657515e+01 2.271493822437564980e-01 3.936666000000000000e+06
1.719448998954597485e+01 2.259633783567504550e-01 3.961346000000000000e+06
1.722518713228848242e+01 2.254481768832936606e-01 3.975774000000000000e+06
1.725581491968389614e+01 2.249198132241305437e-01 3.970106000000000000e+06
1.728643657196136019e+01 2.241060053657476792e-01 4.003170000000000000e+06
1.731713759204037117e+01 2.233469917587953824e-01 4.019558000000000000e+06
1.734781987893603983e+01 2.228121005295553014e-01 4.025642000000000000e+06
1.737842365147297841e+01 2.223410108541263586e-01 4.028514000000000000e+06
1.740905079503025732e+01 2.212924644245279904e-01 4.059398000000000000e+06
1.743972443769684233e+01 2.211023229379060762e-01 4.069674000000000000e+06
1.747038028370268492e+01 2.202011051013076925e-01 4.083698000000000000e+06
1.750102745774862356e+01 2.194670267214623993e-01 4.095210000000000000e+06
1.753166500950241513e+01 2.188589430821127613e-01 4.110518000000000000e+06
1.756231498081562137e+01 2.181188739595575354e-01 4.126850000000000000e+06
1.759296617687713393e+01 2.175615061565937536e-01 4.140114000000000000e+06
1.762357382681691220e+01 2.168563302502129475e-01 4.144070000000000000e+06
1.765421428885442268e+01 2.161145481754163655e-01 4.175802000000000000e+06
1.768489852398702311e+01 2.157784501807834820e-01 4.187882000000000000e+06
1.771556950276492870e+01 2.149947907364410382e-01 4.199250000000000000e+06
1.774620783297953963e+01 2.140323801245139768e-01 4.209326000000000000e+06
1.777682774493507267e+01 2.137002235838309228e-01 4.222130000000000000e+06
1.780750401021129292e+01 2.130565717923078306e-01 4.254258000000000000e+06
1.783817993206895025e+01 2.125972197857343426e-01 4.252478000000000000e+06
1.786881799063985099e+01 2.116633071455766846e-01 4.270698000000000000e+06
1.789943445534976263e+01 2.109654949064098672e-01 4.278122000000000000e+06
1.793009336077801663e+01 2.107014916594313891e-01 4.309898000000000000e+06
1.796077930716451831e+01 2.098939838782530320e-01 4.317150000000000000e+06
1.799143485791619668e+01 2.093807697442177373e-01 4.329698000000000000e+06
1.802207283970281892e+01 2.088768790778529338e-01 4.340826000000000000e+06
1.805270571152597725e+01 2.082814553662156176e-01 4.359590000000000000e+06
1.808336667793345498e+01 2.075097387390474890e-01 4.376850000000000000e+06
1.811401323573930355e+01 2.069529215072740680e-01 4.386674000000000000e+06
1.814464766537982499e+01 2.062916933414694343e-01 4.401782000000000000e+06
1.817529082465190982e+01 2.059216890575464864e-01 4.419210000000000000e+06
1.820598375993449736e+01 2.051967712902020013e-01 4.446482000000000000e+06
1.823663229521417861e+01 2.046648513353687138e-01 4.435554000000000000e+06
1.826725204091361476e+01 2.039859365790589185e-01 4.468934000000000000e+06
1.829791582036300213e+01 2.036805299654952939e-01 4.477650000000000000e+06
1.832855470139352150e+01 2.029345658571906352e-01 4.491218000000000000e+06
1.835919789777245015e+01 2.022693098862662353e-01 4.510358000000000000e+06
1.838983691066674098e+01 2.015992557640717553e-01 4.518594000000000000e+06
1.842048618686847306e+01 2.012714370243949003e-01 4.544474000000000000e+06
1.845114961348761540e+01 2.004099812877490616e-01 4.552098000000000000e+06
1.848180953853236019e+01 2.000559427452300310e-01 4.574990000000000000e+06
1.851245222260127932e+01 1.994028840713010786e-01 4.577210000000000000e+06
1.854311068981073518e+01 1.989988576849979762e-01 4.608186000000000000e+06
1.857377018063706586e+01 1.981963816955367164e-01 4.610198000000000000e+06
1.860440390017229007e+01 1.977913263588871595e-01 4.628898000000000000e+06
1.863503114498546864e+01 1.971764932118409697e-01 4.641170000000000000e+06
1.866567550024189615e+01 1.966126614007792373e-01 4.662462000000000000e+06
1.869635147958381793e+01 1.962376389582526082e-01 4.681442000000000000e+06
1.872700405237336696e+01 1.956616172659108310e-01 4.687850000000000000e+06
1.875765137982478592e+01 1.951871334802067204e-01 4.708818000000000000e+06
1.878830446025693490e+01 1.945576638863555918e-01 4.721534000000000000e+06
1.881894131346886212e+01 1.942251181654718051e-01 4.732770000000000000e+06
1.884957303362655523e+01 1.934477444940889967e-01 4.753346000000000000e+06
1.888023809980736090e+01 1.931765314528777755e-01 4.772886000000000000e+06
1.891090871260763606e+01 1.924457712255840947e-01 4.785098000000000000e+06
1.894154790414986422e+01 1.919818397612375604e-01 4.795394000000000000e+06
1.897218362658022173e+01 1.915943850896117961e-01 4.813986000000000000e+06
1.900283385206392595e+01 1.909009909461757415e-01 4.832654000000000000e+06
1.903350235720601091e+01 1.904913599974594751e-01 4.849362000000000000e+06
1.906415148299372575e+01 1.899302243655319744e-01 4.858322000000000000e+06
1.909476996524363557e+01 1.896799813232070697e-01 4.871286000000000000e+06
1.912540633843168436e+01 1.888694050511097455e-01 4.894370000000000000e+06
1.915607775651777800e+01 1.883861897591893597e-01 4.914650000000000000e+06
1.918673093358846060e+01 1.879240005097915223e-01 4.919658000000000000e+06
1.921737109038362945e+01 1.873720565933805760e-01 4.941638000000000000e+06
1.924805333354893122e+01 1.870599662219988302e-01 4.965954000000000000e+06
1.927873600716220892e+01 1.865715957294886984e-01 4.971770000000000000e+06
1.930937881190103056e+01 1.859742494637665888e-01 4.985702000000000000e+06
1.934000064256855111e+01 1.856486101554065682e-01 4.996314000000000000e+06
1.937063530033629988e+01 1.850390878142489648e-01 5.021258000000000000e+06
1.940129903902628072e+01 1.845777339152560037e-01 5.038470000000000000e+06
1.943195223680148231e+01 1.840150280178347308e-01 5.048570000000000000e+06
1.946259388837266968e+01 1.836522028554481156e-01 5.067786000000000000e+06
1.949325378056333591e+01 1.832389654673253487e-01 5.084402000000000000e+06
1.952391920669563774e+01 1.827291850419200669e-01 5.104238000000000000e+06
1.955454529668766028e+01 1.824478036570761075e-01 5.101890000000000000e+06
1.958515229432341798e+01 1.818712650552850585e-01 5.129594000000000000e+06
1.961580259908011215e+01 1.813786344799834527e-01 5.149086000000000000e+06
1.964647598754564939e+01 1.811405749343081850e-01 5.168834000000000000e+06
1.967711671408318352e+01 1.806209841413095041e-01 5.172306000000000000e+06
1.970776054518702480e+01 1.799328163389186663e-01 5.199218000000000000e+06
1.973843058927628391e+01 1.796851002697764099e-01 5.215430000000000000e+06
1.976909383957853095e+01 1.792305380157756534e-01 5.229066000000000000e+06
1.979974730224805413e+01 1.789281999530939748e-01 5.244530000000000000e+06
1.983040459772927377e+01 1.785021409421095329e-01 5.262870000000000000e+06
1.986105281425653857e+01 1.780097725735610148e-01 5.272562000000000000e+06
1.989167915855331970e+01 1.775428593194303961e-01 5.290098000000000000e+06
1.992233512457928057e+01 1.770758692771544629e-01 5.314358000000000000e+06
1.995299022425723834e+01 1.764561174935147803e-01 5.322098000000000000e+06
1.998362696967681629e+01 1.761262723678933551e-01 5.341026000000000000e+06
2.001429805344872292e+01 1.757555351753297690e-01 5.366858000000000000e+06
2.004496752307381513e+01 1.753827783713299837e-01 5.374422000000000000e+06
2.007558003312327344e+01 1.747836563940547427e-01 5.377730000000000000e+06
2.010619663165178039e+01 1.746114525428836273e-01 5.409410000000000000e+06
2.013687553158347754e+01 1.740316642540854775e-01 5.434014000000000000e+06
2.016755016454825267e+01 1.736541282748917947e-01 5.438882000000000000e+06
2.019818861724741410e+01 1.732516905606818480e-01 5.456178000000000000e+06
2.022882364752918605e+01 1.728651109239635053e-01 5.469242000000000000e+06
2.025947582076963727e+01 1.723633453926313175e-01 5.496174000000000000e+06
2.029013497277836109e+01 1.719032840616616375e-01 5.505530000000000000e+06
2.032077646713278085e+01 1.716882369998417035e-01 5.521202000000000000e+06
2.035142410046669426e+01 1.710791069683481047e-01 5.544126000000000000e+06
2.038209715392332910e+01 1.708046348396955183e-01 5.560106000000000000e+06
2.041276704522988084e+01 1.703874960258104643e-01 5.579754000000000000e+06
2.044339434596270522e+01 1.699135690165648471e-01 5.576270000000000000e+06
2.047400433812566689e+01 1.695378395359629087e-01 5.607138000000000000e+06
2.050465414558887645e+01 1.693507727786502659e-01 5.625026000000000000e+06
2.053532389370018763e+01 1.688525090238578441e-01 5.646698000000000000e+06
2.056596192186154326e+01 1.684460569652721507e-01 5.649126000000000000e+06
2.059659481650145807e+01 1.679786112196495207e-01 5.676434000000000000e+06
2.062723563822306616e+01 1.676216035114704017e-01 5.687418000000000000e+06
2.065789501103831682e+01 1.674189925172722138e-01 5.715830000000000000e+06
2.068857363042259578e+01 1.667944293366799280e-01 5.729210000000000000e+06
2.071923747383037551e+01 1.663635665772292827e-01 5.744802000000000000e+06
2.074987498351558557e+01 1.659516156904005113e-01 5.752154000000000000e+06
2.078053041960519209e+01 1.657149385401793518e-01 5.786382000000000000e+06
2.081118017348725502e+01 1.650758923616381657e-01 5.784146000000000000e+06
2.084180966840007443e+01 1.651002056727411682e-01 5.812146000000000000e+06
2.087246873484020426e+01 1.644686982326060698e-01 5.830166000000000000e+06
2.090312912726902539e+01 1.641527322801645539e-01 5.845850000000000000e+06
2.093378037566929351e+01 1.636176932521030136e-01 5.862834000000000000e+06
2.096442457626876177e+01 1.634484172744145591e-01 5.876066000000000000e+06
2.099509039179685033e+01 1.630638854262228543e-01 5.905854000000000000e+06
2.102573351815310332e+01 1.628041581939435600e-01 5.902274000000000000e+06
2.105635720643528686e+01 1.623280107693848284e-01 5.931258000000000000e+06
2.108702218704524967e+01 1.619461282398589608e-01 5.954966000000000000e+06
2.111769024571999509e+01 1.615736958090947251e-01 5.965346000000000000e+06
2.114832577809379899e+01 1.613051472125782426e-01 5.977818000000000000e+06
2.117897364467428645e+01 1.608556180323539031e-01 6.004718000000000000e+06
2.120962225056029737e+01 1.605656218883624586e-01 6.011706000000000000e+06
2.124028003416142241e+01 1.603174719680040827e-01 6.045770000000000000e+06
2.127093375519878649e+01 1.598742966664713494e-01 6.041586000000000000e+06
2.130156165599708373e+01 1.594493815087550670e-01 6.073166000000000000e+06
2.133219920491698574e+01 1.592026216811356920e-01 6.078962000000000000e+06
2.136285116966709907e+01 1.587650741921587394e-01 6.114258000000000000e+06
2.139352427845574667e+01 1.585558940377450043e-01 6.123086000000000000e+06
2.142417268630640592e+01 1.580766225555137183e-01 6.136770000000000000e+06
2.145480354384202215e+01 1.577186372544272797e-01 6.154898000000000000e+06
2.148545706546140721e+01 1.573152274540713658e-01 6.178610000000000000e+06
2.151612653279159915e+01 1.568581314047055864e-01 6.197982000000000000e+06
2.154677833320419822e+01 1.568972770470251077e-01 6.205322000000000000e+06
2.157739246519214760e+01 1.563977162176286573e-01 6.218850000000000000e+06
2.160802636633691876e+01 1.560973888166524715e-01 6.249542000000000000e+06
2.163871370337264111e+01 1.556602085765935173e-01 6.274146000000000000e+06
2.166936190194067180e+01 1.553676576597841086e-01 6.270242000000000000e+06
2.169999864745664908e+01 1.551468370185855317e-01 6.305222000000000000e+06
2.173068313923396389e+01 1.546418643180280938e-01 6.325026000000000000e+06
2.176134463504373429e+01 1.542648997413423595e-01 6.331922000000000000e+06
2.179196928002131983e+01 1.541222190116868784e-01 6.343698000000000000e+06
2.182260671813147823e+01 1.537291213017779323e-01 6.375158000000000000e+06
2.185327640589686382e+01 1.533241095601530490e-01 6.392178000000000000e+06
2.188395164505502422e+01 1.530569654470587682e-01 6.412826000000000000e+06
2.191457418339750873e+01 1.529638978954212802e-01 6.407078000000000000e+06
2.194519964934411504e+01 1.525294205727894536e-01 6.447954000000000000e+06
2.197584874950450384e+01 1.522471989734861808e-01 6.456026000000000000e+06
2.200650103817257985e+01 1.518063138052037353e-01 6.482034000000000000e+06
2.203714959817343200e+01 1.514961662609400628e-01 6.492878000000000000e+06
2.206776146081951495e+01 1.512742030465971388e-01 6.502074000000000000e+06
2.209840900715284917e+01 1.509688988725234882e-01 6.542930000000000000e+06
2.212909435360047894e+01 1.507287773323909841e-01 6.556598000000000000e+06
2.215976446255987753e+01 1.502677757433797112e-01 6.570330000000000000e+06
2.219040287241333331e+01 1.501026321195062518e-01 6.581882000000000000e+06
2.222105997311332359e+01 1.495681466714938457e-01 6.612546000000000000e+06
2.225173735653976692e+01 1.494480866460630719e-01 6.628622000000000000e+06
2.228236906003313322e+01 1.489642579272216494e-01 6.629498000000000000e+06
2.231299123139654839e+01 1.488291286556293891e-01 6.659250000000000000e+06
2.234365539181282045e+01 1.483284265673707192e-01 6.686006000000000000e+06
2.237431906113462787e+01 1.480788114528907851e-01 6.693786000000000000e+06
2.240495119889733289e+01 1.477950561077210900e-01 6.711554000000000000e+06
2.243559874147591060e+01 1.475222965676209474e-01 6.735678000000000000e+06
2.246626223308657444e+01 1.472031771993473070e-01 6.754754000000000000e+06
2.249693164364150988e+01 1.468025490771880104e-01 6.776570000000000000e+06
2.252754695231501358e+01 1.466252740715258962e-01 6.767394000000000000e+06
2.255817384037303697e+01 1.463382866355951439e-01 6.818246000000000000e+06
2.258886124968342557e+01 1.461264369608240299e-01 6.830562000000000000e+06
2.261950951352502059e+01 1.457160435467027837e-01 6.839186000000000000e+06
2.265014298397850823e+01 1.455235414843075725e-01 6.861462000000000000e+06
2.268078975948035492e+01 1.452332798819369886e-01 6.880394000000000000e+06
2.271145371109907174e+01 1.449720041238259927e-01 6.907178000000000000e+06
2.274211585654432000e+01 1.445398960016677781e-01 6.917034000000000000e+06
2.277276196539026643e+01 1.442556422416240991e-01 6.937934000000000000e+06
2.280339367570849163e+01 1.440833153406023970e-01 6.947250000000000000e+06
2.283404335172724586e+01 1.438387823100938379e-01 6.982106000000000000e+06
2.286471099297079590e+01 1.434539045884925534e-01 6.995718000000000000e+06
2.289535670710002435e+01 1.432580178463929155e-01 7.006682000000000000e+06
2.292600245201877840e+01 1.428318134540936535e-01 7.035866000000000000e+06
2.295667389567964989e+01 1.425199458188205204e-01 7.054110000000000000e+06
2.298731368920699225e+01 1.421425378024743502e-01 7.059194000000000000e+06
2.301794844000150775e+01 1.418505039339789664e-01 7.091802000000000000e+06
2.304859935862412001e+01 1.416663503817810754e-01 7.100666000000000000e+06
2.307924172520139550e+01 1.413453122216502267e-01 7.129070000000000000e+06
2.310990061408635654e+01 1.411322379544864836e-01 7.143282000000000000e+06
2.314054307017327616e+01 1.408986732774026307e-01 7.161482000000000000e+06
2.317119382566526298e+01 1.405578042015428741e-01 7.184694000000000000e+06
2.320185734324556392e+01 1.404267614105332018e-01 7.203914000000000000e+06
2.323250807215323377e+01 1.400684837111998149e-01 7.219746000000000000e+06
2.326313843972289419e+01 1.398297382327006733e-01 7.228634000000000000e+06
2.329379144080670727e+01 1.395651499795791672e-01 7.271990000000000000e+06
2.332444777960088445e+01 1.393106164816192427e-01 7.266786000000000000e+06
2.335507087774779578e+01 1.389969271215372448e-01 7.293650000000000000e+06
2.338572972711217801e+01 1.386054860633804675e-01 7.324086000000000000e+06
2.341640604770795875e+01 1.383564415798546055e-01 7.338650000000000000e+06
2.344705630354619430e+01 1.381709909545234261e-01 7.351962000000000000e+06
2.347766959470004267e+01 1.378806140659681323e-01 7.357190000000000000e+06
2.350831446175642370e+01 1.377085425656511264e-01 7.406042000000000000e+06
2.353898224311427256e+01 1.374362972297427377e-01 7.408626000000000000e+06
2.356963575235109332e+01 1.371012432066770481e-01 7.435610000000000000e+06
2.360029901858758095e+01 1.369832372984548796e-01 7.453542000000000000e+06
2.363094388425705006e+01 1.366413420039276350e-01 7.464002000000000000e+06
2.366159032137904816e+01 1.363311174709543327e-01 7.493546000000000000e+06
2.369224972351527114e+01 1.362512392145396878e-01 7.510806000000000000e+06
2.372291508578891595e+01 1.359716624708547927e-01 7.532114000000000000e+06
2.375354632645621322e+01 1.355927161364681721e-01 7.536234000000000000e+06
2.378417204300768972e+01 1.353600855503834521e-01 7.565834000000000000e+06
2.381484989613622716e+01 1.352618770569015416e-01 7.603062000000000000e+06
2.384550834037956690e+01 1.349051095683503620e-01 7.593890000000000000e+06
2.387612970652009281e+01 1.346850859763979724e-01 7.622906000000000000e+06
2.390677281995975534e+01 1.344049535860410149e-01 7.646622000000000000e+06
2.393744201491479373e+01 1.340059440374408162e-01 7.672058000000000000e+06
2.396809205963029044e+01 1.338692041613960548e-01 7.679346000000000000e+06
2.399871140417699422e+01 1.337318332969802126e-01 7.693058000000000000e+06
2.402935365105090071e+01 1.333289490463076543e-01 7.732158000000000000e+06
2.406002599393818642e+01 1.330228788394728079e-01 7.746962000000000000e+06
2.409069744544645886e+01 1.329717120195558211e-01 7.770986000000000000e+06
2.412133809379787408e+01 1.326396962646102795e-01 7.772094000000000000e+06
2.415197098395899289e+01 1.325449606846289818e-01 7.803818000000000000e+06
2.418264178024068300e+01 1.320832564283031807e-01 7.834338000000000000e+06
2.421329665107611007e+01 1.319294992411003398e-01 7.833710000000000000e+06
2.424392248425750651e+01 1.318278287991770659e-01 7.858794000000000000e+06
2.427456797443234393e+01 1.314363674471639154e-01 7.884290000000000000e+06
2.430522057461229224e+01 1.312799847295242628e-01 7.901522000000000000e+06
2.433588276096136127e+01 1.310098387751237048e-01 7.930662000000000000e+06
2.436653439930566023e+01 1.309005055942294993e-01 7.934426000000000000e+06
2.439717972712892902e+01 1.305156315384265742e-01 7.967322000000000000e+06
2.442783693810555690e+01 1.302559473681441093e-01 7.981934000000000000e+06
2.445848909686699457e+01 1.302706267878602775e-01 8.003282000000000000e+06
2.448913290943420407e+01 1.299652784791785476e-01 8.019666000000000000e+06
2.451976455905877472e+01 1.297312244274117510e-01 8.034482000000000000e+06
2.455040989797941720e+01 1.295523559275021663e-01 8.068542000000000000e+06
2.458107931780205035e+01 1.292269827738619647e-01 8.088290000000000000e+06
2.461173000312667725e+01 1.290259021318568844e-01 8.096322000000000000e+06
2.464236413023569838e+01 1.288503463034090246e-01 8.122646000000000000e+06
2.467302878003126310e+01 1.284143823699672449e-01 8.150138000000000000e+06
2.470369018584469600e+01 1.283500898678582580e-01 8.165322000000000000e+06
2.473434237152199699e+01 1.280739945034410909e-01 8.182574000000000000e+06
2.476499023106570618e+01 1.278329297348585747e-01 8.203698000000000000e+06
2.479564135983178019e+01 1.276332929941895733e-01 8.226914000000000000e+06
2.482630207602976569e+01 1.274534831157121129e-01 8.246898000000000000e+06
2.485694583618992226e+01 1.271415497446432286e-01 8.261774000000000000e+06
2.488758109348702163e+01 1.269990516250764367e-01 8.279426000000000000e+06
2.491822262853785119e+01 1.266758293273020919e-01 8.308722000000000000e+06
2.494887711239730166e+01 1.265261137895326848e-01 8.326214000000000000e+06
2.497951933488113241e+01 1.263009305640560020e-01 8.342682000000000000e+06
2.501014765446522503e+01 1.260750871264756656e-01 8.360834000000000000e+06
2.504079700598459723e+01 1.257815677785871777e-01 8.393226000000000000e+06
2.507147561161312765e+01 1.256953854741305054e-01 8.420150000000000000e+06
2.510213539337122413e+01 1.255906118818055639e-01 8.421986000000000000e+06
2.513276479637716321e+01 1.252475071971416443e-01 8.445714000000000000e+06
2.516340977761215569e+01 1.249221755094959141e-01 8.472590000000000000e+06
2.519407509340153695e+01 1.247767313254160848e-01 8.495370000000000000e+06
2.522473298638924888e+01 1.247227704814466431e-01 8.512802000000000000e+06
2.525536838388270056e+01 1.243090109570365448e-01 8.523290000000000000e+06
2.528603429285023196e+01 1.241154601654746170e-01 8.570982000000000000e+06
2.531670644975507045e+01 1.239973400114699753e-01 8.568458000000000000e+06
2.534733422191522578e+01 1.238036740939088415e-01 8.586498000000000000e+06
2.537795494299703947e+01 1.235016415688156843e-01 8.608838000000000000e+06
2.540861203384896783e+01 1.233651963250713274e-01 8.645610000000000000e+06
2.543928143685350562e+01 1.231684808231002792e-01 8.658386000000000000e+06
2.546991579144467366e+01 1.228862210475096389e-01 8.668598000000000000e+06
2.550054781656812253e+01 1.227006990344039761e-01 8.697426000000000000e+06
2.553119796550166498e+01 1.226043449160923171e-01 8.722562000000000000e+06
2.556185165324095010e+01 1.223278666123748387e-01 8.737962000000000000e+06
2.559251151955053771e+01 1.221224692938363277e-01 8.771366000000000000e+06
2.562315821371235458e+01 1.218880436802603218e-01 8.771010000000000000e+06
2.565382090549665151e+01 1.216876470226864598e-01 8.822618000000000000e+06
2.568447372340733637e+01 1.216206657654881618e-01 8.807726000000000000e+06
2.571509458014751104e+01 1.212280875216996401e-01 8.844618000000000000e+06
2.574574125894481469e+01 1.211656961397594712e-01 8.868722000000000000e+06
2.577640368018757400e+01 1.209962689764956939e-01 8.891394000000000000e+06
2.580706250709014782e+01 1.207747947864066251e-01 8.911934000000000000e+06
2.583770659642837231e+01 1.205908058751640755e-01 8.923938000000000000e+06
2.586834877557267376e+01 1.204125576494675665e-01 8.953682000000000000e+06
2.589901831076717187e+01 1.202501629376018649e-01 8.981966000000000000e+06
2.592967863857695932e+01 1.200405386075567710e-01 8.990442000000000000e+06
2.596030767966076525e+01 1.198067102181935434e-01 9.007874000000000000e+06
2.599095072903341830e+01 1.196571970162126630e-01 9.038982000000000000e+06
2.602162160336631658e+01 1.193485301431206902e-01 9.068570000000000000e+06
2.605229920594178594e+01 1.193378965906276568e-01 9.085250000000000000e+06
2.608293390061188077e+01 1.191513551920869163e-01 9.084690000000000000e+06
2.611356639902281529e+01 1.189968011713446461e-01 9.128654000000000000e+06
2.614421138741144901e+01 1.188196431250047869e-01 9.133170000000000000e+06
2.617487839855810350e+01 1.184881321140419524e-01 9.185882000000000000e+06
2.620552331238325294e+01 1.184040898571620953e-01 9.163254000000000000e+06
2.623615766102391333e+01 1.181234700595327897e-01 9.220130000000000000e+06
2.626683121971889179e+01 1.179933626032666355e-01 9.233138000000000000e+06
2.629748622418595616e+01 1.177385522572436671e-01 9.249378000000000000e+06
2.632813025222741032e+01 1.176141934196547612e-01 9.271550000000000000e+06
2.635876646472280527e+01 1.174599672247165910e-01 9.286266000000000000e+06
2.638941311560349590e+01 1.172267353248586386e-01 9.320762000000000000e+06
2.642004936527652958e+01 1.171350817082708051e-01 9.326718000000000000e+06
2.645067839992656289e+01 1.169693002438799562e-01 9.354602000000000000e+06
2.648132402671914321e+01 1.168401796140331461e-01 9.384122000000000000e+06
2.651197738732207654e+01 1.164984412501401528e-01 9.400482000000000000e+06
2.654263638111005719e+01 1.163851247127261623e-01 9.432638000000000000e+06
2.657329775687598072e+01 1.161661883342364338e-01 9.445314000000000000e+06
2.660396500218634941e+01 1.160237525706188100e-01 9.477290000000000000e+06
2.663462571825092340e+01 1.157659190223140344e-01 9.489182000000000000e+06
2.666526895415609388e+01 1.156626306735477061e-01 9.506706000000000000e+06
2.669591010301247636e+01 1.154552564522385028e-01 9.533978000000000000e+06
2.672655940300148814e+01 1.152970321746781546e-01 9.553662000000000000e+06
2.675721084773019953e+01 1.151642240215727114e-01 9.579506000000000000e+06
2.678787623421603570e+01 1.150320997399422590e-01 9.607866000000000000e+06
2.681852027510272052e+01 1.147101912564836707e-01 9.608354000000000000e+06
2.684915022005877461e+01 1.146573462996463427e-01 9.643862000000000000e+06
2.687981047524921863e+01 1.144316684069969781e-01 9.670578000000000000e+06
2.691046933508355110e+01 1.142778381050982145e-01 9.687890000000000000e+06
2.694109434462116326e+01 1.140872364956639212e-01 9.693294000000000000e+06
2.697172682553225798e+01 1.140227375952055922e-01 9.736034000000000000e+06
2.700239153870817432e+01 1.137496687654588889e-01 9.758946000000000000e+06
2.703305525052747527e+01 1.136560800630412454e-01 9.778994000000000000e+06
2.706370879858033973e+01 1.134546521961119214e-01 9.796814000000000000e+06
2.709435032875686744e+01 1.132067824590333310e-01 9.816882000000000000e+06
2.712501002342743917e+01 1.130395073800209843e-01 9.850514000000000000e+06
2.715565776732351821e+01 1.129744440528072935e-01 9.856062000000000000e+06
2.718629451122674467e+01 1.127663248001912755e-01 9.886706000000000000e+06
2.721695369136173071e+01 1.126152584348390079e-01 9.916194000000000000e+06
2.724760474761749407e+01 1.124317798528824686e-01 9.924854000000000000e+06
2.727825760225054097e+01 1.122561735242418451e-01 9.961490000000000000e+06
2.730892049079471917e+01 1.121458572708675661e-01 9.979098000000000000e+06
2.733956427726085892e+01 1.119953662895462471e-01 9.990266000000000000e+06
2.737018573225796914e+01 1.117738477835179961e-01 1.001239800000000000e+07
2.740081756735755647e+01 1.116056815652998191e-01 1.003881800000000000e+07
2.743146802938129625e+01 1.115147047055415203e-01 1.007208200000000000e+07
2.746211675527639429e+01 1.112518807022346290e-01 1.008267000000000000e+07
2.749277891738845980e+01 1.111756025203823328e-01 1.012322600000000000e+07
2.752344693109558449e+01 1.109847112444071610e-01 1.013483400000000000e+07
2.755409288101080278e+01 1.108057469622566182e-01 1.015145000000000000e+07
2.758474131651236760e+01 1.106760914396317796e-01 1.018411800000000000e+07
2.761539820084842489e+01 1.105451596647388512e-01 1.019981000000000000e+07
2.764605597842055928e+01 1.103053931689381012e-01 1.023038600000000000e+07
2.767670042623675997e+01 1.102206423427874032e-01 1.023833400000000000e+07
2.770734211947352676e+01 1.100744198028076326e-01 1.027159400000000000e+07
2.773800306428746509e+01 1.098987849395897387e-01 1.029841800000000000e+07
2.776865049495845383e+01 1.097712760703744156e-01 1.030681400000000000e+07
2.779929326773324405e+01 1.097071781842641619e-01 1.034130600000000000e+07
2.782995170379088989e+01 1.095110178269629031e-01 1.036284200000000000e+07
2.786061320752148163e+01 1.093903439981811221e-01 1.038883400000000000e+07
2.789125443722943132e+01 1.092561369537007332e-01 1.039563000000000000e+07
2.792188445130166841e+01 1.091306589641683478e-01 1.042536200000000000e+07
2.795253094588477083e+01 1.089180487329871050e-01 1.045427400000000000e+07
2.798318763838284440e+01 1.087657852509196638e-01 1.047829400000000000e+07
2.801384997205349237e+01 1.086370236086742352e-01 1.050181800000000000e+07
2.804449546843089891e+01 1.085036605511654484e-01 1.051481000000000000e+07
2.807514459055270706e+01 1.083593701564588702e-01 1.054884200000000000e+07
2.810579893174551813e+01 1.081018769574906002e-01 1.056646200000000000e+07
2.813644319397282700e+01 1.079445673437040981e-01 1.058681000000000000e+07
2.816709334499659789e+01 1.078895396061066297e-01 1.061495400000000000e+07
2.819773627008090600e+01 1.076637133063193807e-01 1.063105400000000000e+07
2.822838440275558369e+01 1.075188241592247435e-01 1.066236200000000000e+07
2.825903669354339343e+01 1.073970894346475830e-01 1.068335400000000000e+07
2.828968213955753441e+01 1.073110006843439601e-01 1.069929800000000000e+07
2.832033557002852930e+01 1.071567986015546231e-01 1.073878200000000000e+07
2.835098683749683346e+01 1.070794973884519330e-01 1.074420200000000000e+07
2.838163630947162730e+01 1.069194479672303799e-01 1.078218600000000000e+07
2.841227563085324093e+01 1.067716509259278163e-01 1.078496600000000000e+07
2.844292475750595273e+01 1.065909159716439125e-01 1.083393800000000000e+07
2.847359150819448459e+01 1.065181070705405880e-01 1.084813800000000000e+07
2.850425483773282664e+01 1.063923598319110458e-01 1.087376600000000000e+07
2.853490447676422903e+01 1.062155034871961612e-01 1.088697000000000000e+07
2.856554225700441307e+01 1.060885707342132944e-01 1.091244200000000000e+07
2.859618507886883876e+01 1.059748106786893018e-01 1.093669800000000000e+07
2.862683629450151912e+01 1.059000398681687743e-01 1.096614200000000000e+07
2.865746767483001278e+01 1.057229559331577251e-01 1.096874600000000000e+07
2.868810162725141666e+01 1.055252609218199494e-01 1.101460200000000000e+07
2.871877066728239924e+01 1.054086817316011310e-01 1.104277400000000000e+07
2.874944211863178012e+01 1.053302435100421514e-01 1.106147400000000000e+07
2.878008769129001720e+01 1.051689328016834624e-01 1.107245000000000000e+07
2.881071843644816255e+01 1.050714558505502771e-01 1.109692200000000000e+07
2.884138462527048929e+01 1.048127461417126816e-01 1.114652600000000000e+07
2.887205280920166572e+01 1.047270035301816754e-01 1.114560200000000000e+07
2.890268823669603648e+01 1.046026383984444696e-01 1.116844200000000000e+07
2.893330357639574046e+01 1.044903643528007908e-01 1.118108600000000000e+07
2.896397035628928762e+01 1.043613091387340652e-01 1.125011400000000000e+07
2.899465187815729905e+01 1.042683417146217928e-01 1.124210600000000000e+07
2.902529004403753632e+01 1.041056985227215986e-01 1.126544600000000000e+07
2.905592397674332972e+01 1.039455309428301277e-01 1.128549000000000000e+07
2.908658740450306013e+01 1.038641916378747060e-01 1.133592200000000000e+07
2.911724974944597477e+01 1.037246704141964876e-01 1.133013000000000000e+07
2.914787047086730354e+01 1.036423696011453399e-01 1.135727000000000000e+07
2.917851218588677753e+01 1.034657990474750489e-01 1.138909800000000000e+07
2.920917994379766469e+01 1.033523672133948024e-01 1.142664200000000000e+07
2.923984020518843607e+01 1.031600641848501310e-01 1.143135800000000000e+07
2.927048529662244292e+01 1.031929308590650851e-01 1.146229800000000000e+07
2.930112725521218664e+01 1.029335488651563074e-01 1.147920200000000000e+07
2.933177374858156128e+01 1.028740664650635989e-01 1.150974600000000000e+07
2.936240891911117856e+01 1.027589389868769215e-01 1.152306200000000000e+07
2.939304480459886548e+01 1.026180728802955217e-01 1.155621000000000000e+07
2.942370281367375640e+01 1.024802468562639318e-01 1.158828200000000000e+07
2.945435442424784256e+01 1.023946873033883959e-01 1.159964600000000000e+07
2.948501885409245915e+01 1.021325689717562657e-01 1.164527400000000000e+07
2.951568131644257065e+01 1.021385185149576713e-01 1.164933800000000000e+07
2.954630943029124168e+01 1.020074796496232422e-01 1.166538600000000000e+07
2.957696687066465202e+01 1.019436892315794679e-01 1.171928600000000000e+07
2.960762973599409165e+01 1.017004645953181463e-01 1.172073800000000000e+07
2.963827910425833423e+01 1.016320484243655037e-01 1.175507400000000000e+07
2.966892245050443577e+01 1.015303514882002905e-01 1.176716600000000000e+07
2.969958171988989903e+01 1.014141442229830603e-01 1.181334600000000000e+07
2.973025161634517843e+01 1.012205032366632895e-01 1.182545000000000000e+07
2.976087689384098667e+01 1.011465202682196168e-01 1.182881400000000000e+07
2.979151934159806103e+01 1.010167367892984003e-01 1.188441800000000000e+07
2.982218666376524396e+01 1.009445036115659416e-01 1.190037800000000000e+07
2.985282577868301601e+01 1.008371303599042007e-01 1.190800200000000000e+07
2.988344557129535062e+01 1.006918341993739002e-01 1.193747000000000000e+07
2.991409824346948909e+01 1.005877386397154433e-01 1.198134600000000000e+07
2.994476759374305530e+01 1.004639442867627797e-01 1.199815400000000000e+07
2.997541468366090101e+01 1.004070745030833517e-01 1.201579800000000000e+07
3.000606450866456854e+01 1.003241706820505036e-01 1.204658600000000000e+07
3.003672118713024020e+01 1.001946269373239634e-01 1.207322600000000000e+07
3.006737261500484948e+01 1.000347929627433130e-01 1.208937000000000000e+07
3.009802353665422459e+01 9.992484119072274351e-02 1.212366200000000000e+07
3.012866380509269604e+01 9.985560042865794517e-02 1.212901800000000000e+07
3.015929791586058428e+01 9.977001031663369768e-02 1.216869800000000000e+07
3.018994583799627307e+01 9.965855130025501329e-02 1.219107000000000000e+07
3.022062124794907234e+01 9.955000249238189769e-02 1.223729000000000000e+07
3.025129018624486932e+01 9.938968823039209810e-02 1.223743400000000000e+07
3.028193817926301890e+01 9.924695972021520263e-02 1.226943000000000000e+07
3.031258695709031059e+01 9.916901537509539843e-02 1.228831400000000000e+07
3.034322731892392966e+01 9.914424356006440453e-02 1.231200200000000000e+07
3.037386370818878234e+01 9.902506821506389112e-02 1.233378600000000000e+07
3.040449885904552829e+01 9.891317632928980919e-02 1.236265400000000000e+07
3.043516156591327615e+01 9.881111529749989075e-02 1.240528200000000000e+07
3.046582747350058895e+01 9.862943684663887101e-02 1.241484200000000000e+07
3.049646593130319516e+01 9.852706382017678566e-02 1.243327800000000000e+07
3.052711147469950248e+01 9.848046929445600228e-02 1.246944200000000000e+07
3.055777100155219017e+01 9.827994377258222891e-02 1.249710600000000000e+07
3.058842537388453309e+01 9.828806854334914966e-02 1.251307400000000000e+07
3.061905924361232323e+01 9.811127433010567722e-02 1.253190200000000000e+07
3.064969867554323457e+01 9.802036014573879685e-02 1.256769000000000000e+07
3.068036610992051294e+01 9.794004572439458933e-02 1.260333800000000000e+07
3.071102250832555924e+01 9.786329101258522956e-02 1.261272600000000000e+07
3.074166164535376566e+01 9.773729536877585888e-02 1.263480200000000000e+07
3.077229526260031278e+01 9.755848462377385288e-02 1.266273000000000000e+07
3.080294880836461502e+01 9.762785290216949297e-02 1.269908600000000000e+07
3.083359880383601137e+01 9.753707672538135254e-02 1.271107400000000000e+07
3.086423437926716673e+01 9.727092726659296307e-02 1.273909800000000000e+07
3.089488408063505887e+01 9.724401679315304581e-02 1.276949000000000000e+07
3.092554030516775043e+01 9.717646589142890645e-02 1.279968600000000000e+07
3.095620964309912893e+01 9.700951216443599867e-02 1.282862600000000000e+07
3.098685566491367638e+01 9.698286476039434667e-02 1.283279400000000000e+07
3.101749998811832043e+01 9.687042703361042895e-02 1.287594200000000000e+07
3.104817099201691377e+01 9.681179111247409375e-02 1.290631400000000000e+07
3.107882289023607214e+01 9.673810872382372639e-02 1.291312200000000000e+07
3.110945493689143859e+01 9.659380679777752887e-02 1.293734600000000000e+07
3.114009460761812065e+01 9.654218517095089491e-02 1.297337400000000000e+07
3.117076037718583592e+01 9.635862500259452512e-02 1.300817000000000000e+07
3.120142550401457626e+01 9.638286409827873102e-02 1.302581000000000000e+07
3.123206007488744973e+01 9.622767019677616607e-02 1.303359000000000000e+07
3.126270582930477815e+01 9.619115329626225230e-02 1.308369800000000000e+07
3.129336027402579745e+01 9.603157566118705746e-02 1.309470600000000000e+07
3.132399628986673790e+01 9.601483024394691368e-02 1.311900200000000000e+07
3.135463242066359157e+01 9.587850948075346547e-02 1.314631800000000000e+07
