# k_mean_over_bin [h Mpc^-1] P_bin [h^-3 Mpc^3] N_modes
3.911336014668146538e-02 1.219744010416666606e+04 1.800000000000000000e+01
6.837341045179674837e-02 1.037742036290322540e+04 6.200000000000000000e+01
9.606098566128283556e-02 4.468139987244897384e+03 9.800000000000000000e+01
1.244554894311087484e-01 4.256158333333333758e+03 2.100000000000000000e+02
1.562393171446664064e-01 3.031594285714285888e+03 3.500000000000000000e+02
1.876351697577370581e-01 2.414077777777777555e+03 4.500000000000000000e+02
2.167467008100395498e-01 2.054927533222591592e+03 6.020000000000000000e+02
2.459661192468458046e-01 1.756418471128608871e+03 7.620000000000000000e+02
2.776061288634031343e-01 1.407372044658493905e+03 1.142000000000000000e+03
3.093581660270691147e-01 1.255390599999999949e+03 1.250000000000000000e+03
3.390238072074162612e-01 1.134748028120713116e+03 1.458000000000000000e+03
3.686891987081925004e-01 1.017087651598676985e+03 1.814000000000000000e+03
3.998179640432800719e-01 9.872814508723599829e+02 2.178000000000000000e+03
4.307427349283372564e-01 9.525264211369094483e+02 2.498000000000000000e+03
4.602541775534300106e-01 8.120427154843631570e+02 2.622000000000000000e+03
4.905365640492836410e-01 7.798108897543439753e+02 3.338000000000000000e+03
5.220185972105617633e-01 7.181657039226222423e+02 3.722000000000000000e+03
5.533037531861869640e-01 6.591316546762590178e+02 4.170000000000000000e+03
5.834579143079938746e-01 6.296808742542450545e+02 4.358000000000000000e+03
6.135626871243894387e-01 5.908397894318633234e+02 5.034000000000000000e+03
6.446289557821482941e-01 5.794576916345816926e+02 5.714000000000000000e+03
6.753962663893156027e-01 5.590883483784687087e+02 5.982000000000000000e+03
7.056079657646209258e-01 5.289418736746440572e+02 6.602000000000000000e+03
7.358702805567255423e-01 5.057382187938289348e+02 7.130000000000000000e+03
7.666965816517745669e-01 4.977797174508339708e+02 8.034000000000000000e+03
7.977642657007141258e-01 4.707597025331164105e+02 8.606000000000000000e+03
8.284170882817059045e-01 4.573143613500992615e+02 9.066000000000000000e+03
8.590304504147353581e-01 4.432076892190323179e+02 9.962000000000000000e+03
8.897547830450591722e-01 4.240961137440758080e+02 1.055000000000000000e+04
9.202467144416993650e-01 4.055075271690718068e+02 1.122600000000000000e+04
9.507708295887784544e-01 3.943329491190515341e+02 1.214600000000000000e+04
9.811824151074982625e-01 3.889907980326829033e+02 1.260600000000000000e+04
1.011684221748752277e+00 3.741985219533401050e+02 1.380200000000000000e+04
1.042628223097419760e+00 3.650013894537074179e+02 1.475400000000000000e+04
1.073331423130289064e+00 3.579230288271685936e+02 1.519400000000000000e+04
1.103867755953996443e+00 3.432698431992220662e+02 1.645400000000000000e+04
1.134626123126019959e+00 3.334855135828378252e+02 1.715400000000000000e+04
1.165311979605310189e+00 3.213516095477937142e+02 1.826600000000000000e+04
1.195715701344807869e+00 3.112200533333333397e+02 1.875000000000000000e+04
1.226212543355766904e+00 3.095275773450627526e+02 2.023400000000000000e+04
1.257106684237927041e+00 3.006827272727272771e+02 2.145000000000000000e+04
1.287903710180657191e+00 2.947110008195974729e+02 2.196200000000000000e+04
1.318485981586206890e+00 2.810143210297502492e+02 2.346200000000000000e+04
1.349079736575599542e+00 2.761291905831461690e+02 2.404200000000000000e+04
1.379852114035814425e+00 2.737130964310491095e+02 2.594600000000000000e+04
1.410480275290311170e+00 2.635308216555632157e+02 2.611800000000000000e+04
1.440742128148283729e+00 2.549174907292954231e+02 2.750600000000000000e+04
1.471255328685920905e+00 2.484060586251978293e+02 2.906600000000000000e+04
1.502136784696030958e+00 2.440381444991789692e+02 3.045000000000000000e+04
1.533052783826297283e+00 2.421227080839266534e+02 3.174200000000000000e+04
1.563639454531115192e+00 2.377383875968992299e+02 3.225000000000000000e+04
1.594207740129345519e+00 2.292602043795620546e+02 3.425000000000000000e+04
1.624993071443384896e+00 2.263069470299543013e+02 3.545400000000000000e+04
1.655631361837712090e+00 2.202732337926113075e+02 3.643400000000000000e+04
1.686043534699749769e+00 2.166389920917148686e+02 3.768200000000000000e+04
1.716490578110202225e+00 2.094495597292207378e+02 3.929400000000000000e+04
1.747331588627294874e+00 2.084272678993868624e+02 4.142600000000000000e+04
1.778105141829419589e+00 2.048364712594494392e+02 4.206600000000000000e+04
1.808604007799013091e+00 1.958401241664750501e+02 4.349000000000000000e+04
1.839287024270282567e+00 1.929908756728370918e+02 4.570200000000000000e+04
1.870041864274240018e+00 1.868870352103615460e+02 4.663400000000000000e+04
1.900737122550122393e+00 1.856415125427359385e+02 4.855400000000000000e+04
1.931106014629314860e+00 1.791728054020871639e+02 4.887000000000000000e+04
1.961523677526103127e+00 1.771891220855801521e+02 5.155400000000000000e+04
1.992455947436605701e+00 1.717517470881863630e+02 5.409000000000000000e+04
2.023265045582995914e+00 1.712231284751629232e+02 5.431400000000000000e+04
2.053922539849919016e+00 1.677904761904761983e+02 5.691000000000000000e+04
2.084529483730196198e+00 1.618305730489544487e+02 5.748200000000000000e+04
2.115224791136270266e+00 1.609363309471183925e+02 6.062600000000000000e+04
2.145940900281321451e+00 1.560057347318890493e+02 6.120600000000000000e+04
2.176332471415279191e+00 1.539574077033722403e+02 6.257000000000000000e+04
2.206919797950731787e+00 1.499312186216339740e+02 6.573000000000000000e+04
2.237635070960208417e+00 1.468015175599076372e+02 6.668600000000000000e+04
2.268416329433683210e+00 1.432141237912135239e+02 6.969800000000000000e+04
2.299091711246687986e+00 1.419404221289235579e+02 7.002600000000000000e+04
2.329659180150480235e+00 1.391547439034448814e+02 7.274600000000000000e+04
2.360394721737119283e+00 1.359716059271125346e+02 7.491000000000000000e+04
2.390975199166128995e+00 1.350774147539684691e+02 7.572200000000000000e+04
2.421460073556194192e+00 1.310432008982112393e+02 7.837800000000000000e+04
2.452028836611731322e+00 1.287412845183056334e+02 8.003000000000000000e+04
2.482752885913177110e+00 1.258429783857860826e+02 8.318600000000000000e+04
2.513535292349708072e+00 1.229672005291380117e+02 8.466600000000000000e+04
2.544225237245184790e+00 1.205528620617937321e+02 8.654600000000000000e+04
2.574773866485851048e+00 1.181021399232986084e+02 8.813400000000000000e+04
2.605444086916172797e+00 1.153764229063339712e+02 9.153800000000000000e+04
2.636246016268779524e+00 1.140063776331894587e+02 9.313800000000000000e+04
2.666818018924998590e+00 1.119199707868498592e+02 9.447800000000000000e+04
2.697363618359566839e+00 1.091937516705389015e+02 9.727400000000000000e+04
2.728019604504508866e+00 1.085277761059283819e+02 9.969000000000000000e+04
2.758802868025683530e+00 1.061339409299151981e+02 1.025900000000000000e+05
2.789534229339404092e+00 1.036890623494266208e+02 1.037700000000000000e+05
2.820110463944515811e+00 1.019901265679950342e+02 1.063460000000000000e+05
2.850758474967378220e+00 1.000203508190076036e+02 1.085460000000000000e+05
2.881313531403897787e+00 9.865503133861965068e+01 1.107260000000000000e+05
2.911785445579514686e+00 9.714231406135931479e+01 1.123220000000000000e+05
2.942296885913312732e+00 9.476863404952972303e+01 1.158900000000000000e+05
2.973018636090491551e+00 9.330044793964601979e+01 1.187660000000000000e+05
3.003960234284211772e+00 9.221706814502280736e+01 1.222980000000000000e+05
3.034645244098625572e+00 9.055866164305021471e+01 1.220900000000000000e+05
3.065200286165120414e+00 8.857011366346077352e+01 1.258100000000000000e+05
3.095834962651569544e+00 8.686970902566501707e+01 1.281900000000000000e+05
3.126534896692137799e+00 8.568038994152404086e+01 1.309940000000000000e+05
3.157254587660618839e+00 8.408027848820687211e+01 1.337220000000000000e+05
3.187691458898155972e+00 8.272881406569767648e+01 1.338860000000000000e+05
3.218359550987105244e+00 8.205052725953122206e+01 1.405380000000000000e+05
3.249147146635412042e+00 8.075809067243268657e+01 1.405940000000000000e+05
3.279708286755456559e+00 7.858260094432914400e+01 1.435940000000000000e+05
3.310282650626811485e+00 7.729913881484519322e+01 1.463100000000000000e+05
3.341041738096756752e+00 7.695982741453700271e+01 1.506500000000000000e+05
3.371829763035033789e+00 7.520903274220941626e+01 1.519140000000000000e+05
3.402297796942758357e+00 7.406040495964745674e+01 1.533980000000000000e+05
3.432832982060985749e+00 7.282103809560007335e+01 1.578660000000000000e+05
3.463520961645436547e+00 7.178777900882620600e+01 1.606580000000000000e+05
3.494268698776064941e+00 7.065527537750911335e+01 1.641020000000000000e+05
3.524882682212484575e+00 6.978660436137072054e+01 1.649940000000000000e+05
3.555471568173579122e+00 6.890488077715630766e+01 1.698500000000000000e+05
3.586282686546968357e+00 6.765189090446625642e+01 1.729860000000000000e+05
3.616919594142721461e+00 6.676083706165825049e+01 1.738940000000000000e+05
3.647368063767713497e+00 6.529856656371268286e+01 1.767780000000000000e+05
3.677992804816497596e+00 6.463242978625098090e+01 1.818020000000000000e+05
3.708738931120072024e+00 6.394365884075259032e+01 1.844300000000000000e+05
3.739459730643931668e+00 6.277200093996005137e+01 1.872420000000000000e+05
3.770116200383169858e+00 6.180969250985545926e+01 1.902500000000000000e+05
3.800728857439862107e+00 6.128641013657371417e+01 1.925700000000000000e+05
3.831471188539541384e+00 6.024950820664400197e+01 1.982540000000000000e+05
3.862151110977656732e+00 5.928598402617203789e+01 1.980740000000000000e+05
3.892653862982213830e+00 5.822068794852759055e+01 2.020500000000000000e+05
3.923205785510675891e+00 5.730559313291354329e+01 2.055020000000000000e+05
3.953960730198294637e+00 5.660461583739188995e+01 2.106660000000000000e+05
3.984703376546768538e+00 5.571283176259026959e+01 2.124260000000000000e+05
4.015247109978196782e+00 5.487483521723277136e+01 2.139180000000000000e+05
4.045907609536984140e+00 5.405304668905037602e+01 2.209940000000000000e+05
4.076640767458163062e+00 5.321540975614160374e+01 2.215220000000000000e+05
4.107291653286554656e+00 5.269946180969802896e+01 2.263140000000000000e+05
4.137850364426196137e+00 5.181960368509506765e+01 2.272940000000000000e+05
4.168439512608713038e+00 5.105007254402005401e+01 2.329620000000000000e+05
4.199236749561098492e+00 5.040928777468484867e+01 2.378180000000000000e+05
4.229947929265353679e+00 4.966265237124472520e+01 2.383980000000000000e+05
4.260462426058084340e+00 4.871186904041952914e+01 2.414180000000000000e+05
4.291046899785903257e+00 4.824744143457932211e+01 2.468180000000000000e+05
4.321739014984441241e+00 4.766484198058469701e+01 2.499060000000000000e+05
4.352456027103726477e+00 4.694789597254830937e+01 2.547020000000000000e+05
4.383033077269767652e+00 4.643902554064570154e+01 2.544180000000000000e+05
4.413534074271517227e+00 4.579214070073822995e+01 2.603540000000000000e+05
4.444200357558366399e+00 4.500222285960131785e+01 2.649740000000000000e+05
4.474952179323342882e+00 4.462374498552407687e+01 2.687220000000000000e+05
4.505641422859886447e+00 4.402238899404187578e+01 2.715620000000000000e+05
4.536316088749490660e+00 4.338049102639466525e+01 2.755860000000000000e+05
4.567046341728766556e+00 4.272640351190263885e+01 2.801900000000000000e+05
4.597751251862217892e+00 4.221031771286337175e+01 2.828340000000000000e+05
4.628349450743415083e+00 4.173262965950134884e+01 2.851700000000000000e+05
4.658885037465664958e+00 4.102369897131976018e+01 2.898860000000000000e+05
4.689537847550620420e+00 4.066166452725877178e+01 2.944740000000000000e+05
4.720267580499146298e+00 4.006467488931478726e+01 2.994980000000000000e+05
4.750887740307660145e+00 3.959290634022096356e+01 2.999580000000000000e+05
4.781458163146202089e+00 3.906242439301898628e+01 3.058580000000000000e+05
4.812139804037513180e+00 3.860849308545209624e+01 3.107940000000000000e+05
4.842826296526053120e+00 3.808556544291910484e+01 3.130820000000000000e+05
4.873346903503020577e+00 3.771905671959144968e+01 3.160460000000000000e+05
4.903952058997482766e+00 3.725196606024492496e+01 3.222180000000000000e+05
4.934760029521842561e+00 3.675883699271370375e+01 3.285620000000000000e+05
4.965452501381958150e+00 3.620180798195067240e+01 3.279900000000000000e+05
4.996086282036240611e+00 3.588423476357215947e+01 3.352820000000000000e+05
5.026695485686597742e+00 3.540071434949548745e+01 3.359700000000000000e+05
5.057355002192011284e+00 3.511253945463951709e+01 3.440660000000000000e+05
5.087967611864264939e+00 3.470150530376646003e+01 3.437180000000000000e+05
5.118544807508640382e+00 3.429927339558120281e+01 3.514980000000000000e+05
5.149234444935959054e+00 3.394829570781305250e+01 3.544580000000000000e+05
5.179860758536608323e+00 3.348224036857928354e+01 3.585660000000000000e+05
5.210624402206279093e+00 3.324515871758593732e+01 3.661220000000000000e+05
5.241317970278694283e+00 3.274552089882725880e+01 3.658100000000000000e+05
5.271888078465520877e+00 3.255108685707520522e+01 3.716220000000000000e+05
5.302538962989003402e+00 3.211356007936466028e+01 3.759860000000000000e+05
5.333241296744681392e+00 3.159312871235314191e+01 3.821700000000000000e+05
5.363843287577101826e+00 3.126633631730300777e+01 3.818180000000000000e+05
5.394377881285376652e+00 3.087675255535533481e+01 3.895740000000000000e+05
5.425045278876105215e+00 3.053684804088412719e+01 3.936980000000000000e+05
5.455748191050116880e+00 3.017965343039819004e+01 3.994580000000000000e+05
5.486417791867136629e+00 2.984976704407019099e+01 4.022220000000000000e+05
5.517054280059129567e+00 2.957306068484869499e+01 4.069220000000000000e+05
5.547729067425179572e+00 2.921610931058371108e+01 4.128420000000000000e+05
5.578396539675297916e+00 2.892759049081970346e+01 4.153460000000000000e+05
5.609013027442932398e+00 2.847037860117479013e+01 4.211820000000000000e+05
5.639660721036475977e+00 2.831699363321082785e+01 4.250180000000000000e+05
5.670338352606606236e+00 2.805864479586582405e+01 4.311380000000000000e+05
5.701002224415820052e+00 2.774617732778982315e+01 4.343820000000000000e+05
5.731652461074824068e+00 2.734957475757313716e+01 4.395140000000000000e+05
5.762312139234633257e+00 2.701685936438981983e+01 4.447380000000000000e+05
5.792988623860222397e+00 2.676131964090797410e+01 4.489100000000000000e+05
5.823527921889432690e+00 2.653419969907993092e+01 4.506180000000000000e+05
5.854115639221332934e+00 2.624928517649721371e+01 4.595540000000000000e+05
5.884803383516547193e+00 2.594330023795848206e+01 4.631060000000000000e+05
5.915403549749584933e+00 2.569936672275815681e+01 4.670940000000000000e+05
5.946097918579516417e+00 2.533188331950696792e+01 4.749380000000000000e+05
5.976784376694718404e+00 2.516902214230928791e+01 4.771860000000000000e+05
6.007474398726609266e+00 2.486199682258031274e+01 4.846700000000000000e+05
6.038161603080837381e+00 2.457399026714030654e+01 4.870100000000000000e+05
6.068803116216009208e+00 2.427630474707792629e+01 4.933140000000000000e+05
6.099443541903901256e+00 2.412151587074519909e+01 4.963220000000000000e+05
6.130013467858260512e+00 2.381860546699036618e+01 5.017020000000000000e+05
6.160659038280898336e+00 2.357859218738325069e+01 5.085620000000000000e+05
6.191382862441213497e+00 2.337690231447450984e+01 5.142420000000000000e+05
6.222022549110604928e+00 2.302213275779896762e+01 5.161580000000000000e+05
6.252618937652392184e+00 2.291050550897240967e+01 5.226020000000000000e+05
6.283314506372367880e+00 2.261459546449879099e+01 5.306580000000000000e+05
6.313956888688901259e+00 2.244337429864048516e+01 5.300420000000000000e+05
6.344526529636881129e+00 2.218909474871863452e+01 5.388780000000000000e+05
6.375193447856655204e+00 2.209843052211787651e+01 5.441300000000000000e+05
6.405923794226229262e+00 2.164527332309936725e+01 5.511060000000000000e+05
6.436615537335857340e+00 2.152195378189183117e+01 5.539820000000000000e+05
6.467240689922951979e+00 2.135638844802075198e+01 5.582420000000000000e+05
6.497840343194827284e+00 2.114944397799293441e+01 5.645460000000000000e+05
6.528490514375480558e+00 2.094008876517544593e+01 5.704940000000000000e+05
6.559189482379200520e+00 2.068740659058675746e+01 5.767620000000000000e+05
6.589792657935158005e+00 2.051927247446535318e+01 5.782340000000000000e+05
6.620368275030441119e+00 2.039989003971546921e+01 5.856660000000000000e+05
6.651059279332403484e+00 2.008045137825807558e+01 5.944460000000000000e+05
6.681735101215181771e+00 1.992639563208735609e+01 5.952500000000000000e+05
6.712352184571596325e+00 1.972513017855426298e+01 6.034020000000000000e+05
6.742994392514953361e+00 1.957861115410071307e+01 6.073820000000000000e+05
6.773707641956070447e+00 1.939839062575971340e+01 6.170100000000000000e+05
6.804368332827349874e+00 1.918653713329593558e+01 6.167780000000000000e+05
6.834957329072475218e+00 1.900041616913113529e+01 6.247460000000000000e+05
6.865533884427167166e+00 1.885444589865331722e+01 6.280620000000000000e+05
6.896209472882897096e+00 1.866348665175708632e+01 6.394100000000000000e+05
6.926963358802590953e+00 1.852594431327902313e+01 6.429540000000000000e+05
6.957595884588287483e+00 1.834725391424422725e+01 6.459740000000000000e+05
6.988217027338134990e+00 1.817239284457298609e+01 6.534900000000000000e+05
7.018912144628523642e+00 1.799375705641805112e+01 6.607460000000000000e+05
7.049598360905487304e+00 1.775352593711539839e+01 6.646460000000000000e+05
7.080168728874950190e+00 1.762440318302387254e+01 6.672900000000000000e+05
7.110800747994752591e+00 1.755096799276619635e+01 6.790340000000000000e+05
7.141530300546490295e+00 1.731230720556829894e+01 6.827220000000000000e+05
7.172250636009499303e+00 1.721834158423003558e+01 6.912380000000000000e+05
7.202854517584712291e+00 1.705104254707363509e+01 6.886020000000000000e+05
7.233403056127952091e+00 1.691061832751638860e+01 7.008260000000000000e+05
7.264069579203881410e+00 1.678580113425407561e+01 7.056620000000000000e+05
7.294683413182806220e+00 1.661345872730191786e+01 7.100820000000000000e+05
7.325311269352252630e+00 1.648802356075543329e+01 7.191620000000000000e+05
7.355966981418407435e+00 1.635700380754586192e+01 7.222500000000000000e+05
7.386612648734541153e+00 1.621531626361909062e+01 7.315100000000000000e+05
7.417310529501340177e+00 1.606981676764769063e+01 7.364420000000000000e+05
7.447945213101880846e+00 1.593526774265823498e+01 7.408980000000000000e+05
7.478607010838381974e+00 1.577743622010296498e+01 7.501580000000000000e+05
7.509321067315616105e+00 1.563527169060469113e+01 7.548660000000000000e+05
7.539974932446685152e+00 1.547387839006553456e+01 7.608260000000000000e+05
7.570585192452028878e+00 1.538484674765782678e+01 7.640340000000000000e+05
7.601198673865714461e+00 1.519917916484675224e+01 7.738460000000000000e+05
7.631877298250918429e+00 1.512748520611403613e+01 7.797140000000000000e+05
7.662521884307726516e+00 1.495573584049245497e+01 7.843140000000000000e+05
7.693137071617793588e+00 1.487749544444753269e+01 7.913420000000000000e+05
7.723811426513647049e+00 1.471204240873191615e+01 7.994580000000000000e+05
7.754494077568185872e+00 1.455706977472228303e+01 8.049620000000000000e+05
7.785135803531300525e+00 1.445429683157309597e+01 8.095500000000000000e+05
7.815694237908749287e+00 1.437232530751434112e+01 8.134580000000000000e+05
7.846343679982115127e+00 1.423015414514347299e+01 8.274020000000000000e+05
7.877043316447378984e+00 1.414411103789683644e+01 8.286180000000000000e+05
7.907673669198284294e+00 1.399692204015208219e+01 8.369180000000000000e+05
7.938328804946242379e+00 1.388961458058974330e+01 8.428740000000000000e+05
7.968975407284135670e+00 1.377428891677989142e+01 8.493380000000000000e+05
7.999667994830390150e+00 1.366571083961431476e+01 8.589420000000000000e+05
8.030349243530407577e+00 1.353829482286423058e+01 8.609780000000000000e+05
8.060946961497052143e+00 1.345310164381479368e+01 8.683460000000000000e+05
8.091572720963124965e+00 1.329378600794831655e+01 8.751540000000000000e+05
8.122271484065059610e+00 1.321268339249887624e+01 8.862140000000000000e+05
8.152953690965352607e+00 1.313821665956684193e+01 8.873460000000000000e+05
8.183566695722484852e+00 1.299005682770456716e+01 8.949860000000000000e+05
8.214194695410645508e+00 1.289406761825218695e+01 9.027740000000000000e+05
8.244899107337827715e+00 1.283804327090692610e+01 9.121140000000000000e+05
8.275572896457878969e+00 1.266453084393230455e+01 9.150260000000000000e+05
8.306162294726084028e+00 1.259490600363856849e+01 9.201420000000000000e+05
8.336764679477866480e+00 1.246814561145755462e+01 9.297620000000000000e+05
8.367430340319790716e+00 1.241568927309218928e+01 9.376980000000000000e+05
8.398127428085201629e+00 1.232469659025236020e+01 9.447620000000000000e+05
8.428757837489422755e+00 1.225436433698144079e+01 9.482540000000000000e+05
8.459372296062671381e+00 1.215781426042169677e+01 9.568020000000000000e+05
8.490063465610685256e+00 1.202640188992391934e+01 9.676580000000000000e+05
8.520744025357005924e+00 1.194420657067841418e+01 9.697020000000000000e+05
8.551309344016351233e+00 1.184449383527189603e+01 9.740900000000000000e+05
8.581943800972473113e+00 1.175560505907037445e+01 9.884820000000000000e+05
8.612642412703635841e+00 1.166631148978723509e+01 9.919940000000000000e+05
8.643308537119485990e+00 1.160217475999720271e+01 1.001030000000000000e+06
8.673970834036897060e+00 1.153501417275846741e+01 1.005450000000000000e+06
8.704610753383335009e+00 1.142613081486537929e+01 1.013738000000000000e+06
8.735274622149603374e+00 1.132599954977439971e+01 1.021710000000000000e+06
8.765876554462561643e+00 1.127035069449193472e+01 1.023626000000000000e+06
8.796472033298300630e+00 1.115645267484944547e+01 1.035834000000000000e+06
8.827113104195804638e+00 1.108664989728916339e+01 1.040786000000000000e+06
8.857794945353973048e+00 1.102957351173464673e+01 1.053206000000000000e+06
8.888492903056484096e+00 1.093576833345632338e+01 1.057002000000000000e+06
8.919147318144009517e+00 1.085111448653912269e+01 1.063898000000000000e+06
8.949810470249602190e+00 1.076100643001094248e+01 1.072782000000000000e+06
8.980482087512241307e+00 1.068454690561777376e+01 1.078826000000000000e+06
9.011149622969513828e+00 1.060292833493577724e+01 1.087922000000000000e+06
9.041778006101507614e+00 1.054501812939823679e+01 1.090494000000000000e+06
9.072395809677630041e+00 1.048541623916568710e+01 1.101362000000000000e+06
9.103062344101488179e+00 1.038855129113121123e+01 1.109802000000000000e+06
9.133716582676932205e+00 1.030610382642120193e+01 1.114514000000000000e+06
9.164343279595041025e+00 1.021496166117698223e+01 1.123926000000000000e+06
9.194939762742391665e+00 1.017367356254873556e+01 1.125986000000000000e+06
9.225588868133300480e+00 1.007264283103377700e+01 1.143554000000000000e+06
9.256279045055194388e+00 1.000064033685387521e+01 1.144710000000000000e+06
9.286922908321361803e+00 9.944779890781600074e+00 1.154018000000000000e+06
9.317551510994961816e+00 9.895724170274544207e+00 1.159962000000000000e+06
9.348218920250847219e+00 9.796900219131570609e+00 1.170986000000000000e+06
9.378902337186493909e+00 9.734052431710269460e+00 1.178142000000000000e+06
9.409551722439367438e+00 9.684638370337049551e+00 1.182674000000000000e+06
9.440170036212245819e+00 9.599233250657849936e+00 1.191002000000000000e+06
9.470808264249194863e+00 9.524990045300132380e+00 1.200438000000000000e+06
9.501473313875692384e+00 9.479916600588332187e+00 1.208162000000000000e+06
9.532125831626755641e+00 9.415848321920119446e+00 1.215258000000000000e+06
9.562784141325121112e+00 9.330120722077811735e+00 1.224134000000000000e+06
9.593416274997863979e+00 9.280064978082918969e+00 1.228722000000000000e+06
9.624083196782743599e+00 9.250717931969813179e+00 1.243154000000000000e+06
9.654771367964533724e+00 9.154473862123564842e+00 1.245434000000000000e+06
9.685402552280704569e+00 9.088631072741440775e+00 1.255158000000000000e+06
9.715969395840117429e+00 9.018766973821488619e+00 1.255610000000000000e+06
9.746617449311713699e+00 8.971262451450497721e+00 1.277562000000000000e+06
9.777290304407999955e+00 8.924362098972547841e+00 1.274414000000000000e+06
9.807885176827742413e+00 8.874822899640278706e+00 1.285994000000000000e+06
9.838572910167970420e+00 8.787979870264779336e+00 1.299570000000000000e+06
9.869276202679451160e+00 8.741990381853620207e+00 1.302122000000000000e+06
9.899918968135150266e+00 8.700129483302145417e+00 1.311366000000000000e+06
9.930567900523143976e+00 8.628185866132600523e+00 1.319186000000000000e+06
9.961220892975154229e+00 8.576534125237111894e+00 1.327434000000000000e+06
9.991891019630978477e+00 8.503830870399477604e+00 1.337294000000000000e+06
1.002255517125434281e+01 8.462906168775553795e+00 1.342730000000000000e+06
1.005316914398451544e+01 8.396819861243772110e+00 1.350570000000000000e+06
1.008383306751157882e+01 8.365656580482756510e+00 1.362590000000000000e+06
1.011452669049533171e+01 8.295575375009672570e+00 1.369698000000000000e+06
1.014516461762413080e+01 8.265035485855843689e+00 1.374914000000000000e+06
1.017577620860668830e+01 8.185180366732438983e+00 1.383570000000000000e+06
1.020642519374937507e+01 8.150502302608476413e+00 1.395374000000000000e+06
1.023705093164075741e+01 8.088233736150620246e+00 1.396994000000000000e+06
1.026765629299071136e+01 8.041554908503538712e+00 1.411530000000000000e+06
1.029830666316376231e+01 7.984247030490119634e+00 1.417574000000000000e+06
1.032896362286516911e+01 7.937864020593014658e+00 1.428834000000000000e+06
1.035966663242073871e+01 7.878392765066177361e+00 1.439018000000000000e+06
1.039031911060697233e+01 7.838748995278677967e+00 1.440698000000000000e+06
1.042093797488244000e+01 7.799739687597599946e+00 1.453638000000000000e+06
1.045161990055933643e+01 7.734528428495871744e+00 1.463426000000000000e+06
1.048230905031899418e+01 7.690646816899493921e+00 1.471050000000000000e+06
1.051294965218652244e+01 7.649601324088910026e+00 1.476638000000000000e+06
1.054355485794442338e+01 7.576442976801085472e+00 1.484466000000000000e+06
1.057423043832554121e+01 7.541517392619278226e+00 1.501154000000000000e+06
1.060491061368286125e+01 7.497730581085779278e+00 1.501706000000000000e+06
1.063551747879349385e+01 7.450257426056995591e+00 1.511502000000000000e+06
1.066612943100288469e+01 7.393348655535923797e+00 1.520234000000000000e+06
1.069681502375580706e+01 7.354576843147601295e+00 1.535010000000000000e+06
1.072753921292190249e+01 7.313384840069510950e+00 1.543358000000000000e+06
1.075810936250636551e+01 7.265664292588525974e+00 1.535754000000000000e+06
1.078871245727466643e+01 7.217342513621531452e+00 1.564802000000000000e+06
1.081940715839958322e+01 7.187554621192830950e+00 1.563038000000000000e+06
1.085006912710444915e+01 7.147521011437977023e+00 1.578426000000000000e+06
1.088072708694015844e+01 7.100118749375584848e+00 1.581482000000000000e+06
1.091135924400057711e+01 7.068297691945359951e+00 1.592250000000000000e+06
1.094200406382756974e+01 7.023210150852249534e+00 1.602230000000000000e+06
1.097260696004568814e+01 6.960509835152303815e+00 1.604754000000000000e+06
1.100323988183271950e+01 6.948665749283319926e+00 1.623458000000000000e+06
1.103388999676240978e+01 6.886868195776997048e+00 1.624910000000000000e+06
1.106457698538006440e+01 6.850371583384089469e+00 1.645122000000000000e+06
1.109527667386575978e+01 6.805266453107050140e+00 1.645130000000000000e+06
1.112591330354135621e+01 6.759604060141112924e+00 1.655706000000000000e+06
1.115654526125968005e+01 6.726622510823551337e+00 1.663502000000000000e+06
1.118719498215796371e+01 6.677411230225470895e+00 1.675514000000000000e+06
1.121787429068015562e+01 6.639203867802607739e+00 1.685298000000000000e+06
1.124851237891747147e+01 6.609425142314653279e+00 1.689566000000000000e+06
1.127910286336602752e+01 6.585054627911770986e+00 1.697850000000000000e+06
1.130978165659318968e+01 6.530671276765358968e+00 1.718546000000000000e+06
1.134049191158932857e+01 6.485129856461889553e+00 1.719822000000000000e+06
1.137111294866358691e+01 6.443286925759852402e+00 1.726586000000000000e+06
1.140173420596685006e+01 6.418111116349832557e+00 1.739186000000000000e+06
1.143241645198721024e+01 6.367377698913755601e+00 1.751538000000000000e+06
1.146309378911906585e+01 6.345665852512595961e+00 1.758062000000000000e+06
1.149371033408863774e+01 6.291737993545130081e+00 1.763010000000000000e+06
1.152434210102386203e+01 6.272022700464735756e+00 1.778642000000000000e+06
1.155502891721602587e+01 6.222728396014272079e+00 1.788582000000000000e+06
1.158569884908570913e+01 6.199677837421004867e+00 1.794746000000000000e+06
1.161631920000943374e+01 6.154117751443195949e+00 1.803290000000000000e+06
1.164692839895572440e+01 6.116973062154828611e+00 1.811058000000000000e+06
1.167758201264465789e+01 6.079983241794003845e+00 1.828358000000000000e+06
1.170824671228167269e+01 6.069091200975011979e+00 1.831362000000000000e+06
1.173887056645718729e+01 6.015455440503935769e+00 1.842458000000000000e+06
1.176945759162609839e+01 5.981221419839112485e+00 1.846998000000000000e+06
1.180012033129267301e+01 5.946479684044166270e+00 1.869122000000000000e+06
1.183084921812949553e+01 5.919780253748508692e+00 1.876346000000000000e+06
1.186151413816298650e+01 5.876658547511952158e+00 1.879506000000000000e+06
1.189215148075095030e+01 5.845002920785960399e+00 1.893326000000000000e+06
1.192281647950092704e+01 5.823749386116290339e+00 1.901826000000000000e+06
1.195347780224454937e+01 5.785330984611618099e+00 1.911962000000000000e+06
1.198410945486709878e+01 5.749822582141081995e+00 1.919198000000000000e+06
1.201473998051305792e+01 5.725334958000085628e+00 1.930242000000000000e+06
1.204539491969681819e+01 5.687490282850144574e+00 1.942442000000000000e+06
1.207606591889535608e+01 5.655036495751982528e+00 1.951734000000000000e+06
1.210668159911830344e+01 5.629407150038713503e+00 1.955402000000000000e+06
1.213729590584212836e+01 5.611393416767333164e+00 1.971858000000000000e+06
1.216799463550970195e+01 5.568074026977709146e+00 1.984898000000000000e+06
1.219864337641968355e+01 5.543486731419607239e+00 1.986422000000000000e+06
1.222922477881376047e+01 5.514535008962270446e+00 1.996146000000000000e+06
1.225989282685840820e+01 5.478960451260370235e+00 2.017106000000000000e+06
1.229058821881884178e+01 5.446432760345989443e+00 2.020638000000000000e+06
1.232123136247960460e+01 5.416375521966189766e+00 2.029346000000000000e+06
1.235186527658106037e+01 5.401452325867392545e+00 2.041002000000000000e+06
1.238252216979992326e+01 5.374867532720758234e+00 2.051450000000000000e+06
1.241320937502392674e+01 5.337815348959235706e+00 2.065886000000000000e+06
1.244383941472429633e+01 5.313453902213852054e+00 2.064546000000000000e+06
1.247445220519574072e+01 5.274679854992437633e+00 2.082650000000000000e+06
1.250512629307856827e+01 5.248015208225346839e+00 2.095182000000000000e+06
1.253580287130877480e+01 5.229974026171796631e+00 2.101346000000000000e+06
1.256646238438352015e+01 5.198560282554829826e+00 2.115554000000000000e+06
1.259708474717591109e+01 5.167291532547382715e+00 2.115654000000000000e+06
1.262774588521747354e+01 5.143038561165325540e+00 2.141066000000000000e+06
1.265841835076503408e+01 5.111959326773798828e+00 2.139786000000000000e+06
1.268903676420887017e+01 5.077857933409596569e+00 2.152202000000000000e+06
1.271964770975900549e+01 5.051010926913598098e+00 2.161086000000000000e+06
1.275028968623544934e+01 5.031463315775590139e+00 2.176058000000000000e+06
1.278098460469567499e+01 4.997238930846834570e+00 2.190818000000000000e+06
1.281164046729207939e+01 4.987003219302304835e+00 2.191158000000000000e+06
1.284225815563851825e+01 4.957624628510951759e+00 2.205314000000000000e+06
1.287289056249479380e+01 4.927161333011969013e+00 2.215554000000000000e+06
1.290355625633802639e+01 4.901411393182525167e+00 2.230562000000000000e+06
1.293423770049094124e+01 4.865902338527978266e+00 2.239614000000000000e+06
1.296488169854081285e+01 4.846122333021330775e+00 2.245706000000000000e+06
1.299551871653742019e+01 4.819831090679452146e+00 2.259674000000000000e+06
1.302618975751721919e+01 4.796577005068594524e+00 2.273214000000000000e+06
1.305685244694570457e+01 4.776164405683337222e+00 2.278802000000000000e+06
1.308750998994310244e+01 4.743500750206840699e+00 2.294034000000000000e+06
1.311813220161915972e+01 4.729001865842360708e+00 2.294942000000000000e+06
1.314876333796909336e+01 4.704707278651733660e+00 2.317050000000000000e+06
1.317943307318251733e+01 4.683220813124612469e+00 2.322842000000000000e+06
1.321006023701692200e+01 4.652737460367855071e+00 2.330810000000000000e+06
1.324068959969416603e+01 4.636461522329044627e+00 2.345958000000000000e+06
1.327132733229817774e+01 4.614618713741498901e+00 2.353586000000000000e+06
1.330202137818103125e+01 4.585867831546875273e+00 2.376210000000000000e+06
1.333270765674768299e+01 4.558482578662809814e+00 2.374502000000000000e+06
1.336332360429498145e+01 4.538336016654751504e+00 2.386346000000000000e+06
1.339396115374925600e+01 4.522330274174889198e+00 2.401314000000000000e+06
1.342462950449915837e+01 4.483486698874121323e+00 2.411450000000000000e+06
1.345527227069447385e+01 4.475264776814151801e+00 2.420718000000000000e+06
1.348587288323711597e+01 4.450997092038186942e+00 2.425754000000000000e+06
1.351655033488228952e+01 4.429185106984389719e+00 2.455218000000000000e+06
1.354723943126051466e+01 4.399919704342249105e+00 2.450942000000000000e+06
1.357787602620414091e+01 4.384538715025150246e+00 2.467130000000000000e+06
1.360850969175125869e+01 4.358960900635749702e+00 2.474874000000000000e+06
1.363916260858142593e+01 4.338302624277113217e+00 2.490362000000000000e+06
1.366981104919095991e+01 4.310918274461579713e+00 2.498142000000000000e+06
1.370042868629872679e+01 4.292859051729295494e+00 2.507090000000000000e+06
1.373107732768572298e+01 4.267299713885464030e+00 2.525562000000000000e+06
1.376175426428364190e+01 4.243347012655410921e+00 2.534726000000000000e+06
1.379244642300857926e+01 4.229479831805564416e+00 2.549906000000000000e+06
1.382309257737347785e+01 4.210948800387601665e+00 2.551074000000000000e+06
1.385373333418663933e+01 4.193942744044234061e+00 2.570702000000000000e+06
1.388438231685893065e+01 4.172648080781716118e+00 2.574642000000000000e+06
1.391502673172247206e+01 4.154738545588276821e+00 2.594066000000000000e+06
1.394566139702082808e+01 4.134407943265035357e+00 2.594802000000000000e+06
1.397626403373048554e+01 4.113542340631616057e+00 2.612030000000000000e+06
1.400692990380277614e+01 4.102499511026448609e+00 2.627954000000000000e+06
1.403762665833372836e+01 4.082081819359324903e+00 2.640402000000000000e+06
1.406826249291076536e+01 4.056526821970020791e+00 2.641454000000000000e+06
1.409889778741170652e+01 4.034519808522995632e+00 2.661834000000000000e+06
1.412955070116482226e+01 4.021525676079693135e+00 2.669138000000000000e+06
1.416021112645075775e+01 4.003031072779267951e+00 2.684858000000000000e+06
1.419087385297501669e+01 3.981393958966706226e+00 2.693910000000000000e+06
1.422149875684323916e+01 3.957199996150546184e+00 2.701682000000000000e+06
1.425216427801141883e+01 3.937533284998924188e+00 2.722698000000000000e+06
1.428282043751237218e+01 3.918464720089298137e+00 2.725262000000000000e+06
1.431346230054741042e+01 3.906225455341027164e+00 2.742450000000000000e+06
1.434410509664010824e+01 3.885443205993054150e+00 2.749850000000000000e+06
1.437474217852985525e+01 3.866901214297757683e+00 2.763902000000000000e+06
1.440540590632776841e+01 3.853658703371389826e+00 2.778498000000000000e+06
1.443604895983575531e+01 3.828144426527996025e+00 2.784530000000000000e+06
1.446670970857448424e+01 3.807920242672709232e+00 2.804106000000000000e+06
1.449736904962689010e+01 3.796801896227119943e+00 2.809790000000000000e+06
1.452802375701152648e+01 3.779054801706726252e+00 2.825058000000000000e+06
1.455867443991712307e+01 3.760863766745579984e+00 2.834330000000000000e+06
1.458929057279699038e+01 3.741971385161691366e+00 2.842022000000000000e+06
1.461994280853970452e+01 3.724704808859678806e+00 2.864754000000000000e+06
1.465058249564759585e+01 3.710246471423294334e+00 2.864186000000000000e+06
1.468117988573594168e+01 3.691831814686939328e+00 2.879538000000000000e+06
1.471182673337874292e+01 3.669843701607268471e+00 2.899454000000000000e+06
1.474248363238804060e+01 3.658167077442844306e+00 2.904258000000000000e+06
1.477317496500613103e+01 3.632688037883663679e+00 2.930234000000000000e+06
1.480386910161793779e+01 3.625068697120284789e+00 2.929526000000000000e+06
1.483450217940607452e+01 3.610447716556519637e+00 2.942442000000000000e+06
1.486516698446851059e+01 3.587320361657789558e+00 2.960810000000000000e+06
1.489582703702377664e+01 3.576652453967245293e+00 2.964954000000000000e+06
1.492646528006037521e+01 3.561471161490954440e+00 2.980910000000000000e+06
1.495710544900555306e+01 3.542586739186981415e+00 2.990978000000000000e+06
1.498776269392421945e+01 3.530605534065738293e+00 3.007626000000000000e+06
1.501843370546180267e+01 3.515884850319591859e+00 3.019166000000000000e+06
1.504905569365952722e+01 3.493973036222025819e+00 3.021090000000000000e+06
1.507968813668374430e+01 3.483577845775065462e+00 3.047834000000000000e+06
1.511037332515695297e+01 3.462285188785144907e+00 3.055590000000000000e+06
1.514104424704462026e+01 3.449467272121714778e+00 3.068546000000000000e+06
1.517163880420388011e+01 3.433736927317220466e+00 3.067274000000000000e+06
1.520226772397046489e+01 3.415671365739440635e+00 3.098058000000000000e+06
1.523296937728429157e+01 3.403249181304342397e+00 3.109214000000000000e+06
1.526361904753517074e+01 3.388709923207648078e+00 3.110466000000000000e+06
1.529421425129691947e+01 3.372461328203765873e+00 3.124370000000000000e+06
1.532485231670361081e+01 3.355487641587266090e+00 3.144174000000000000e+06
1.535555551766698201e+01 3.339750795290438390e+00 3.161738000000000000e+06
1.538620301937812407e+01 3.328607324938526624e+00 3.159890000000000000e+06
1.541679818315905770e+01 3.316521839945206995e+00 3.174138000000000000e+06
1.544743875163359270e+01 3.298970001182755851e+00 3.195926000000000000e+06
1.547813884141497276e+01 3.284484643079343069e+00 3.211386000000000000e+06
1.550883091269481717e+01 3.269101740308649529e+00 3.219314000000000000e+06
1.553946294611858292e+01 3.254605651103365638e+00 3.225494000000000000e+06
1.557009342916842165e+01 3.246108170021112738e+00 3.242562000000000000e+06
1.560074559370220371e+01 3.233342645320726572e+00 3.257450000000000000e+06
1.563140821530218894e+01 3.213510494267873163e+00 3.269118000000000000e+06
1.566204787145430899e+01 3.201724343002138262e+00 3.278930000000000000e+06
1.569265004490419813e+01 3.184409657249783088e+00 3.286650000000000000e+06
1.572331415106903485e+01 3.175067915733233992e+00 3.316610000000000000e+06
1.575400933951588378e+01 3.158462545408126321e+00 3.321542000000000000e+06
1.578464652652455058e+01 3.142583109063389557e+00 3.328578000000000000e+06
1.581527512713691763e+01 3.129152000822702284e+00 3.345074000000000000e+06
1.584593159202205293e+01 3.122222301547497025e+00 3.361686000000000000e+06
1.587658751981395078e+01 3.104805381571535960e+00 3.369722000000000000e+06
1.590722339945609676e+01 3.089768675652602603e+00 3.385290000000000000e+06
1.593785107536400147e+01 3.075367476860383587e+00 3.391370000000000000e+06
1.596852352225685401e+01 3.064905698741968276e+00 3.422966000000000000e+06
1.599920243251385621e+01 3.048608028335991538e+00 3.419538000000000000e+06
1.602985553152441156e+01 3.038816754748117965e+00 3.441890000000000000e+06
1.606050898189369747e+01 3.026515395427868071e+00 3.447582000000000000e+06
1.609116293617333326e+01 3.014491252627442996e+00 3.466298000000000000e+06
1.612177218423172320e+01 2.996005705393292917e+00 3.466194000000000000e+06
1.615238659316504766e+01 2.984589907052051405e+00 3.492062000000000000e+06
1.618304433395858055e+01 2.977490883825076651e+00 3.503114000000000000e+06
1.621369564724469114e+01 2.961636224370555404e+00 3.517146000000000000e+06
1.624437349555979182e+01 2.947703513810254528e+00 3.535706000000000000e+06
1.627503011624142815e+01 2.939906072250463520e+00 3.539742000000000000e+06
1.630567747321957484e+01 2.923309873442478057e+00 3.558698000000000000e+06
1.633633444718754291e+01 2.913139102809371828e+00 3.570122000000000000e+06
1.636699228812523543e+01 2.899000996883275505e+00 3.585174000000000000e+06
1.639764059090457948e+01 2.886374423603502493e+00 3.594314000000000000e+06
1.642828590068688399e+01 2.877439540586524735e+00 3.612258000000000000e+06
1.645893007191645907e+01 2.865184259126775324e+00 3.620282000000000000e+06
1.648957199783176364e+01 2.847946375428061838e+00 3.639078000000000000e+06
1.652022897904334187e+01 2.839138462381350259e+00 3.650450000000000000e+06
1.655086391605456342e+01 2.829296736947270130e+00 3.661418000000000000e+06
1.658149960773415188e+01 2.815779126811529309e+00 3.677694000000000000e+06
1.661216865362178652e+01 2.805942567839960322e+00 3.695978000000000000e+06
1.664282501558284721e+01 2.795031611127765103e+00 3.702810000000000000e+06
1.667345451826077252e+01 2.790342294011940449e+00 3.716162000000000000e+06
1.670412303906892859e+01 2.774222786913911776e+00 3.740094000000000000e+06
1.673478210225302121e+01 2.762735387818187949e+00 3.740954000000000000e+06
1.676541740863294194e+01 2.750823595978245883e+00 3.760946000000000000e+06
1.679608408952596577e+01 2.733937523919626855e+00 3.778278000000000000e+06
1.682674466654829359e+01 2.731947448322580740e+00 3.784922000000000000e+06
1.685739723155478487e+01 2.720185921299588472e+00 3.805266000000000000e+06
1.688803548841513802e+01 2.704370055724132804e+00 3.807686000000000000e+06
1.691867153120264078e+01 2.693131722639200643e+00 3.833130000000000000e+06
1.694932872530407053e+01 2.681315329037887274e+00 3.841898000000000000e+06
1.697998566510549878e+01 2.673043596364403474e+00 3.858074000000000000e+06
1.701062828430612228e+01 2.659281246139157062e+00 3.868974000000000000e+06
1.704127533600995648e+01 2.651017331203630700e+00 3.885362000000000000e+06
1.707192414656785573e+01 2.641009006513112212e+00 3.898290000000000000e+06
1.710255181072696473e+01 2.628395473742454413e+00 3.907334000000000000e+06
1.713319071172596608e+01 2.618749315936702349e+00 3.928730000000000000e+06
1.716382735984657515e+01 2.606928299225791612e+00 3.936666000000000000e+06
1.719448998954597485e+01 2.600711727781415572e+00 3.961346000000000000e+06
1.722518713228848242e+01 2.587653624174814482e+00 3.975774000000000000e+06
1.725581491968389614e+01 2.582046423949385883e+00 3.970106000000000000e+06
1.728643657196136019e+01 2.567801267495509965e+00 4.003170000000000000e+06
1.731713759204037117e+01 2.554842597121375292e+00 4.019558000000000000e+06
1.734781987893603983e+01 2.546948287999777349e+00 4.025642000000000000e+06
1.737842365147297841e+01 2.539198572972565238e+00 4.028514000000000000e+06
1.740905079503025732e+01 2.527648434570840319e+00 4.059398000000000000e+06
1.743972443769684233e+01 2.517582489408242363e+00 4.069674000000000000e+06
1.747038028370268492e+01 2.508231999525920131e+00 4.083698000000000000e+06
1.750102745774862356e+01 2.498913608825921173e+00 4.095210000000000000e+06
1.753166500950241513e+01 2.487237131670509527e+00 4.110518000000000000e+06
1.756231498081562137e+01 2.481063523026036943e+00 4.126850000000000000e+06
1.759296617687713393e+01 2.468538064410786603e+00 4.140114000000000000e+06
1.762357382681691220e+01 2.459043886806931312e+00 4.144070000000000000e+06
1.765421428885442268e+01 2.450825733595606515e+00 4.175802000000000000e+06
1.768489852398702311e+01 2.439546290941339457e+00 4.187882000000000000e+06
1.771556950276492870e+01 2.430580460796571085e+00 4.199250000000000000e+06
1.774620783297953963e+01 2.423634805192090180e+00 4.209326000000000000e+06
1.777682774493507267e+01 2.412759910282250786e+00 4.222130000000000000e+06
1.780750401021129292e+01 2.399180303592306718e+00 4.254258000000000000e+06
1.783817993206895025e+01 2.393232369456114839e+00 4.252478000000000000e+06
1.786881799063985099e+01 2.383423505946803189e+00 4.270698000000000000e+06
1.789943445534976263e+01 2.375779138603340446e+00 4.278122000000000000e+06
1.793009336077801663e+01 2.367598954778048270e+00 4.309898000000000000e+06
1.796077930716451831e+01 2.357640341428952180e+00 4.317150000000000000e+06
1.799143485791619668e+01 2.349025497852275102e+00 4.329698000000000000e+06
1.802207283970281892e+01 2.337880854934061059e+00 4.340826000000000000e+06
1.805270571152597725e+01 2.328482494913512557e+00 4.359590000000000000e+06
1.808336667793345498e+01 2.320530290048779420e+00 4.376850000000000000e+06
1.811401323573930355e+01 2.309759968486374770e+00 4.386674000000000000e+06
1.814464766537982499e+01 2.304291080294299299e+00 4.401782000000000000e+06
1.817529082465190982e+01 2.293967247539718812e+00 4.419210000000000000e+06
1.820598375993449736e+01 2.287171296319202352e+00 4.446482000000000000e+06
1.823663229521417861e+01 2.278750072707941499e+00 4.435554000000000000e+06
1.826725204091361476e+01 2.269749340670504267e+00 4.468934000000000000e+06
1.829791582036300213e+01 2.258652864783982750e+00 4.477650000000000000e+06
1.832855470139352150e+01 2.250890960982076638e+00 4.491218000000000000e+06
1.835919789777245015e+01 2.244437137805912474e+00 4.510358000000000000e+06
1.838983691066674098e+01 2.236577572581205597e+00 4.518594000000000000e+06
1.842048618686847306e+01 2.226833952620259183e+00 4.544474000000000000e+06
1.845114961348761540e+01 2.216269509136226556e+00 4.552098000000000000e+06
1.848180953853236019e+01 2.208871276221368696e+00 4.574990000000000000e+06
1.851245222260127932e+01 2.202393816320422193e+00 4.577210000000000000e+06
1.854311068981073518e+01 2.195228013799790379e+00 4.608186000000000000e+06
1.857377018063706586e+01 2.185628252842936714e+00 4.610198000000000000e+06
1.860440390017229007e+01 2.177183208616824128e+00 4.628898000000000000e+06
1.863503114498546864e+01 2.169095077318865528e+00 4.641170000000000000e+06
1.866567550024189615e+01 2.161288177791046650e+00 4.662462000000000000e+06
1.869635147958381793e+01 2.152888789394378666e+00 4.681442000000000000e+06
1.872700405237336696e+01 2.143970263553654831e+00 4.687850000000000000e+06
1.875765137982478592e+01 2.135247316842570964e+00 4.708818000000000000e+06
1.878830446025693490e+01 2.129271122478415101e+00 4.721534000000000000e+06
1.881894131346886212e+01 2.118747794631896220e+00 4.732770000000000000e+06
1.884957303362655523e+01 2.114064071919022680e+00 4.753346000000000000e+06
1.888023809980736090e+01 2.105699360931729824e+00 4.772886000000000000e+06
1.891090871260763606e+01 2.098027250434578050e+00 4.785098000000000000e+06
1.894154790414986422e+01 2.089130736702760949e+00 4.795394000000000000e+06
1.897218362658022173e+01 2.079782325914533381e+00 4.813986000000000000e+06
1.900283385206392595e+01 2.074750851188601697e+00 4.832654000000000000e+06
1.903350235720601091e+01 2.066971284057573133e+00 4.849362000000000000e+06
1.906415148299372575e+01 2.059031286934048577e+00 4.858322000000000000e+06
1.909476996524363557e+01 2.052876180950985230e+00 4.871286000000000000e+06
1.912540633843168436e+01 2.045186203740215536e+00 4.894370000000000000e+06
1.915607775651777800e+01 2.036478487786515856e+00 4.914650000000000000e+06
1.918673093358846060e+01 2.031216804094918782e+00 4.919658000000000000e+06
1.921737109038362945e+01 2.024130258023756568e+00 4.941638000000000000e+06
1.924805333354893122e+01 2.015760516509013112e+00 4.965954000000000000e+06
1.927873600716220892e+01 2.007462332328325605e+00 4.971770000000000000e+06
1.930937881190103056e+01 2.000994443711236581e+00 4.985702000000000000e+06
1.934000064256855111e+01 1.995039543151211126e+00 4.996314000000000000e+06
1.937063530033629988e+01 1.985469378390833706e+00 5.021258000000000000e+06
1.940129903902628072e+01 1.980822352817422694e+00 5.038470000000000000e+06
1.943195223680148231e+01 1.973097134436087696e+00 5.048570000000000000e+06
1.946259388837266968e+01 1.966166487693047804e+00 5.067786000000000000e+06
1.949325378056333591e+01 1.958065078253057090e+00 5.084402000000000000e+06
1.952391920669563774e+01 1.950931951057141234e+00 5.104238000000000000e+06
1.955454529668766028e+01 1.946239530840531584e+00 5.101890000000000000e+06
1.958515229432341798e+01 1.937653350343126579e+00 5.129594000000000000e+06
1.961580259908011215e+01 1.930014181157587938e+00 5.149086000000000000e+06
1.964647598754564939e+01 1.922023806529673751e+00 5.168834000000000000e+06
1.967711671408318352e+01 1.916786052488000491e+00 5.172306000000000000e+06
1.970776054518702480e+01 1.910633291391128585e+00 5.199218000000000000e+06
1.973843058927628391e+01 1.901412922807898864e+00 5.215430000000000000e+06
1.976909383957853095e+01 1.896759000555739760e+00 5.229066000000000000e+06
1.979974730224805413e+01 1.889875165172093530e+00 5.244530000000000000e+06
1.983040459772927377e+01 1.885156958085607348e+00 5.262870000000000000e+06
1.986105281425653857e+01 1.876604390806594580e+00 5.272562000000000000e+06
1.989167915855331970e+01 1.867634588243922922e+00 5.290098000000000000e+06
1.992233512457928057e+01 1.864699367261294816e+00 5.314358000000000000e+06
1.995299022425723834e+01 1.854793354049474319e+00 5.322098000000000000e+06
1.998362696967681629e+01 1.848246947309374555e+00 5.341026000000000000e+06
2.001429805344872292e+01 1.844456849799268161e+00 5.366858000000000000e+06
2.004496752307381513e+01 1.834973137576468849e+00 5.374422000000000000e+06
2.007558003312327344e+01 1.830142085973077926e+00 5.377730000000000000e+06
2.010619663165178039e+01 1.824993668440735739e+00 5.409410000000000000e+06
2.013687553158347754e+01 1.815745045927375179e+00 5.434014000000000000e+06
2.016755016454825267e+01 1.811359393345911784e+00 5.438882000000000000e+06
2.019818861724741410e+01 1.805934850365952249e+00 5.456178000000000000e+06
2.022882364752918605e+01 1.800376176442731957e+00 5.469242000000000000e+06
2.025947582076963727e+01 1.789892750848135483e+00 5.496174000000000000e+06
2.029013497277836109e+01 1.786885004713442804e+00 5.505530000000000000e+06
2.032077646713278085e+01 1.782121538027407803e+00 5.521202000000000000e+06
2.035142410046669426e+01 1.774678461492397386e+00 5.544126000000000000e+06
2.038209715392332910e+01 1.769141451619807404e+00 5.560106000000000000e+06
2.041276704522988084e+01 1.761236068830274615e+00 5.579754000000000000e+06
2.044339434596270522e+01 1.756352543904796670e+00 5.576270000000000000e+06
2.047400433812566689e+01 1.748061310422536430e+00 5.607138000000000000e+06
2.050465414558887645e+01 1.747063746905347603e+00 5.625026000000000000e+06
2.053532389370018763e+01 1.737933744641558809e+00 5.646698000000000000e+06
2.056596192186154326e+01 1.731887375144403052e+00 5.649126000000000000e+06
2.059659481650145807e+01 1.726378920286926633e+00 5.676434000000000000e+06
2.062723563822306616e+01 1.722421316667774427e+00 5.687418000000000000e+06
2.065789501103831682e+01 1.716742800258230117e+00 5.715830000000000000e+06
2.068857363042259578e+01 1.710158468619582761e+00 5.729210000000000000e+06
2.071923747383037551e+01 1.703211877450258482e+00 5.744802000000000000e+06
2.074987498351558557e+01 1.699287953695259201e+00 5.752154000000000000e+06
2.078053041960519209e+01 1.692499734721973237e+00 5.786382000000000000e+06
2.081118017348725502e+01 1.686305117471101234e+00 5.784146000000000000e+06
2.084180966840007443e+01 1.680175962544643520e+00 5.812146000000000000e+06
2.087246873484020426e+01 1.673215308106150045e+00 5.830166000000000000e+06
2.090312912726902539e+01 1.668573603496497526e+00 5.845850000000000000e+06
2.093378037566929351e+01 1.663986222362768608e+00 5.862834000000000000e+06
2.096442457626876177e+01 1.657821065998918320e+00 5.876066000000000000e+06
2.099509039179685033e+01 1.650754658005429754e+00 5.905854000000000000e+06
2.102573351815310332e+01 1.645469186960822228e+00 5.902274000000000000e+06
2.105635720643528686e+01 1.641767058522829226e+00 5.931258000000000000e+06
2.108702218704524967e+01 1.635038722303368441e+00 5.954966000000000000e+06
2.111769024571999509e+01 1.631363210113881079e+00 5.965346000000000000e+06
2.114832577809379899e+01 1.624694997405407904e+00 5.977818000000000000e+06
2.117897364467428645e+01 1.618956460569838551e+00 6.004718000000000000e+06
2.120962225056029737e+01 1.615711912724940413e+00 6.011706000000000000e+06
2.124028003416142241e+01 1.607920579181808085e+00 6.045770000000000000e+06
2.127093375519878649e+01 1.603901690714987893e+00 6.041586000000000000e+06
2.130156165599708373e+01 1.595937604867049497e+00 6.073166000000000000e+06
2.133219920491698574e+01 1.592840027623137145e+00 6.078962000000000000e+06
2.136285116966709907e+01 1.588045025250815590e+00 6.114258000000000000e+06
2.139352427845574667e+01 1.582030205030600545e+00 6.123086000000000000e+06
2.142417268630640592e+01 1.577698528704839731e+00 6.136770000000000000e+06
2.145480354384202215e+01 1.571976497417179042e+00 6.154898000000000000e+06
2.148545706546140721e+01 1.566670011539812224e+00 6.178610000000000000e+06
2.151612653279159915e+01 1.559637152866852450e+00 6.197982000000000000e+06
2.154677833320419822e+01 1.554677259294521718e+00 6.205322000000000000e+06
2.157739246519214760e+01 1.549716587471960283e+00 6.218850000000000000e+06
2.160802636633691876e+01 1.545724950724389091e+00 6.249542000000000000e+06
2.163871370337264111e+01 1.540558189114502596e+00 6.274146000000000000e+06
2.166936190194067180e+01 1.534345564333880585e+00 6.270242000000000000e+06
2.169999864745664908e+01 1.530253494643011747e+00 6.305222000000000000e+06
2.173068313923396389e+01 1.524876103276097128e+00 6.325026000000000000e+06
2.176134463504373429e+01 1.520230666138969955e+00 6.331922000000000000e+06
2.179196928002131983e+01 1.515639773520114142e+00 6.343698000000000000e+06
2.182260671813147823e+01 1.509806188332900811e+00 6.375158000000000000e+06
2.185327640589686382e+01 1.503646644383181963e+00 6.392178000000000000e+06
2.188395164505502422e+01 1.498865242874202419e+00 6.412826000000000000e+06
2.191457418339750873e+01 1.496080896783213765e+00 6.407078000000000000e+06
2.194519964934411504e+01 1.490820654117569699e+00 6.447954000000000000e+06
2.197584874950450384e+01 1.487244320267607334e+00 6.456026000000000000e+06
2.200650103817257985e+01 1.480233210748354677e+00 6.482034000000000000e+06
2.203714959817343200e+01 1.475574313886692579e+00 6.492878000000000000e+06
2.206776146081951495e+01 1.472110744971527607e+00 6.502074000000000000e+06
2.209840900715284917e+01 1.466193891727406662e+00 6.542930000000000000e+06
2.212909435360047894e+01 1.461871995202390195e+00 6.556598000000000000e+06
2.215976446255987753e+01 1.457512788550955563e+00 6.570330000000000000e+06
2.219040287241333331e+01 1.451977717011638802e+00 6.581882000000000000e+06
2.222105997311332359e+01 1.447796809277394736e+00 6.612546000000000000e+06
2.225173735653976692e+01 1.441739022077288324e+00 6.628622000000000000e+06
2.228236906003313322e+01 1.437948242838296364e+00 6.629498000000000000e+06
2.231299123139654839e+01 1.433342193189923952e+00 6.659250000000000000e+06
2.234365539181282045e+01 1.430528031234192810e+00 6.686006000000000000e+06
2.237431906113462787e+01 1.423714920076620150e+00 6.693786000000000000e+06
2.240495119889733289e+01 1.419669572799384438e+00 6.711554000000000000e+06
2.243559874147591060e+01 1.414535997712479620e+00 6.735678000000000000e+06
2.246626223308657444e+01 1.410847086363174796e+00 6.754754000000000000e+06
2.249693164364150988e+01 1.405659500307677723e+00 6.776570000000000000e+06
2.252754695231501358e+01 1.400747318687222798e+00 6.767394000000000000e+06
2.255817384037303697e+01 1.398557928241368931e+00 6.818246000000000000e+06
2.258886124968342557e+01 1.392689503440566190e+00 6.830562000000000000e+06
2.261950951352502059e+01 1.388580600088958006e+00 6.839186000000000000e+06
2.265014298397850823e+01 1.385371368376010714e+00 6.861462000000000000e+06
2.268078975948035492e+01 1.378600702227227082e+00 6.880394000000000000e+06
2.271145371109907174e+01 1.375241524107240432e+00 6.907178000000000000e+06
2.274211585654432000e+01 1.370873990210254911e+00 6.917034000000000000e+06
2.277276196539026643e+01 1.366649639503633162e+00 6.937934000000000000e+06
2.280339367570849163e+01 1.361767749829069007e+00 6.947250000000000000e+06
2.283404335172724586e+01 1.357547278715046657e+00 6.982106000000000000e+06
2.286471099297079590e+01 1.353155315866076958e+00 6.995718000000000000e+06
2.289535670710002435e+01 1.348884821660238043e+00 7.006682000000000000e+06
2.292600245201877840e+01 1.342824465389193200e+00 7.035866000000000000e+06
2.295667389567964989e+01 1.340551961905895872e+00 7.054110000000000000e+06
2.298731368920699225e+01 1.335034707928412390e+00 7.059194000000000000e+06
2.301794844000150775e+01 1.331653929424425620e+00 7.091802000000000000e+06
2.304859935862412001e+01 1.328014865084486518e+00 7.100666000000000000e+06
2.307924172520139550e+01 1.322942964510097408e+00 7.129070000000000000e+06
2.310990061408635654e+01 1.318915450908979992e+00 7.143282000000000000e+06
2.314054307017327616e+01 1.313977749298259612e+00 7.161482000000000000e+06
2.317119382566526298e+01 1.311196273633922216e+00 7.184694000000000000e+06
2.320185734324556392e+01 1.305929804270289596e+00 7.203914000000000000e+06
2.323250807215323377e+01 1.301664075162755063e+00 7.219746000000000000e+06
2.326313843972289419e+01 1.297989357325325832e+00 7.228634000000000000e+06
2.329379144080670727e+01 1.294740779346506221e+00 7.271990000000000000e+06
2.332444777960088445e+01 1.288693791175355763e+00 7.266786000000000000e+06
2.335507087774779578e+01 1.286364851617503025e+00 7.293650000000000000e+06
2.338572972711217801e+01 1.281909442352260786e+00 7.324086000000000000e+06
2.341640604770795875e+01 1.277295142839623088e+00 7.338650000000000000e+06
2.344705630354619430e+01 1.274725712673705269e+00 7.351962000000000000e+06
2.347766959470004267e+01 1.269408021268989994e+00 7.357190000000000000e+06
2.350831446175642370e+01 1.265347806561183397e+00 7.406042000000000000e+06
2.353898224311427256e+01 1.261174204231661822e+00 7.408626000000000000e+06
2.356963575235109332e+01 1.259023267761488096e+00 7.435610000000000000e+06
2.360029901858758095e+01 1.253560790292722604e+00 7.453542000000000000e+06
2.363094388425705006e+01 1.249419011409696800e+00 7.464002000000000000e+06
2.366159032137904816e+01 1.245650990866006502e+00 7.493546000000000000e+06
2.369224972351527114e+01 1.241630791688668189e+00 7.510806000000000000e+06
2.372291508578891595e+01 1.238205369700989600e+00 7.532114000000000000e+06
2.375354632645621322e+01 1.233428526768144406e+00 7.536234000000000000e+06
2.378417204300768972e+01 1.231080142651821197e+00 7.565834000000000000e+06
2.381484989613622716e+01 1.225752729623933002e+00 7.603062000000000000e+06
2.384550834037956690e+01 1.223761076339004328e+00 7.593890000000000000e+06
2.387612970652009281e+01 1.218943667939759390e+00 7.622906000000000000e+06
2.390677281995975534e+01 1.216096336395338984e+00 7.646622000000000000e+06
2.393744201491479373e+01 1.211928924416369124e+00 7.672058000000000000e+06
2.396809205963029044e+01 1.208491582486321159e+00 7.679346000000000000e+06
2.399871140417699422e+01 1.204304582131058954e+00 7.693058000000000000e+06
2.402935365105090071e+01 1.201374312320053539e+00 7.732158000000000000e+06
2.406002599393818642e+01 1.196866978307109308e+00 7.746962000000000000e+06
2.409069744544645886e+01 1.193231849857920412e+00 7.770986000000000000e+06
2.412133809379787408e+01 1.190488689405969636e+00 7.772094000000000000e+06
2.415197098395899289e+01 1.185808408140733183e+00 7.803818000000000000e+06
2.418264178024068300e+01 1.181681464343254051e+00 7.834338000000000000e+06
2.421329665107611007e+01 1.178728597305746639e+00 7.833710000000000000e+06
2.424392248425750651e+01 1.174843239306183618e+00 7.858794000000000000e+06
2.427456797443234393e+01 1.171626107106663817e+00 7.884290000000000000e+06
2.430522057461229224e+01 1.168770016713235771e+00 7.901522000000000000e+06
2.433588276096136127e+01 1.165495263825390815e+00 7.930662000000000000e+06
2.436653439930566023e+01 1.161968994354475093e+00 7.934426000000000000e+06
2.439717972712892902e+01 1.158152262454059223e+00 7.967322000000000000e+06
2.442783693810555690e+01 1.154561538594530923e+00 7.981934000000000000e+06
2.445848909686699457e+01 1.151287809176285482e+00 8.003282000000000000e+06
2.448913290943420407e+01 1.147703532790517622e+00 8.019666000000000000e+06
2.451976455905877472e+01 1.144063799010315741e+00 8.034482000000000000e+06
2.455040989797941720e+01 1.141605633334994208e+00 8.068542000000000000e+06
2.458107931780205035e+01 1.136957997302272982e+00 8.088290000000000000e+06
2.461173000312667725e+01 1.133372906858200357e+00 8.096322000000000000e+06
2.464236413023569838e+01 1.131207121423240647e+00 8.122646000000000000e+06
2.467302878003126310e+01 1.126317370331643586e+00 8.150138000000000000e+06
2.470369018584469600e+01 1.123088593444324657e+00 8.165322000000000000e+06
2.473434237152199699e+01 1.119819142484993257e+00 8.182574000000000000e+06
2.476499023106570618e+01 1.116501606958227866e+00 8.203698000000000000e+06
2.479564135983178019e+01 1.113033149489589979e+00 8.226914000000000000e+06
2.482630207602976569e+01 1.110258548123185252e+00 8.246898000000000000e+06
2.485694583618992226e+01 1.106717758195758128e+00 8.261774000000000000e+06
2.488758109348702163e+01 1.103420696072408891e+00 8.279426000000000000e+06
2.491822262853785119e+01 1.100958727467352904e+00 8.308722000000000000e+06
2.494887711239730166e+01 1.097691339665302968e+00 8.326214000000000000e+06
2.497951933488113241e+01 1.093290502982134482e+00 8.342682000000000000e+06
2.501014765446522503e+01 1.090974895566638514e+00 8.360834000000000000e+06
2.504079700598459723e+01 1.087236421371234441e+00 8.393226000000000000e+06
2.507147561161312765e+01 1.085019625541112642e+00 8.420150000000000000e+06
2.510213539337122413e+01 1.081412151480660278e+00 8.421986000000000000e+06
2.513276479637716321e+01 1.078227489114597093e+00 8.445714000000000000e+06
2.516340977761215569e+01 1.074265838427210573e+00 8.472590000000000000e+06
2.519407509340153695e+01 1.071746492501209458e+00 8.495370000000000000e+06
2.522473298638924888e+01 1.068259076153774023e+00 8.512802000000000000e+06
2.525536838388270056e+01 1.066153210790668826e+00 8.523290000000000000e+06
2.528603429285023196e+01 1.061189021281342182e+00 8.570982000000000000e+06
2.531670644975507045e+01 1.059612943192345780e+00 8.568458000000000000e+06
2.534733422191522578e+01 1.055715845971198164e+00 8.586498000000000000e+06
2.537795494299703947e+01 1.053318810273814021e+00 8.608838000000000000e+06
2.540861203384896783e+01 1.049107813098208108e+00 8.645610000000000000e+06
2.543928143685350562e+01 1.046844065395097889e+00 8.658386000000000000e+06
2.546991579144467366e+01 1.043182992220887284e+00 8.668598000000000000e+06
2.550054781656812253e+01 1.040279503384104576e+00 8.697426000000000000e+06
2.553119796550166498e+01 1.038696314225109552e+00 8.722562000000000000e+06
2.556185165324095010e+01 1.034641830669439821e+00 8.737962000000000000e+06
2.559251151955053771e+01 1.031589720460872384e+00 8.771366000000000000e+06
2.562315821371235458e+01 1.028697607231094269e+00 8.771010000000000000e+06
2.565382090549665151e+01 1.025858197646095427e+00 8.822618000000000000e+06
2.568447372340733637e+01 1.022301897220690092e+00 8.807726000000000000e+06
2.571509458014751104e+01 1.019512770364983556e+00 8.844618000000000000e+06
2.574574125894481469e+01 1.017086001793719552e+00 8.868722000000000000e+06
2.577640368018757400e+01 1.014067535416831145e+00 8.891394000000000000e+06
2.580706250709014782e+01 1.010913231628510767e+00 8.911934000000000000e+06
2.583770659642837231e+01 1.007398303305110376e+00 8.923938000000000000e+06
2.586834877557267376e+01 1.004970469132140387e+00 8.953682000000000000e+06
2.589901831076717187e+01 1.001842135674973600e+00 8.981966000000000000e+06
2.592967863857695932e+01 1.000149603323173597e+00 8.990442000000000000e+06
2.596030767966076525e+01 9.967381870572346036e-01 9.007874000000000000e+06
2.599095072903341830e+01 9.932535544378781056e-01 9.038982000000000000e+06
2.602162160336631658e+01 9.909552443218720974e-01 9.068570000000000000e+06
2.605229920594178594e+01 9.884259651633141575e-01 9.085250000000000000e+06
2.608293390061188077e+01 9.855125491348631916e-01 9.084690000000000000e+06
2.611356639902281529e+01 9.824477956991249927e-01 9.128654000000000000e+06
2.614421138741144901e+01 9.801173086671988166e-01 9.133170000000000000e+06
2.617487839855810350e+01 9.768175772342818641e-01 9.185882000000000000e+06
2.620552331238325294e+01 9.736715799867601273e-01 9.163254000000000000e+06
2.623615766102391333e+01 9.712425963625241909e-01 9.220130000000000000e+06
2.626683121971889179e+01 9.689830261391090271e-01 9.233138000000000000e+06
2.629748622418595616e+01 9.657613733593761740e-01 9.249378000000000000e+06
2.632813025222741032e+01 9.627740776892752539e-01 9.271550000000000000e+06
2.635876646472280527e+01 9.601075394566557231e-01 9.286266000000000000e+06
2.638941311560349590e+01 9.574253692992054088e-01 9.320762000000000000e+06
2.642004936527652958e+01 9.551464941901320893e-01 9.326718000000000000e+06
2.645067839992656289e+01 9.518971517975858276e-01 9.354602000000000000e+06
2.648132402671914321e+01 9.484541015131729980e-01 9.384122000000000000e+06
2.651197738732207654e+01 9.458118211385331264e-01 9.400482000000000000e+06
2.654263638111005719e+01 9.441871934447181314e-01 9.432638000000000000e+06
2.657329775687598072e+01 9.407695710274958101e-01 9.445314000000000000e+06
2.660396500218634941e+01 9.382292828435132570e-01 9.477290000000000000e+06
2.663462571825092340e+01 9.357115291918733924e-01 9.489182000000000000e+06
2.666526895415609388e+01 9.334101633099834983e-01 9.506706000000000000e+06
2.669591010301247636e+01 9.297632111171223457e-01 9.533978000000000000e+06
2.672655940300148814e+01 9.274240600096591569e-01 9.553662000000000000e+06
2.675721084773019953e+01 9.252099220982793470e-01 9.579506000000000000e+06
2.678787623421603570e+01 9.224088887168077067e-01 9.607866000000000000e+06
2.681852027510272052e+01 9.195729049949658007e-01 9.608354000000000000e+06
2.684915022005877461e+01 9.175354230493966146e-01 9.643862000000000000e+06
2.687981047524921863e+01 9.152368141800831802e-01 9.670578000000000000e+06
2.691046933508355110e+01 9.120095294228154348e-01 9.687890000000000000e+06
2.694109434462116326e+01 9.103338864992643886e-01 9.693294000000000000e+06
2.697172682553225798e+01 9.076129972430252435e-01 9.736034000000000000e+06
2.700239153870817432e+01 9.050021385506180627e-01 9.758946000000000000e+06
2.703305525052747527e+01 9.021313439807816525e-01 9.778994000000000000e+06
2.706370879858033973e+01 9.006561725066946078e-01 9.796814000000000000e+06
2.709435032875686744e+01 8.973499936130433507e-01 9.816882000000000000e+06
2.712501002342743917e+01 8.947426499774528974e-01 9.850514000000000000e+06
2.715565776732351821e+01 8.921771190156879694e-01 9.856062000000000000e+06
2.718629451122674467e+01 8.901990207860939197e-01 9.886706000000000000e+06
2.721695369136173071e+01 8.878760338896153348e-01 9.916194000000000000e+06
2.724760474761749407e+01 8.844901899816359769e-01 9.924854000000000000e+06
2.727825760225054097e+01 8.826541009427304463e-01 9.961490000000000000e+06
2.730892049079471917e+01 8.809501620286723789e-01 9.979098000000000000e+06
2.733956427726085892e+01 8.777875383898687822e-01 9.990266000000000000e+06
2.737018573225796914e+01 8.761882018673249339e-01 1.001239800000000000e+07
2.740081756735755647e+01 8.734837109309084857e-01 1.003881800000000000e+07
2.743146802938129625e+01 8.717875807603632232e-01 1.007208200000000000e+07
2.746211675527639429e+01 8.692270995678723633e-01 1.008267000000000000e+07
2.749277891738845980e+01 8.664272634039781318e-01 1.012322600000000000e+07
2.752344693109558449e+01 8.636384177580017640e-01 1.013483400000000000e+07
2.755409288101080278e+01 8.615908072245835880e-01 1.015145000000000000e+07
2.758474131651236760e+01 8.588940151714660187e-01 1.018411800000000000e+07
2.761539820084842489e+01 8.567896852980594335e-01 1.019981000000000000e+07
2.764605597842055928e+01 8.552524802094465528e-01 1.023038600000000000e+07
2.767670042623675997e+01 8.523699265915724022e-01 1.023833400000000000e+07
2.770734211947352676e+01 8.502994764006444051e-01 1.027159400000000000e+07
2.773800306428746509e+01 8.482039668617062933e-01 1.029841800000000000e+07
2.776865049495845383e+01 8.460314700546648359e-01 1.030681400000000000e+07
2.779929326773324405e+01 8.433480258682994890e-01 1.034130600000000000e+07
2.782995170379088989e+01 8.413297240274434374e-01 1.036284200000000000e+07
2.786061320752148163e+01 8.394739967930953117e-01 1.038883400000000000e+07
2.789125443722943132e+01 8.371060724554452159e-01 1.039563000000000000e+07
2.792188445130166841e+01 8.347229573419129300e-01 1.042536200000000000e+07
2.795253094588477083e+01 8.318230419443760626e-01 1.045427400000000000e+07
2.798318763838284440e+01 8.303510094295883937e-01 1.047829400000000000e+07
2.801384997205349237e+01 8.280141590722672751e-01 1.050181800000000000e+07
2.804449546843089891e+01 8.261599591433416157e-01 1.051481000000000000e+07
2.807514459055270706e+01 8.242228862656203470e-01 1.054884200000000000e+07
2.810579893174551813e+01 8.214412733420136670e-01 1.056646200000000000e+07
2.813644319397282700e+01 8.194242647218566988e-01 1.058681000000000000e+07
2.816709334499659789e+01 8.172875737379549088e-01 1.061495400000000000e+07
2.819773627008090600e+01 8.146486698308558205e-01 1.063105400000000000e+07
2.822838440275558369e+01 8.132491656163990390e-01 1.066236200000000000e+07
2.825903669354339343e+01 8.112206147994346361e-01 1.068335400000000000e+07
2.828968213955753441e+01 8.086821210139206739e-01 1.069929800000000000e+07
2.832033557002852930e+01 8.065437961213851592e-01 1.073878200000000000e+07
2.835098683749683346e+01 8.044295890937269711e-01 1.074420200000000000e+07
2.838163630947162730e+01 8.027967612504550710e-01 1.078218600000000000e+07
2.841227563085324093e+01 8.000406306334206796e-01 1.078496600000000000e+07
2.844292475750595273e+01 7.981452358320676455e-01 1.083393800000000000e+07
2.847359150819448459e+01 7.959745718574008366e-01 1.084813800000000000e+07
2.850425483773282664e+01 7.944823348230962701e-01 1.087376600000000000e+07
2.853490447676422903e+01 7.917991874690569754e-01 1.088697000000000000e+07
2.856554225700441307e+01 7.901244286109379011e-01 1.091244200000000000e+07
2.859618507886883876e+01 7.878597360921916204e-01 1.093669800000000000e+07
2.862683629450151912e+01 7.860811942796290808e-01 1.096614200000000000e+07
2.865746767483001278e+01 7.841587361034707548e-01 1.096874600000000000e+07
2.868810162725141666e+01 7.822718424142787175e-01 1.101460200000000000e+07
2.871877066728239924e+01 7.803322788277655686e-01 1.104277400000000000e+07
2.874944211863178012e+01 7.782696049369188795e-01 1.106147400000000000e+07
2.878008769129001720e+01 7.755115624816548703e-01 1.107245000000000000e+07
2.881071843644816255e+01 7.738218760121050588e-01 1.109692200000000000e+07
2.884138462527048929e+01 7.722411449091851621e-01 1.114652600000000000e+07
2.887205280920166572e+01 7.707092896372936819e-01 1.114560200000000000e+07
2.890268823669603648e+01 7.680327300799878465e-01 1.116844200000000000e+07
2.893330357639574046e+01 7.664569434489636457e-01 1.118108600000000000e+07
2.896397035628928762e+01 7.647828279784542049e-01 1.125011400000000000e+07
2.899465187815729905e+01 7.624540277417771739e-01 1.124210600000000000e+07
2.902529004403753632e+01 7.600070161447669559e-01 1.126544600000000000e+07
2.905592397674332972e+01 7.586241270870826003e-01 1.128549000000000000e+07
2.908658740450306013e+01 7.564416021916876565e-01 1.133592200000000000e+07
2.911724974944597477e+01 7.548515330362494113e-01 1.133013000000000000e+07
2.914787047086730354e+01 7.532156935601601599e-01 1.135727000000000000e+07
2.917851218588677753e+01 7.519833440716727768e-01 1.138909800000000000e+07
2.920917994379766469e+01 7.491321597368676422e-01 1.142664200000000000e+07
2.923984020518843607e+01 7.481146159537651608e-01 1.143135800000000000e+07
2.927048529662244292e+01 7.458009728939171135e-01 1.146229800000000000e+07
2.930112725521218664e+01 7.438939570886546893e-01 1.147920200000000000e+07
2.933177374858156128e+01 7.422360145914601581e-01 1.150974600000000000e+07
2.936240891911117856e+01 7.402859587147929687e-01 1.152306200000000000e+07
2.939304480459886548e+01 7.386840495283487629e-01 1.155621000000000000e+07
2.942370281367375640e+01 7.365634526325817166e-01 1.158828200000000000e+07
2.945435442424784256e+01 7.351019160412308739e-01 1.159964600000000000e+07
2.948501885409245915e+01 7.329584516431300045e-01 1.164527400000000000e+07
2.951568131644257065e+01 7.313987284084296769e-01 1.164933800000000000e+07
2.954630943029124168e+01 7.293309454140651793e-01 1.166538600000000000e+07
2.957696687066465202e+01 7.276577259058274461e-01 1.171928600000000000e+07
2.960762973599409165e+01 7.266920393579311410e-01 1.172073800000000000e+07
2.963827910425833423e+01 7.245083272125721896e-01 1.175507400000000000e+07
2.966892245050443577e+01 7.229347321181667230e-01 1.176716600000000000e+07
2.969958171988989903e+01 7.210041084041727277e-01 1.181334600000000000e+07
2.973025161634517843e+01 7.192116156256209702e-01 1.182545000000000000e+07
2.976087689384098667e+01 7.178062821851793895e-01 1.182881400000000000e+07
2.979151934159806103e+01 7.164043708324632220e-01 1.188441800000000000e+07
2.982218666376524396e+01 7.143822658406312476e-01 1.190037800000000000e+07
2.985282577868301601e+01 7.129294234246853490e-01 1.190800200000000000e+07
2.988344557129535062e+01 7.110506665147640071e-01 1.193747000000000000e+07
2.991409824346948909e+01 7.097512249458449718e-01 1.198134600000000000e+07
2.994476759374305530e+01 7.083519681444329086e-01 1.199815400000000000e+07
2.997541468366090101e+01 7.065574005155546011e-01 1.201579800000000000e+07
3.000606450866456854e+01 7.047342707718187160e-01 1.204658600000000000e+07
3.003672118713024020e+01 7.034735372302315382e-01 1.207322600000000000e+07
3.006737261500484948e+01 7.019056410714537009e-01 1.208937000000000000e+07
3.009802353665422459e+01 7.002168156782991870e-01 1.212366200000000000e+07
3.012866380509269604e+01 6.977908681477759112e-01 1.212901800000000000e+07
3.015929791586058428e+01 6.968325617087381962e-01 1.216869800000000000e+07
3.018994583799627307e+01 6.952378257199737233e-01 1.219107000000000000e+07
3.022062124794907234e+01 6.936634663393610456e-01 1.223729000000000000e+07
3.025129018624486932e+01 6.918710245955157490e-01 1.223743400000000000e+07
3.028193817926301890e+01 6.904766562097831573e-01 1.226943000000000000e+07
3.031258695709031059e+01 6.889371479276977794e-01 1.228831400000000000e+07
3.034322731892392966e+01 6.875249045606068865e-01 1.231200200000000000e+07
3.037386370818878234e+01 6.864106447120129628e-01 1.233378600000000000e+07
3.040449885904552829e+01 6.848457459053695073e-01 1.236265400000000000e+07
3.043516156591327615e+01 6.828263154356346565e-01 1.240528200000000000e+07
3.046582747350058895e+01 6.814159213625110567e-01 1.241484200000000000e+07
3.049646593130319516e+01 6.797444728574395523e-01 1.243327800000000000e+07
3.052711147469950248e+01 6.781103757489709283e-01 1.246944200000000000e+07
3.055777100155219017e+01 6.766808251446374545e-01 1.249710600000000000e+07
3.058842537388453309e+01 6.758850782789265210e-01 1.251307400000000000e+07
3.061905924361232323e+01 6.741377326442546947e-01 1.253190200000000000e+07
3.064969867554323457e+01 6.734053752121511582e-01 1.256769000000000000e+07
3.068036610992051294e+01 6.713108067085085118e-01 1.260333800000000000e+07
3.071102250832555924e+01 6.701616288183854797e-01 1.261272600000000000e+07
3.074166164535376566e+01 6.684149858462363758e-01 1.263480200000000000e+07
3.077229526260031278e+01 6.670837173342556436e-01 1.266273000000000000e+07
3.080294880836461502e+01 6.660851812484772649e-01 1.269908600000000000e+07
3.083359880383601137e+01 6.641011609247180481e-01 1.271107400000000000e+07
3.086423437926716673e+01 6.630011010198680887e-01 1.273909800000000000e+07
3.089488408063505887e+01 6.612842016400027889e-01 1.276949000000000000e+07
3.092554030516775043e+01 6.600767393825129892e-01 1.279968600000000000e+07
3.095620964309912893e+01 6.589419630753908796e-01 1.282862600000000000e+07
3.098685566491367638e+01 6.574948526408200822e-01 1.283279400000000000e+07
3.101749998811832043e+01 6.554589947671400907e-01 1.287594200000000000e+07
3.104817099201691377e+01 6.548359973265798217e-01 1.290631400000000000e+07
3.107882289023607214e+01 6.529907329923778647e-01 1.291312200000000000e+07
3.110945493689143859e+01 6.519551227894809786e-01 1.293734600000000000e+07
3.114009460761812065e+01 6.509860888925270705e-01 1.297337400000000000e+07
3.117076037718583592e+01 6.493834259546116261e-01 1.300817000000000000e+07
3.120142550401457626e+01 6.480395461011637659e-01 1.302581000000000000e+07
3.123206007488744973e+01 6.468748825151012793e-01 1.303359000000000000e+07
3.126270582930477815e+01 6.455021355583108189e-01 1.308369800000000000e+07
3.129336027402579745e+01 6.440635627863657842e-01 1.309470600000000000e+07
3.132399628986673790e+01 6.426831858094084193e-01 1.311900200000000000e+07
3.135463242066359157e+01 6.414234769005283665e-01 1.314631800000000000e+07
