# k_mean_over_bin [h Mpc^-1] P_bin [h^-3 Mpc^3] N_modes
3.911336014668146538e-02 1.230470920138888869e+04 1.800000000000000000e+01
6.837341045179674837e-02 1.043365423387096780e+04 6.200000000000000000e+01
9.606098566128283556e-02 4.548766581632652560e+03 9.800000000000000000e+01
1.244554894311087484e-01 4.294571130952381282e+03 2.100000000000000000e+02
1.562393171446664064e-01 3.065581785714285616e+03 3.500000000000000000e+02
1.876351697577370581e-01 2.446634722222222081e+03 4.500000000000000000e+02
2.167467008100395498e-01 2.085874169435216118e+03 6.020000000000000000e+02
2.459661192468458046e-01 1.789149442257217743e+03 7.620000000000000000e+02
2.776061288634031343e-01 1.409361646234676073e+03 1.142000000000000000e+03
3.093581660270691147e-01 1.252854400000000169e+03 1.250000000000000000e+03
3.390238072074162612e-01 1.142749571330589788e+03 1.458000000000000000e+03
3.686891987081925004e-01 1.011104878721058412e+03 1.814000000000000000e+03
3.998179640432800719e-01 1.004153925619834695e+03 2.178000000000000000e+03
4.307427349283372564e-01 9.445578462770215538e+02 2.498000000000000000e+03
4.602541775534300106e-01 8.135654080854310450e+02 2.622000000000000000e+03
4.905365640492836410e-01 7.823389754343918412e+02 3.338000000000000000e+03
5.220185972105617633e-01 7.207143336915637519e+02 3.722000000000000000e+03
5.533037531861869640e-01 6.569115707434052638e+02 4.170000000000000000e+03
5.834579143079938746e-01 6.227239559430931877e+02 4.358000000000000000e+03
6.135626871243894387e-01 5.927671831545491159e+02 5.034000000000000000e+03
6.446289557821482941e-01 5.804693734686734388e+02 5.714000000000000000e+03
6.753962663893156027e-01 5.637783350050150375e+02 5.982000000000000000e+03
7.056079657646209258e-01 5.344380490760376006e+02 6.602000000000000000e+03
7.358702805567255423e-01 5.110980364656381880e+02 7.130000000000000000e+03
7.666965816517745669e-01 4.977341610654717670e+02 8.034000000000000000e+03
7.977642657007141258e-01 4.728081570996978940e+02 8.606000000000000000e+03
8.284170882817059045e-01 4.571633300242664859e+02 9.066000000000000000e+03
8.590304504147353581e-01 4.460066753663923009e+02 9.962000000000000000e+03
8.897547830450591722e-01 4.225804739336492730e+02 1.055000000000000000e+04
9.202467144416993650e-01 4.062632727596650852e+02 1.122600000000000000e+04
9.507708295887784544e-01 4.008722624732422446e+02 1.214600000000000000e+04
9.811824151074982625e-01 3.943764873869586154e+02 1.260600000000000000e+04
1.011684221748752277e+00 3.800882480799884320e+02 1.380200000000000000e+04
1.042628223097419760e+00 3.676265758438389071e+02 1.475400000000000000e+04
1.073331423130289064e+00 3.619349743319731374e+02 1.519400000000000000e+04
1.103867755953996443e+00 3.510736902880758521e+02 1.645400000000000000e+04
1.134626123126019959e+00 3.352856476623528010e+02 1.715400000000000000e+04
1.165311979605310189e+00 3.246827438957625986e+02 1.826600000000000000e+04
1.195715701344807869e+00 3.166625066666666726e+02 1.875000000000000000e+04
1.226212543355766904e+00 3.117240782840763131e+02 2.023400000000000000e+04
1.257106684237927041e+00 3.093053146853146700e+02 2.145000000000000000e+04
1.287903710180657191e+00 2.980214233676350091e+02 2.196200000000000000e+04
1.318485981586206890e+00 2.827079959082772120e+02 2.346200000000000000e+04
1.349079736575599542e+00 2.779244447217369611e+02 2.404200000000000000e+04
1.379852114035814425e+00 2.764276189007939593e+02 2.594600000000000000e+04
1.410480275290311170e+00 2.719299142353932552e+02 2.611800000000000000e+04
1.440742128148283729e+00 2.608725187231876816e+02 2.750600000000000000e+04
1.471255328685920905e+00 2.504210417670130084e+02 2.906600000000000000e+04
1.502136784696030958e+00 2.484264532019704461e+02 3.045000000000000000e+04
1.533052783826297283e+00 2.449604939827358123e+02 3.174200000000000000e+04
1.563639454531115192e+00 2.370259689922480675e+02 3.225000000000000000e+04
1.594207740129345519e+00 2.337013138686131413e+02 3.425000000000000000e+04
1.624993071443384896e+00 2.295576380662266729e+02 3.545400000000000000e+04
1.655631361837712090e+00 2.221271614426085534e+02 3.643400000000000000e+04
1.686043534699749769e+00 2.188840693169152303e+02 3.768200000000000000e+04
1.716490578110202225e+00 2.111932737822568242e+02 3.929400000000000000e+04
1.747331588627294874e+00 2.098826582339593756e+02 4.142600000000000000e+04
1.778105141829419589e+00 2.042526743688489432e+02 4.206600000000000000e+04
1.808604007799013091e+00 1.999307886870545019e+02 4.349000000000000000e+04
1.839287024270282567e+00 1.954045993610783114e+02 4.570200000000000000e+04
1.870041864274240018e+00 1.907925333447699359e+02 4.663400000000000000e+04
1.900737122550122393e+00 1.870834946657330136e+02 4.855400000000000000e+04
1.931106014629314860e+00 1.817193984039287784e+02 4.887000000000000000e+04
1.961523677526103127e+00 1.784742406020871215e+02 5.155400000000000000e+04
1.992455947436605701e+00 1.750678129044185596e+02 5.409000000000000000e+04
2.023265045582995914e+00 1.717878815774938062e+02 5.431400000000000000e+04
2.053922539849919016e+00 1.700214022140221459e+02 5.691000000000000000e+04
2.084529483730196198e+00 1.649925193973765829e+02 5.748200000000000000e+04
2.115224791136270266e+00 1.641381255566918469e+02 6.062600000000000000e+04
2.145940900281321451e+00 1.603695552723589230e+02 6.120600000000000000e+04
2.176332471415279191e+00 1.559632411698897272e+02 6.257000000000000000e+04
2.206919797950731787e+00 1.525618895481515267e+02 6.573000000000000000e+04
2.237635070960208417e+00 1.485462615841406091e+02 6.668600000000000000e+04
2.268416329433683210e+00 1.471963614450916964e+02 6.969800000000000000e+04
2.299091711246687986e+00 1.448216376774340972e+02 7.002600000000000000e+04
2.329659180150480235e+00 1.421835152448244628e+02 7.274600000000000000e+04
2.360394721737119283e+00 1.399663062341476518e+02 7.491000000000000000e+04
2.390975199166128995e+00 1.396516468133435467e+02 7.572200000000000000e+04
2.421460073556194192e+00 1.357318890504988644e+02 7.837800000000000000e+04
2.452028836611731322e+00 1.334678745470448575e+02 8.003000000000000000e+04
2.482752885913177110e+00 1.304747914312504520e+02 8.318600000000000000e+04
2.513535292349708072e+00 1.273277702974039016e+02 8.466600000000000000e+04
2.544225237245184790e+00 1.251205948281838545e+02 8.654600000000000000e+04
2.574773866485851048e+00 1.235919395465994910e+02 8.813400000000000000e+04
2.605444086916172797e+00 1.213934540846424284e+02 9.153800000000000000e+04
2.636246016268779524e+00 1.188816594730400027e+02 9.313800000000000000e+04
2.666818018924998590e+00 1.172564512373250949e+02 9.447800000000000000e+04
2.697363618359566839e+00 1.147275839381540834e+02 9.727400000000000000e+04
2.728019604504508866e+00 1.129328317785134033e+02 9.969000000000000000e+04
2.758802868025683530e+00 1.102938590505897309e+02 1.025900000000000000e+05
2.789534229339404092e+00 1.095881564999518218e+02 1.037700000000000000e+05
2.820110463944515811e+00 1.081347770485020590e+02 1.063460000000000000e+05
2.850758474967378220e+00 1.053865457962522783e+02 1.085460000000000000e+05
2.881313531403897787e+00 1.043086447627476758e+02 1.107260000000000000e+05
2.911785445579514686e+00 1.033010808212104621e+02 1.123220000000000000e+05
2.942296885913312732e+00 1.009406074726033324e+02 1.158900000000000000e+05
2.973018636090491551e+00 9.918573497465604305e+01 1.187660000000000000e+05
3.003960234284211772e+00 9.876552355721270260e+01 1.222980000000000000e+05
3.034645244098625572e+00 9.692823327053812932e+01 1.220900000000000000e+05
3.065200286165120414e+00 9.523859788570065632e+01 1.258100000000000000e+05
3.095834962651569544e+00 9.351879241750525296e+01 1.281900000000000000e+05
3.126534896692137799e+00 9.291146922759820370e+01 1.309940000000000000e+05
3.157254587660618839e+00 9.083290707587381974e+01 1.337220000000000000e+05
3.187691458898155972e+00 8.911675604618855573e+01 1.338860000000000000e+05
3.218359550987105244e+00 8.890937682335027148e+01 1.405380000000000000e+05
3.249147146635412042e+00 8.690636158015277601e+01 1.405940000000000000e+05
3.279708286755456559e+00 8.588450770923576272e+01 1.435940000000000000e+05
3.310282650626811485e+00 8.485110382065477097e+01 1.463100000000000000e+05
3.341041738096756752e+00 8.422545635579156453e+01 1.506500000000000000e+05
3.371829763035033789e+00 8.262095001119054416e+01 1.519140000000000000e+05
3.402297796942758357e+00 8.099463487138032747e+01 1.533980000000000000e+05
3.432832982060985749e+00 8.049480572130794087e+01 1.578660000000000000e+05
3.463520961645436547e+00 7.961034620124736705e+01 1.606580000000000000e+05
3.494268698776064941e+00 7.783491974503661481e+01 1.641020000000000000e+05
3.524882682212484575e+00 7.706417203049808506e+01 1.649940000000000000e+05
3.555471568173579122e+00 7.612316161318810259e+01 1.698500000000000000e+05
3.586282686546968357e+00 7.513977431699674980e+01 1.729860000000000000e+05
3.616919594142721461e+00 7.342939376861767187e+01 1.738940000000000000e+05
3.647368063767713497e+00 7.281942888821006932e+01 1.767780000000000000e+05
3.677992804816497596e+00 7.208417949197479402e+01 1.818020000000000000e+05
3.708738931120072024e+00 7.117005367890257617e+01 1.844300000000000000e+05
3.739459730643931668e+00 7.001140769699105704e+01 1.872420000000000000e+05
3.770116200383169858e+00 6.914345860709593694e+01 1.902500000000000000e+05
3.800728857439862107e+00 6.847880770628862024e+01 1.925700000000000000e+05
3.831471188539541384e+00 6.781625591413035181e+01 1.982540000000000000e+05
3.862151110977656732e+00 6.718197744277391337e+01 1.980740000000000000e+05
3.892653862982213830e+00 6.561559514971541773e+01 2.020500000000000000e+05
3.923205785510675891e+00 6.509424725793422795e+01 2.055020000000000000e+05
3.953960730198294637e+00 6.410138797907588071e+01 2.106660000000000000e+05
3.984703376546768538e+00 6.299496295180439631e+01 2.124260000000000000e+05
4.015247109978196782e+00 6.224735646369169473e+01 2.139180000000000000e+05
4.045907609536984140e+00 6.164357403368416755e+01 2.209940000000000000e+05
4.076640767458163062e+00 6.137056816027301664e+01 2.215220000000000000e+05
4.107291653286554656e+00 6.033328030965825661e+01 2.263140000000000000e+05
4.137850364426196137e+00 5.934009256733569515e+01 2.272940000000000000e+05
4.168439512608713038e+00 5.873743786540294565e+01 2.329620000000000000e+05
4.199236749561098492e+00 5.818586902589375853e+01 2.378180000000000000e+05
4.229947929265353679e+00 5.780973833673100870e+01 2.383980000000000000e+05
4.260462426058084340e+00 5.677246104267288018e+01 2.414180000000000000e+05
4.291046899785903257e+00 5.636961242697047680e+01 2.468180000000000000e+05
4.321739014984441241e+00 5.560798460221042916e+01 2.499060000000000000e+05
4.352456027103726477e+00 5.478466992799427970e+01 2.547020000000000000e+05
4.383033077269767652e+00 5.432470579911797870e+01 2.544180000000000000e+05
4.413534074271517227e+00 5.363746283905759071e+01 2.603540000000000000e+05
4.444200357558366399e+00 5.286329224754126699e+01 2.649740000000000000e+05
4.474952179323342882e+00 5.242430467174254716e+01 2.687220000000000000e+05
4.505641422859886447e+00 5.169578954345600863e+01 2.715620000000000000e+05
4.536316088749490660e+00 5.091864971370098658e+01 2.755860000000000000e+05
4.567046341728766556e+00 5.048646275741461409e+01 2.801900000000000000e+05
4.597751251862217892e+00 5.016137380937227874e+01 2.828340000000000000e+05
4.628349450743415083e+00 4.952396114598310106e+01 2.851700000000000000e+05
4.658885037465664958e+00 4.901550609549961024e+01 2.898860000000000000e+05
4.689537847550620420e+00 4.835309059543457266e+01 2.944740000000000000e+05
4.720267580499146298e+00 4.788985569185770430e+01 2.994980000000000000e+05
4.750887740307660145e+00 4.744103841204434957e+01 2.999580000000000000e+05
4.781458163146202089e+00 4.693545370727592569e+01 3.058580000000000000e+05
4.812139804037513180e+00 4.623145877977052010e+01 3.107940000000000000e+05
4.842826296526053120e+00 4.601207032023559407e+01 3.130820000000000000e+05
4.873346903503020577e+00 4.537180347164652972e+01 3.160460000000000000e+05
4.903952058997482766e+00 4.496363331657449436e+01 3.222180000000000000e+05
4.934760029521842561e+00 4.443826431541079103e+01 3.285620000000000000e+05
4.965452501381958150e+00 4.397710296045611500e+01 3.279900000000000000e+05
4.996086282036240611e+00 4.343617909699894852e+01 3.352820000000000000e+05
5.026695485686597742e+00 4.296794058993362597e+01 3.359700000000000000e+05
5.057355002192011284e+00 4.255384141414728560e+01 3.440660000000000000e+05
5.087967611864264939e+00 4.235621643323887042e+01 3.437180000000000000e+05
5.118544807508640382e+00 4.189445743645767806e+01 3.514980000000000000e+05
5.149234444935959054e+00 4.145565624136004601e+01 3.544580000000000000e+05
5.179860758536608323e+00 4.104300463512993247e+01 3.585660000000000000e+05
5.210624402206279093e+00 4.082825943264813162e+01 3.661220000000000000e+05
5.241317970278694283e+00 4.023655449550312824e+01 3.658100000000000000e+05
5.271888078465520877e+00 3.990807056632815630e+01 3.716220000000000000e+05
5.302538962989003402e+00 3.943458533030484858e+01 3.759860000000000000e+05
5.333241296744681392e+00 3.907152837742366103e+01 3.821700000000000000e+05
5.363843287577101826e+00 3.866601888858041747e+01 3.818180000000000000e+05
5.394377881285376652e+00 3.846013080955094665e+01 3.895740000000000000e+05
5.425045278876105215e+00 3.784545768584041525e+01 3.936980000000000000e+05
5.455748191050116880e+00 3.766021208737839743e+01 3.994580000000000000e+05
5.486417791867136629e+00 3.728527778192142961e+01 4.022220000000000000e+05
5.517054280059129567e+00 3.703222239151483564e+01 4.069220000000000000e+05
5.547729067425179572e+00 3.668552375969499479e+01 4.128420000000000000e+05
5.578396539675297916e+00 3.628269202062858767e+01 4.153460000000000000e+05
5.609013027442932398e+00 3.579829859775583856e+01 4.211820000000000000e+05
5.639660721036475977e+00 3.550390806977586777e+01 4.250180000000000000e+05
5.670338352606606236e+00 3.538663954464695394e+01 4.311380000000000000e+05
5.701002224415820052e+00 3.504863000768908421e+01 4.343820000000000000e+05
5.731652461074824068e+00 3.466634509935974506e+01 4.395140000000000000e+05
5.762312139234633257e+00 3.426136511833933440e+01 4.447380000000000000e+05
5.792988623860222397e+00 3.411964536321311670e+01 4.489100000000000000e+05
5.823527921889432690e+00 3.389418531882881069e+01 4.506180000000000000e+05
5.854115639221332934e+00 3.357515982887755968e+01 4.595540000000000000e+05
5.884803383516547193e+00 3.328852789642112242e+01 4.631060000000000000e+05
5.915403549749584933e+00 3.300392854543196819e+01 4.670940000000000000e+05
5.946097918579516417e+00 3.262035886789433192e+01 4.749380000000000000e+05
5.976784376694718404e+00 3.244088259085555848e+01 4.771860000000000000e+05
6.007474398726609266e+00 3.215390471867456768e+01 4.846700000000000000e+05
6.038161603080837381e+00 3.189816225539517092e+01 4.870100000000000000e+05
6.068803116216009208e+00 3.154829783869908510e+01 4.933140000000000000e+05
6.099443541903901256e+00 3.126246871990360887e+01 4.963220000000000000e+05
6.130013467858260512e+00 3.118798011568620510e+01 5.017020000000000000e+05
6.160659038280898336e+00 3.072497355288047771e+01 5.085620000000000000e+05
6.191382862441213497e+00 3.051554521023176036e+01 5.142420000000000000e+05
6.222022549110604928e+00 3.027243014735797999e+01 5.161580000000000000e+05
6.252618937652392184e+00 3.004258881519779933e+01 5.226020000000000000e+05
6.283314506372367880e+00 2.966009934835619433e+01 5.306580000000000000e+05
6.313956888688901259e+00 2.944885688303945770e+01 5.300420000000000000e+05
6.344526529636881129e+00 2.927818355917294824e+01 5.388780000000000000e+05
6.375193447856655204e+00 2.915493356367044697e+01 5.441300000000000000e+05
6.405923794226229262e+00 2.880387983436943244e+01 5.511060000000000000e+05
6.436615537335857340e+00 2.860164590185240741e+01 5.539820000000000000e+05
6.467240689922951979e+00 2.829602573794160847e+01 5.582420000000000000e+05
6.497840343194827284e+00 2.808682551997534205e+01 5.645460000000000000e+05
6.528490514375480558e+00 2.776210968038226667e+01 5.704940000000000000e+05
6.559189482379200520e+00 2.759940842149794804e+01 5.767620000000000000e+05
6.589792657935158005e+00 2.743611409913633636e+01 5.782340000000000000e+05
6.620368275030441119e+00 2.717694214791365681e+01 5.856660000000000000e+05
6.651059279332403484e+00 2.696083580342032704e+01 5.944460000000000000e+05
6.681735101215181771e+00 2.676440655186896223e+01 5.952500000000000000e+05
6.712352184571596325e+00 2.655445623315799253e+01 6.034020000000000000e+05
6.742994392514953361e+00 2.646025071536528728e+01 6.073820000000000000e+05
6.773707641956070447e+00 2.630306153871088171e+01 6.170100000000000000e+05
6.804368332827349874e+00 2.603363122549766828e+01 6.167780000000000000e+05
6.834957329072475218e+00 2.583562279710474385e+01 6.247460000000000000e+05
6.865533884427167166e+00 2.576304887097133545e+01 6.280620000000000000e+05
6.896209472882897096e+00 2.550082263336513222e+01 6.394100000000000000e+05
6.926963358802590953e+00 2.525412393421613544e+01 6.429540000000000000e+05
6.957595884588287483e+00 2.509210897033007726e+01 6.459740000000000000e+05
6.988217027338134990e+00 2.482656352813355838e+01 6.534900000000000000e+05
7.018912144628523642e+00 2.468566438540679897e+01 6.607460000000000000e+05
7.049598360905487304e+00 2.448078074644246982e+01 6.646460000000000000e+05
7.080168728874950190e+00 2.436185766308501499e+01 6.672900000000000000e+05
7.110800747994752591e+00 2.420991585104722432e+01 6.790340000000000000e+05
7.141530300546490295e+00 2.396857725399210537e+01 6.827220000000000000e+05
7.172250636009499303e+00 2.385975163402475019e+01 6.912380000000000000e+05
7.202854517584712291e+00 2.367364312040917795e+01 6.886020000000000000e+05
7.233403056127952091e+00 2.348505905888194789e+01 7.008260000000000000e+05
7.264069579203881410e+00 2.329783522422916420e+01 7.056620000000000000e+05
7.294683413182806220e+00 2.319904180080610345e+01 7.100820000000000000e+05
7.325311269352252630e+00 2.296300833470066394e+01 7.191620000000000000e+05
7.355966981418407435e+00 2.288064382139148378e+01 7.222500000000000000e+05
7.386612648734541153e+00 2.267173244384902731e+01 7.315100000000000000e+05
7.417310529501340177e+00 2.250094236884914523e+01 7.364420000000000000e+05
7.447945213101880846e+00 2.234156658541391849e+01 7.408980000000000000e+05
7.478607010838381974e+00 2.217565232924263796e+01 7.501580000000000000e+05
7.509321067315616105e+00 2.209659197791396323e+01 7.548660000000000000e+05
7.539974932446685152e+00 2.191969254468170192e+01 7.608260000000000000e+05
7.570585192452028878e+00 2.180084263265770872e+01 7.640340000000000000e+05
7.601198673865714461e+00 2.162587905087058715e+01 7.738460000000000000e+05
7.631877298250918429e+00 2.149981916446286689e+01 7.797140000000000000e+05
7.662521884307726516e+00 2.135125727705995047e+01 7.843140000000000000e+05
7.693137071617793588e+00 2.124896947211193066e+01 7.913420000000000000e+05
7.723811426513647049e+00 2.107730237235727344e+01 7.994580000000000000e+05
7.754494077568185872e+00 2.093156447136635023e+01 8.049620000000000000e+05
7.785135803531300525e+00 2.079169415107158159e+01 8.095500000000000000e+05
7.815694237908749287e+00 2.066633311123623074e+01 8.134580000000000000e+05
7.846343679982115127e+00 2.058518591929920305e+01 8.274020000000000000e+05
7.877043316447378984e+00 2.043478176916262967e+01 8.286180000000000000e+05
7.907673669198284294e+00 2.026001352581734594e+01 8.369180000000000000e+05
7.938328804946242379e+00 2.012934080301444695e+01 8.428740000000000000e+05
7.968975407284135670e+00 2.000509573338294089e+01 8.493380000000000000e+05
7.999667994830390150e+00 1.987226145653606224e+01 8.589420000000000000e+05
8.030349243530407577e+00 1.980970013171068089e+01 8.609780000000000000e+05
8.060946961497052143e+00 1.960984906938017858e+01 8.683460000000000000e+05
8.091572720963124965e+00 1.950112551619486467e+01 8.751540000000000000e+05
8.122271484065059610e+00 1.929575023639888087e+01 8.862140000000000000e+05
8.152953690965352607e+00 1.916269640027677923e+01 8.873460000000000000e+05
8.183566695722484852e+00 1.910533572592196805e+01 8.949860000000000000e+05
8.214194695410645508e+00 1.898650825123452890e+01 9.027740000000000000e+05
8.244899107337827715e+00 1.888298611796332693e+01 9.121140000000000000e+05
8.275572896457878969e+00 1.870905089035721502e+01 9.150260000000000000e+05
8.306162294726084028e+00 1.863380652116738645e+01 9.201420000000000000e+05
8.336764679477866480e+00 1.851131364800884427e+01 9.297620000000000000e+05
8.367430340319790716e+00 1.841653496114953725e+01 9.376980000000000000e+05
8.398127428085201629e+00 1.830173948571174591e+01 9.447620000000000000e+05
8.428757837489422755e+00 1.817194338225833761e+01 9.482540000000000000e+05
8.459372296062671381e+00 1.808786352871335978e+01 9.568020000000000000e+05
8.490063465610685256e+00 1.797074379584522674e+01 9.676580000000000000e+05
8.520744025357005924e+00 1.783973220638917923e+01 9.697020000000000000e+05
8.551309344016351233e+00 1.780619039308482954e+01 9.740900000000000000e+05
8.581943800972473113e+00 1.765563763427154242e+01 9.884820000000000000e+05
8.612642412703635841e+00 1.754745895640497722e+01 9.919940000000000000e+05
8.643308537119485990e+00 1.748033725262979132e+01 1.001030000000000000e+06
8.673970834036897060e+00 1.737667710975185287e+01 1.005450000000000000e+06
8.704610753383335009e+00 1.723168905575207788e+01 1.013738000000000000e+06
8.735274622149603374e+00 1.716740562390502234e+01 1.021710000000000000e+06
8.765876554462561643e+00 1.704589762276456710e+01 1.023626000000000000e+06
8.796472033298300630e+00 1.696312536564738949e+01 1.035834000000000000e+06
8.827113104195804638e+00 1.689976998153318632e+01 1.040786000000000000e+06
8.857794945353973048e+00 1.676174651492680567e+01 1.053206000000000000e+06
8.888492903056484096e+00 1.667829010730348926e+01 1.057002000000000000e+06
8.919147318144009517e+00 1.655563409274197539e+01 1.063898000000000000e+06
8.949810470249602190e+00 1.650104308237833806e+01 1.072782000000000000e+06
8.980482087512241307e+00 1.640556308431573029e+01 1.078826000000000000e+06
9.011149622969513828e+00 1.632196793520123634e+01 1.087922000000000000e+06
9.041778006101507614e+00 1.622164817046219554e+01 1.090494000000000000e+06
9.072395809677630041e+00 1.615612305490837741e+01 1.101362000000000000e+06
9.103062344101488179e+00 1.608658481422812159e+01 1.109802000000000000e+06
9.133716582676932205e+00 1.595116615852290742e+01 1.114514000000000000e+06
9.164343279595041025e+00 1.584018698739952669e+01 1.123926000000000000e+06
9.194939762742391665e+00 1.579586247075896210e+01 1.125986000000000000e+06
9.225588868133300480e+00 1.572108706716079851e+01 1.143554000000000000e+06
9.256279045055194388e+00 1.563570161875060016e+01 1.144710000000000000e+06
9.286922908321361803e+00 1.556285950479108671e+01 1.154018000000000000e+06
9.317551510994961816e+00 1.547022057619128965e+01 1.159962000000000000e+06
9.348218920250847219e+00 1.539882458031095247e+01 1.170986000000000000e+06
9.378902337186493909e+00 1.530550986213886056e+01 1.178142000000000000e+06
9.409551722439367438e+00 1.524629948743271690e+01 1.182674000000000000e+06
9.440170036212245819e+00 1.512296872717258367e+01 1.191002000000000000e+06
9.470808264249194863e+00 1.505761896907628739e+01 1.200438000000000000e+06
9.501473313875692384e+00 1.497642369152481123e+01 1.208162000000000000e+06
9.532125831626755641e+00 1.486945323544465580e+01 1.215258000000000000e+06
9.562784141325121112e+00 1.481677169329501531e+01 1.224134000000000000e+06
9.593416274997863979e+00 1.471189903004910882e+01 1.228722000000000000e+06
9.624083196782743599e+00 1.465314997176536416e+01 1.243154000000000000e+06
9.654771367964533724e+00 1.459252919062752341e+01 1.245434000000000000e+06
9.685402552280704569e+00 1.450397001811724174e+01 1.255158000000000000e+06
9.715969395840117429e+00 1.443321094925972226e+01 1.255610000000000000e+06
9.746617449311713699e+00 1.433672260132972198e+01 1.277562000000000000e+06
9.777290304407999955e+00 1.426229937838096617e+01 1.274414000000000000e+06
9.807885176827742413e+00 1.419704757564965369e+01 1.285994000000000000e+06
9.838572910167970420e+00 1.414462168255653651e+01 1.299570000000000000e+06
9.869276202679451160e+00 1.406790761541545187e+01 1.302122000000000000e+06
9.899918968135150266e+00 1.400217635656254700e+01 1.311366000000000000e+06
9.930567900523143976e+00 1.396715095521025951e+01 1.319186000000000000e+06
9.961220892975154229e+00 1.386590971754528034e+01 1.327434000000000000e+06
9.991891019630978477e+00 1.379856187195934503e+01 1.337294000000000000e+06
1.002255517125434281e+01 1.375646779322723212e+01 1.342730000000000000e+06
1.005316914398451544e+01 1.367364890379617570e+01 1.350570000000000000e+06
1.008383306751157882e+01 1.360649204823167580e+01 1.362590000000000000e+06
1.011452669049533171e+01 1.353238305086230575e+01 1.369698000000000000e+06
1.014516461762413080e+01 1.349735474364214838e+01 1.374914000000000000e+06
1.017577620860668830e+01 1.340156696083320753e+01 1.383570000000000000e+06
1.020642519374937507e+01 1.335331746184177071e+01 1.395374000000000000e+06
1.023705093164075741e+01 1.330816166712240722e+01 1.396994000000000000e+06
1.026765629299071136e+01 1.319572945668884145e+01 1.411530000000000000e+06
1.029830666316376231e+01 1.312945355939090319e+01 1.417574000000000000e+06
1.032896362286516911e+01 1.310758702550471178e+01 1.428834000000000000e+06
1.035966663242073871e+01 1.301393311271992381e+01 1.439018000000000000e+06
1.039031911060697233e+01 1.293936550199972579e+01 1.440698000000000000e+06
1.042093797488244000e+01 1.291535581761071150e+01 1.453638000000000000e+06
1.045161990055933643e+01 1.282375330218268594e+01 1.463426000000000000e+06
1.048230905031899418e+01 1.276149824954964096e+01 1.471050000000000000e+06
1.051294965218652244e+01 1.269681262435342894e+01 1.476638000000000000e+06
1.054355485794442338e+01 1.262213752285333612e+01 1.484466000000000000e+06
1.057423043832554121e+01 1.257415295166252101e+01 1.501154000000000000e+06
1.060491061368286125e+01 1.252671295180281774e+01 1.501706000000000000e+06
1.063551747879349385e+01 1.244107119937651440e+01 1.511502000000000000e+06
1.066612943100288469e+01 1.239379858627026998e+01 1.520234000000000000e+06
1.069681502375580706e+01 1.233834698145289011e+01 1.535010000000000000e+06
1.072753921292190249e+01 1.228272377504117685e+01 1.543358000000000000e+06
1.075810936250636551e+01 1.223118676558875961e+01 1.535754000000000000e+06
1.078871245727466643e+01 1.221593786306510410e+01 1.564802000000000000e+06
1.081940715839958322e+01 1.213287584818795217e+01 1.563038000000000000e+06
1.085006912710444915e+01 1.209082465696839748e+01 1.578426000000000000e+06
1.088072708694015844e+01 1.202635629112440085e+01 1.581482000000000000e+06
1.091135924400057711e+01 1.196241419375098047e+01 1.592250000000000000e+06
1.094200406382756974e+01 1.192347665441291227e+01 1.602230000000000000e+06
1.097260696004568814e+01 1.188100606074202048e+01 1.604754000000000000e+06
1.100323988183271950e+01 1.184545088323812401e+01 1.623458000000000000e+06
1.103388999676240978e+01 1.176156956385276686e+01 1.624910000000000000e+06
1.106457698538006440e+01 1.171168338883073723e+01 1.645122000000000000e+06
1.109527667386575978e+01 1.167661522189735912e+01 1.645130000000000000e+06
1.112591330354135621e+01 1.160235331634964240e+01 1.655706000000000000e+06
1.115654526125968005e+01 1.155393982093198524e+01 1.663502000000000000e+06
1.118719498215796371e+01 1.152658467789585650e+01 1.675514000000000000e+06
1.121787429068015562e+01 1.142786498292883479e+01 1.685298000000000000e+06
1.124851237891747147e+01 1.142093768458882330e+01 1.689566000000000000e+06
1.127910286336602752e+01 1.133611096386606576e+01 1.697850000000000000e+06
1.130978165659318968e+01 1.128917701359172199e+01 1.718546000000000000e+06
1.134049191158932857e+01 1.129524799659499656e+01 1.719822000000000000e+06
1.137111294866358691e+01 1.118814006368637415e+01 1.726586000000000000e+06
1.140173420596685006e+01 1.117359385367637437e+01 1.739186000000000000e+06
1.143241645198721024e+01 1.109976260863309960e+01 1.751538000000000000e+06
1.146309378911906585e+01 1.105432800435934482e+01 1.758062000000000000e+06
1.149371033408863774e+01 1.102182630841572042e+01 1.763010000000000000e+06
1.152434210102386203e+01 1.098228761043537638e+01 1.778642000000000000e+06
1.155502891721602587e+01 1.091948817554912132e+01 1.788582000000000000e+06
1.158569884908570913e+01 1.087890208419464244e+01 1.794746000000000000e+06
1.161631920000943374e+01 1.081259253919225571e+01 1.803290000000000000e+06
1.164692839895572440e+01 1.079480944287814026e+01 1.811058000000000000e+06
1.167758201264465789e+01 1.073435946351863279e+01 1.828358000000000000e+06
1.170824671228167269e+01 1.069091856225039017e+01 1.831362000000000000e+06
1.173887056645718729e+01 1.064469854943776284e+01 1.842458000000000000e+06
1.176945759162609839e+01 1.060000064970292399e+01 1.846998000000000000e+06
1.180012033129267301e+01 1.055272689530164421e+01 1.869122000000000000e+06
1.183084921812949553e+01 1.051806969503492439e+01 1.876346000000000000e+06
1.186151413816298650e+01 1.049437458566240267e+01 1.879506000000000000e+06
1.189215148075095030e+01 1.044114220160711781e+01 1.893326000000000000e+06
1.192281647950092704e+01 1.039342295246778747e+01 1.901826000000000000e+06
1.195347780224454937e+01 1.033327336003539720e+01 1.911962000000000000e+06
1.198410945486709878e+01 1.030656451288506936e+01 1.919198000000000000e+06
1.201473998051305792e+01 1.025294755787098211e+01 1.930242000000000000e+06
1.204539491969681819e+01 1.021282591706727949e+01 1.942442000000000000e+06
1.207606591889535608e+01 1.016367394327300744e+01 1.951734000000000000e+06
1.210668159911830344e+01 1.013060434631855777e+01 1.955402000000000000e+06
1.213729590584212836e+01 1.010108030091416431e+01 1.971858000000000000e+06
1.216799463550970195e+01 1.004637417136800082e+01 1.984898000000000000e+06
1.219864337641968355e+01 1.001085368567202671e+01 1.986422000000000000e+06
1.222922477881376047e+01 9.952678812070860914e+00 1.996146000000000000e+06
1.225989282685840820e+01 9.924710947268017946e+00 2.017106000000000000e+06
1.229058821881884178e+01 9.879657811047797722e+00 2.020638000000000000e+06
1.232123136247960460e+01 9.849845221071220180e+00 2.029346000000000000e+06
1.235186527658106037e+01 9.822743926757544486e+00 2.041002000000000000e+06
1.238252216979992326e+01 9.783706159058226604e+00 2.051450000000000000e+06
1.241320937502392674e+01 9.748280398821618675e+00 2.065886000000000000e+06
1.244383941472429633e+01 9.703192856928351873e+00 2.064546000000000000e+06
1.247445220519574072e+01 9.668662521306989888e+00 2.082650000000000000e+06
1.250512629307856827e+01 9.661078607968185850e+00 2.095182000000000000e+06
1.253580287130877480e+01 9.613953151932141949e+00 2.101346000000000000e+06
1.256646238438352015e+01 9.560635181139312877e+00 2.115554000000000000e+06
1.259708474717591109e+01 9.501696402152715493e+00 2.115654000000000000e+06
1.262774588521747354e+01 9.478406550755558158e+00 2.141066000000000000e+06
1.265841835076503408e+01 9.446598865494026498e+00 2.139786000000000000e+06
1.268903676420887017e+01 9.423321788568173929e+00 2.152202000000000000e+06
1.271964770975900549e+01 9.375008676193358426e+00 2.161086000000000000e+06
1.275028968623544934e+01 9.363803722143435593e+00 2.176058000000000000e+06
1.278098460469567499e+01 9.326981063694017138e+00 2.190818000000000000e+06
1.281164046729207939e+01 9.271923795545552238e+00 2.191158000000000000e+06
1.284225815563851825e+01 9.253693578329436065e+00 2.205314000000000000e+06
1.287289056249479380e+01 9.216330543060562874e+00 2.215554000000000000e+06
1.290355625633802639e+01 9.169526782936317844e+00 2.230562000000000000e+06
1.293423770049094124e+01 9.139396342405433415e+00 2.239614000000000000e+06
1.296488169854081285e+01 9.103951274120477777e+00 2.245706000000000000e+06
1.299551871653742019e+01 9.078987499966810759e+00 2.259674000000000000e+06
1.302618975751721919e+01 9.037116611106565500e+00 2.273214000000000000e+06
1.305685244694570457e+01 9.014763020218518719e+00 2.278802000000000000e+06
1.308750998994310244e+01 8.988239930184121818e+00 2.294034000000000000e+06
1.311813220161915972e+01 8.959314875931504218e+00 2.294942000000000000e+06
1.314876333796909336e+01 8.916285794436891621e+00 2.317050000000000000e+06
1.317943307318251733e+01 8.896379521293312109e+00 2.322842000000000000e+06
1.321006023701692200e+01 8.849221515267224447e+00 2.330810000000000000e+06
1.324068959969416603e+01 8.828823874937231864e+00 2.345958000000000000e+06
1.327132733229817774e+01 8.802421496388914690e+00 2.353586000000000000e+06
1.330202137818103125e+01 8.776002962701108245e+00 2.376210000000000000e+06
1.333270765674768299e+01 8.730194373388609819e+00 2.374502000000000000e+06
1.336332360429498145e+01 8.700983009169668492e+00 2.386346000000000000e+06
1.339396115374925600e+01 8.673743625365112564e+00 2.401314000000000000e+06
1.342462950449915837e+01 8.640677600613738463e+00 2.411450000000000000e+06
1.345527227069447385e+01 8.600995241907567035e+00 2.420718000000000000e+06
1.348587288323711597e+01 8.581655023551439498e+00 2.425754000000000000e+06
1.351655033488228952e+01 8.563497009226878731e+00 2.455218000000000000e+06
1.354723943126051466e+01 8.530122703842032195e+00 2.450942000000000000e+06
1.357787602620414091e+01 8.489162711328546607e+00 2.467130000000000000e+06
1.360850969175125869e+01 8.473725935138515908e+00 2.474874000000000000e+06
1.363916260858142593e+01 8.437193468258831430e+00 2.490362000000000000e+06
1.366981104919095991e+01 8.417918597101365918e+00 2.498142000000000000e+06
1.370042868629872679e+01 8.370531572460501835e+00 2.507090000000000000e+06
1.373107732768572298e+01 8.364437697431304386e+00 2.525562000000000000e+06
1.376175426428364190e+01 8.334015589850737982e+00 2.534726000000000000e+06
1.379244642300857926e+01 8.297820390241836819e+00 2.549906000000000000e+06
1.382309257737347785e+01 8.250366708296191121e+00 2.551074000000000000e+06
1.385373333418663933e+01 8.257323485958309561e+00 2.570702000000000000e+06
1.388438231685893065e+01 8.214546333043584170e+00 2.574642000000000000e+06
1.391502673172247206e+01 8.184003028450316464e+00 2.594066000000000000e+06
1.394566139702082808e+01 8.152840948943310906e+00 2.594802000000000000e+06
1.397626403373048554e+01 8.133620976788169088e+00 2.612030000000000000e+06
1.400692990380277614e+01 8.096468203020297238e+00 2.627954000000000000e+06
1.403762665833372836e+01 8.076198245570182621e+00 2.640402000000000000e+06
1.406826249291076536e+01 8.064260062829033515e+00 2.641454000000000000e+06
1.409889778741170652e+01 8.019467780485184605e+00 2.661834000000000000e+06
1.412955070116482226e+01 8.014920172729922854e+00 2.669138000000000000e+06
1.416021112645075775e+01 7.973670115886948295e+00 2.684858000000000000e+06
1.419087385297501669e+01 7.950134933980718799e+00 2.693910000000000000e+06
1.422149875684323916e+01 7.927224595640789850e+00 2.701682000000000000e+06
1.425216427801141883e+01 7.909283365250204589e+00 2.722698000000000000e+06
1.428282043751237218e+01 7.874984496903417508e+00 2.725262000000000000e+06
1.431346230054741042e+01 7.852862221736038428e+00 2.742450000000000000e+06
1.434410509664010824e+01 7.830716584540974523e+00 2.749850000000000000e+06
1.437474217852985525e+01 7.804833890637222993e+00 2.763902000000000000e+06
1.440540590632776841e+01 7.787747912721189714e+00 2.778498000000000000e+06
1.443604895983575531e+01 7.756566458253278284e+00 2.784530000000000000e+06
1.446670970857448424e+01 7.743839926165415832e+00 2.804106000000000000e+06
1.449736904962689010e+01 7.707425110061605800e+00 2.809790000000000000e+06
1.452802375701152648e+01 7.686398650930352794e+00 2.825058000000000000e+06
1.455867443991712307e+01 7.659310666012778768e+00 2.834330000000000000e+06
1.458929057279699038e+01 7.640449651691647581e+00 2.842022000000000000e+06
1.461994280853970452e+01 7.607481131015089382e+00 2.864754000000000000e+06
1.465058249564759585e+01 7.577668489406763186e+00 2.864186000000000000e+06
1.468117988573594168e+01 7.572062601709023788e+00 2.879538000000000000e+06
1.471182673337874292e+01 7.538592438438410426e+00 2.899454000000000000e+06
1.474248363238804060e+01 7.501014028368003572e+00 2.904258000000000000e+06
1.477317496500613103e+01 7.508062496032740007e+00 2.930234000000000000e+06
1.480386910161793779e+01 7.482082084268922628e+00 2.929526000000000000e+06
1.483450217940607452e+01 7.457638927122436812e+00 2.942442000000000000e+06
1.486516698446851059e+01 7.421085446212353887e+00 2.960810000000000000e+06
1.489582703702377664e+01 7.417065492415733985e+00 2.964954000000000000e+06
1.492646528006037521e+01 7.391883686525256181e+00 2.980910000000000000e+06
1.495710544900555306e+01 7.364282853300826659e+00 2.990978000000000000e+06
1.498776269392421945e+01 7.340425305539984180e+00 3.007626000000000000e+06
1.501843370546180267e+01 7.311552263108421990e+00 3.019166000000000000e+06
1.504905569365952722e+01 7.291980708949418855e+00 3.021090000000000000e+06
1.507968813668374430e+01 7.268727233832288803e+00 3.047834000000000000e+06
1.511037332515695297e+01 7.254599602695388505e+00 3.055590000000000000e+06
1.514104424704462026e+01 7.221330884399320915e+00 3.068546000000000000e+06
1.517163880420388011e+01 7.214188233591129595e+00 3.067274000000000000e+06
1.520226772397046489e+01 7.190232074415650487e+00 3.098058000000000000e+06
1.523296937728429157e+01 7.162176035486782055e+00 3.109214000000000000e+06
1.526361904753517074e+01 7.145050291499730477e+00 3.110466000000000000e+06
1.529421425129691947e+01 7.120558704634854408e+00 3.124370000000000000e+06
1.532485231670361081e+01 7.103811684722283637e+00 3.144174000000000000e+06
1.535555551766698201e+01 7.093764252445964757e+00 3.161738000000000000e+06
1.538620301937812407e+01 7.058311523502400320e+00 3.159890000000000000e+06
1.541679818315905770e+01 7.050431959795068870e+00 3.174138000000000000e+06
1.544743875163359270e+01 7.018075512386707793e+00 3.195926000000000000e+06
1.547813884141497276e+01 7.001809810468127893e+00 3.211386000000000000e+06
1.550883091269481717e+01 6.980833183715536627e+00 3.219314000000000000e+06
1.553946294611858292e+01 6.952309940740859950e+00 3.225494000000000000e+06
1.557009342916842165e+01 6.939392986163410271e+00 3.242562000000000000e+06
1.560074559370220371e+01 6.917354372285069886e+00 3.257450000000000000e+06
1.563140821530218894e+01 6.894580128340427549e+00 3.269118000000000000e+06
1.566204787145430899e+01 6.879571689545064928e+00 3.278930000000000000e+06
1.569265004490419813e+01 6.854562548491625051e+00 3.286650000000000000e+06
1.572331415106903485e+01 6.834146915072921047e+00 3.316610000000000000e+06
1.575400933951588378e+01 6.824975869641268567e+00 3.321542000000000000e+06
1.578464652652455058e+01 6.797773703966077719e+00 3.328578000000000000e+06
1.581527512713691763e+01 6.785491143095788047e+00 3.345074000000000000e+06
1.584593159202205293e+01 6.771465270700475436e+00 3.361686000000000000e+06
1.587658751981395078e+01 6.744361107533499933e+00 3.369722000000000000e+06
1.590722339945609676e+01 6.734278008678724170e+00 3.385290000000000000e+06
1.593785107536400147e+01 6.714336094262789878e+00 3.391370000000000000e+06
1.596852352225685401e+01 6.694309554929847472e+00 3.422966000000000000e+06
1.599920243251385621e+01 6.676549288237183077e+00 3.419538000000000000e+06
1.602985553152441156e+01 6.668559425199527269e+00 3.441890000000000000e+06
1.606050898189369747e+01 6.648075085668739170e+00 3.447582000000000000e+06
1.609116293617333326e+01 6.622889318806404191e+00 3.466298000000000000e+06
1.612177218423172320e+01 6.600801340028861652e+00 3.466194000000000000e+06
1.615238659316504766e+01 6.591321689019268071e+00 3.492062000000000000e+06
1.618304433395858055e+01 6.558580737024258589e+00 3.503114000000000000e+06
1.621369564724469114e+01 6.544828676432540071e+00 3.517146000000000000e+06
1.624437349555979182e+01 6.535796811160203390e+00 3.535706000000000000e+06
1.627503011624142815e+01 6.514611516884563969e+00 3.539742000000000000e+06
1.630567747321957484e+01 6.500938826503401380e+00 3.558698000000000000e+06
1.633633444718754291e+01 6.484727412676653202e+00 3.570122000000000000e+06
1.636699228812523543e+01 6.464119175247840410e+00 3.585174000000000000e+06
1.639764059090457948e+01 6.446346646397615565e+00 3.594314000000000000e+06
1.642828590068688399e+01 6.433599704118586615e+00 3.612258000000000000e+06
1.645893007191645907e+01 6.418836985627086378e+00 3.620282000000000000e+06
1.648957199783176364e+01 6.402617915856708919e+00 3.639078000000000000e+06
1.652022897904334187e+01 6.391447081866619584e+00 3.650450000000000000e+06
1.655086391605456342e+01 6.372887771896025733e+00 3.661418000000000000e+06
1.658149960773415188e+01 6.350861708451001952e+00 3.677694000000000000e+06
1.661216865362178652e+01 6.351405230225937615e+00 3.695978000000000000e+06
1.664282501558284721e+01 6.321261420380738016e+00 3.702810000000000000e+06
1.667345451826077252e+01 6.315147186801867818e+00 3.716162000000000000e+06
1.670412303906892859e+01 6.289157438288984103e+00 3.740094000000000000e+06
1.673478210225302121e+01 6.275511540639099550e+00 3.740954000000000000e+06
1.676541740863294194e+01 6.265627850014331202e+00 3.760946000000000000e+06
1.679608408952596577e+01 6.247579982203532722e+00 3.778278000000000000e+06
1.682674466654829359e+01 6.227697162583535118e+00 3.784922000000000000e+06
1.685739723155478487e+01 6.207091435920642830e+00 3.805266000000000000e+06
1.688803548841513802e+01 6.195283959864338108e+00 3.807686000000000000e+06
1.691867153120264078e+01 6.185287741349758228e+00 3.833130000000000000e+06
1.694932872530407053e+01 6.170220031869664723e+00 3.841898000000000000e+06
1.697998566510549878e+01 6.143065166712717406e+00 3.858074000000000000e+06
1.701062828430612228e+01 6.143537278875484731e+00 3.868974000000000000e+06
1.704127533600995648e+01 6.115932054722314604e+00 3.885362000000000000e+06
1.707192414656785573e+01 6.094479374289752727e+00 3.898290000000000000e+06
1.710255181072696473e+01 6.075593230576141757e+00 3.907334000000000000e+06
1.713319071172596608e+01 6.069694277794606130e+00 3.928730000000000000e+06
1.716382735984657515e+01 6.047321769233152899e+00 3.936666000000000000e+06
1.719448998954597485e+01 6.034062159680067872e+00 3.961346000000000000e+06
1.722518713228848242e+01 6.015814279181864954e+00 3.975774000000000000e+06
1.725581491968389614e+01 5.991634984053322732e+00 3.970106000000000000e+06
1.728643657196136019e+01 5.985433543916446553e+00 4.003170000000000000e+06
1.731713759204037117e+01 5.972572108674635949e+00 4.019558000000000000e+06
1.734781987893603983e+01 5.961566378729156845e+00 4.025642000000000000e+06
1.737842365147297841e+01 5.950806178158994264e+00 4.028514000000000000e+06
1.740905079503025732e+01 5.928919509740114613e+00 4.059398000000000000e+06
1.743972443769684233e+01 5.916364799735801761e+00 4.069674000000000000e+06
1.747038028370268492e+01 5.905019910874898414e+00 4.083698000000000000e+06
1.750102745774862356e+01 5.896999177087377753e+00 4.095210000000000000e+06
1.753166500950241513e+01 5.879859910600075068e+00 4.110518000000000000e+06
1.756231498081562137e+01 5.866077516750063836e+00 4.126850000000000000e+06
1.759296617687713393e+01 5.850120552236000471e+00 4.140114000000000000e+06
1.762357382681691220e+01 5.831382191903128565e+00 4.144070000000000000e+06
1.765421428885442268e+01 5.822143866016635805e+00 4.175802000000000000e+06
1.768489852398702311e+01 5.801494406957980132e+00 4.187882000000000000e+06
1.771556950276492870e+01 5.787644936595820688e+00 4.199250000000000000e+06
1.774620783297953963e+01 5.772429125232875435e+00 4.209326000000000000e+06
1.777682774493507267e+01 5.760815986243909670e+00 4.222130000000000000e+06
1.780750401021129292e+01 5.745410362982216412e+00 4.254258000000000000e+06
1.783817993206895025e+01 5.731271037733763229e+00 4.252478000000000000e+06
1.786881799063985099e+01 5.715254508747750428e+00 4.270698000000000000e+06
1.789943445534976263e+01 5.704598887081761660e+00 4.278122000000000000e+06
1.793009336077801663e+01 5.695350562820744145e+00 4.309898000000000000e+06
1.796077930716451831e+01 5.681260553837601535e+00 4.317150000000000000e+06
1.799143485791619668e+01 5.669246677250930233e+00 4.329698000000000000e+06
1.802207283970281892e+01 5.662113155422493271e+00 4.340826000000000000e+06
1.805270571152597725e+01 5.643227918221667139e+00 4.359590000000000000e+06
1.808336667793345498e+01 5.629419788203844810e+00 4.376850000000000000e+06
1.811401323573930355e+01 5.612187274458963593e+00 4.386674000000000000e+06
1.814464766537982499e+01 5.604535617620318710e+00 4.401782000000000000e+06
1.817529082465190982e+01 5.589877828842712226e+00 4.419210000000000000e+06
1.820598375993449736e+01 5.578113213997043296e+00 4.446482000000000000e+06
1.823663229521417861e+01 5.573631163097101826e+00 4.435554000000000000e+06
1.826725204091361476e+01 5.555159239317474906e+00 4.468934000000000000e+06
1.829791582036300213e+01 5.541409891349257322e+00 4.477650000000000000e+06
1.832855470139352150e+01 5.524188761266988656e+00 4.491218000000000000e+06
1.835919789777245015e+01 5.517661347502792246e+00 4.510358000000000000e+06
1.838983691066674098e+01 5.500599965387463541e+00 4.518594000000000000e+06
1.842048618686847306e+01 5.489632023420091933e+00 4.544474000000000000e+06
1.845114961348761540e+01 5.479632907727381763e+00 4.552098000000000000e+06
1.848180953853236019e+01 5.468830751542625990e+00 4.574990000000000000e+06
1.851245222260127932e+01 5.455304432175932305e+00 4.577210000000000000e+06
1.854311068981073518e+01 5.441315519816257940e+00 4.608186000000000000e+06
1.857377018063706586e+01 5.427576863293073650e+00 4.610198000000000000e+06
1.860440390017229007e+01 5.429221814781833189e+00 4.628898000000000000e+06
1.863503114498546864e+01 5.409158035581544510e+00 4.641170000000000000e+06
1.866567550024189615e+01 5.398540513574158872e+00 4.662462000000000000e+06
1.869635147958381793e+01 5.386181864476800030e+00 4.681442000000000000e+06
1.872700405237336696e+01 5.371443625542626776e+00 4.687850000000000000e+06
1.875765137982478592e+01 5.360309954642545449e+00 4.708818000000000000e+06
1.878830446025693490e+01 5.350056994188753023e+00 4.721534000000000000e+06
1.881894131346886212e+01 5.334750262531245291e+00 4.732770000000000000e+06
1.884957303362655523e+01 5.326845131829242241e+00 4.753346000000000000e+06
1.888023809980736090e+01 5.308503911469915515e+00 4.772886000000000000e+06
1.891090871260763606e+01 5.297728907537525345e+00 4.785098000000000000e+06
1.894154790414986422e+01 5.287852051364288819e+00 4.795394000000000000e+06
1.897218362658022173e+01 5.278321956067175691e+00 4.813986000000000000e+06
1.900283385206392595e+01 5.260005371789497453e+00 4.832654000000000000e+06
1.903350235720601091e+01 5.254804240227890055e+00 4.849362000000000000e+06
1.906415148299372575e+01 5.241814354832800227e+00 4.858322000000000000e+06
1.909476996524363557e+01 5.224489385349166959e+00 4.871286000000000000e+06
1.912540633843168436e+01 5.221777675165546917e+00 4.894370000000000000e+06
1.915607775651777800e+01 5.209761427568595948e+00 4.914650000000000000e+06
1.918673093358846060e+01 5.197750737957800737e+00 4.919658000000000000e+06
1.921737109038362945e+01 5.183984338796164160e+00 4.941638000000000000e+06
1.924805333354893122e+01 5.167046654076941081e+00 4.965954000000000000e+06
1.927873600716220892e+01 5.164984301365509900e+00 4.971770000000000000e+06
1.930937881190103056e+01 5.154375452042661010e+00 4.985702000000000000e+06
1.934000064256855111e+01 5.140204959095845183e+00 4.996314000000000000e+06
1.937063530033629988e+01 5.131514453150983535e+00 5.021258000000000000e+06
1.940129903902628072e+01 5.125593682209083291e+00 5.038470000000000000e+06
1.943195223680148231e+01 5.104893861033915847e+00 5.048570000000000000e+06
1.946259388837266968e+01 5.097908238429956995e+00 5.067786000000000000e+06
1.949325378056333591e+01 5.083206245296890025e+00 5.084402000000000000e+06
1.952391920669563774e+01 5.078698132806502841e+00 5.104238000000000000e+06
1.955454529668766028e+01 5.064430240557911134e+00 5.101890000000000000e+06
1.958515229432341798e+01 5.057801845526175732e+00 5.129594000000000000e+06
1.961580259908011215e+01 5.045080233657002644e+00 5.149086000000000000e+06
1.964647598754564939e+01 5.028708215431178630e+00 5.168834000000000000e+06
1.967711671408318352e+01 5.021864135648586469e+00 5.172306000000000000e+06
1.970776054518702480e+01 5.017533021312051034e+00 5.199218000000000000e+06
1.973843058927628391e+01 5.003050179946811227e+00 5.215430000000000000e+06
1.976909383957853095e+01 4.990327909420152253e+00 5.229066000000000000e+06
1.979974730224805413e+01 4.983934118023921833e+00 5.244530000000000000e+06
1.983040459772927377e+01 4.973771725313374859e+00 5.262870000000000000e+06
1.986105281425653857e+01 4.961345547003524814e+00 5.272562000000000000e+06
1.989167915855331970e+01 4.949687510514928057e+00 5.290098000000000000e+06
1.992233512457928057e+01 4.942609812888028920e+00 5.314358000000000000e+06
1.995299022425723834e+01 4.926873575045028986e+00 5.322098000000000000e+06
1.998362696967681629e+01 4.916921954695595787e+00 5.341026000000000000e+06
2.001429805344872292e+01 4.906335885913136075e+00 5.366858000000000000e+06
2.004496752307381513e+01 4.902856530432481819e+00 5.374422000000000000e+06
2.007558003312327344e+01 4.889674267767254889e+00 5.377730000000000000e+06
2.010619663165178039e+01 4.879590935055763801e+00 5.409410000000000000e+06
2.013687553158347754e+01 4.872729440888448060e+00 5.434014000000000000e+06
2.016755016454825267e+01 4.860337841490218302e+00 5.438882000000000000e+06
2.019818861724741410e+01 4.853219598040973359e+00 5.456178000000000000e+06
2.022882364752918605e+01 4.843600264899596830e+00 5.469242000000000000e+06
2.025947582076963727e+01 4.834124611047612596e+00 5.496174000000000000e+06
2.029013497277836109e+01 4.823977709684625914e+00 5.505530000000000000e+06
2.032077646713278085e+01 4.815920156516642514e+00 5.521202000000000000e+06
2.035142410046669426e+01 4.805009842849892188e+00 5.544126000000000000e+06
2.038209715392332910e+01 4.795446345807076405e+00 5.560106000000000000e+06
2.041276704522988084e+01 4.788233316379180593e+00 5.579754000000000000e+06
2.044339434596270522e+01 4.775081909591896157e+00 5.576270000000000000e+06
2.047400433812566689e+01 4.762606520474438554e+00 5.607138000000000000e+06
2.050465414558887645e+01 4.754290557945865636e+00 5.625026000000000000e+06
2.053532389370018763e+01 4.743951597907307693e+00 5.646698000000000000e+06
2.056596192186154326e+01 4.737939638804303577e+00 5.649126000000000000e+06
2.059659481650145807e+01 4.721173187251010539e+00 5.676434000000000000e+06
2.062723563822306616e+01 4.720034996548521988e+00 5.687418000000000000e+06
2.065789501103831682e+01 4.703544017229343233e+00 5.715830000000000000e+06
2.068857363042259578e+01 4.697089825647863925e+00 5.729210000000000000e+06
2.071923747383037551e+01 4.692006443390042136e+00 5.744802000000000000e+06
2.074987498351558557e+01 4.675461401068191414e+00 5.752154000000000000e+06
2.078053041960519209e+01 4.673920249302587315e+00 5.786382000000000000e+06
2.081118017348725502e+01 4.666073435905663480e+00 5.784146000000000000e+06
2.084180966840007443e+01 4.650692876607022797e+00 5.812146000000000000e+06
2.087246873484020426e+01 4.646911597371326863e+00 5.830166000000000000e+06
2.090312912726902539e+01 4.633974528939332593e+00 5.845850000000000000e+06
2.093378037566929351e+01 4.630121883034723496e+00 5.862834000000000000e+06
2.096442457626876177e+01 4.617012130224541266e+00 5.876066000000000000e+06
2.099509039179685033e+01 4.608418359139931475e+00 5.905854000000000000e+06
2.102573351815310332e+01 4.604169850467802583e+00 5.902274000000000000e+06
2.105635720643528686e+01 4.595751188027902501e+00 5.931258000000000000e+06
2.108702218704524967e+01 4.585819969417121555e+00 5.954966000000000000e+06
2.111769024571999509e+01 4.576432615979022955e+00 5.965346000000000000e+06
2.114832577809379899e+01 4.571300765597078986e+00 5.977818000000000000e+06
2.117897364467428645e+01 4.560634154676373342e+00 6.004718000000000000e+06
2.120962225056029737e+01 4.550995674106484756e+00 6.011706000000000000e+06
2.124028003416142241e+01 4.540442325791421041e+00 6.045770000000000000e+06
2.127093375519878649e+01 4.529444089681087249e+00 6.041586000000000000e+06
2.130156165599708373e+01 4.522875218625672211e+00 6.073166000000000000e+06
2.133219920491698574e+01 4.512993501193131252e+00 6.078962000000000000e+06
2.136285116966709907e+01 4.503873078303206157e+00 6.114258000000000000e+06
2.139352427845574667e+01 4.498298733677756900e+00 6.123086000000000000e+06
2.142417268630640592e+01 4.489385784378426614e+00 6.136770000000000000e+06
2.145480354384202215e+01 4.480383265490345934e+00 6.154898000000000000e+06
2.148545706546140721e+01 4.472705349585100798e+00 6.178610000000000000e+06
2.151612653279159915e+01 4.464373404117663036e+00 6.197982000000000000e+06
2.154677833320419822e+01 4.456117184571565915e+00 6.205322000000000000e+06
2.157739246519214760e+01 4.452647997620139186e+00 6.218850000000000000e+06
2.160802636633691876e+01 4.441868220103168952e+00 6.249542000000000000e+06
2.163871370337264111e+01 4.439147893593805350e+00 6.274146000000000000e+06
2.166936190194067180e+01 4.428988865182556189e+00 6.270242000000000000e+06
2.169999864745664908e+01 4.418914036650890331e+00 6.305222000000000000e+06
2.173068313923396389e+01 4.413604940121985010e+00 6.325026000000000000e+06
2.176134463504373429e+01 4.403447484034073156e+00 6.331922000000000000e+06
2.179196928002131983e+01 4.393644527214252804e+00 6.343698000000000000e+06
2.182260671813147823e+01 4.387355105551893786e+00 6.375158000000000000e+06
2.185327640589686382e+01 4.374526804478848341e+00 6.392178000000000000e+06
2.188395164505502422e+01 4.365879878855281504e+00 6.412826000000000000e+06
2.191457418339750873e+01 4.362638631838101411e+00 6.407078000000000000e+06
2.194519964934411504e+01 4.350787241968537167e+00 6.447954000000000000e+06
2.197584874950450384e+01 4.345717318982297073e+00 6.456026000000000000e+06
2.200650103817257985e+01 4.339395627977268077e+00 6.482034000000000000e+06
2.203714959817343200e+01 4.331148067159124260e+00 6.492878000000000000e+06
2.206776146081951495e+01 4.325113186961575984e+00 6.502074000000000000e+06
2.209840900715284917e+01 4.316513244066496391e+00 6.542930000000000000e+06
2.212909435360047894e+01 4.306353081277821460e+00 6.556598000000000000e+06
2.215976446255987753e+01 4.293972753271144249e+00 6.570330000000000000e+06
2.219040287241333331e+01 4.289898846560907586e+00 6.581882000000000000e+06
2.222105997311332359e+01 4.282722872551661730e+00 6.612546000000000000e+06
2.225173735653976692e+01 4.278375203775384605e+00 6.628622000000000000e+06
2.228236906003313322e+01 4.270302215944555613e+00 6.629498000000000000e+06
2.231299123139654839e+01 4.262934714870293185e+00 6.659250000000000000e+06
2.234365539181282045e+01 4.255555259747000107e+00 6.686006000000000000e+06
2.237431906113462787e+01 4.252968648833410192e+00 6.693786000000000000e+06
2.240495119889733289e+01 4.238419001024203325e+00 6.711554000000000000e+06
2.243559874147591060e+01 4.233675659673755476e+00 6.735678000000000000e+06
2.246626223308657444e+01 4.225779354806999955e+00 6.754754000000000000e+06
2.249693164364150988e+01 4.216202297032274338e+00 6.776570000000000000e+06
2.252754695231501358e+01 4.208868879217021686e+00 6.767394000000000000e+06
2.255817384037303697e+01 4.205272734365993692e+00 6.818246000000000000e+06
2.258886124968342557e+01 4.195402662328516996e+00 6.830562000000000000e+06
2.261950951352502059e+01 4.189046766676619349e+00 6.839186000000000000e+06
2.265014298397850823e+01 4.182082768949241469e+00 6.861462000000000000e+06
2.268078975948035492e+01 4.173594419156810176e+00 6.880394000000000000e+06
2.271145371109907174e+01 4.170954621409785901e+00 6.907178000000000000e+06
2.274211585654432000e+01 4.157215939664312465e+00 6.917034000000000000e+06
2.277276196539026643e+01 4.159176780868771850e+00 6.937934000000000000e+06
2.280339367570849163e+01 4.147579257979776557e+00 6.947250000000000000e+06
2.283404335172724586e+01 4.140728886098263395e+00 6.982106000000000000e+06
2.286471099297079590e+01 4.130906363006627835e+00 6.995718000000000000e+06
2.289535670710002435e+01 4.125110287579770052e+00 7.006682000000000000e+06
2.292600245201877840e+01 4.119243317027357243e+00 7.035866000000000000e+06
2.295667389567964989e+01 4.108557989597553473e+00 7.054110000000000000e+06
2.298731368920699225e+01 4.103775870163080874e+00 7.059194000000000000e+06
2.301794844000150775e+01 4.094256156615765363e+00 7.091802000000000000e+06
2.304859935862412001e+01 4.092152764261831166e+00 7.100666000000000000e+06
2.307924172520139550e+01 4.083622969054869323e+00 7.129070000000000000e+06
2.310990061408635654e+01 4.074961341299419892e+00 7.143282000000000000e+06
2.314054307017327616e+01 4.067217930590343755e+00 7.161482000000000000e+06
2.317119382566526298e+01 4.062036880067543265e+00 7.184694000000000000e+06
2.320185734324556392e+01 4.051987849938241126e+00 7.203914000000000000e+06
2.323250807215323377e+01 4.051337540129527959e+00 7.219746000000000000e+06
2.326313843972289419e+01 4.037154737672428162e+00 7.228634000000000000e+06
2.329379144080670727e+01 4.033309176717789768e+00 7.271990000000000000e+06
2.332444777960088445e+01 4.028154124808408731e+00 7.266786000000000000e+06
2.335507087774779578e+01 4.022728537837708451e+00 7.293650000000000000e+06
2.338572972711217801e+01 4.014097322177812011e+00 7.324086000000000000e+06
2.341640604770795875e+01 4.007520456759758432e+00 7.338650000000000000e+06
2.344705630354619430e+01 4.003790280744105701e+00 7.351962000000000000e+06
2.347766959470004267e+01 3.997055397509103436e+00 7.357190000000000000e+06
2.350831446175642370e+01 3.989877994210672796e+00 7.406042000000000000e+06
2.353898224311427256e+01 3.981195433539228556e+00 7.408626000000000000e+06
2.356963575235109332e+01 3.971393066607850297e+00 7.435610000000000000e+06
2.360029901858758095e+01 3.969306941585624582e+00 7.453542000000000000e+06
2.363094388425705006e+01 3.963222946617645626e+00 7.464002000000000000e+06
2.366159032137904816e+01 3.953979864806327793e+00 7.493546000000000000e+06
2.369224972351527114e+01 3.950670007985826793e+00 7.510806000000000000e+06
2.372291508578891595e+01 3.945139173411341904e+00 7.532114000000000000e+06
2.375354632645621322e+01 3.939489670835592428e+00 7.536234000000000000e+06
2.378417204300768972e+01 3.930021990966230394e+00 7.565834000000000000e+06
2.381484989613622716e+01 3.925667053616029634e+00 7.603062000000000000e+06
2.384550834037956690e+01 3.916035391610887650e+00 7.593890000000000000e+06
2.387612970652009281e+01 3.909276855834244557e+00 7.622906000000000000e+06
2.390677281995975534e+01 3.904413478265304605e+00 7.646622000000000000e+06
2.393744201491479373e+01 3.895680142146996427e+00 7.672058000000000000e+06
2.396809205963029044e+01 3.891417316005816307e+00 7.679346000000000000e+06
2.399871140417699422e+01 3.887155926810898610e+00 7.693058000000000000e+06
2.402935365105090071e+01 3.877911185984559861e+00 7.732158000000000000e+06
2.406002599393818642e+01 3.870060547605628898e+00 7.746962000000000000e+06
2.409069744544645886e+01 3.865162027058085314e+00 7.770986000000000000e+06
2.412133809379787408e+01 3.859261352217304708e+00 7.772094000000000000e+06
2.415197098395899289e+01 3.851611864858970335e+00 7.803818000000000000e+06
2.418264178024068300e+01 3.848821687295084448e+00 7.834338000000000000e+06
2.421329665107611007e+01 3.840358655094457507e+00 7.833710000000000000e+06
2.424392248425750651e+01 3.838260425200100467e+00 7.858794000000000000e+06
2.427456797443234393e+01 3.827963710112133988e+00 7.884290000000000000e+06
2.430522057461229224e+01 3.822603797091244093e+00 7.901522000000000000e+06
2.433588276096136127e+01 3.816322017001859912e+00 7.930662000000000000e+06
2.436653439930566023e+01 3.810583147413562077e+00 7.934426000000000000e+06
2.439717972712892902e+01 3.805065742290822062e+00 7.967322000000000000e+06
2.442783693810555690e+01 3.797799129885062630e+00 7.981934000000000000e+06
2.445848909686699457e+01 3.791128189660192049e+00 8.003282000000000000e+06
2.448913290943420407e+01 3.787460724673570756e+00 8.019666000000000000e+06
2.451976455905877472e+01 3.777207790122623976e+00 8.034482000000000000e+06
2.455040989797941720e+01 3.773001615409575127e+00 8.068542000000000000e+06
2.458107931780205035e+01 3.766532851814166083e+00 8.088290000000000000e+06
2.461173000312667725e+01 3.759603928796309891e+00 8.096322000000000000e+06
2.464236413023569838e+01 3.758120198762817221e+00 8.122646000000000000e+06
2.467302878003126310e+01 3.753369329451845093e+00 8.150138000000000000e+06
2.470369018584469600e+01 3.744436287999420188e+00 8.165322000000000000e+06
2.473434237152199699e+01 3.736280784017352197e+00 8.182574000000000000e+06
2.476499023106570618e+01 3.732853403428550987e+00 8.203698000000000000e+06
2.479564135983178019e+01 3.726581072805672079e+00 8.226914000000000000e+06
2.482630207602976569e+01 3.726034443496209381e+00 8.246898000000000000e+06
2.485694583618992226e+01 3.719282081548103580e+00 8.261774000000000000e+06
2.488758109348702163e+01 3.712119656604214057e+00 8.279426000000000000e+06
2.491822262853785119e+01 3.706393353875601981e+00 8.308722000000000000e+06
2.494887711239730166e+01 3.704185119431232298e+00 8.326214000000000000e+06
2.497951933488113241e+01 3.696077592313838256e+00 8.342682000000000000e+06
2.501014765446522503e+01 3.691524553650987528e+00 8.360834000000000000e+06
2.504079700598459723e+01 3.688171627929475616e+00 8.393226000000000000e+06
2.507147561161312765e+01 3.679297162164569812e+00 8.420150000000000000e+06
2.510213539337122413e+01 3.675688133416512571e+00 8.421986000000000000e+06
2.513276479637716321e+01 3.669455300049232260e+00 8.445714000000000000e+06
2.516340977761215569e+01 3.664982726651472511e+00 8.472590000000000000e+06
2.519407509340153695e+01 3.661048547620645355e+00 8.495370000000000000e+06
2.522473298638924888e+01 3.652863534239372711e+00 8.512802000000000000e+06
2.525536838388270056e+01 3.648766145467301936e+00 8.523290000000000000e+06
2.528603429285023196e+01 3.642102153522198460e+00 8.570982000000000000e+06
2.531670644975507045e+01 3.632964297660092434e+00 8.568458000000000000e+06
2.534733422191522578e+01 3.630364323150136574e+00 8.586498000000000000e+06
2.537795494299703947e+01 3.625575484171034368e+00 8.608838000000000000e+06
2.540861203384896783e+01 3.622335960099981378e+00 8.645610000000000000e+06
2.543928143685350562e+01 3.617200942531321406e+00 8.658386000000000000e+06
2.546991579144467366e+01 3.609846482672284473e+00 8.668598000000000000e+06
2.550054781656812253e+01 3.606074716818516102e+00 8.697426000000000000e+06
2.553119796550166498e+01 3.597726906383698076e+00 8.722562000000000000e+06
2.556185165324095010e+01 3.592550299486310550e+00 8.737962000000000000e+06
2.559251151955053771e+01 3.586190565984819223e+00 8.771366000000000000e+06
2.562315821371235458e+01 3.581207637432861191e+00 8.771010000000000000e+06
2.565382090549665151e+01 3.575107071393094582e+00 8.822618000000000000e+06
2.568447372340733637e+01 3.571621551351620294e+00 8.807726000000000000e+06
2.571509458014751104e+01 3.566314791662002825e+00 8.844618000000000000e+06
2.574574125894481469e+01 3.560145418922816329e+00 8.868722000000000000e+06
2.577640368018757400e+01 3.554763178867115681e+00 8.891394000000000000e+06
2.580706250709014782e+01 3.550757220598805830e+00 8.911934000000000000e+06
2.583770659642837231e+01 3.547137149540931400e+00 8.923938000000000000e+06
2.586834877557267376e+01 3.541336178792144018e+00 8.953682000000000000e+06
2.589901831076717187e+01 3.532979082753152422e+00 8.981966000000000000e+06
2.592967863857695932e+01 3.528322411734595487e+00 8.990442000000000000e+06
2.596030767966076525e+01 3.525462278890668433e+00 9.007874000000000000e+06
2.599095072903341830e+01 3.523075939303784487e+00 9.038982000000000000e+06
2.602162160336631658e+01 3.517830043766547732e+00 9.068570000000000000e+06
2.605229920594178594e+01 3.511312732175779328e+00 9.085250000000000000e+06
2.608293390061188077e+01 3.508350202373443860e+00 9.084690000000000000e+06
2.611356639902281529e+01 3.497042170729660615e+00 9.128654000000000000e+06
2.614421138741144901e+01 3.493789998434278843e+00 9.133170000000000000e+06
2.617487839855810350e+01 3.490543640773961620e+00 9.185882000000000000e+06
2.620552331238325294e+01 3.482226073837961788e+00 9.163254000000000000e+06
2.623615766102391333e+01 3.475540800400862107e+00 9.220130000000000000e+06
2.626683121971889179e+01 3.474568234548211176e+00 9.233138000000000000e+06
2.629748622418595616e+01 3.469950952377554465e+00 9.249378000000000000e+06
2.632813025222741032e+01 3.461378086727677772e+00 9.271550000000000000e+06
2.635876646472280527e+01 3.455331346312931373e+00 9.286266000000000000e+06
2.638941311560349590e+01 3.451826792702141766e+00 9.320762000000000000e+06
2.642004936527652958e+01 3.451331969080656314e+00 9.326718000000000000e+06
2.645067839992656289e+01 3.441789399484873613e+00 9.354602000000000000e+06
2.648132402671914321e+01 3.437706585656068903e+00 9.384122000000000000e+06
2.651197738732207654e+01 3.433756056338387985e+00 9.400482000000000000e+06
2.654263638111005719e+01 3.429011481199638833e+00 9.432638000000000000e+06
2.657329775687598072e+01 3.425445464279959218e+00 9.445314000000000000e+06
2.660396500218634941e+01 3.420038850768521321e+00 9.477290000000000000e+06
2.663462571825092340e+01 3.415009428631466726e+00 9.489182000000000000e+06
2.666526895415609388e+01 3.413064209622134193e+00 9.506706000000000000e+06
2.669591010301247636e+01 3.406211971540106465e+00 9.533978000000000000e+06
2.672655940300148814e+01 3.402093354359825739e+00 9.553662000000000000e+06
2.675721084773019953e+01 3.400111446247854552e+00 9.579506000000000000e+06
2.678787623421603570e+01 3.393552116567820853e+00 9.607866000000000000e+06
2.681852027510272052e+01 3.389082042564210084e+00 9.608354000000000000e+06
2.684915022005877461e+01 3.382438902589024909e+00 9.643862000000000000e+06
2.687981047524921863e+01 3.380153078750825379e+00 9.670578000000000000e+06
2.691046933508355110e+01 3.373531284934077501e+00 9.687890000000000000e+06
2.694109434462116326e+01 3.368798883021602464e+00 9.693294000000000000e+06
2.697172682553225798e+01 3.363302346725576264e+00 9.736034000000000000e+06
2.700239153870817432e+01 3.361203146323383795e+00 9.758946000000000000e+06
2.703305525052747527e+01 3.356811549327057165e+00 9.778994000000000000e+06
2.706370879858033973e+01 3.349835977288126543e+00 9.796814000000000000e+06
2.709435032875686744e+01 3.347117343368291476e+00 9.816882000000000000e+06
2.712501002342743917e+01 3.340083979374071088e+00 9.850514000000000000e+06
2.715565776732351821e+01 3.338189431032394072e+00 9.856062000000000000e+06
2.718629451122674467e+01 3.333189031817068049e+00 9.886706000000000000e+06
2.721695369136173071e+01 3.329126477356130653e+00 9.916194000000000000e+06
2.724760474761749407e+01 3.324132123253400017e+00 9.924854000000000000e+06
2.727825760225054097e+01 3.319683300389800973e+00 9.961490000000000000e+06
2.730892049079471917e+01 3.316157632683836010e+00 9.979098000000000000e+06
2.733956427726085892e+01 3.313219087459733370e+00 9.990266000000000000e+06
2.737018573225796914e+01 3.307804983381603670e+00 1.001239800000000000e+07
2.740081756735755647e+01 3.302793615742411149e+00 1.003881800000000000e+07
2.743146802938129625e+01 3.296014071370745757e+00 1.007208200000000000e+07
2.746211675527639429e+01 3.293906078449458263e+00 1.008267000000000000e+07
2.749277891738845980e+01 3.287265936767587604e+00 1.012322600000000000e+07
2.752344693109558449e+01 3.284152458737853664e+00 1.013483400000000000e+07
2.755409288101080278e+01 3.278621477719931399e+00 1.015145000000000000e+07
2.758474131651236760e+01 3.275339307733865724e+00 1.018411800000000000e+07
2.761539820084842489e+01 3.272108990265504946e+00 1.019981000000000000e+07
2.764605597842055928e+01 3.267343578238396606e+00 1.023038600000000000e+07
2.767670042623675997e+01 3.262920705653868936e+00 1.023833400000000000e+07
2.770734211947352676e+01 3.259301136707700941e+00 1.027159400000000000e+07
2.773800306428746509e+01 3.257608887112564133e+00 1.029841800000000000e+07
2.776865049495845383e+01 3.250781473304941827e+00 1.030681400000000000e+07
2.779929326773324405e+01 3.246866498293349057e+00 1.034130600000000000e+07
2.782995170379088989e+01 3.242969061961959554e+00 1.036284200000000000e+07
2.786061320752148163e+01 3.236615004147722630e+00 1.038883400000000000e+07
2.789125443722943132e+01 3.231547871557567841e+00 1.039563000000000000e+07
2.792188445130166841e+01 3.230059925017471745e+00 1.042536200000000000e+07
2.795253094588477083e+01 3.224101071006939545e+00 1.045427400000000000e+07
2.798318763838284440e+01 3.220647559612280553e+00 1.047829400000000000e+07
2.801384997205349237e+01 3.217078033536669768e+00 1.050181800000000000e+07
2.804449546843089891e+01 3.213182168769573188e+00 1.051481000000000000e+07
2.807514459055270706e+01 3.208117819946492588e+00 1.054884200000000000e+07
2.810579893174551813e+01 3.205859066166139915e+00 1.056646200000000000e+07
2.813644319397282700e+01 3.202066722648276187e+00 1.058681000000000000e+07
2.816709334499659789e+01 3.194310592396349513e+00 1.061495400000000000e+07
2.819773627008090600e+01 3.192269741081175560e+00 1.063105400000000000e+07
2.822838440275558369e+01 3.186635756692560051e+00 1.066236200000000000e+07
2.825903669354339343e+01 3.183225043371210816e+00 1.068335400000000000e+07
2.828968213955753441e+01 3.181971377935262524e+00 1.069929800000000000e+07
2.832033557002852930e+01 3.175754941295949596e+00 1.073878200000000000e+07
2.835098683749683346e+01 3.170449326995155026e+00 1.074420200000000000e+07
2.838163630947162730e+01 3.167004909765051224e+00 1.078218600000000000e+07
2.841227563085324093e+01 3.164651979431367668e+00 1.078496600000000000e+07
2.844292475750595273e+01 3.159660688477264667e+00 1.083393800000000000e+07
2.847359150819448459e+01 3.156731597625325403e+00 1.084813800000000000e+07
2.850425483773282664e+01 3.153158160659333742e+00 1.087376600000000000e+07
2.853490447676422903e+01 3.147744872999557852e+00 1.088697000000000000e+07
2.856554225700441307e+01 3.145638712214919419e+00 1.091244200000000000e+07
2.859618507886883876e+01 3.140021970068113788e+00 1.093669800000000000e+07
2.862683629450151912e+01 3.136833354884516645e+00 1.096614200000000000e+07
2.865746767483001278e+01 3.133505689711476805e+00 1.096874600000000000e+07
2.868810162725141666e+01 3.130022128806832615e+00 1.101460200000000000e+07
2.871877066728239924e+01 3.123939329012800581e+00 1.104277400000000000e+07
2.874944211863178012e+01 3.120635459614152563e+00 1.106147400000000000e+07
2.878008769129001720e+01 3.118312568582382482e+00 1.107245000000000000e+07
2.881071843644816255e+01 3.113397390735917813e+00 1.109692200000000000e+07
2.884138462527048929e+01 3.109191150677798721e+00 1.114652600000000000e+07
2.887205280920166572e+01 3.105606677862712051e+00 1.114560200000000000e+07
2.890268823669603648e+01 3.099900236756389038e+00 1.116844200000000000e+07
2.893330357639574046e+01 3.100593627488421156e+00 1.118108600000000000e+07
2.896397035628928762e+01 3.094268733632388191e+00 1.125011400000000000e+07
2.899465187815729905e+01 3.091449591384390239e+00 1.124210600000000000e+07
2.902529004403753632e+01 3.087094465678500654e+00 1.126544600000000000e+07
2.905592397674332972e+01 3.084790115449129733e+00 1.128549000000000000e+07
2.908658740450306013e+01 3.079930860498158118e+00 1.133592200000000000e+07
2.911724974944597477e+01 3.077627176387208507e+00 1.133013000000000000e+07
2.914787047086730354e+01 3.073706621397571670e+00 1.135727000000000000e+07
2.917851218588677753e+01 3.068571365353077063e+00 1.138909800000000000e+07
2.920917994379766469e+01 3.064935437725273992e+00 1.142664200000000000e+07
2.923984020518843607e+01 3.063506190603076274e+00 1.143135800000000000e+07
2.927048529662244292e+01 3.060927573162031123e+00 1.146229800000000000e+07
2.930112725521218664e+01 3.057692337847177644e+00 1.147920200000000000e+07
2.933177374858156128e+01 3.053293443660702877e+00 1.150974600000000000e+07
2.936240891911117856e+01 3.050212174507088481e+00 1.152306200000000000e+07
2.939304480459886548e+01 3.045469059492688313e+00 1.155621000000000000e+07
2.942370281367375640e+01 3.040963621699920516e+00 1.158828200000000000e+07
2.945435442424784256e+01 3.039397581615852495e+00 1.159964600000000000e+07
2.948501885409245915e+01 3.034657664559889056e+00 1.164527400000000000e+07
2.951568131644257065e+01 3.031318346158382582e+00 1.164933800000000000e+07
2.954630943029124168e+01 3.026745964514161447e+00 1.166538600000000000e+07
2.957696687066465202e+01 3.023594782139458204e+00 1.171928600000000000e+07
2.960762973599409165e+01 3.022142462360305259e+00 1.172073800000000000e+07
2.963827910425833423e+01 3.018548075494888128e+00 1.175507400000000000e+07
2.966892245050443577e+01 3.014384602035867999e+00 1.176716600000000000e+07
2.969958171988989903e+01 3.009138308486012381e+00 1.181334600000000000e+07
2.973025161634517843e+01 3.006464532005124202e+00 1.182545000000000000e+07
2.976087689384098667e+01 3.004027622718558277e+00 1.182881400000000000e+07
2.979151934159806103e+01 3.001552789543417532e+00 1.188441800000000000e+07
2.982218666376524396e+01 2.996343141369122609e+00 1.190037800000000000e+07
2.985282577868301601e+01 2.993999833053437420e+00 1.190800200000000000e+07
2.988344557129535062e+01 2.990758008187664352e+00 1.193747000000000000e+07
2.991409824346948909e+01 2.988350390682315449e+00 1.198134600000000000e+07
2.994476759374305530e+01 2.983145240509498475e+00 1.199815400000000000e+07
2.997541468366090101e+01 2.978819384280594562e+00 1.201579800000000000e+07
3.000606450866456854e+01 2.976928401125431112e+00 1.204658600000000000e+07
3.003672118713024020e+01 2.973495567796047290e+00 1.207322600000000000e+07
3.006737261500484948e+01 2.970667950439104921e+00 1.208937000000000000e+07
3.009802353665422459e+01 2.966796665891873186e+00 1.212366200000000000e+07
3.012866380509269604e+01 2.966948849445190106e+00 1.212901800000000000e+07
3.015929791586058428e+01 2.960159254506932403e+00 1.216869800000000000e+07
3.018994583799627307e+01 2.956238295736141275e+00 1.219107000000000000e+07
3.022062124794907234e+01 2.952605356251261526e+00 1.223729000000000000e+07
3.025129018624486932e+01 2.950532930351248417e+00 1.223743400000000000e+07
3.028193817926301890e+01 2.947145547918688990e+00 1.226943000000000000e+07
3.031258695709031059e+01 2.945821208670286406e+00 1.228831400000000000e+07
3.034322731892392966e+01 2.942327982077975967e+00 1.231200200000000000e+07
3.037386370818878234e+01 2.937957574421998341e+00 1.233378600000000000e+07
3.040449885904552829e+01 2.935069767381664363e+00 1.236265400000000000e+07
3.043516156591327615e+01 2.931017932522614444e+00 1.240528200000000000e+07
3.046582747350058895e+01 2.928145843499256440e+00 1.241484200000000000e+07
3.049646593130319516e+01 2.925133983170005614e+00 1.243327800000000000e+07
3.052711147469950248e+01 2.923087336225630661e+00 1.246944200000000000e+07
3.055777100155219017e+01 2.918905545011781122e+00 1.249710600000000000e+07
3.058842537388453309e+01 2.914589972056426781e+00 1.251307400000000000e+07
3.061905924361232323e+01 2.913145346971274030e+00 1.253190200000000000e+07
3.064969867554323457e+01 2.909811747425342432e+00 1.256769000000000000e+07
3.068036610992051294e+01 2.906651555326057235e+00 1.260333800000000000e+07
3.071102250832555924e+01 2.903736749692334307e+00 1.261272600000000000e+07
3.074166164535376566e+01 2.901515354178086703e+00 1.263480200000000000e+07
3.077229526260031278e+01 2.897853464458295836e+00 1.266273000000000000e+07
3.080294880836461502e+01 2.896681540703008206e+00 1.269908600000000000e+07
3.083359880383601137e+01 2.893425055978747107e+00 1.271107400000000000e+07
3.086423437926716673e+01 2.891533450798478455e+00 1.273909800000000000e+07
3.089488408063505887e+01 2.886348319314240296e+00 1.276949000000000000e+07
3.092554030516775043e+01 2.885025148273168583e+00 1.279968600000000000e+07
3.095620964309912893e+01 2.880688547627781482e+00 1.282862600000000000e+07
3.098685566491367638e+01 2.879139803849418922e+00 1.283279400000000000e+07
3.101749998811832043e+01 2.874846127762924031e+00 1.287594200000000000e+07
3.104817099201691377e+01 2.873364463316172124e+00 1.290631400000000000e+07
3.107882289023607214e+01 2.870898919719027109e+00 1.291312200000000000e+07
3.110945493689143859e+01 2.869134364961716255e+00 1.293734600000000000e+07
3.114009460761812065e+01 2.864455460853899460e+00 1.297337400000000000e+07
3.117076037718583592e+01 2.863639389706623017e+00 1.300817000000000000e+07
3.120142550401457626e+01 2.858251118356555320e+00 1.302581000000000000e+07
3.123206007488744973e+01 2.856426510270769548e+00 1.303359000000000000e+07
3.126270582930477815e+01 2.853820074416269392e+00 1.308369800000000000e+07
3.129336027402579745e+01 2.850385491663578019e+00 1.309470600000000000e+07
3.132399628986673790e+01 2.847615695157299509e+00 1.311900200000000000e+07
3.135463242066359157e+01 2.843622069692822052e+00 1.314631800000000000e+07
