# k_mean_over_bin [h Mpc^-1] P_bin [h^-3 Mpc^3] N_modes
3.911336014668146538e-02 4.578607638888888687e+03 1.800000000000000000e+01
6.837341045179674837e-02 3.919539818548386847e+03 6.200000000000000000e+01
9.606098566128283556e-02 1.652901785714285552e+03 9.800000000000000000e+01
1.244554894311087484e-01 1.558171428571428805e+03 2.100000000000000000e+02
1.562393171446664064e-01 1.145148303571428642e+03 3.500000000000000000e+02
1.876351697577370581e-01 8.743713194444444525e+02 4.500000000000000000e+02
2.167467008100395498e-01 7.193580772425249279e+02 6.020000000000000000e+02
2.459661192468458046e-01 5.496626066272965545e+02 7.620000000000000000e+02
2.776061288634031343e-01 4.592160683012259028e+02 1.142000000000000000e+03
3.093581660270691147e-01 3.891371750000000134e+02 1.250000000000000000e+03
3.390238072074162612e-01 3.397630958504801129e+02 1.458000000000000000e+03
3.686891987081925004e-01 2.994835997794928630e+02 1.814000000000000000e+03
3.998179640432800719e-01 2.727671315426997012e+02 2.178000000000000000e+03
4.307427349283372564e-01 2.383201561248999099e+02 2.498000000000000000e+03
4.602541775534300106e-01 2.119300390922959707e+02 2.622000000000000000e+03
4.905365640492836410e-01 1.985347139005392592e+02 3.338000000000000000e+03
5.220185972105617633e-01 1.785828519613111496e+02 3.722000000000000000e+03
5.533037531861869640e-01 1.650881294964028712e+02 4.170000000000000000e+03
5.834579143079938746e-01 1.539568179210647259e+02 4.358000000000000000e+03
6.135626871243894387e-01 1.413788736591179998e+02 5.034000000000000000e+03
6.446289557821482941e-01 1.370682643507175271e+02 5.714000000000000000e+03
6.753962663893156027e-01 1.256803535606820361e+02 5.982000000000000000e+03
7.056079657646209258e-01 1.239284402453801874e+02 6.602000000000000000e+03
7.358702805567255423e-01 1.141333099579242685e+02 7.130000000000000000e+03
7.666965816517745669e-01 1.092827436519790893e+02 8.034000000000000000e+03
7.977642657007141258e-01 1.044371586683708983e+02 8.606000000000000000e+03
8.284170882817059045e-01 9.691419865431281266e+01 9.066000000000000000e+03
8.590304504147353581e-01 9.475457362979321374e+01 9.962000000000000000e+03
8.897547830450591722e-01 9.163899289099525447e+01 1.055000000000000000e+04
9.202467144416993650e-01 8.740602730269019105e+01 1.122600000000000000e+04
9.507708295887784544e-01 8.242015890004940104e+01 1.214600000000000000e+04
9.811824151074982625e-01 8.067564056798350691e+01 1.260600000000000000e+04
1.011684221748752277e+00 7.558145558614694437e+01 1.380200000000000000e+04
1.042628223097419760e+00 7.533101192896840814e+01 1.475400000000000000e+04
1.073331423130289064e+00 7.167895221798077898e+01 1.519400000000000000e+04
1.103867755953996443e+00 7.078873678132977432e+01 1.645400000000000000e+04
1.134626123126019959e+00 6.778992509035792580e+01 1.715400000000000000e+04
1.165311979605310189e+00 6.569286515931239023e+01 1.826600000000000000e+04
1.195715701344807869e+00 6.530931333333333555e+01 1.875000000000000000e+04
1.226212543355766904e+00 6.265652490856972889e+01 2.023400000000000000e+04
1.257106684237927041e+00 6.011132284382284041e+01 2.145000000000000000e+04
1.287903710180657191e+00 5.952639217739732658e+01 2.196200000000000000e+04
1.318485981586206890e+00 5.756261188304493004e+01 2.346200000000000000e+04
1.349079736575599542e+00 5.538774852341735055e+01 2.404200000000000000e+04
1.379852114035814425e+00 5.447236568257149258e+01 2.594600000000000000e+04
1.410480275290311170e+00 5.238579236541848871e+01 2.611800000000000000e+04
1.440742128148283729e+00 5.176372427833926793e+01 2.750600000000000000e+04
1.471255328685920905e+00 4.989798217849033790e+01 2.906600000000000000e+04
1.502136784696030958e+00 4.939218801313629115e+01 3.045000000000000000e+04
1.533052783826297283e+00 4.848791033961312991e+01 3.174200000000000000e+04
1.563639454531115192e+00 4.695226356589147088e+01 3.225000000000000000e+04
1.594207740129345519e+00 4.646886131386861507e+01 3.425000000000000000e+04
1.624993071443384896e+00 4.433024834997461738e+01 3.545400000000000000e+04
1.655631361837712090e+00 4.338535433935334851e+01 3.643400000000000000e+04
1.686043534699749769e+00 4.315633127222546506e+01 3.768200000000000000e+04
1.716490578110202225e+00 4.192611785514328204e+01 3.929400000000000000e+04
1.747331588627294874e+00 4.098605646212524078e+01 4.142600000000000000e+04
1.778105141829419589e+00 4.068290008557980286e+01 4.206600000000000000e+04
1.808604007799013091e+00 3.948293860657622645e+01 4.349000000000000000e+04
1.839287024270282567e+00 3.885667476259244779e+01 4.570200000000000000e+04
1.870041864274240018e+00 3.792555860530943335e+01 4.663400000000000000e+04
1.900737122550122393e+00 3.707509422498661422e+01 4.855400000000000000e+04
1.931106014629314860e+00 3.641120574994884151e+01 4.887000000000000000e+04
1.961523677526103127e+00 3.557687327850408820e+01 5.155400000000000000e+04
1.992455947436605701e+00 3.509618228877796042e+01 5.409000000000000000e+04
2.023265045582995914e+00 3.405249107044224388e+01 5.431400000000000000e+04
2.053922539849919016e+00 3.381218151467228950e+01 5.691000000000000000e+04
2.084529483730196198e+00 3.316562793570161460e+01 5.748200000000000000e+04
2.115224791136270266e+00 3.246682322765809658e+01 6.062600000000000000e+04
2.145940900281321451e+00 3.167714970754501280e+01 6.120600000000000000e+04
2.176332471415279191e+00 3.101156704490970384e+01 6.257000000000000000e+04
2.206919797950731787e+00 3.050591434656929835e+01 6.573000000000000000e+04
2.237635070960208417e+00 3.023895382838976786e+01 6.668600000000000000e+04
2.268416329433683210e+00 2.937589493242273875e+01 6.969800000000000000e+04
2.299091711246687986e+00 2.895927405535087118e+01 7.002600000000000000e+04
2.329659180150480235e+00 2.871454444230610648e+01 7.274600000000000000e+04
2.360394721737119283e+00 2.797987418235215529e+01 7.491000000000000000e+04
2.390975199166128995e+00 2.718476466548691306e+01 7.572200000000000000e+04
2.421460073556194192e+00 2.685525593916660370e+01 7.837800000000000000e+04
2.452028836611731322e+00 2.650609771335749087e+01 8.003000000000000000e+04
2.482752885913177110e+00 2.627285841367537955e+01 8.318600000000000000e+04
2.513535292349708072e+00 2.575941936550681177e+01 8.466600000000000000e+04
2.544225237245184790e+00 2.526910833545166923e+01 8.654600000000000000e+04
2.574773866485851048e+00 2.508789173304286635e+01 8.813400000000000000e+04
2.605444086916172797e+00 2.452815770499682912e+01 9.153800000000000000e+04
2.636246016268779524e+00 2.403944147394189201e+01 9.313800000000000000e+04
2.666818018924998590e+00 2.377236499502529909e+01 9.447800000000000000e+04
2.697363618359566839e+00 2.323061660875465506e+01 9.727400000000000000e+04
2.728019604504508866e+00 2.293378724044538330e+01 9.969000000000000000e+04
2.758802868025683530e+00 2.253753777171264261e+01 1.025900000000000000e+05
2.789534229339404092e+00 2.209167389418907490e+01 1.037700000000000000e+05
2.820110463944515811e+00 2.189748321516558960e+01 1.063460000000000000e+05
2.850758474967378220e+00 2.134878300444051291e+01 1.085460000000000000e+05
2.881313531403897787e+00 2.115513519859834091e+01 1.107260000000000000e+05
2.911785445579514686e+00 2.087856119014974965e+01 1.123220000000000000e+05
2.942296885913312732e+00 2.054901846578652069e+01 1.158900000000000000e+05
2.973018636090491551e+00 2.018165762928784090e+01 1.187660000000000000e+05
3.003960234284211772e+00 1.990077311157991247e+01 1.222980000000000000e+05
3.034645244098625572e+00 1.975451511180277109e+01 1.220900000000000000e+05
3.065200286165120414e+00 1.940530561958508926e+01 1.258100000000000000e+05
3.095834962651569544e+00 1.914602153054060096e+01 1.281900000000000000e+05
3.126534896692137799e+00 1.880462845626517066e+01 1.309940000000000000e+05
3.157254587660618839e+00 1.847796174152345827e+01 1.337220000000000000e+05
3.187691458898155972e+00 1.807070380771701323e+01 1.338860000000000000e+05
3.218359550987105244e+00 1.798244069219712671e+01 1.405380000000000000e+05
3.249147146635412042e+00 1.761900223338122728e+01 1.405940000000000000e+05
3.279708286755456559e+00 1.738057126342326342e+01 1.435940000000000000e+05
3.310282650626811485e+00 1.706369865354384530e+01 1.463100000000000000e+05
3.341041738096756752e+00 1.690053269166943295e+01 1.506500000000000000e+05
3.371829763035033789e+00 1.656210586252748485e+01 1.519140000000000000e+05
3.402297796942758357e+00 1.639334280759853613e+01 1.533980000000000000e+05
3.432832982060985749e+00 1.612390255026414820e+01 1.578660000000000000e+05
3.463520961645436547e+00 1.586176225273562501e+01 1.606580000000000000e+05
3.494268698776064941e+00 1.575442560115050306e+01 1.641020000000000000e+05
3.524882682212484575e+00 1.550519564347794521e+01 1.649940000000000000e+05
3.555471568173579122e+00 1.531755372387400627e+01 1.698500000000000000e+05
3.586282686546968357e+00 1.502635762431641808e+01 1.729860000000000000e+05
3.616919594142721461e+00 1.477695751434782068e+01 1.738940000000000000e+05
3.647368063767713497e+00 1.464908387921573940e+01 1.767780000000000000e+05
3.677992804816497596e+00 1.434257736438543063e+01 1.818020000000000000e+05
3.708738931120072024e+00 1.430209022393320062e+01 1.844300000000000000e+05
3.739459730643931668e+00 1.406032567479518569e+01 1.872420000000000000e+05
3.770116200383169858e+00 1.380550065703022433e+01 1.902500000000000000e+05
3.800728857439862107e+00 1.365598224022433449e+01 1.925700000000000000e+05
3.831471188539541384e+00 1.352911794970088977e+01 1.982540000000000000e+05
3.862151110977656732e+00 1.322163433868150406e+01 1.980740000000000000e+05
3.892653862982213830e+00 1.309486389507547699e+01 2.020500000000000000e+05
3.923205785510675891e+00 1.299486136387966972e+01 2.055020000000000000e+05
3.953960730198294637e+00 1.276763098933857243e+01 2.106660000000000000e+05
3.984703376546768538e+00 1.261913089734778382e+01 2.124260000000000000e+05
4.015247109978196782e+00 1.241606363185893613e+01 2.139180000000000000e+05
4.045907609536984140e+00 1.228222711928830613e+01 2.209940000000000000e+05
4.076640767458163062e+00 1.207819313657334170e+01 2.215220000000000000e+05
4.107291653286554656e+00 1.181774879150207092e+01 2.263140000000000000e+05
4.137850364426196137e+00 1.175657408466567411e+01 2.272940000000000000e+05
4.168439512608713038e+00 1.159428898275255193e+01 2.329620000000000000e+05
4.199236749561098492e+00 1.149146511197638709e+01 2.378180000000000000e+05
4.229947929265353679e+00 1.142310862507235747e+01 2.383980000000000000e+05
4.260462426058084340e+00 1.115902915275580298e+01 2.414180000000000000e+05
4.291046899785903257e+00 1.109022133717962078e+01 2.468180000000000000e+05
4.321739014984441241e+00 1.088047405824590008e+01 2.499060000000000000e+05
4.352456027103726477e+00 1.075649778957369662e+01 2.547020000000000000e+05
4.383033077269767652e+00 1.068409860937512157e+01 2.544180000000000000e+05
4.413534074271517227e+00 1.054969963972130387e+01 2.603540000000000000e+05
4.444200357558366399e+00 1.038844094137538043e+01 2.649740000000000000e+05
4.474952179323342882e+00 1.027211579252908180e+01 2.687220000000000000e+05
4.505641422859886447e+00 1.014274824901864136e+01 2.715620000000000000e+05
4.536316088749490660e+00 1.004077311619603208e+01 2.755860000000000000e+05
4.567046341728766556e+00 9.905653306684749637e+00 2.801900000000000000e+05
4.597751251862217892e+00 9.793095066364015722e+00 2.828340000000000000e+05
4.628349450743415083e+00 9.674239050390994521e+00 2.851700000000000000e+05
4.658885037465664958e+00 9.553684896821508232e+00 2.898860000000000000e+05
4.689537847550620420e+00 9.382391993860238699e+00 2.944740000000000000e+05
4.720267580499146298e+00 9.319263400757266780e+00 2.994980000000000000e+05
4.750887740307660145e+00 9.245200994805939487e+00 2.999580000000000000e+05
4.781458163146202089e+00 9.075713239477142480e+00 3.058580000000000000e+05
4.812139804037513180e+00 8.941525576426828437e+00 3.107940000000000000e+05
4.842826296526053120e+00 8.864066762062334348e+00 3.130820000000000000e+05
4.873346903503020577e+00 8.794639862551653309e+00 3.160460000000000000e+05
4.903952058997482766e+00 8.674381940177147143e+00 3.222180000000000000e+05
4.934760029521842561e+00 8.569352968389527092e+00 3.285620000000000000e+05
4.965452501381958150e+00 8.481342418976188569e+00 3.279900000000000000e+05
4.996086282036240611e+00 8.372651230904134323e+00 3.352820000000000000e+05
5.026695485686597742e+00 8.324477631931422650e+00 3.359700000000000000e+05
5.057355002192011284e+00 8.164295513070166876e+00 3.440660000000000000e+05
5.087967611864264939e+00 8.086261848375702499e+00 3.437180000000000000e+05
5.118544807508640382e+00 8.006332895208508660e+00 3.514980000000000000e+05
5.149234444935959054e+00 7.893313171095023506e+00 3.544580000000000000e+05
5.179860758536608323e+00 7.853891612701706215e+00 3.585660000000000000e+05
5.210624402206279093e+00 7.760931465467794332e+00 3.661220000000000000e+05
5.241317970278694283e+00 7.652387168202071877e+00 3.658100000000000000e+05
5.271888078465520877e+00 7.577157030531023629e+00 3.716220000000000000e+05
5.302538962989003402e+00 7.487369210555711696e+00 3.759860000000000000e+05
5.333241296744681392e+00 7.386926629510426778e+00 3.821700000000000000e+05
5.363843287577101826e+00 7.343499389761613649e+00 3.818180000000000000e+05
5.394377881285376652e+00 7.227055707003033902e+00 3.895740000000000000e+05
5.425045278876105215e+00 7.173887091120604964e+00 3.936980000000000000e+05
5.455748191050116880e+00 7.106551251946386927e+00 3.994580000000000000e+05
5.486417791867136629e+00 7.043451128978524878e+00 4.022220000000000000e+05
5.517054280059129567e+00 6.930519239559425060e+00 4.069220000000000000e+05
5.547729067425179572e+00 6.869943586166136207e+00 4.128420000000000000e+05
5.578396539675297916e+00 6.817429925893111253e+00 4.153460000000000000e+05
5.609013027442932398e+00 6.720980478747904385e+00 4.211820000000000000e+05
5.639660721036475977e+00 6.664420095148911649e+00 4.250180000000000000e+05
5.670338352606606236e+00 6.583953397751995951e+00 4.311380000000000000e+05
5.701002224415820052e+00 6.518965449765413034e+00 4.343820000000000000e+05
5.731652461074824068e+00 6.447746260642436944e+00 4.395140000000000000e+05
5.762312139234633257e+00 6.387385944083932010e+00 4.447380000000000000e+05
5.792988623860222397e+00 6.320762513644159419e+00 4.489100000000000000e+05
5.823527921889432690e+00 6.265301763356102782e+00 4.506180000000000000e+05
5.854115639221332934e+00 6.192402307454618615e+00 4.595540000000000000e+05
5.884803383516547193e+00 6.119082888150876975e+00 4.631060000000000000e+05
5.915403549749584933e+00 6.060792367275109171e+00 4.670940000000000000e+05
5.946097918579516417e+00 6.006778253161464853e+00 4.749380000000000000e+05
5.976784376694718404e+00 5.935852057688197014e+00 4.771860000000000000e+05
6.007474398726609266e+00 5.865102028184125516e+00 4.846700000000000000e+05
6.038161603080837381e+00 5.812773351676557176e+00 4.870100000000000000e+05
6.068803116216009208e+00 5.760488248863806504e+00 4.933140000000000000e+05
6.099443541903901256e+00 5.706569525429055822e+00 4.963220000000000000e+05
6.130013467858260512e+00 5.655379587882846337e+00 5.017020000000000000e+05
6.160659038280898336e+00 5.590628576260121996e+00 5.085620000000000000e+05
6.191382862441213497e+00 5.535347657328650861e+00 5.142420000000000000e+05
6.222022549110604928e+00 5.482627412536471567e+00 5.161580000000000000e+05
6.252618937652392184e+00 5.440488172643808795e+00 5.226020000000000000e+05
6.283314506372367880e+00 5.378193205416671674e+00 5.306580000000000000e+05
6.313956888688901259e+00 5.315545277544043934e+00 5.300420000000000000e+05
6.344526529636881129e+00 5.280222053971399987e+00 5.388780000000000000e+05
6.375193447856655204e+00 5.235747891128958109e+00 5.441300000000000000e+05
6.405923794226229262e+00 5.175399106523972392e+00 5.511060000000000000e+05
6.436615537335857340e+00 5.138981952482210680e+00 5.539820000000000000e+05
6.467240689922951979e+00 5.093052385882825384e+00 5.582420000000000000e+05
6.497840343194827284e+00 5.035791148994058553e+00 5.645460000000000000e+05
6.528490514375480558e+00 4.992337342724025184e+00 5.704940000000000000e+05
6.559189482379200520e+00 4.955613840717662200e+00 5.767620000000000000e+05
6.589792657935158005e+00 4.896486543510066625e+00 5.782340000000000000e+05
6.620368275030441119e+00 4.833156611447479989e+00 5.856660000000000000e+05
6.651059279332403484e+00 4.829399138020947113e+00 5.944460000000000000e+05
6.681735101215181771e+00 4.774262914741704833e+00 5.952500000000000000e+05
6.712352184571596325e+00 4.730378338155988516e+00 6.034020000000000000e+05
6.742994392514953361e+00 4.683769851592572309e+00 6.073820000000000000e+05
6.773707641956070447e+00 4.630120257370220926e+00 6.170100000000000000e+05
6.804368332827349874e+00 4.598262259678523201e+00 6.167780000000000000e+05
6.834957329072475218e+00 4.562972792142726775e+00 6.247460000000000000e+05
6.865533884427167166e+00 4.519536685868592585e+00 6.280620000000000000e+05
6.896209472882897096e+00 4.483563754085797548e+00 6.394100000000000000e+05
6.926963358802590953e+00 4.424866320141099152e+00 6.429540000000000000e+05
6.957595884588287483e+00 4.396628579478431220e+00 6.459740000000000000e+05
6.988217027338134990e+00 4.355627859645901268e+00 6.534900000000000000e+05
7.018912144628523642e+00 4.349493224325232887e+00 6.607460000000000000e+05
7.049598360905487304e+00 4.283298176773801202e+00 6.646460000000000000e+05
7.080168728874950190e+00 4.248908270766833084e+00 6.672900000000000000e+05
7.110800747994752591e+00 4.214948367828415421e+00 6.790340000000000000e+05
7.141530300546490295e+00 4.176610318694871538e+00 6.827220000000000000e+05
7.172250636009499303e+00 4.139534791200714992e+00 6.912380000000000000e+05
7.202854517584712291e+00 4.106109915451886749e+00 6.886020000000000000e+05
7.233403056127952091e+00 4.079178355255084654e+00 7.008260000000000000e+05
7.264069579203881410e+00 4.031896290291952845e+00 7.056620000000000000e+05
7.294683413182806220e+00 3.998632552296776943e+00 7.100820000000000000e+05
7.325311269352252630e+00 3.975409921547579106e+00 7.191620000000000000e+05
7.355966981418407435e+00 3.939623399100034451e+00 7.222500000000000000e+05
7.386612648734541153e+00 3.904737119109786825e+00 7.315100000000000000e+05
7.417310529501340177e+00 3.872509308268675898e+00 7.364420000000000000e+05
7.447945213101880846e+00 3.842757032681961782e+00 7.408980000000000000e+05
7.478607010838381974e+00 3.796814137821632240e+00 7.501580000000000000e+05
7.509321067315616105e+00 3.771180580394401183e+00 7.548660000000000000e+05
7.539974932446685152e+00 3.741381406523962116e+00 7.608260000000000000e+05
7.570585192452028878e+00 3.712359659386886168e+00 7.640340000000000000e+05
7.601198673865714461e+00 3.685860946493229928e+00 7.738460000000000000e+05
7.631877298250918429e+00 3.650462220762997312e+00 7.797140000000000000e+05
7.662521884307726516e+00 3.641653406671307547e+00 7.843140000000000000e+05
7.693137071617793588e+00 3.591873046040776174e+00 7.913420000000000000e+05
7.723811426513647049e+00 3.557681266558093025e+00 7.994580000000000000e+05
7.754494077568185872e+00 3.541196665184194625e+00 8.049620000000000000e+05
7.785135803531300525e+00 3.514420356988450234e+00 8.095500000000000000e+05
7.815694237908749287e+00 3.489736101925360767e+00 8.134580000000000000e+05
7.846343679982115127e+00 3.448389356080840962e+00 8.274020000000000000e+05
7.877043316447378984e+00 3.425331998580769532e+00 8.286180000000000000e+05
7.907673669198284294e+00 3.396541835639812046e+00 8.369180000000000000e+05
7.938328804946242379e+00 3.376644373892182749e+00 8.428740000000000000e+05
7.968975407284135670e+00 3.356212426619319622e+00 8.493380000000000000e+05
7.999667994830390150e+00 3.325786257977837668e+00 8.589420000000000000e+05
8.030349243530407577e+00 3.299595634267077582e+00 8.609780000000000000e+05
8.060946961497052143e+00 3.275602121734884520e+00 8.683460000000000000e+05
8.091572720963124965e+00 3.243266327983417963e+00 8.751540000000000000e+05
8.122271484065059610e+00 3.224255653826276546e+00 8.862140000000000000e+05
8.152953690965352607e+00 3.203145109123160417e+00 8.873460000000000000e+05
8.183566695722484852e+00 3.174829550406375045e+00 8.949860000000000000e+05
8.214194695410645508e+00 3.141647854280251728e+00 9.027740000000000000e+05
8.244899107337827715e+00 3.132869904419842477e+00 9.121140000000000000e+05
8.275572896457878969e+00 3.103161003075322721e+00 9.150260000000000000e+05
8.306162294726084028e+00 3.086535284771263488e+00 9.201420000000000000e+05
8.336764679477866480e+00 3.055523886758116259e+00 9.297620000000000000e+05
8.367430340319790716e+00 3.031164351422312553e+00 9.376980000000000000e+05
8.398127428085201629e+00 3.012475364165789760e+00 9.447620000000000000e+05
8.428757837489422755e+00 2.994809143963537146e+00 9.482540000000000000e+05
8.459372296062671381e+00 2.971087278245655661e+00 9.568020000000000000e+05
8.490063465610685256e+00 2.945090620859849295e+00 9.676580000000000000e+05
8.520744025357005924e+00 2.930319572404718187e+00 9.697020000000000000e+05
8.551309344016351233e+00 2.902382480058311121e+00 9.740900000000000000e+05
8.581943800972473113e+00 2.884583128473761082e+00 9.884820000000000000e+05
8.612642412703635841e+00 2.864596963288084108e+00 9.919940000000000000e+05
8.643308537119485990e+00 2.840965055992327848e+00 1.001030000000000000e+06
8.673970834036897060e+00 2.824538266447859325e+00 1.005450000000000000e+06
8.704610753383335009e+00 2.805300038076899316e+00 1.013738000000000000e+06
8.735274622149603374e+00 2.785100713509704562e+00 1.021710000000000000e+06
8.765876554462561643e+00 2.768433001897177448e+00 1.023626000000000000e+06
8.796472033298300630e+00 2.744517943994887244e+00 1.035834000000000000e+06
8.827113104195804638e+00 2.721505429550358901e+00 1.040786000000000000e+06
8.857794945353973048e+00 2.698440523506322464e+00 1.053206000000000000e+06
8.888492903056484096e+00 2.686851112864498070e+00 1.057002000000000000e+06
8.919147318144009517e+00 2.662110700461886470e+00 1.063898000000000000e+06
8.949810470249602190e+00 2.650626362112712631e+00 1.072782000000000000e+06
8.980482087512241307e+00 2.627360436252000220e+00 1.078826000000000000e+06
9.011149622969513828e+00 2.609087094479199731e+00 1.087922000000000000e+06
9.041778006101507614e+00 2.596942532466937070e+00 1.090494000000000000e+06
9.072395809677630041e+00 2.574151822924705790e+00 1.101362000000000000e+06
9.103062344101488179e+00 2.555561262279217427e+00 1.109802000000000000e+06
9.133716582676932205e+00 2.541770673136452441e+00 1.114514000000000000e+06
9.164343279595041025e+00 2.524894877420755357e+00 1.123926000000000000e+06
9.194939762742391665e+00 2.508001875689395810e+00 1.125986000000000000e+06
9.225588868133300480e+00 2.488366968241114918e+00 1.143554000000000000e+06
9.256279045055194388e+00 2.470505630246961903e+00 1.144710000000000000e+06
9.286922908321361803e+00 2.458020368833068403e+00 1.154018000000000000e+06
9.317551510994961816e+00 2.443168827944363741e+00 1.159962000000000000e+06
9.348218920250847219e+00 2.417045122657316192e+00 1.170986000000000000e+06
9.378902337186493909e+00 2.408813835683644378e+00 1.178142000000000000e+06
9.409551722439367438e+00 2.389653657728165292e+00 1.182674000000000000e+06
9.440170036212245819e+00 2.379506919383846508e+00 1.191002000000000000e+06
9.470808264249194863e+00 2.361642792047569106e+00 1.200438000000000000e+06
9.501473313875692384e+00 2.342672588609805651e+00 1.208162000000000000e+06
9.532125831626755641e+00 2.328727521234174258e+00 1.215258000000000000e+06
9.562784141325121112e+00 2.314455361912993503e+00 1.224134000000000000e+06
9.593416274997863979e+00 2.293961327297794117e+00 1.228722000000000000e+06
9.624083196782743599e+00 2.284637904877432568e+00 1.243154000000000000e+06
9.654771367964533724e+00 2.267537862303421914e+00 1.245434000000000000e+06
9.685402552280704569e+00 2.254282130217869273e+00 1.255158000000000000e+06
9.715969395840117429e+00 2.244641050963276818e+00 1.255610000000000000e+06
9.746617449311713699e+00 2.227219305207888134e+00 1.277562000000000000e+06
9.777290304407999955e+00 2.215111612082102166e+00 1.274414000000000000e+06
9.807885176827742413e+00 2.200406650419830967e+00 1.285994000000000000e+06
9.838572910167970420e+00 2.187588009880191198e+00 1.299570000000000000e+06
9.869276202679451160e+00 2.172790452814713280e+00 1.302122000000000000e+06
9.899918968135150266e+00 2.161678738048721904e+00 1.311366000000000000e+06
9.930567900523143976e+00 2.141046448340112818e+00 1.319186000000000000e+06
9.961220892975154229e+00 2.134948140547853868e+00 1.327434000000000000e+06
9.991891019630978477e+00 2.115131564188577951e+00 1.337294000000000000e+06
1.002255517125434281e+01 2.102059609899235237e+00 1.342730000000000000e+06
1.005316914398451544e+01 2.084057286923298946e+00 1.350570000000000000e+06
1.008383306751157882e+01 2.078584350391533775e+00 1.362590000000000000e+06
1.011452669049533171e+01 2.062615992722483416e+00 1.369698000000000000e+06
1.014516461762413080e+01 2.055027078057245937e+00 1.374914000000000000e+06
1.017577620860668830e+01 2.040251125711022961e+00 1.383570000000000000e+06
1.020642519374937507e+01 2.025492806946381563e+00 1.395374000000000000e+06
1.023705093164075741e+01 2.009047103996151495e+00 1.396994000000000000e+06
1.026765629299071136e+01 1.999850516815087298e+00 1.411530000000000000e+06
1.029830666316376231e+01 1.991775914343801634e+00 1.417574000000000000e+06
1.032896362286516911e+01 1.974404129520993978e+00 1.428834000000000000e+06
1.035966663242073871e+01 1.967152773627571127e+00 1.439018000000000000e+06
1.039031911060697233e+01 1.954480571223115692e+00 1.440698000000000000e+06
1.042093797488244000e+01 1.943147124662398584e+00 1.453638000000000000e+06
1.045161990055933643e+01 1.930382369863594016e+00 1.463426000000000000e+06
1.048230905031899418e+01 1.915006797865470345e+00 1.471050000000000000e+06
1.051294965218652244e+01 1.908075811404013722e+00 1.476638000000000000e+06
1.054355485794442338e+01 1.895528425709985809e+00 1.484466000000000000e+06
1.057423043832554121e+01 1.885029783753032762e+00 1.501154000000000000e+06
1.060491061368286125e+01 1.871855409780609714e+00 1.501706000000000000e+06
1.063551747879349385e+01 1.860580733601411074e+00 1.511502000000000000e+06
1.066612943100288469e+01 1.855203541033814352e+00 1.520234000000000000e+06
1.069681502375580706e+01 1.843006560217848699e+00 1.535010000000000000e+06
1.072753921292190249e+01 1.828594208213518924e+00 1.543358000000000000e+06
1.075810936250636551e+01 1.819585363280837864e+00 1.535754000000000000e+06
1.078871245727466643e+01 1.811069547457122342e+00 1.564802000000000000e+06
1.081940715839958322e+01 1.795780077003886088e+00 1.563038000000000000e+06
1.085006912710444915e+01 1.786024020131447454e+00 1.578426000000000000e+06
1.088072708694015844e+01 1.778684170923222618e+00 1.581482000000000000e+06
1.091135924400057711e+01 1.766165332077249239e+00 1.592250000000000000e+06
1.094200406382756974e+01 1.754536801832446091e+00 1.602230000000000000e+06
1.097260696004568814e+01 1.743831764868634115e+00 1.604754000000000000e+06
1.100323988183271950e+01 1.734636190157059721e+00 1.623458000000000000e+06
1.103388999676240978e+01 1.726797176459003991e+00 1.624910000000000000e+06
1.106457698538006440e+01 1.716549593282443498e+00 1.645122000000000000e+06
1.109527667386575978e+01 1.708951572216177661e+00 1.645130000000000000e+06
1.112591330354135621e+01 1.696449128045679711e+00 1.655706000000000000e+06
1.115654526125968005e+01 1.686666141669802554e+00 1.663502000000000000e+06
1.118719498215796371e+01 1.677820955241197565e+00 1.675514000000000000e+06
1.121787429068015562e+01 1.667979490867490311e+00 1.685298000000000000e+06
1.124851237891747147e+01 1.657162105534794039e+00 1.689566000000000000e+06
1.127910286336602752e+01 1.653399151868539585e+00 1.697850000000000000e+06
1.130978165659318968e+01 1.641556874241364650e+00 1.718546000000000000e+06
1.134049191158932857e+01 1.633324698718820800e+00 1.719822000000000000e+06
1.137111294866358691e+01 1.621684063232297968e+00 1.726586000000000000e+06
1.140173420596685006e+01 1.611295025373939316e+00 1.739186000000000000e+06
1.143241645198721024e+01 1.606378651219671161e+00 1.751538000000000000e+06
1.146309378911906585e+01 1.593197082924265429e+00 1.758062000000000000e+06
1.149371033408863774e+01 1.584650115427592709e+00 1.763010000000000000e+06
1.152434210102386203e+01 1.582079333558973566e+00 1.778642000000000000e+06
1.155502891721602587e+01 1.571529569234175305e+00 1.788582000000000000e+06
1.158569884908570913e+01 1.561308675433738191e+00 1.794746000000000000e+06
1.161631920000943374e+01 1.551331178013519940e+00 1.803290000000000000e+06
1.164692839895572440e+01 1.544650695891572889e+00 1.811058000000000000e+06
1.167758201264465789e+01 1.537820136975362573e+00 1.828358000000000000e+06
1.170824671228167269e+01 1.530231325101208961e+00 1.831362000000000000e+06
1.173887056645718729e+01 1.520047811130565973e+00 1.842458000000000000e+06
1.176945759162609839e+01 1.510981739016501457e+00 1.846998000000000000e+06
1.180012033129267301e+01 1.505636603710191146e+00 1.869122000000000000e+06
1.183084921812949553e+01 1.496376734354964322e+00 1.876346000000000000e+06
1.186151413816298650e+01 1.489577580491895148e+00 1.879506000000000000e+06
1.189215148075095030e+01 1.481529197824357658e+00 1.893326000000000000e+06
1.192281647950092704e+01 1.472683752351687358e+00 1.901826000000000000e+06
1.195347780224454937e+01 1.461084346864634176e+00 1.911962000000000000e+06
1.198410945486709878e+01 1.454136311104951229e+00 1.919198000000000000e+06
1.201473998051305792e+01 1.450792957566978680e+00 1.930242000000000000e+06
1.204539491969681819e+01 1.441357708492711831e+00 1.942442000000000000e+06
1.207606591889535608e+01 1.434113075859722697e+00 1.951734000000000000e+06
1.210668159911830344e+01 1.426339954648711661e+00 1.955402000000000000e+06
1.213729590584212836e+01 1.417744076906146455e+00 1.971858000000000000e+06
1.216799463550970195e+01 1.414486034043059171e+00 1.984898000000000000e+06
1.219864337641968355e+01 1.407992863550645346e+00 1.986422000000000000e+06
1.222922477881376047e+01 1.397004277242245962e+00 1.996146000000000000e+06
1.225989282685840820e+01 1.390169629161779330e+00 2.017106000000000000e+06
1.229058821881884178e+01 1.385207543360067239e+00 2.020638000000000000e+06
1.232123136247960460e+01 1.376777296725151700e+00 2.029346000000000000e+06
1.235186527658106037e+01 1.369427981942202832e+00 2.041002000000000000e+06
1.238252216979992326e+01 1.362709546905847002e+00 2.051450000000000000e+06
1.241320937502392674e+01 1.355056861801667623e+00 2.065886000000000000e+06
1.244383941472429633e+01 1.347781425068756089e+00 2.064546000000000000e+06
1.247445220519574072e+01 1.342139341704079003e+00 2.082650000000000000e+06
1.250512629307856827e+01 1.336323169061207849e+00 2.095182000000000000e+06
1.253580287130877480e+01 1.331241618467401411e+00 2.101346000000000000e+06
1.256646238438352015e+01 1.322517175170191850e+00 2.115554000000000000e+06
1.259708474717591109e+01 1.314287213315598946e+00 2.115654000000000000e+06
1.262774588521747354e+01 1.308235944151184382e+00 2.141066000000000000e+06
1.265841835076503408e+01 1.301846072457713221e+00 2.139786000000000000e+06
1.268903676420887017e+01 1.294793774004484810e+00 2.152202000000000000e+06
1.271964770975900549e+01 1.290453966200327152e+00 2.161086000000000000e+06
1.275028968623544934e+01 1.283663969434638119e+00 2.176058000000000000e+06
1.278098460469567499e+01 1.274620370108334066e+00 2.190818000000000000e+06
1.281164046729207939e+01 1.270679476331693092e+00 2.191158000000000000e+06
1.284225815563851825e+01 1.263410108492486916e+00 2.205314000000000000e+06
1.287289056249479380e+01 1.258788772469549455e+00 2.215554000000000000e+06
1.290355625633802639e+01 1.252030093761123730e+00 2.230562000000000000e+06
1.293423770049094124e+01 1.245373979623274341e+00 2.239614000000000000e+06
1.296488169854081285e+01 1.239538256566086627e+00 2.245706000000000000e+06
1.299551871653742019e+01 1.231958570130027741e+00 2.259674000000000000e+06
1.302618975751721919e+01 1.227418646022767623e+00 2.273214000000000000e+06
1.305685244694570457e+01 1.220869891284982245e+00 2.278802000000000000e+06
1.308750998994310244e+01 1.215988952212565311e+00 2.294034000000000000e+06
1.311813220161915972e+01 1.208751027259076682e+00 2.294942000000000000e+06
1.314876333796909336e+01 1.202469735223667957e+00 2.317050000000000000e+06
1.317943307318251733e+01 1.197586297303045111e+00 2.322842000000000000e+06
1.321006023701692200e+01 1.192825562787185545e+00 2.330810000000000000e+06
1.324068959969416603e+01 1.188678782825608904e+00 2.345958000000000000e+06
1.327132733229817774e+01 1.181557100526600568e+00 2.353586000000000000e+06
1.330202137818103125e+01 1.174888898708447371e+00 2.376210000000000000e+06
1.333270765674768299e+01 1.167993541382571943e+00 2.374502000000000000e+06
1.336332360429498145e+01 1.162417247959851574e+00 2.386346000000000000e+06
1.339396115374925600e+01 1.158301663172746299e+00 2.401314000000000000e+06
1.342462950449915837e+01 1.151999523108503176e+00 2.411450000000000000e+06
1.345527227069447385e+01 1.146364322486138398e+00 2.420718000000000000e+06
1.348587288323711597e+01 1.140834251948054101e+00 2.425754000000000000e+06
1.351655033488228952e+01 1.135790895146581603e+00 2.455218000000000000e+06
1.354723943126051466e+01 1.132020565970145443e+00 2.450942000000000000e+06
1.357787602620414091e+01 1.123776614933140960e+00 2.467130000000000000e+06
1.360850969175125869e+01 1.120605331826993956e+00 2.474874000000000000e+06
1.363916260858142593e+01 1.114947144230437059e+00 2.490362000000000000e+06
1.366981104919095991e+01 1.110724790664421757e+00 2.498142000000000000e+06
1.370042868629872679e+01 1.103999756690027034e+00 2.507090000000000000e+06
1.373107732768572298e+01 1.098731589246274565e+00 2.525562000000000000e+06
1.376175426428364190e+01 1.094631628822997138e+00 2.534726000000000000e+06
1.379244642300857926e+01 1.090897272291605935e+00 2.549906000000000000e+06
1.382309257737347785e+01 1.084411800676891469e+00 2.551074000000000000e+06
1.385373333418663933e+01 1.078846167311497073e+00 2.570702000000000000e+06
1.388438231685893065e+01 1.075937353620425529e+00 2.574642000000000000e+06
1.391502673172247206e+01 1.068435228710449048e+00 2.594066000000000000e+06
1.394566139702082808e+01 1.064958713612830454e+00 2.594802000000000000e+06
1.397626403373048554e+01 1.059973181778157247e+00 2.612030000000000000e+06
1.400692990380277614e+01 1.054811651954334017e+00 2.627954000000000000e+06
1.403762665833372836e+01 1.051825820462187089e+00 2.640402000000000000e+06
1.406826249291076536e+01 1.046050300327016958e+00 2.641454000000000000e+06
1.409889778741170652e+01 1.040355634498620230e+00 2.661834000000000000e+06
1.412955070116482226e+01 1.035637910066845579e+00 2.669138000000000000e+06
1.416021112645075775e+01 1.031606420153319048e+00 2.684858000000000000e+06
1.419087385297501669e+01 1.027318655782858414e+00 2.693910000000000000e+06
1.422149875684323916e+01 1.023762141510362822e+00 2.701682000000000000e+06
1.425216427801141883e+01 1.017083973323519519e+00 2.722698000000000000e+06
1.428282043751237218e+01 1.013728680031497964e+00 2.725262000000000000e+06
1.431346230054741042e+01 1.009220131634122719e+00 2.742450000000000000e+06
1.434410509664010824e+01 1.005369474698619925e+00 2.749850000000000000e+06
1.437474217852985525e+01 1.000354299826839100e+00 2.763902000000000000e+06
1.440540590632776841e+01 9.953105958687031851e-01 2.778498000000000000e+06
1.443604895983575531e+01 9.923425138174126747e-01 2.784530000000000000e+06
1.446670970857448424e+01 9.858201687097419841e-01 2.804106000000000000e+06
1.449736904962689010e+01 9.817739937860124888e-01 2.809790000000000000e+06
1.452802375701152648e+01 9.793382118172441198e-01 2.825058000000000000e+06
1.455867443991712307e+01 9.736278944230205568e-01 2.834330000000000000e+06
1.458929057279699038e+01 9.711310292460789695e-01 2.842022000000000000e+06
1.461994280853970452e+01 9.654335066815510347e-01 2.864754000000000000e+06
1.465058249564759585e+01 9.633676898078546991e-01 2.864186000000000000e+06
1.468117988573594168e+01 9.575803479585961453e-01 2.879538000000000000e+06
1.471182673337874292e+01 9.525692595916335215e-01 2.899454000000000000e+06
1.474248363238804060e+01 9.487594593868726722e-01 2.904258000000000000e+06
1.477317496500613103e+01 9.450443206924771244e-01 2.930234000000000000e+06
1.480386910161793779e+01 9.426780987777544363e-01 2.929526000000000000e+06
1.483450217940607452e+01 9.354494498107354117e-01 2.942442000000000000e+06
1.486516698446851059e+01 9.322614419702716093e-01 2.960810000000000000e+06
1.489582703702377664e+01 9.294848250596805528e-01 2.964954000000000000e+06
1.492646528006037521e+01 9.245328607707042901e-01 2.980910000000000000e+06
1.495710544900555306e+01 9.212631286488900395e-01 2.990978000000000000e+06
1.498776269392421945e+01 9.168783784951984872e-01 3.007626000000000000e+06
1.501843370546180267e+01 9.123108003998455784e-01 3.019166000000000000e+06
1.504905569365952722e+01 9.094033941392014597e-01 3.021090000000000000e+06
1.507968813668374430e+01 9.057077911723538932e-01 3.047834000000000000e+06
1.511037332515695297e+01 9.019930684417739597e-01 3.055590000000000000e+06
1.514104424704462026e+01 8.986916767746027102e-01 3.068546000000000000e+06
1.517163880420388011e+01 8.960085567836456599e-01 3.067274000000000000e+06
1.520226772397046489e+01 8.902224393474880149e-01 3.098058000000000000e+06
1.523296937728429157e+01 8.869111293079215974e-01 3.109214000000000000e+06
1.526361904753517074e+01 8.816276242852357781e-01 3.110466000000000000e+06
1.529421425129691947e+01 8.790026469336218451e-01 3.124370000000000000e+06
1.532485231670361081e+01 8.764620692111823042e-01 3.144174000000000000e+06
1.535555551766698201e+01 8.711287114871630877e-01 3.161738000000000000e+06
1.538620301937812407e+01 8.682080705341008731e-01 3.159890000000000000e+06
1.541679818315905770e+01 8.645836286891118716e-01 3.174138000000000000e+06
1.544743875163359270e+01 8.613424559892813859e-01 3.195926000000000000e+06
1.547813884141497276e+01 8.578634739019227462e-01 3.211386000000000000e+06
1.550883091269481717e+01 8.553035677787255153e-01 3.219314000000000000e+06
1.553946294611858292e+01 8.510797880882742250e-01 3.225494000000000000e+06
1.557009342916842165e+01 8.473159495485359516e-01 3.242562000000000000e+06
1.560074559370220371e+01 8.445189488710495018e-01 3.257450000000000000e+06
1.563140821530218894e+01 8.405908719110170013e-01 3.269118000000000000e+06
1.566204787145430899e+01 8.366570802060429024e-01 3.278930000000000000e+06
1.569265004490419813e+01 8.333025268890815740e-01 3.286650000000000000e+06
1.572331415106903485e+01 8.301441833679570337e-01 3.316610000000000000e+06
1.575400933951588378e+01 8.269796829303979191e-01 3.321542000000000000e+06
1.578464652652455058e+01 8.237525904455296200e-01 3.328578000000000000e+06
1.581527512713691763e+01 8.202730343185232753e-01 3.345074000000000000e+06
1.584593159202205293e+01 8.180323801806592687e-01 3.361686000000000000e+06
1.587658751981395078e+01 8.130274544903109968e-01 3.369722000000000000e+06
1.590722339945609676e+01 8.109887926883663223e-01 3.385290000000000000e+06
1.593785107536400147e+01 8.073224095277129475e-01 3.391370000000000000e+06
1.596852352225685401e+01 8.033573807043365989e-01 3.422966000000000000e+06
1.599920243251385621e+01 7.999540434994435456e-01 3.419538000000000000e+06
1.602985553152441156e+01 7.968950198873293589e-01 3.441890000000000000e+06
1.606050898189369747e+01 7.946342538045506609e-01 3.447582000000000000e+06
1.609116293617333326e+01 7.896932116050033867e-01 3.466298000000000000e+06
1.612177218423172320e+01 7.871234270211072692e-01 3.466194000000000000e+06
1.615238659316504766e+01 7.830821016350798525e-01 3.492062000000000000e+06
1.618304433395858055e+01 7.805297658026544294e-01 3.503114000000000000e+06
1.621369564724469114e+01 7.770563121348957880e-01 3.517146000000000000e+06
1.624437349555979182e+01 7.753372310933092093e-01 3.535706000000000000e+06
1.627503011624142815e+01 7.715371628779724711e-01 3.539742000000000000e+06
1.630567747321957484e+01 7.686246486776905362e-01 3.558698000000000000e+06
1.633633444718754291e+01 7.653996838203288577e-01 3.570122000000000000e+06
1.636699228812523543e+01 7.612382272101716474e-01 3.585174000000000000e+06
1.639764059090457948e+01 7.597313423368130536e-01 3.594314000000000000e+06
1.642828590068688399e+01 7.570161101449564001e-01 3.612258000000000000e+06
1.645893007191645907e+01 7.537761561115957631e-01 3.620282000000000000e+06
1.648957199783176364e+01 7.509312111474389928e-01 3.639078000000000000e+06
1.652022897904334187e+01 7.474229204618608735e-01 3.650450000000000000e+06
1.655086391605456342e+01 7.456286061848169666e-01 3.661418000000000000e+06
1.658149960773415188e+01 7.419991984107432437e-01 3.677694000000000000e+06
1.661216865362178652e+01 7.394569854041338486e-01 3.695978000000000000e+06
1.664282501558284721e+01 7.349795830733956148e-01 3.702810000000000000e+06
1.667345451826077252e+01 7.333336113979961324e-01 3.716162000000000000e+06
1.670412303906892859e+01 7.306637881293892578e-01 3.740094000000000000e+06
1.673478210225302121e+01 7.271756081470128752e-01 3.740954000000000000e+06
1.676541740863294194e+01 7.246339085964009774e-01 3.760946000000000000e+06
1.679608408952596577e+01 7.214861505691216870e-01 3.778278000000000000e+06
1.682674466654829359e+01 7.186990907606549683e-01 3.784922000000000000e+06
1.685739723155478487e+01 7.168813559945611535e-01 3.805266000000000000e+06
1.688803548841513802e+01 7.134336970012759016e-01 3.807686000000000000e+06
1.691867153120264078e+01 7.103211344253912429e-01 3.833130000000000000e+06
1.694932872530407053e+01 7.082103038654331550e-01 3.841898000000000000e+06
1.697998566510549878e+01 7.044426830589562982e-01 3.858074000000000000e+06
1.701062828430612228e+01 7.024609108254539214e-01 3.868974000000000000e+06
1.704127533600995648e+01 6.997445154402601730e-01 3.885362000000000000e+06
1.707192414656785573e+01 6.967635809547263470e-01 3.898290000000000000e+06
1.710255181072696473e+01 6.945482520818542227e-01 3.907334000000000000e+06
1.713319071172596608e+01 6.918492744474677991e-01 3.928730000000000000e+06
1.716382735984657515e+01 6.904877756964903357e-01 3.936666000000000000e+06
1.719448998954597485e+01 6.866334700377093592e-01 3.961346000000000000e+06
1.722518713228848242e+01 6.850137231140401850e-01 3.975774000000000000e+06
1.725581491968389614e+01 6.817176292018399808e-01 3.970106000000000000e+06
1.728643657196136019e+01 6.793967655632912050e-01 4.003170000000000000e+06
1.731713759204037117e+01 6.768841872663611259e-01 4.019558000000000000e+06
1.734781987893603983e+01 6.732390138020221126e-01 4.025642000000000000e+06
1.737842365147297841e+01 6.710027568478104110e-01 4.028514000000000000e+06
1.740905079503025732e+01 6.695673841293710016e-01 4.059398000000000000e+06
1.743972443769684233e+01 6.654909582438297555e-01 4.069674000000000000e+06
1.747038028370268492e+01 6.641229958728583904e-01 4.083698000000000000e+06
1.750102745774862356e+01 6.607755157855152994e-01 4.095210000000000000e+06
1.753166500950241513e+01 6.585360409563952855e-01 4.110518000000000000e+06
1.756231498081562137e+01 6.569941965421568497e-01 4.126850000000000000e+06
1.759296617687713393e+01 6.539404470504918132e-01 4.140114000000000000e+06
1.762357382681691220e+01 6.511734840386382839e-01 4.144070000000000000e+06
1.765421428885442268e+01 6.486215701798121458e-01 4.175802000000000000e+06
1.768489852398702311e+01 6.462079160778646525e-01 4.187882000000000000e+06
1.771556950276492870e+01 6.442347442995772777e-01 4.199250000000000000e+06
1.774620783297953963e+01 6.421488855935605367e-01 4.209326000000000000e+06
1.777682774493507267e+01 6.395440216194195893e-01 4.222130000000000000e+06
1.780750401021129292e+01 6.382637113216922398e-01 4.254258000000000000e+06
1.783817993206895025e+01 6.352148676606910183e-01 4.252478000000000000e+06
1.786881799063985099e+01 6.327108589743409839e-01 4.270698000000000000e+06
1.789943445534976263e+01 6.300259202519236101e-01 4.278122000000000000e+06
1.793009336077801663e+01 6.274251153971626138e-01 4.309898000000000000e+06
1.796077930716451831e+01 6.260491875427076636e-01 4.317150000000000000e+06
1.799143485791619668e+01 6.238562135280566467e-01 4.329698000000000000e+06
1.802207283970281892e+01 6.208114538569386998e-01 4.340826000000000000e+06
1.805270571152597725e+01 6.189589502682592004e-01 4.359590000000000000e+06
1.808336667793345498e+01 6.164956532666187039e-01 4.376850000000000000e+06
1.811401323573930355e+01 6.146133152360990781e-01 4.386674000000000000e+06
1.814464766537982499e+01 6.123112752971410222e-01 4.401782000000000000e+06
1.817529082465190982e+01 6.090540503845710552e-01 4.419210000000000000e+06
1.820598375993449736e+01 6.082466993007056288e-01 4.446482000000000000e+06
1.823663229521417861e+01 6.057647477631881161e-01 4.435554000000000000e+06
1.826725204091361476e+01 6.034443560813383955e-01 4.468934000000000000e+06
1.829791582036300213e+01 6.015326119727982812e-01 4.477650000000000000e+06
1.832855470139352150e+01 5.994082228918747868e-01 4.491218000000000000e+06
1.835919789777245015e+01 5.972319713867502156e-01 4.510358000000000000e+06
1.838983691066674098e+01 5.944614076856650220e-01 4.518594000000000000e+06
1.842048618686847306e+01 5.922743204164001574e-01 4.544474000000000000e+06
1.845114961348761540e+01 5.910696013135041671e-01 4.552098000000000000e+06
1.848180953853236019e+01 5.886613959811933805e-01 4.574990000000000000e+06
1.851245222260127932e+01 5.867538850085531887e-01 4.577210000000000000e+06
1.854311068981073518e+01 5.841018027484133901e-01 4.608186000000000000e+06
1.857377018063706586e+01 5.824058966664772408e-01 4.610198000000000000e+06
1.860440390017229007e+01 5.804781181179624605e-01 4.628898000000000000e+06
1.863503114498546864e+01 5.785243807057272036e-01 4.641170000000000000e+06
1.866567550024189615e+01 5.755745033417967171e-01 4.662462000000000000e+06
1.869635147958381793e+01 5.743405023494897454e-01 4.681442000000000000e+06
1.872700405237336696e+01 5.726649210192306105e-01 4.687850000000000000e+06
1.875765137982478592e+01 5.706296675726265644e-01 4.708818000000000000e+06
1.878830446025693490e+01 5.688253012686131926e-01 4.721534000000000000e+06
1.881894131346886212e+01 5.666517705276191696e-01 4.732770000000000000e+06
1.884957303362655523e+01 5.652590301652772320e-01 4.753346000000000000e+06
1.888023809980736090e+01 5.624692272138911431e-01 4.772886000000000000e+06
1.891090871260763606e+01 5.608778022937043195e-01 4.785098000000000000e+06
1.894154790414986422e+01 5.582706029994616292e-01 4.795394000000000000e+06
1.897218362658022173e+01 5.563021475342886379e-01 4.813986000000000000e+06
1.900283385206392595e+01 5.547119657231823764e-01 4.832654000000000000e+06
1.903350235720601091e+01 5.525927431278588875e-01 4.849362000000000000e+06
1.906415148299372575e+01 5.507439091110057916e-01 4.858322000000000000e+06
1.909476996524363557e+01 5.489281988370217080e-01 4.871286000000000000e+06
1.912540633843168436e+01 5.464661437529242383e-01 4.894370000000000000e+06
1.915607775651777800e+01 5.443000010173664194e-01 4.914650000000000000e+06
1.918673093358846060e+01 5.429898277481889357e-01 4.919658000000000000e+06
1.921737109038362945e+01 5.412011159052929621e-01 4.941638000000000000e+06
1.924805333354893122e+01 5.392806195949458870e-01 4.965954000000000000e+06
1.927873600716220892e+01 5.371428585795400279e-01 4.971770000000000000e+06
1.930937881190103056e+01 5.349445775138585990e-01 4.985702000000000000e+06
1.934000064256855111e+01 5.337747487447745964e-01 4.996314000000000000e+06
1.937063530033629988e+01 5.321198890795892922e-01 5.021258000000000000e+06
1.940129903902628072e+01 5.300471174781232753e-01 5.038470000000000000e+06
1.943195223680148231e+01 5.279831219533451803e-01 5.048570000000000000e+06
1.946259388837266968e+01 5.263290024480118401e-01 5.067786000000000000e+06
1.949325378056333591e+01 5.250871193898515310e-01 5.084402000000000000e+06
1.952391920669563774e+01 5.231694721131734394e-01 5.104238000000000000e+06
1.955454529668766028e+01 5.216176260170251044e-01 5.101890000000000000e+06
1.958515229432341798e+01 5.193620099368487786e-01 5.129594000000000000e+06
1.961580259908011215e+01 5.182162912019725454e-01 5.149086000000000000e+06
1.964647598754564939e+01 5.165050280198589805e-01 5.168834000000000000e+06
1.967711671408318352e+01 5.147926766127138842e-01 5.172306000000000000e+06
1.970776054518702480e+01 5.125556381748178625e-01 5.199218000000000000e+06
1.973843058927628391e+01 5.109642924936198538e-01 5.215430000000000000e+06
1.976909383957853095e+01 5.096425920040021929e-01 5.229066000000000000e+06
1.979974730224805413e+01 5.081029663287273124e-01 5.244530000000000000e+06
1.983040459772927377e+01 5.060283647515519956e-01 5.262870000000000000e+06
1.986105281425653857e+01 5.044694116446615251e-01 5.272562000000000000e+06
1.989167915855331970e+01 5.023024620715911270e-01 5.290098000000000000e+06
1.992233512457928057e+01 5.009632395860421639e-01 5.314358000000000000e+06
1.995299022425723834e+01 4.989177670159399280e-01 5.322098000000000000e+06
1.998362696967681629e+01 4.980558978743035436e-01 5.341026000000000000e+06
2.001429805344872292e+01 4.953444361673068341e-01 5.366858000000000000e+06
2.004496752307381513e+01 4.948353050802486441e-01 5.374422000000000000e+06
2.007558003312327344e+01 4.923982795714920702e-01 5.377730000000000000e+06
2.010619663165178039e+01 4.910844713194230104e-01 5.409410000000000000e+06
2.013687553158347754e+01 4.891306408117461757e-01 5.434014000000000000e+06
2.016755016454825267e+01 4.873781505096084210e-01 5.438882000000000000e+06
2.019818861724741410e+01 4.852987750766196151e-01 5.456178000000000000e+06
2.022882364752918605e+01 4.846646939374780194e-01 5.469242000000000000e+06
2.025947582076963727e+01 4.825100606349070897e-01 5.496174000000000000e+06
2.029013497277836109e+01 4.818368077187845655e-01 5.505530000000000000e+06
2.032077646713278085e+01 4.800409403604505298e-01 5.521202000000000000e+06
2.035142410046669426e+01 4.778578715563102097e-01 5.544126000000000000e+06
2.038209715392332910e+01 4.765932969623241089e-01 5.560106000000000000e+06
2.041276704522988084e+01 4.744185406740153987e-01 5.579754000000000000e+06
2.044339434596270522e+01 4.733880802041508518e-01 5.576270000000000000e+06
2.047400433812566689e+01 4.712922617563541361e-01 5.607138000000000000e+06
2.050465414558887645e+01 4.697702286176099196e-01 5.625026000000000000e+06
2.053532389370018763e+01 4.683994522108319014e-01 5.646698000000000000e+06
2.056596192186154326e+01 4.671130100479260472e-01 5.649126000000000000e+06
2.059659481650145807e+01 4.656209778885828654e-01 5.676434000000000000e+06
2.062723563822306616e+01 4.642671771267735115e-01 5.687418000000000000e+06
2.065789501103831682e+01 4.626380595644026816e-01 5.715830000000000000e+06
2.068857363042259578e+01 4.611201631638567888e-01 5.729210000000000000e+06
2.071923747383037551e+01 4.593230106102873522e-01 5.744802000000000000e+06
2.074987498351558557e+01 4.576382603803723081e-01 5.752154000000000000e+06
2.078053041960519209e+01 4.565675926684412134e-01 5.786382000000000000e+06
2.081118017348725502e+01 4.553406414706682726e-01 5.784146000000000000e+06
2.084180966840007443e+01 4.536006580013647316e-01 5.812146000000000000e+06
2.087246873484020426e+01 4.518827165470074014e-01 5.830166000000000000e+06
2.090312912726902539e+01 4.505410675949605426e-01 5.845850000000000000e+06
2.093378037566929351e+01 4.490977401031651661e-01 5.862834000000000000e+06
2.096442457626876177e+01 4.477552243286579969e-01 5.876066000000000000e+06
2.099509039179685033e+01 4.460085704793921302e-01 5.905854000000000000e+06
2.102573351815310332e+01 4.446055028960024802e-01 5.902274000000000000e+06
2.105635720643528686e+01 4.436662509032653356e-01 5.931258000000000000e+06
2.108702218704524967e+01 4.424039112901736459e-01 5.954966000000000000e+06
2.111769024571999509e+01 4.402589975501839947e-01 5.965346000000000000e+06
2.114832577809379899e+01 4.394101660505556062e-01 5.977818000000000000e+06
2.117897364467428645e+01 4.381995540839719872e-01 6.004718000000000000e+06
2.120962225056029737e+01 4.369005237448405077e-01 6.011706000000000000e+06
2.124028003416142241e+01 4.351366740712928061e-01 6.045770000000000000e+06
2.127093375519878649e+01 4.333271925616882791e-01 6.041586000000000000e+06
2.130156165599708373e+01 4.325505839952341058e-01 6.073166000000000000e+06
2.133219920491698574e+01 4.312312282919353867e-01 6.078962000000000000e+06
2.136285116966709907e+01 4.295609540846984653e-01 6.114258000000000000e+06
2.139352427845574667e+01 4.283614095898701790e-01 6.123086000000000000e+06
2.142417268630640592e+01 4.268400559251853688e-01 6.136770000000000000e+06
2.145480354384202215e+01 4.257273231822850668e-01 6.154898000000000000e+06
2.148545706546140721e+01 4.237659036579424776e-01 6.178610000000000000e+06
2.151612653279159915e+01 4.231732602643892838e-01 6.197982000000000000e+06
2.154677833320419822e+01 4.219432529045229474e-01 6.205322000000000000e+06
2.157739246519214760e+01 4.200539086808654510e-01 6.218850000000000000e+06
2.160802636633691876e+01 4.187828884100626703e-01 6.249542000000000000e+06
2.163871370337264111e+01 4.171219477519330643e-01 6.274146000000000000e+06
2.166936190194067180e+01 4.163369212862916835e-01 6.270242000000000000e+06
2.169999864745664908e+01 4.151215849338849573e-01 6.305222000000000000e+06
2.173068313923396389e+01 4.138318957107843810e-01 6.325026000000000000e+06
2.176134463504373429e+01 4.125866127220139123e-01 6.331922000000000000e+06
2.179196928002131983e+01 4.107838204151584849e-01 6.343698000000000000e+06
2.182260671813147823e+01 4.098375287326211924e-01 6.375158000000000000e+06
2.185327640589686382e+01 4.090856434223201776e-01 6.392178000000000000e+06
2.188395164505502422e+01 4.079045260233164494e-01 6.412826000000000000e+06
2.191457418339750873e+01 4.061399751961814464e-01 6.407078000000000000e+06
2.194519964934411504e+01 4.045427045540337385e-01 6.447954000000000000e+06
2.197584874950450384e+01 4.039406749601070490e-01 6.456026000000000000e+06
2.200650103817257985e+01 4.026321059099658983e-01 6.482034000000000000e+06
2.203714959817343200e+01 4.011367917277977591e-01 6.492878000000000000e+06
2.206776146081951495e+01 4.000686550168454092e-01 6.502074000000000000e+06
2.209840900715284917e+01 3.988826489050013024e-01 6.542930000000000000e+06
2.212909435360047894e+01 3.976744875924984601e-01 6.556598000000000000e+06
2.215976446255987753e+01 3.963127042325119143e-01 6.570330000000000000e+06
2.219040287241333331e+01 3.947246775314415812e-01 6.581882000000000000e+06
2.222105997311332359e+01 3.938176384708703681e-01 6.612546000000000000e+06
2.225173735653976692e+01 3.933869664011614975e-01 6.628622000000000000e+06
2.228236906003313322e+01 3.918137919341705966e-01 6.629498000000000000e+06
2.231299123139654839e+01 3.905397004167135977e-01 6.659250000000000000e+06
2.234365539181282045e+01 3.892489402492310124e-01 6.686006000000000000e+06
2.237431906113462787e+01 3.875771125638016734e-01 6.693786000000000000e+06
2.240495119889733289e+01 3.865309360544517681e-01 6.711554000000000000e+06
2.243559874147591060e+01 3.854572249445415988e-01 6.735678000000000000e+06
2.246626223308657444e+01 3.841777213500299215e-01 6.754754000000000000e+06
2.249693164364150988e+01 3.833156744488731005e-01 6.776570000000000000e+06
2.252754695231501358e+01 3.824708595361818730e-01 6.767394000000000000e+06
2.255817384037303697e+01 3.808723680547754231e-01 6.818246000000000000e+06
2.258886124968342557e+01 3.796643306948974672e-01 6.830562000000000000e+06
2.261950951352502059e+01 3.785977600258276787e-01 6.839186000000000000e+06
2.265014298397850823e+01 3.776276105587992316e-01 6.861462000000000000e+06
2.268078975948035492e+01 3.765699682314704866e-01 6.880394000000000000e+06
2.271145371109907174e+01 3.754529708080492911e-01 6.907178000000000000e+06
2.274211585654432000e+01 3.745857689871120999e-01 6.917034000000000000e+06
2.277276196539026643e+01 3.725527296742805472e-01 6.937934000000000000e+06
2.280339367570849163e+01 3.721921263809421232e-01 6.947250000000000000e+06
2.283404335172724586e+01 3.708998044429574481e-01 6.982106000000000000e+06
2.286471099297079590e+01 3.696156706145102278e-01 6.995718000000000000e+06
2.289535670710002435e+01 3.685831253651871142e-01 7.006682000000000000e+06
2.292600245201877840e+01 3.676275244582543622e-01 7.035866000000000000e+06
2.295667389567964989e+01 3.665586090945561759e-01 7.054110000000000000e+06
2.298731368920699225e+01 3.656597339582960959e-01 7.059194000000000000e+06
2.301794844000150775e+01 3.647097028371632521e-01 7.091802000000000000e+06
2.304859935862412001e+01 3.633260598372040073e-01 7.100666000000000000e+06
2.307924172520139550e+01 3.622817562459058061e-01 7.129070000000000000e+06
2.310990061408635654e+01 3.612644369912877962e-01 7.143282000000000000e+06
2.314054307017327616e+01 3.603186463360516512e-01 7.161482000000000000e+06
2.317119382566526298e+01 3.587394953772561346e-01 7.184694000000000000e+06
2.320185734324556392e+01 3.578010509287034568e-01 7.203914000000000000e+06
2.323250807215323377e+01 3.569937917483523848e-01 7.219746000000000000e+06
2.326313843972289419e+01 3.555996540978558218e-01 7.228634000000000000e+06
2.329379144080670727e+01 3.546456678295761833e-01 7.271990000000000000e+06
2.332444777960088445e+01 3.537220925454526710e-01 7.266786000000000000e+06
2.335507087774779578e+01 3.526430525182864817e-01 7.293650000000000000e+06
2.338572972711217801e+01 3.515829825045746482e-01 7.324086000000000000e+06
2.341640604770795875e+01 3.505341922560689105e-01 7.338650000000000000e+06
2.344705630354619430e+01 3.498933686001097221e-01 7.351962000000000000e+06
2.347766959470004267e+01 3.486091157085789982e-01 7.357190000000000000e+06
2.350831446175642370e+01 3.474901303557284549e-01 7.406042000000000000e+06
2.353898224311427256e+01 3.461344249257554684e-01 7.408626000000000000e+06
2.356963575235109332e+01 3.455644190590953513e-01 7.435610000000000000e+06
2.360029901858758095e+01 3.441449045299536658e-01 7.453542000000000000e+06
2.363094388425705006e+01 3.431006248390608415e-01 7.464002000000000000e+06
2.366159032137904816e+01 3.425417352479053212e-01 7.493546000000000000e+06
2.369224972351527114e+01 3.411433473318309373e-01 7.510806000000000000e+06
2.372291508578891595e+01 3.403717070665685518e-01 7.532114000000000000e+06
2.375354632645621322e+01 3.391970379369855237e-01 7.536234000000000000e+06
2.378417204300768972e+01 3.382093765208171177e-01 7.565834000000000000e+06
2.381484989613622716e+01 3.373961701219850284e-01 7.603062000000000000e+06
2.384550834037956690e+01 3.364371883185034440e-01 7.593890000000000000e+06
2.387612970652009281e+01 3.353066730719229671e-01 7.622906000000000000e+06
2.390677281995975534e+01 3.340479626166953375e-01 7.646622000000000000e+06
2.393744201491479373e+01 3.332995201548267783e-01 7.672058000000000000e+06
2.396809205963029044e+01 3.326909934778300437e-01 7.679346000000000000e+06
2.399871140417699422e+01 3.317115898515258787e-01 7.693058000000000000e+06
2.402935365105090071e+01 3.307413014581440658e-01 7.732158000000000000e+06
2.406002599393818642e+01 3.297708830893968379e-01 7.746962000000000000e+06
2.409069744544645886e+01 3.290296752561386873e-01 7.770986000000000000e+06
2.412133809379787408e+01 3.277907794218649640e-01 7.772094000000000000e+06
2.415197098395899289e+01 3.268150923048179779e-01 7.803818000000000000e+06
2.418264178024068300e+01 3.258257430302343161e-01 7.834338000000000000e+06
2.421329665107611007e+01 3.249183018008070523e-01 7.833710000000000000e+06
2.424392248425750651e+01 3.236528721836963718e-01 7.858794000000000000e+06
2.427456797443234393e+01 3.231431111742464890e-01 7.884290000000000000e+06
2.430522057461229224e+01 3.221407533890306429e-01 7.901522000000000000e+06
2.433588276096136127e+01 3.211653705579685658e-01 7.930662000000000000e+06
2.436653439930566023e+01 3.203180041001075229e-01 7.934426000000000000e+06
2.439717972712892902e+01 3.193200613706838609e-01 7.967322000000000000e+06
2.442783693810555690e+01 3.184520505932521561e-01 7.981934000000000000e+06
2.445848909686699457e+01 3.178178964579781440e-01 8.003282000000000000e+06
2.448913290943420407e+01 3.167986671764135287e-01 8.019666000000000000e+06
2.451976455905877472e+01 3.159024439907887061e-01 8.034482000000000000e+06
2.455040989797941720e+01 3.146197602987008124e-01 8.068542000000000000e+06
2.458107931780205035e+01 3.140948828491560429e-01 8.088290000000000000e+06
2.461173000312667725e+01 3.132510663483986657e-01 8.096322000000000000e+06
2.464236413023569838e+01 3.121949116088525988e-01 8.122646000000000000e+06
2.467302878003126310e+01 3.115920859254162623e-01 8.150138000000000000e+06
2.470369018584469600e+01 3.106214611009829318e-01 8.165322000000000000e+06
2.473434237152199699e+01 3.095787462478188368e-01 8.182574000000000000e+06
2.476499023106570618e+01 3.086861559262664145e-01 8.203698000000000000e+06
2.479564135983178019e+01 3.079863239119796647e-01 8.226914000000000000e+06
2.482630207602976569e+01 3.071397875904370856e-01 8.246898000000000000e+06
2.485694583618992226e+01 3.060653801471693858e-01 8.261774000000000000e+06
2.488758109348702163e+01 3.052498446148320110e-01 8.279426000000000000e+06
2.491822262853785119e+01 3.046846434385456770e-01 8.308722000000000000e+06
2.494887711239730166e+01 3.036212497060488680e-01 8.326214000000000000e+06
2.497951933488113241e+01 3.025857272277667764e-01 8.342682000000000000e+06
2.501014765446522503e+01 3.019346813966166665e-01 8.360834000000000000e+06
2.504079700598459723e+01 3.011729935545641168e-01 8.393226000000000000e+06
2.507147561161312765e+01 3.002663254217561306e-01 8.420150000000000000e+06
2.510213539337122413e+01 2.993511566036799465e-01 8.421986000000000000e+06
2.513276479637716321e+01 2.983055369859789474e-01 8.445714000000000000e+06
2.516340977761215569e+01 2.975681875317937042e-01 8.472590000000000000e+06
2.519407509340153695e+01 2.968186200247899809e-01 8.495370000000000000e+06
2.522473298638924888e+01 2.960900241777031927e-01 8.512802000000000000e+06
2.525536838388270056e+01 2.949899334646597926e-01 8.523290000000000000e+06
2.528603429285023196e+01 2.944001049121325875e-01 8.570982000000000000e+06
2.531670644975507045e+01 2.934639464883879723e-01 8.568458000000000000e+06
2.534733422191522578e+01 2.928812770934087761e-01 8.586498000000000000e+06
2.537795494299703947e+01 2.920373225747772139e-01 8.608838000000000000e+06
2.540861203384896783e+01 2.912330072718986584e-01 8.645610000000000000e+06
2.543928143685350562e+01 2.904057984940842108e-01 8.658386000000000000e+06
2.546991579144467366e+01 2.898338058818738516e-01 8.668598000000000000e+06
2.550054781656812253e+01 2.886481586621145179e-01 8.697426000000000000e+06
2.553119796550166498e+01 2.879001032036229701e-01 8.722562000000000000e+06
2.556185165324095010e+01 2.873942459351505607e-01 8.737962000000000000e+06
2.559251151955053771e+01 2.865950696846990553e-01 8.771366000000000000e+06
2.562315821371235458e+01 2.854784397691942366e-01 8.771010000000000000e+06
2.565382090549665151e+01 2.847957375010455872e-01 8.822618000000000000e+06
2.568447372340733637e+01 2.840371056047837905e-01 8.807726000000000000e+06
2.571509458014751104e+01 2.832440869690471819e-01 8.844618000000000000e+06
2.574574125894481469e+01 2.825411034419615386e-01 8.868722000000000000e+06
2.577640368018757400e+01 2.816450097701215238e-01 8.891394000000000000e+06
2.580706250709014782e+01 2.808838968062375430e-01 8.911934000000000000e+06
2.583770659642837231e+01 2.800571059547926067e-01 8.923938000000000000e+06
2.586834877557267376e+01 2.793007949131988688e-01 8.953682000000000000e+06
2.589901831076717187e+01 2.785010263899908023e-01 8.981966000000000000e+06
2.592967863857695932e+01 2.779732909683417241e-01 8.990442000000000000e+06
2.596030767966076525e+01 2.768195358860481292e-01 9.007874000000000000e+06
2.599095072903341830e+01 2.764653696622031420e-01 9.038982000000000000e+06
2.602162160336631658e+01 2.757228813363077347e-01 9.068570000000000000e+06
2.605229920594178594e+01 2.747152527448336601e-01 9.085250000000000000e+06
2.608293390061188077e+01 2.739626503491038312e-01 9.084690000000000000e+06
2.611356639902281529e+01 2.732532912300104644e-01 9.128654000000000000e+06
2.614421138741144901e+01 2.725675751135695490e-01 9.133170000000000000e+06
2.617487839855810350e+01 2.720428479268512389e-01 9.185882000000000000e+06
2.620552331238325294e+01 2.711936720296087011e-01 9.163254000000000000e+06
2.623615766102391333e+01 2.703076312373036139e-01 9.220130000000000000e+06
2.626683121971889179e+01 2.698215655392565693e-01 9.233138000000000000e+06
2.629748622418595616e+01 2.690773098472135083e-01 9.249378000000000000e+06
2.632813025222741032e+01 2.681820461519379140e-01 9.271550000000000000e+06
2.635876646472280527e+01 2.676461130878654560e-01 9.286266000000000000e+06
2.638941311560349590e+01 2.665999571708836946e-01 9.320762000000000000e+06
2.642004936527652958e+01 2.659980713472842040e-01 9.326718000000000000e+06
2.645067839992656289e+01 2.652038002258139682e-01 9.354602000000000000e+06
2.648132402671914321e+01 2.646819276219981032e-01 9.384122000000000000e+06
2.651197738732207654e+01 2.638655656167417929e-01 9.400482000000000000e+06
2.654263638111005719e+01 2.634058468055277547e-01 9.432638000000000000e+06
2.657329775687598072e+01 2.626759946784194000e-01 9.445314000000000000e+06
2.660396500218634941e+01 2.618321007376581133e-01 9.477290000000000000e+06
2.663462571825092340e+01 2.611667686424393731e-01 9.489182000000000000e+06
2.666526895415609388e+01 2.605621232001915089e-01 9.506706000000000000e+06
2.669591010301247636e+01 2.599074331826651818e-01 9.533978000000000000e+06
2.672655940300148814e+01 2.590949156459586011e-01 9.553662000000000000e+06
2.675721084773019953e+01 2.583219061609230982e-01 9.579506000000000000e+06
2.678787623421603570e+01 2.576126165789572875e-01 9.607866000000000000e+06
2.681852027510272052e+01 2.570767323934983750e-01 9.608354000000000000e+06
2.684915022005877461e+01 2.564183311623496886e-01 9.643862000000000000e+06
2.687981047524921863e+01 2.558027296817211860e-01 9.670578000000000000e+06
2.691046933508355110e+01 2.550957948531620278e-01 9.687890000000000000e+06
2.694109434462116326e+01 2.542685695904818299e-01 9.693294000000000000e+06
2.697172682553225798e+01 2.535384531319426205e-01 9.736034000000000000e+06
2.700239153870817432e+01 2.527918742454359213e-01 9.758946000000000000e+06
2.703305525052747527e+01 2.522272996588401650e-01 9.778994000000000000e+06
2.706370879858033973e+01 2.517340586439632544e-01 9.796814000000000000e+06
2.709435032875686744e+01 2.512000246106655954e-01 9.816882000000000000e+06
2.712501002342743917e+01 2.503878477813442083e-01 9.850514000000000000e+06
2.715565776732351821e+01 2.494936872353278601e-01 9.856062000000000000e+06
2.718629451122674467e+01 2.489821685807183660e-01 9.886706000000000000e+06
2.721695369136173071e+01 2.482865401786209514e-01 9.916194000000000000e+06
2.724760474761749407e+01 2.478370210785972305e-01 9.924854000000000000e+06
2.727825760225054097e+01 2.470107885466933106e-01 9.961490000000000000e+06
2.730892049079471917e+01 2.466533297899269062e-01 9.979098000000000000e+06
2.733956427726085892e+01 2.457215353425024063e-01 9.990266000000000000e+06
2.737018573225796914e+01 2.451837212224284301e-01 1.001239800000000000e+07
2.740081756735755647e+01 2.444964138208303162e-01 1.003881800000000000e+07
2.743146802938129625e+01 2.439405775290550693e-01 1.007208200000000000e+07
2.746211675527639429e+01 2.432417454900338838e-01 1.008267000000000000e+07
2.749277891738845980e+01 2.428141977666012918e-01 1.012322600000000000e+07
2.752344693109558449e+01 2.419173811825630072e-01 1.013483400000000000e+07
2.755409288101080278e+01 2.413670460870121770e-01 1.015145000000000000e+07
2.758474131651236760e+01 2.407754898362332308e-01 1.018411800000000000e+07
2.761539820084842489e+01 2.401235905374707880e-01 1.019981000000000000e+07
2.764605597842055928e+01 2.395081427035108679e-01 1.023038600000000000e+07
2.767670042623675997e+01 2.388436438975325427e-01 1.023833400000000000e+07
2.770734211947352676e+01 2.384221718654378208e-01 1.027159400000000000e+07
2.773800306428746509e+01 2.378797403640054153e-01 1.029841800000000000e+07
2.776865049495845383e+01 2.368287135093347096e-01 1.030681400000000000e+07
2.779929326773324405e+01 2.364117984711021914e-01 1.034130600000000000e+07
2.782995170379088989e+01 2.359449029522981967e-01 1.036284200000000000e+07
2.786061320752148163e+01 2.354232679047523480e-01 1.038883400000000000e+07
2.789125443722943132e+01 2.346684857002413471e-01 1.039563000000000000e+07
2.792188445130166841e+01 2.340944372003581353e-01 1.042536200000000000e+07
2.795253094588477083e+01 2.335815476043578143e-01 1.045427400000000000e+07
2.798318763838284440e+01 2.328718062310524972e-01 1.047829400000000000e+07
2.801384997205349237e+01 2.322601191527028930e-01 1.050181800000000000e+07
2.804449546843089891e+01 2.319890231017013027e-01 1.051481000000000000e+07
2.807514459055270706e+01 2.314288620495026649e-01 1.054884200000000000e+07
2.810579893174551813e+01 2.306926386523701078e-01 1.056646200000000000e+07
2.813644319397282700e+01 2.302164438579704375e-01 1.058681000000000000e+07
2.816709334499659789e+01 2.296607926892570706e-01 1.061495400000000000e+07
2.819773627008090600e+01 2.289236090795888912e-01 1.063105400000000000e+07
2.822838440275558369e+01 2.283786885119825916e-01 1.066236200000000000e+07
2.825903669354339343e+01 2.279337322342777361e-01 1.068335400000000000e+07
2.828968213955753441e+01 2.272873182894802890e-01 1.069929800000000000e+07
2.832033557002852930e+01 2.266649513883418066e-01 1.073878200000000000e+07
2.835098683749683346e+01 2.261842247567571740e-01 1.074420200000000000e+07
2.838163630947162730e+01 2.255322111861175205e-01 1.078218600000000000e+07
2.841227563085324093e+01 2.252510809955265703e-01 1.078496600000000000e+07
2.844292475750595273e+01 2.245288370673710621e-01 1.083393800000000000e+07
2.847359150819448459e+01 2.239511057104915104e-01 1.084813800000000000e+07
2.850425483773282664e+01 2.233815542839527601e-01 1.087376600000000000e+07
2.853490447676422903e+01 2.228637536431164745e-01 1.088697000000000000e+07
2.856554225700441307e+01 2.222876877604481327e-01 1.091244200000000000e+07
2.859618507886883876e+01 2.218882701158978454e-01 1.093669800000000000e+07
2.862683629450151912e+01 2.213012561755994256e-01 1.096614200000000000e+07
2.865746767483001278e+01 2.207240463039257250e-01 1.096874600000000000e+07
2.868810162725141666e+01 2.201047981579361545e-01 1.101460200000000000e+07
2.871877066728239924e+01 2.195396283578745500e-01 1.104277400000000000e+07
2.874944211863178012e+01 2.191532972911205135e-01 1.106147400000000000e+07
2.878008769129001720e+01 2.184375860807680203e-01 1.107245000000000000e+07
2.881071843644816255e+01 2.180704478232793064e-01 1.109692200000000000e+07
2.884138462527048929e+01 2.177174978105285985e-01 1.114652600000000000e+07
2.887205280920166572e+01 2.170471141890765454e-01 1.114560200000000000e+07
2.890268823669603648e+01 2.165139730322277745e-01 1.116844200000000000e+07
2.893330357639574046e+01 2.160217039740146838e-01 1.118108600000000000e+07
2.896397035628928762e+01 2.155561490310231587e-01 1.125011400000000000e+07
2.899465187815729905e+01 2.149884994857725051e-01 1.124210600000000000e+07
2.902529004403753632e+01 2.146154932525529968e-01 1.126544600000000000e+07
2.905592397674332972e+01 2.139474670572567017e-01 1.128549000000000000e+07
2.908658740450306013e+01 2.135560962751860692e-01 1.133592200000000000e+07
2.911724974944597477e+01 2.131364997577256393e-01 1.133013000000000000e+07
2.914787047086730354e+01 2.124232760161552935e-01 1.135727000000000000e+07
2.917851218588677753e+01 2.119608374605258527e-01 1.138909800000000000e+07
2.920917994379766469e+01 2.116924202228441243e-01 1.142664200000000000e+07
2.923984020518843607e+01 2.107815624355391659e-01 1.143135800000000000e+07
2.927048529662244292e+01 2.104504480689648738e-01 1.146229800000000000e+07
2.930112725521218664e+01 2.100522100752299504e-01 1.147920200000000000e+07
2.933177374858156128e+01 2.095676351154925621e-01 1.150974600000000000e+07
2.936240891911117856e+01 2.090347600316651844e-01 1.152306200000000000e+07
2.939304480459886548e+01 2.084167733192802685e-01 1.155621000000000000e+07
2.942370281367375640e+01 2.081276370388639163e-01 1.158828200000000000e+07
2.945435442424784256e+01 2.075506657703174718e-01 1.159964600000000000e+07
2.948501885409245915e+01 2.071998692345066173e-01 1.164527400000000000e+07
2.951568131644257065e+01 2.066808002308800629e-01 1.164933800000000000e+07
2.954630943029124168e+01 2.061900480618472364e-01 1.166538600000000000e+07
2.957696687066465202e+01 2.058735916164176061e-01 1.171928600000000000e+07
2.960762973599409165e+01 2.052094757173140438e-01 1.172073800000000000e+07
2.963827910425833423e+01 2.049316108090854793e-01 1.175507400000000000e+07
2.966892245050443577e+01 2.044684548514059952e-01 1.176716600000000000e+07
2.969958171988989903e+01 2.039546839650679955e-01 1.181334600000000000e+07
2.973025161634517843e+01 2.034599106165093096e-01 1.182545000000000000e+07
2.976087689384098667e+01 2.031036036241672393e-01 1.182881400000000000e+07
2.979151934159806103e+01 2.025184152896675471e-01 1.188441800000000000e+07
2.982218666376524396e+01 2.021810777775294166e-01 1.190037800000000000e+07
2.985282577868301601e+01 2.015550761580322259e-01 1.190800200000000000e+07
2.988344557129535062e+01 2.012736995359988290e-01 1.193747000000000000e+07
2.991409824346948909e+01 2.006794562146857197e-01 1.198134600000000000e+07
2.994476759374305530e+01 2.003550296153891741e-01 1.199815400000000000e+07
2.997541468366090101e+01 1.999147081200932097e-01 1.201579800000000000e+07
3.000606450866456854e+01 1.994360891957273341e-01 1.204658600000000000e+07
3.003672118713024020e+01 1.992266607118925725e-01 1.207322600000000000e+07
3.006737261500484948e+01 1.985988930771413197e-01 1.208937000000000000e+07
3.009802353665422459e+01 1.980025919561267944e-01 1.212366200000000000e+07
3.012866380509269604e+01 1.977492324605339136e-01 1.212901800000000000e+07
3.015929791586058428e+01 1.973897084141622849e-01 1.216869800000000000e+07
3.018994583799627307e+01 1.968378698506365598e-01 1.219107000000000000e+07
3.022062124794907234e+01 1.966122401283290633e-01 1.223729000000000000e+07
3.025129018624486932e+01 1.960036924407518866e-01 1.223743400000000000e+07
3.028193817926301890e+01 1.956939116161060532e-01 1.226943000000000000e+07
3.031258695709031059e+01 1.951921150452372855e-01 1.228831400000000000e+07
3.034322731892392966e+01 1.949283918244977543e-01 1.231200200000000000e+07
3.037386370818878234e+01 1.944120199588350306e-01 1.233378600000000000e+07
3.040449885904552829e+01 1.940288468802896238e-01 1.236265400000000000e+07
3.043516156591327615e+01 1.935895532241830586e-01 1.240528200000000000e+07
3.046582747350058895e+01 1.931648223956454469e-01 1.241484200000000000e+07
3.049646593130319516e+01 1.928565017206242682e-01 1.243327800000000000e+07
3.052711147469950248e+01 1.923391199060872081e-01 1.246944200000000000e+07
3.055777100155219017e+01 1.920032525930403244e-01 1.249710600000000000e+07
3.058842537388453309e+01 1.916469126611095031e-01 1.251307400000000000e+07
3.061905924361232323e+01 1.912012837317112746e-01 1.253190200000000000e+07
3.064969867554323457e+01 1.907147017470991190e-01 1.256769000000000000e+07
3.068036610992051294e+01 1.903922794104228600e-01 1.260333800000000000e+07
3.071102250832555924e+01 1.900293798501608566e-01 1.261272600000000000e+07
3.074166164535376566e+01 1.895784753888505592e-01 1.263480200000000000e+07
3.077229526260031278e+01 1.891791896376215643e-01 1.266273000000000000e+07
3.080294880836461502e+01 1.889029848289869029e-01 1.269908600000000000e+07
3.083359880383601137e+01 1.884417477232844251e-01 1.271107400000000000e+07
3.086423437926716673e+01 1.882312821520016333e-01 1.273909800000000000e+07
3.089488408063505887e+01 1.876885451180900777e-01 1.276949000000000000e+07
3.092554030516775043e+01 1.874223906742712442e-01 1.279968600000000000e+07
3.095620964309912893e+01 1.869701790355412785e-01 1.282862600000000000e+07
3.098685566491367638e+01 1.865160657920636733e-01 1.283279400000000000e+07
3.101749998811832043e+01 1.862753420293443152e-01 1.287594200000000000e+07
3.104817099201691377e+01 1.857174131979122678e-01 1.290631400000000000e+07
3.107882289023607214e+01 1.854871540747466130e-01 1.291312200000000000e+07
3.110945493689143859e+01 1.850833625381898273e-01 1.293734600000000000e+07
3.114009460761812065e+01 1.848544179794708586e-01 1.297337400000000000e+07
3.117076037718583592e+01 1.845066600451869820e-01 1.300817000000000000e+07
3.120142550401457626e+01 1.842103101457798209e-01 1.302581000000000000e+07
3.123206007488744973e+01 1.836834479218695526e-01 1.303359000000000000e+07
3.126270582930477815e+01 1.833162726623619732e-01 1.308369800000000000e+07
3.129336027402579745e+01 1.831748456208180664e-01 1.309470600000000000e+07
3.132399628986673790e+01 1.826849900625062972e-01 1.311900200000000000e+07
3.135463242066359157e+01 1.823248722570076363e-01 1.314631800000000000e+07
