# k_mean_over_bin [h Mpc^-1] P_bin [h^-3 Mpc^3] N_modes
3.911336014668146538e-02 1.235473415798611086e+03 1.800000000000000000e+01
6.837341045179674837e-02 1.056851751512096826e+03 6.200000000000000000e+01
9.606098566128283556e-02 4.463417968749999432e+02 9.800000000000000000e+01
1.244554894311087484e-01 4.196917782738095752e+02 2.100000000000000000e+02
1.562393171446664064e-01 3.104471651785714243e+02 3.500000000000000000e+02
1.876351697577370581e-01 2.334095486111111200e+02 4.500000000000000000e+02
2.167467008100395498e-01 1.830732713870432065e+02 6.020000000000000000e+02
2.459661192468458046e-01 1.335356893864829431e+02 7.620000000000000000e+02
2.776061288634031343e-01 1.100028390433450056e+02 1.142000000000000000e+03
3.093581660270691147e-01 9.056410625000000891e+01 1.250000000000000000e+03
3.390238072074162612e-01 7.672928990912207325e+01 1.458000000000000000e+03
3.686891987081925004e-01 6.311095558847850384e+01 1.814000000000000000e+03
3.998179640432800719e-01 5.624490286386593141e+01 2.178000000000000000e+03
4.307427349283372564e-01 4.923456890512409245e+01 2.498000000000000000e+03
4.602541775534300106e-01 4.390217689263921130e+01 2.622000000000000000e+03
4.905365640492836410e-01 3.985790986369083555e+01 3.338000000000000000e+03
5.220185972105617633e-01 3.418292416711445725e+01 3.722000000000000000e+03
5.533037531861869640e-01 3.070611510791367138e+01 4.170000000000000000e+03
5.834579143079938746e-01 2.916082671236805979e+01 4.358000000000000000e+03
6.135626871243894387e-01 2.539752029946364686e+01 5.034000000000000000e+03
6.446289557821482941e-01 2.391146744837241656e+01 5.714000000000000000e+03
6.753962663893156027e-01 2.127731240596790130e+01 5.982000000000000000e+03
7.056079657646209258e-01 2.050593096788851710e+01 6.602000000000000000e+03
7.358702805567255423e-01 1.870111763674614380e+01 7.130000000000000000e+03
7.666965816517745669e-01 1.736790904281802383e+01 8.034000000000000000e+03
7.977642657007141258e-01 1.651175778526609506e+01 8.606000000000000000e+03
8.284170882817059045e-01 1.494757024873152318e+01 9.066000000000000000e+03
8.590304504147353581e-01 1.416470086328046563e+01 9.962000000000000000e+03
8.897547830450591722e-01 1.324753850710900416e+01 1.055000000000000000e+04
9.202467144416993650e-01 1.243037507794405805e+01 1.122600000000000000e+04
9.507708295887784544e-01 1.186115670796970178e+01 1.214600000000000000e+04
9.811824151074982625e-01 1.121861613517372724e+01 1.260600000000000000e+04
1.011684221748752277e+00 1.057328761230256475e+01 1.380200000000000000e+04
1.042628223097419760e+00 1.044212056899823615e+01 1.475400000000000000e+04
1.073331423130289064e+00 9.528909437936025739e+00 1.519400000000000000e+04
1.103867755953996443e+00 9.061213268810016430e+00 1.645400000000000000e+04
1.134626123126019959e+00 8.824967937507286919e+00 1.715400000000000000e+04
1.165311979605310189e+00 8.292187328917114186e+00 1.826600000000000000e+04
1.195715701344807869e+00 7.918048333333333133e+00 1.875000000000000000e+04
1.226212543355766904e+00 7.701767445883167085e+00 2.023400000000000000e+04
1.257106684237927041e+00 7.339796037296037134e+00 2.145000000000000000e+04
1.287903710180657191e+00 7.034603092842181660e+00 2.196200000000000000e+04
1.318485981586206890e+00 6.782643876268008576e+00 2.346200000000000000e+04
1.349079736575599542e+00 6.686109854629398441e+00 2.404200000000000000e+04
1.379852114035814425e+00 6.269518904648115232e+00 2.594600000000000000e+04
1.410480275290311170e+00 6.002454006815224119e+00 2.611800000000000000e+04
1.440742128148283729e+00 5.920005521522576863e+00 2.750600000000000000e+04
1.471255328685920905e+00 5.633887101768389805e+00 2.906600000000000000e+04
1.502136784696030958e+00 5.465624486863711162e+00 3.045000000000000000e+04
1.533052783826297283e+00 5.317601186913237576e+00 3.174200000000000000e+04
1.563639454531115192e+00 5.122701550387597003e+00 3.225000000000000000e+04
1.594207740129345519e+00 4.990947536496350700e+00 3.425000000000000000e+04
1.624993071443384896e+00 4.787706870169797568e+00 3.545400000000000000e+04
1.655631361837712090e+00 4.669013232831970228e+00 3.643400000000000000e+04
1.686043534699749769e+00 4.622462730879465020e+00 3.768200000000000000e+04
1.716490578110202225e+00 4.440640189978113384e+00 3.929400000000000000e+04
1.747331588627294874e+00 4.319137588712402831e+00 4.142600000000000000e+04
1.778105141829419589e+00 4.228182350354205532e+00 4.206600000000000000e+04
1.808604007799013091e+00 4.087970654173373575e+00 4.349000000000000000e+04
1.839287024270282567e+00 4.004502333048882257e+00 4.570200000000000000e+04
1.870041864274240018e+00 3.917912628125402197e+00 4.663400000000000000e+04
1.900737122550122393e+00 3.809372682992132386e+00 4.855400000000000000e+04
1.931106014629314860e+00 3.691383709330877672e+00 4.887000000000000000e+04
1.961523677526103127e+00 3.659753304787213057e+00 5.155400000000000000e+04
1.992455947436605701e+00 3.549849209650582260e+00 5.409000000000000000e+04
2.023265045582995914e+00 3.439821857624185242e+00 5.431400000000000000e+04
2.053922539849919016e+00 3.438908473906167718e+00 5.691000000000000000e+04
2.084529483730196198e+00 3.312571761594933939e+00 5.748200000000000000e+04
2.115224791136270266e+00 3.234108251822650271e+00 6.062600000000000000e+04
2.145940900281321451e+00 3.168819999264778087e+00 6.120600000000000000e+04
2.176332471415279191e+00 3.132357509589259958e+00 6.257000000000000000e+04
2.206919797950731787e+00 3.031321552183173562e+00 6.573000000000000000e+04
2.237635070960208417e+00 2.962542503299043339e+00 6.668600000000000000e+04
2.268416329433683210e+00 2.922694607449281445e+00 6.969800000000000000e+04
2.299091711246687986e+00 2.881840539585296845e+00 7.002600000000000000e+04
2.329659180150480235e+00 2.824012230913039989e+00 7.274600000000000000e+04
2.360394721737119283e+00 2.726725403817914728e+00 7.491000000000000000e+04
2.390975199166128995e+00 2.705898095995879604e+00 7.572200000000000000e+04
2.421460073556194192e+00 2.657076722741075425e+00 7.837800000000000000e+04
2.452028836611731322e+00 2.623442771460702261e+00 8.003000000000000000e+04
2.482752885913177110e+00 2.554042108948621159e+00 8.318600000000000000e+04
2.513535292349708072e+00 2.536697139347553698e+00 8.466600000000000000e+04
2.544225237245184790e+00 2.467529731298962581e+00 8.654600000000000000e+04
2.574773866485851048e+00 2.463307648013252305e+00 8.813400000000000000e+04
2.605444086916172797e+00 2.411555003113460938e+00 9.153800000000000000e+04
2.636246016268779524e+00 2.366899788485902434e+00 9.313800000000000000e+04
2.666818018924998590e+00 2.325523699961896007e+00 9.447800000000000000e+04
2.697363618359566839e+00 2.288180166334272236e+00 9.727400000000000000e+04
2.728019604504508866e+00 2.262516457267529368e+00 9.969000000000000000e+04
2.758802868025683530e+00 2.223167615020957388e+00 1.025900000000000000e+05
2.789534229339404092e+00 2.184938596174231584e+00 1.037700000000000000e+05
2.820110463944515811e+00 2.162573110413179567e+00 1.063460000000000000e+05
2.850758474967378220e+00 2.119464904280212725e+00 1.085460000000000000e+05
2.881313531403897787e+00 2.097593807010096789e+00 1.107260000000000000e+05
2.911785445579514686e+00 2.067674298000391708e+00 1.123220000000000000e+05
2.942296885913312732e+00 2.033535977004055528e+00 1.158900000000000000e+05
2.973018636090491551e+00 2.009234808362662328e+00 1.187660000000000000e+05
3.003960234284211772e+00 1.984117432419172822e+00 1.222980000000000000e+05
3.034645244098625572e+00 1.937456231059054845e+00 1.220900000000000000e+05
3.065200286165120414e+00 1.913777968762419457e+00 1.258100000000000000e+05
3.095834962651569544e+00 1.899095336999765848e+00 1.281900000000000000e+05
3.126534896692137799e+00 1.874252351252729154e+00 1.309940000000000000e+05
3.157254587660618839e+00 1.853680349905026725e+00 1.337220000000000000e+05
3.187691458898155972e+00 1.812743794160703859e+00 1.338860000000000000e+05
3.218359550987105244e+00 1.793653451379698005e+00 1.405380000000000000e+05
3.249147146635412042e+00 1.776537405579185602e+00 1.405940000000000000e+05
3.279708286755456559e+00 1.763966134552975795e+00 1.435940000000000000e+05
3.310282650626811485e+00 1.736878353325131519e+00 1.463100000000000000e+05
3.341041738096756752e+00 1.717263421008961233e+00 1.506500000000000000e+05
3.371829763035033789e+00 1.700124227358900564e+00 1.519140000000000000e+05
3.402297796942758357e+00 1.675421636038279649e+00 1.533980000000000000e+05
3.432832982060985749e+00 1.653816963437345633e+00 1.578660000000000000e+05
3.463520961645436547e+00 1.633184310771950365e+00 1.606580000000000000e+05
3.494268698776064941e+00 1.613250638322506703e+00 1.641020000000000000e+05
3.524882682212484575e+00 1.600054585318254174e+00 1.649940000000000000e+05
3.555471568173579122e+00 1.591539593759199178e+00 1.698500000000000000e+05
3.586282686546968357e+00 1.555470168106089401e+00 1.729860000000000000e+05
3.616919594142721461e+00 1.543796076920422866e+00 1.738940000000000000e+05
3.647368063767713497e+00 1.521661879589089050e+00 1.767780000000000000e+05
3.677992804816497596e+00 1.513819808087919938e+00 1.818020000000000000e+05
3.708738931120072024e+00 1.492426835384699002e+00 1.844300000000000000e+05
3.739459730643931668e+00 1.472441746509864258e+00 1.872420000000000000e+05
3.770116200383169858e+00 1.460828679369251093e+00 1.902500000000000000e+05
3.800728857439862107e+00 1.444389215609908073e+00 1.925700000000000000e+05
3.831471188539541384e+00 1.420317811998749180e+00 1.982540000000000000e+05
3.862151110977656732e+00 1.412214784625947850e+00 1.980740000000000000e+05
3.892653862982213830e+00 1.397666573867854423e+00 2.020500000000000000e+05
3.923205785510675891e+00 1.390561132008447442e+00 2.055020000000000000e+05
3.953960730198294637e+00 1.377796043262795145e+00 2.106660000000000000e+05
3.984703376546768538e+00 1.352928931722105599e+00 2.124260000000000000e+05
4.015247109978196782e+00 1.348820576108602287e+00 2.139180000000000000e+05
4.045907609536984140e+00 1.337519203010036462e+00 2.209940000000000000e+05
4.076640767458163062e+00 1.314857835790576024e+00 2.215220000000000000e+05
4.107291653286554656e+00 1.308383899140132645e+00 2.263140000000000000e+05
4.137850364426196137e+00 1.293692035425484166e+00 2.272940000000000000e+05
4.168439512608713038e+00 1.279236259561645328e+00 2.329620000000000000e+05
4.199236749561098492e+00 1.277670056513804830e+00 2.378180000000000000e+05
4.229947929265353679e+00 1.260462021493468976e+00 2.383980000000000000e+05
4.260462426058084340e+00 1.247400255987540341e+00 2.414180000000000000e+05
4.291046899785903257e+00 1.232338200617458801e+00 2.468180000000000000e+05
4.321739014984441241e+00 1.227028987899450252e+00 2.499060000000000000e+05
4.352456027103726477e+00 1.208552789141820627e+00 2.547020000000000000e+05
4.383033077269767652e+00 1.202003567947236284e+00 2.544180000000000000e+05
4.413534074271517227e+00 1.194977559399894140e+00 2.603540000000000000e+05
4.444200357558366399e+00 1.180466762776725353e+00 2.649740000000000000e+05
4.474952179323342882e+00 1.168775374736716888e+00 2.687220000000000000e+05
4.505641422859886447e+00 1.161484877302420893e+00 2.715620000000000000e+05
4.536316088749490660e+00 1.149009179530164682e+00 2.755860000000000000e+05
4.567046341728766556e+00 1.141189349191620073e+00 2.801900000000000000e+05
4.597751251862217892e+00 1.129362762256305830e+00 2.828340000000000000e+05
4.628349450743415083e+00 1.120169767156433016e+00 2.851700000000000000e+05
4.658885037465664958e+00 1.109490670470460794e+00 2.898860000000000000e+05
4.689537847550620420e+00 1.094533069982409401e+00 2.944740000000000000e+05
4.720267580499146298e+00 1.093793614648511880e+00 2.994980000000000000e+05
4.750887740307660145e+00 1.082626880263236835e+00 2.999580000000000000e+05
4.781458163146202089e+00 1.072038229341720772e+00 3.058580000000000000e+05
4.812139804037513180e+00 1.060885284947585827e+00 3.107940000000000000e+05
4.842826296526053120e+00 1.055301207032023569e+00 3.130820000000000000e+05
4.873346903503020577e+00 1.040125784695898670e+00 3.160460000000000000e+05
4.903952058997482766e+00 1.042127437790564048e+00 3.222180000000000000e+05
4.934760029521842561e+00 1.028394755023404938e+00 3.285620000000000000e+05
4.965452501381958150e+00 1.017212319735357751e+00 3.279900000000000000e+05
4.996086282036240611e+00 1.011976951491580179e+00 3.352820000000000000e+05
5.026695485686597742e+00 1.000324619757716471e+00 3.359700000000000000e+05
5.057355002192011284e+00 9.934437542506380225e-01 3.440660000000000000e+05
5.087967611864264939e+00 9.839414141825565396e-01 3.437180000000000000e+05
5.118544807508640382e+00 9.816519226282938160e-01 3.514980000000000000e+05
5.149234444935959054e+00 9.717569676802328971e-01 3.544580000000000000e+05
5.179860758536608323e+00 9.651994855898217152e-01 3.585660000000000000e+05
5.210624402206279093e+00 9.542267502362600240e-01 3.661220000000000000e+05
5.241317970278694283e+00 9.466951764577239414e-01 3.658100000000000000e+05
5.271888078465520877e+00 9.411775439828643508e-01 3.716220000000000000e+05
5.302538962989003402e+00 9.347203918496964636e-01 3.759860000000000000e+05
5.333241296744681392e+00 9.264279476411021452e-01 3.821700000000000000e+05
5.363843287577101826e+00 9.173816124436249275e-01 3.818180000000000000e+05
5.394377881285376652e+00 9.147526368546154973e-01 3.895740000000000000e+05
5.425045278876105215e+00 9.062229329333650885e-01 3.936980000000000000e+05
5.455748191050116880e+00 8.972675944655007507e-01 3.994580000000000000e+05
5.486417791867136629e+00 8.929979122226034960e-01 4.022220000000000000e+05
5.517054280059129567e+00 8.820224606927126176e-01 4.069220000000000000e+05
5.547729067425179572e+00 8.766748235402406220e-01 4.128420000000000000e+05
5.578396539675297916e+00 8.744816069012342208e-01 4.153460000000000000e+05
5.609013027442932398e+00 8.670985019540246030e-01 4.211820000000000000e+05
5.639660721036475977e+00 8.620181968763676039e-01 4.250180000000000000e+05
5.670338352606606236e+00 8.505074796236935519e-01 4.311380000000000000e+05
5.701002224415820052e+00 8.474496526099146720e-01 4.343820000000000000e+05
5.731652461074824068e+00 8.443690075856513655e-01 4.395140000000000000e+05
5.762312139234633257e+00 8.339026291884210629e-01 4.447380000000000000e+05
5.792988623860222397e+00 8.295710721525472175e-01 4.489100000000000000e+05
5.823527921889432690e+00 8.216917516610522387e-01 4.506180000000000000e+05
5.854115639221332934e+00 8.165248262445762295e-01 4.595540000000000000e+05
5.884803383516547193e+00 8.130923319931074866e-01 4.631060000000000000e+05
5.915403549749584933e+00 8.073830561942563211e-01 4.670940000000000000e+05
5.946097918579516417e+00 8.006910244073962568e-01 4.749380000000000000e+05
5.976784376694718404e+00 7.966051890667370516e-01 4.771860000000000000e+05
6.007474398726609266e+00 7.918180798275115118e-01 4.846700000000000000e+05
6.038161603080837381e+00 7.838845711587031362e-01 4.870100000000000000e+05
6.068803116216009208e+00 7.793732161463085006e-01 4.933140000000000000e+05
6.099443541903901256e+00 7.730491747293086746e-01 4.963220000000000000e+05
6.130013467858260512e+00 7.673161807208263019e-01 5.017020000000000000e+05
6.160659038280898336e+00 7.605027140250353312e-01 5.085620000000000000e+05
6.191382862441213497e+00 7.584426447081336065e-01 5.142420000000000000e+05
6.222022549110604928e+00 7.527144667911763731e-01 5.161580000000000000e+05
6.252618937652392184e+00 7.479963839594949704e-01 5.226020000000000000e+05
6.283314506372367880e+00 7.438426090815554170e-01 5.306580000000000000e+05
6.313956888688901259e+00 7.389173287211202590e-01 5.300420000000000000e+05
6.344526529636881129e+00 7.329720850545021760e-01 5.388780000000000000e+05
6.375193447856655204e+00 7.308863460937643497e-01 5.441300000000000000e+05
6.405923794226229262e+00 7.219742549527677911e-01 5.511060000000000000e+05
6.436615537335857340e+00 7.179864372849660281e-01 5.539820000000000000e+05
6.467240689922951979e+00 7.136969719225711994e-01 5.582420000000000000e+05
6.497840343194827284e+00 7.080479823610476009e-01 5.645460000000000000e+05
6.528490514375480558e+00 7.045326616055559432e-01 5.704940000000000000e+05
6.559189482379200520e+00 6.984356740735346847e-01 5.767620000000000000e+05
6.589792657935158005e+00 6.956789444238837827e-01 5.782340000000000000e+05
6.620368275030441119e+00 6.903910462618625399e-01 5.856660000000000000e+05
6.651059279332403484e+00 6.878258285866167832e-01 5.944460000000000000e+05
6.681735101215181771e+00 6.816613817723645719e-01 5.952500000000000000e+05
6.712352184571596325e+00 6.776227747007799174e-01 6.034020000000000000e+05
6.742994392514953361e+00 6.745661091372480156e-01 6.073820000000000000e+05
6.773707641956070447e+00 6.725632992171926006e-01 6.170100000000000000e+05
6.804368332827349874e+00 6.655010494051344372e-01 6.167780000000000000e+05
6.834957329072475218e+00 6.633815982815416401e-01 6.247460000000000000e+05
6.865533884427167166e+00 6.579278797316188143e-01 6.280620000000000000e+05
6.896209472882897096e+00 6.544825503198260508e-01 6.394100000000000000e+05
6.926963358802590953e+00 6.505998582324707957e-01 6.429540000000000000e+05
6.957595884588287483e+00 6.441458944168031442e-01 6.459740000000000000e+05
6.988217027338134990e+00 6.408222581829866593e-01 6.534900000000000000e+05
7.018912144628523642e+00 6.369135700405299527e-01 6.607460000000000000e+05
7.049598360905487304e+00 6.331408937991050978e-01 6.646460000000000000e+05
7.080168728874950190e+00 6.303323423848701257e-01 6.672900000000000000e+05
7.110800747994752591e+00 6.247215713793418113e-01 6.790340000000000000e+05
7.141530300546490295e+00 6.218063959415398578e-01 6.827220000000000000e+05
7.172250636009499303e+00 6.183375425685508908e-01 6.912380000000000000e+05
7.202854517584712291e+00 6.160251132003682351e-01 6.886020000000000000e+05
7.233403056127952091e+00 6.093841855895757442e-01 7.008260000000000000e+05
7.264069579203881410e+00 6.052661809053059283e-01 7.056620000000000000e+05
7.294683413182806220e+00 6.035122968192405679e-01 7.100820000000000000e+05
7.325311269352252630e+00 5.991162717857728692e-01 7.191620000000000000e+05
7.355966981418407435e+00 5.963559622706818830e-01 7.222500000000000000e+05
7.386612648734541153e+00 5.927881197796339707e-01 7.315100000000000000e+05
7.417310529501340177e+00 5.880827597421114383e-01 7.364420000000000000e+05
7.447945213101880846e+00 5.859996079082411269e-01 7.408980000000000000e+05
7.478607010838381974e+00 5.841125719515088965e-01 7.501580000000000000e+05
7.509321067315616105e+00 5.802497976462047680e-01 7.548660000000000000e+05
7.539974932446685152e+00 5.746277318992778493e-01 7.608260000000000000e+05
7.570585192452028878e+00 5.714031132776813404e-01 7.640340000000000000e+05
7.601198673865714461e+00 5.690498739413267781e-01 7.738460000000000000e+05
7.631877298250918429e+00 5.653845512585383704e-01 7.797140000000000000e+05
7.662521884307726516e+00 5.613331363459022061e-01 7.843140000000000000e+05
7.693137071617793588e+00 5.586213040632241889e-01 7.913420000000000000e+05
7.723811426513647049e+00 5.542678211363198937e-01 7.994580000000000000e+05
7.754494077568185872e+00 5.513460573294142186e-01 8.049620000000000000e+05
7.785135803531300525e+00 5.496916110802296807e-01 8.095500000000000000e+05
7.815694237908749287e+00 5.462369830403045468e-01 8.134580000000000000e+05
7.846343679982115127e+00 5.416976874602671410e-01 8.274020000000000000e+05
7.877043316447378984e+00 5.398993414335677699e-01 8.286180000000000000e+05
7.907673669198284294e+00 5.368452688913371018e-01 8.369180000000000000e+05
7.938328804946242379e+00 5.334576253390186373e-01 8.428740000000000000e+05
7.968975407284135670e+00 5.310379230647869209e-01 8.493380000000000000e+05
7.999667994830390150e+00 5.257570141522942553e-01 8.589420000000000000e+05
8.030349243530407577e+00 5.244119913633100705e-01 8.609780000000000000e+05
8.060946961497052143e+00 5.213243410460807192e-01 8.683460000000000000e+05
8.091572720963124965e+00 5.177110614246178688e-01 8.751540000000000000e+05
8.122271484065059610e+00 5.159044894912515611e-01 8.862140000000000000e+05
8.152953690965352607e+00 5.130753322266623506e-01 8.873460000000000000e+05
8.183566695722484852e+00 5.101239712129574944e-01 8.949860000000000000e+05
8.214194695410645508e+00 5.066207738592383159e-01 9.027740000000000000e+05
8.244899107337827715e+00 5.036414033772094179e-01 9.121140000000000000e+05
8.275572896457878969e+00 5.006920909897643046e-01 9.150260000000000000e+05
8.306162294726084028e+00 4.999575133512001446e-01 9.201420000000000000e+05
8.336764679477866480e+00 4.942335713333089187e-01 9.297620000000000000e+05
8.367430340319790716e+00 4.931823732161100260e-01 9.376980000000000000e+05
8.398127428085201629e+00 4.908661520044201865e-01 9.447620000000000000e+05
8.428757837489422755e+00 4.871417626500916254e-01 9.482540000000000000e+05
8.459372296062671381e+00 4.843965888449229817e-01 9.568020000000000000e+05
8.490063465610685256e+00 4.817395453765690450e-01 9.676580000000000000e+05
8.520744025357005924e+00 4.800731951671750597e-01 9.697020000000000000e+05
8.551309344016351233e+00 4.770129364329784849e-01 9.740900000000000000e+05
8.581943800972473113e+00 4.755586406732748017e-01 9.884820000000000000e+05
8.612642412703635841e+00 4.717250053931777432e-01 9.919940000000000000e+05
8.643308537119485990e+00 4.686776058160094793e-01 1.001030000000000000e+06
8.673970834036897060e+00 4.666045365259336997e-01 1.005450000000000000e+06
8.704610753383335009e+00 4.640263620876399764e-01 1.013738000000000000e+06
8.735274622149603374e+00 4.629039490168443405e-01 1.021710000000000000e+06
8.765876554462561643e+00 4.575875063255525066e-01 1.023626000000000000e+06
8.796472033298300630e+00 4.558854869602658177e-01 1.035834000000000000e+06
8.827113104195804638e+00 4.540959608891741439e-01 1.040786000000000000e+06
8.857794945353973048e+00 4.518643551214102660e-01 1.053206000000000000e+06
8.888492903056484096e+00 4.504531448379473502e-01 1.057002000000000000e+06
8.919147318144009517e+00 4.486463340470609462e-01 1.063898000000000000e+06
8.949810470249602190e+00 4.457634449496729045e-01 1.072782000000000000e+06
8.980482087512241307e+00 4.429177527237942447e-01 1.078826000000000000e+06
9.011149622969513828e+00 4.417875029184077929e-01 1.087922000000000000e+06
9.041778006101507614e+00 4.382417509862502891e-01 1.090494000000000000e+06
9.072395809677630041e+00 4.355021611876930265e-01 1.101362000000000000e+06
9.103062344101488179e+00 4.332809478627718813e-01 1.109802000000000000e+06
9.133716582676932205e+00 4.307276254492989898e-01 1.114514000000000000e+06
9.164343279595041025e+00 4.284233626146205509e-01 1.123926000000000000e+06
9.194939762742391665e+00 4.262009030307659097e-01 1.125986000000000000e+06
9.225588868133300480e+00 4.234302938470767552e-01 1.143554000000000000e+06
9.256279045055194388e+00 4.224573527356273450e-01 1.144710000000000000e+06
9.286922908321361803e+00 4.196992865362585423e-01 1.154018000000000000e+06
9.317551510994961816e+00 4.183751008653732173e-01 1.159962000000000000e+06
9.348218920250847219e+00 4.165221659353741668e-01 1.170986000000000000e+06
9.378902337186493909e+00 4.138466012585919063e-01 1.178142000000000000e+06
9.409551722439367438e+00 4.112187720369265276e-01 1.182674000000000000e+06
9.440170036212245819e+00 4.092790146448117006e-01 1.191002000000000000e+06
9.470808264249194863e+00 4.068704766510223836e-01 1.200438000000000000e+06
9.501473313875692384e+00 4.047569520892065897e-01 1.208162000000000000e+06
9.532125831626755641e+00 4.043197257290221391e-01 1.215258000000000000e+06
9.562784141325121112e+00 4.019657468054967930e-01 1.224134000000000000e+06
9.593416274997863979e+00 3.990596784708013711e-01 1.228722000000000000e+06
9.624083196782743599e+00 3.972717277988085383e-01 1.243154000000000000e+06
9.654771367964533724e+00 3.939683877266880185e-01 1.245434000000000000e+06
9.685402552280704569e+00 3.932169545587089754e-01 1.255158000000000000e+06
9.715969395840117429e+00 3.911580576373236973e-01 1.255610000000000000e+06
9.746617449311713699e+00 3.886767824183875453e-01 1.277562000000000000e+06
9.777290304407999955e+00 3.868226887024153737e-01 1.274414000000000000e+06
9.807885176827742413e+00 3.850428637303129342e-01 1.285994000000000000e+06
9.838572910167970420e+00 3.830647589202582082e-01 1.299570000000000000e+06
9.869276202679451160e+00 3.806352726549432353e-01 1.302122000000000000e+06
9.899918968135150266e+00 3.794135752337639000e-01 1.311366000000000000e+06
9.930567900523143976e+00 3.768722956808213675e-01 1.319186000000000000e+06
9.961220892975154229e+00 3.755417877649661063e-01 1.327434000000000000e+06
9.991891019630978477e+00 3.738416440214343273e-01 1.337294000000000000e+06
1.002255517125434281e+01 3.715594581561446064e-01 1.342730000000000000e+06
1.005316914398451544e+01 3.701407322463848848e-01 1.350570000000000000e+06
1.008383306751157882e+01 3.680910985696357884e-01 1.362590000000000000e+06
1.011452669049533171e+01 3.671100080090647366e-01 1.369698000000000000e+06
1.014516461762413080e+01 3.638467342321047293e-01 1.374914000000000000e+06
1.017577620860668830e+01 3.630707833720014377e-01 1.383570000000000000e+06
1.020642519374937507e+01 3.615559788988472190e-01 1.395374000000000000e+06
1.023705093164075741e+01 3.590680686531223520e-01 1.396994000000000000e+06
1.026765629299071136e+01 3.573986206456823411e-01 1.411530000000000000e+06
1.029830666316376231e+01 3.551698403399046744e-01 1.417574000000000000e+06
1.032896362286516911e+01 3.537911419381117861e-01 1.428834000000000000e+06
1.035966663242073871e+01 3.524425163549031459e-01 1.439018000000000000e+06
1.039031911060697233e+01 3.513799821336602291e-01 1.440698000000000000e+06
1.042093797488244000e+01 3.489838082108475126e-01 1.453638000000000000e+06
1.045161990055933643e+01 3.481760010413919026e-01 1.463426000000000000e+06
1.048230905031899418e+01 3.461728654702423413e-01 1.471050000000000000e+06
1.051294965218652244e+01 3.438860776981223499e-01 1.476638000000000000e+06
1.054355485794442338e+01 3.428940103714062659e-01 1.484466000000000000e+06
1.057423043832554121e+01 3.408606395479744089e-01 1.501154000000000000e+06
1.060491061368286125e+01 3.385555744599808570e-01 1.501706000000000000e+06
1.063551747879349385e+01 3.371494257037039866e-01 1.511502000000000000e+06
1.066612943100288469e+01 3.362011210116337412e-01 1.520234000000000000e+06
1.069681502375580706e+01 3.341695656705819806e-01 1.535010000000000000e+06
1.072753921292190249e+01 3.328564241089883580e-01 1.543358000000000000e+06
1.075810936250636551e+01 3.304251934229049392e-01 1.535754000000000000e+06
1.078871245727466643e+01 3.291816832097607115e-01 1.564802000000000000e+06
1.081940715839958322e+01 3.281065463539594163e-01 1.563038000000000000e+06
1.085006912710444915e+01 3.260387048553432532e-01 1.578426000000000000e+06
1.088072708694015844e+01 3.254311462286639811e-01 1.581482000000000000e+06
1.091135924400057711e+01 3.233480530695556632e-01 1.592250000000000000e+06
1.094200406382756974e+01 3.217554400741466925e-01 1.602230000000000000e+06
1.097260696004568814e+01 3.198907161159904033e-01 1.604754000000000000e+06
1.100323988183271950e+01 3.184133998230936347e-01 1.623458000000000000e+06
1.103388999676240978e+01 3.170723686234930283e-01 1.624910000000000000e+06
1.106457698538006440e+01 3.156494814670279814e-01 1.645122000000000000e+06
1.109527667386575978e+01 3.141698908292961945e-01 1.645130000000000000e+06
1.112591330354135621e+01 3.125759305999978310e-01 1.655706000000000000e+06
1.115654526125968005e+01 3.116826918452758055e-01 1.663502000000000000e+06
1.118719498215796371e+01 3.088524066346207686e-01 1.675514000000000000e+06
1.121787429068015562e+01 3.082268128544625174e-01 1.685298000000000000e+06
1.124851237891747147e+01 3.073673024611053850e-01 1.689566000000000000e+06
1.127910286336602752e+01 3.054770371352004132e-01 1.697850000000000000e+06
1.130978165659318968e+01 3.041932504279780680e-01 1.718546000000000000e+06
1.134049191158932857e+01 3.023288892687731599e-01 1.719822000000000000e+06
1.137111294866358691e+01 3.007561779430622528e-01 1.726586000000000000e+06
1.140173420596685006e+01 3.004532005202433798e-01 1.739186000000000000e+06
1.143241645198721024e+01 2.981979979880539644e-01 1.751538000000000000e+06
1.146309378911906585e+01 2.973112047527333712e-01 1.758062000000000000e+06
1.149371033408863774e+01 2.958060008167849309e-01 1.763010000000000000e+06
1.152434210102386203e+01 2.944250445002423167e-01 1.778642000000000000e+06
1.155502891721602587e+01 2.928026398845565703e-01 1.788582000000000000e+06
1.158569884908570913e+01 2.920389570446179639e-01 1.794746000000000000e+06
1.161631920000943374e+01 2.905559248651076731e-01 1.803290000000000000e+06
1.164692839895572440e+01 2.890810751229391795e-01 1.811058000000000000e+06
1.167758201264465789e+01 2.875270461255399757e-01 1.828358000000000000e+06
1.170824671228167269e+01 2.870310457462806331e-01 1.831362000000000000e+06
1.173887056645718729e+01 2.852946987122637612e-01 1.842458000000000000e+06
1.176945759162609839e+01 2.839190946606331423e-01 1.846998000000000000e+06
1.180012033129267301e+01 2.831151136736927421e-01 1.869122000000000000e+06
1.183084921812949553e+01 2.809967484675001126e-01 1.876346000000000000e+06
1.186151413816298650e+01 2.797829256730225977e-01 1.879506000000000000e+06
1.189215148075095030e+01 2.786055795462588081e-01 1.893326000000000000e+06
1.192281647950092704e+01 2.774295269388472041e-01 1.901826000000000000e+06
1.195347780224454937e+01 2.762847797184253551e-01 1.911962000000000000e+06
1.198410945486709878e+01 2.753377647850820953e-01 1.919198000000000000e+06
1.201473998051305792e+01 2.737937458101109001e-01 1.930242000000000000e+06
1.204539491969681819e+01 2.728688295454896884e-01 1.942442000000000000e+06
1.207606591889535608e+01 2.720194580818902641e-01 1.951734000000000000e+06
1.210668159911830344e+01 2.709714869372129020e-01 1.955402000000000000e+06
1.213729590584212836e+01 2.696206762860205997e-01 1.971858000000000000e+06
1.216799463550970195e+01 2.680904761856781060e-01 1.984898000000000000e+06
1.219864337641968355e+01 2.667869981806483826e-01 1.986422000000000000e+06
1.222922477881376047e+01 2.655475538863389939e-01 1.996146000000000000e+06
1.225989282685840820e+01 2.647329267772740025e-01 2.017106000000000000e+06
1.229058821881884178e+01 2.637017058473610787e-01 2.020638000000000000e+06
1.232123136247960460e+01 2.617267459565790766e-01 2.029346000000000000e+06
1.235186527658106037e+01 2.610823935988303979e-01 2.041002000000000000e+06
1.238252216979992326e+01 2.600082563552609249e-01 2.051450000000000000e+06
1.241320937502392674e+01 2.588814799074101725e-01 2.065886000000000000e+06
1.244383941472429633e+01 2.575887749655372261e-01 2.064546000000000000e+06
1.247445220519574072e+01 2.564168247185076854e-01 2.082650000000000000e+06
1.250512629307856827e+01 2.555659842438508522e-01 2.095182000000000000e+06
1.253580287130877480e+01 2.538323650650582963e-01 2.101346000000000000e+06
1.256646238438352015e+01 2.529856836554396637e-01 2.115554000000000000e+06
1.259708474717591109e+01 2.519353058203279150e-01 2.115654000000000000e+06
1.262774588521747354e+01 2.510460910593134143e-01 2.141066000000000000e+06
1.265841835076503408e+01 2.498461586812887048e-01 2.139786000000000000e+06
1.268903676420887017e+01 2.487577838883153203e-01 2.152202000000000000e+06
1.271964770975900549e+01 2.477027753638679775e-01 2.161086000000000000e+06
1.275028968623544934e+01 2.466886797135002807e-01 2.176058000000000000e+06
1.278098460469567499e+01 2.457236007281298762e-01 2.190818000000000000e+06
1.281164046729207939e+01 2.447286434844041236e-01 2.191158000000000000e+06
1.284225815563851825e+01 2.434962209463142346e-01 2.205314000000000000e+06
1.287289056249479380e+01 2.423142247943403937e-01 2.215554000000000000e+06
1.290355625633802639e+01 2.411247983692002272e-01 2.230562000000000000e+06
1.293423770049094124e+01 2.404501958819689478e-01 2.239614000000000000e+06
1.296488169854081285e+01 2.393627549643631003e-01 2.245706000000000000e+06
1.299551871653742019e+01 2.379430616982803892e-01 2.259674000000000000e+06
1.302618975751721919e+01 2.377371587100906292e-01 2.273214000000000000e+06
1.305685244694570457e+01 2.362528370169940106e-01 2.278802000000000000e+06
1.308750998994310244e+01 2.349531981653279755e-01 2.294034000000000000e+06
1.311813220161915972e+01 2.344402385768354913e-01 2.294942000000000000e+06
1.314876333796909336e+01 2.337241859260697774e-01 2.317050000000000000e+06
1.317943307318251733e+01 2.322723629071628826e-01 2.322842000000000000e+06
1.321006023701692200e+01 2.315949712760799750e-01 2.330810000000000000e+06
1.324068959969416603e+01 2.304412792130123289e-01 2.345958000000000000e+06
1.327132733229817774e+01 2.298895175277215208e-01 2.353586000000000000e+06
1.330202137818103125e+01 2.285170765630983591e-01 2.376210000000000000e+06
1.333270765674768299e+01 2.273767825843060753e-01 2.374502000000000000e+06
1.336332360429498145e+01 2.267264208543103288e-01 2.386346000000000000e+06
1.339396115374925600e+01 2.255288666954842203e-01 2.401314000000000000e+06
1.342462950449915837e+01 2.247524829459453810e-01 2.411450000000000000e+06
1.345527227069447385e+01 2.239810667744032979e-01 2.420718000000000000e+06
1.348587288323711597e+01 2.229367909936456893e-01 2.425754000000000000e+06
1.351655033488228952e+01 2.218780063521854362e-01 2.455218000000000000e+06
1.354723943126051466e+01 2.209374752646125484e-01 2.450942000000000000e+06
1.357787602620414091e+01 2.201295888339892814e-01 2.467130000000000000e+06
1.360850969175125869e+01 2.192114376327845282e-01 2.474874000000000000e+06
1.363916260858142593e+01 2.183692571602040000e-01 2.490362000000000000e+06
1.366981104919095991e+01 2.175331956710227221e-01 2.498142000000000000e+06
1.370042868629872679e+01 2.168537028985796367e-01 2.507090000000000000e+06
1.373107732768572298e+01 2.159609920485024703e-01 2.525562000000000000e+06
1.376175426428364190e+01 2.146631430773977278e-01 2.534726000000000000e+06
1.379244642300857926e+01 2.142059844558975856e-01 2.549906000000000000e+06
1.382309257737347785e+01 2.127969680612949721e-01 2.551074000000000000e+06
1.385373333418663933e+01 2.121516564347014910e-01 2.570702000000000000e+06
1.388438231685893065e+01 2.114758576143790092e-01 2.574642000000000000e+06
1.391502673172247206e+01 2.103469273719326960e-01 2.594066000000000000e+06
1.394566139702082808e+01 2.093112499527902126e-01 2.594802000000000000e+06
1.397626403373048554e+01 2.085401249219955289e-01 2.612030000000000000e+06
1.400692990380277614e+01 2.079614978039950601e-01 2.627954000000000000e+06
1.403762665833372836e+01 2.071359541085031619e-01 2.640402000000000000e+06
1.406826249291076536e+01 2.063104969838581437e-01 2.641454000000000000e+06
1.409889778741170652e+01 2.053211009777469176e-01 2.661834000000000000e+06
1.412955070116482226e+01 2.046305071150311405e-01 2.669138000000000000e+06
1.416021112645075775e+01 2.036118623405781536e-01 2.684858000000000000e+06
1.419087385297501669e+01 2.029982441878162014e-01 2.693910000000000000e+06
1.422149875684323916e+01 2.019112306703749748e-01 2.701682000000000000e+06
1.425216427801141883e+01 2.012192960805788966e-01 2.722698000000000000e+06
1.428282043751237218e+01 2.004908151950161310e-01 2.725262000000000000e+06
1.431346230054741042e+01 1.997413125125344080e-01 2.742450000000000000e+06
1.434410509664010824e+01 1.990567667327308721e-01 2.749850000000000000e+06
1.437474217852985525e+01 1.984204079956525257e-01 2.763902000000000000e+06
1.440540590632776841e+01 1.972977396420655949e-01 2.778498000000000000e+06
1.443604895983575531e+01 1.968128822458368177e-01 2.784530000000000000e+06
1.446670970857448424e+01 1.958010859789180436e-01 2.804106000000000000e+06
1.449736904962689010e+01 1.945198529071567595e-01 2.809790000000000000e+06
1.452802375701152648e+01 1.943681775736993689e-01 2.825058000000000000e+06
1.455867443991712307e+01 1.935279457579039686e-01 2.834330000000000000e+06
1.458929057279699038e+01 1.926787732466532510e-01 2.842022000000000000e+06
1.461994280853970452e+01 1.916682243920420359e-01 2.864754000000000000e+06
1.465058249564759585e+01 1.910173606043741590e-01 2.864186000000000000e+06
1.468117988573594168e+01 1.903609624182768245e-01 2.879538000000000000e+06
1.471182673337874292e+01 1.896937104365166715e-01 2.899454000000000000e+06
1.474248363238804060e+01 1.890330077424250965e-01 2.904258000000000000e+06
1.477317496500613103e+01 1.883719013566834410e-01 2.930234000000000000e+06
1.480386910161793779e+01 1.876470374388211626e-01 2.929526000000000000e+06
1.483450217940607452e+01 1.868161717376247144e-01 2.942442000000000000e+06
1.486516698446851059e+01 1.859006276998523832e-01 2.960810000000000000e+06
1.489582703702377664e+01 1.854021175370680341e-01 2.964954000000000000e+06
1.492646528006037521e+01 1.847603164805378395e-01 2.980910000000000000e+06
1.495710544900555306e+01 1.839163686593482117e-01 2.990978000000000000e+06
1.498776269392421945e+01 1.832426347225353247e-01 3.007626000000000000e+06
1.501843370546180267e+01 1.825990190668548840e-01 3.019166000000000000e+06
1.504905569365952722e+01 1.819901922815937434e-01 3.021090000000000000e+06
1.507968813668374430e+01 1.806548929502066192e-01 3.047834000000000000e+06
1.511037332515695297e+01 1.802570452842168214e-01 3.055590000000000000e+06
1.514104424704462026e+01 1.795441758083470007e-01 3.068546000000000000e+06
1.517163880420388011e+01 1.789979269866337208e-01 3.067274000000000000e+06
1.520226772397046489e+01 1.783833009259349067e-01 3.098058000000000000e+06
1.523296937728429157e+01 1.778114179339215783e-01 3.109214000000000000e+06
1.526361904753517074e+01 1.769587137425710499e-01 3.110466000000000000e+06
1.529421425129691947e+01 1.766711168971664692e-01 3.124370000000000000e+06
1.532485231670361081e+01 1.759367881675759637e-01 3.144174000000000000e+06
1.535555551766698201e+01 1.751242315144392048e-01 3.161738000000000000e+06
1.538620301937812407e+01 1.744001571257227379e-01 3.159890000000000000e+06
1.541679818315905770e+01 1.737296078494381668e-01 3.174138000000000000e+06
1.544743875163359270e+01 1.730051008690439152e-01 3.195926000000000000e+06
1.547813884141497276e+01 1.723931076799861406e-01 3.211386000000000000e+06
1.550883091269481717e+01 1.719810882069906788e-01 3.219314000000000000e+06
1.553946294611858292e+01 1.712979081653848989e-01 3.225494000000000000e+06
1.557009342916842165e+01 1.702123775890792556e-01 3.242562000000000000e+06
1.560074559370220371e+01 1.696953905662404727e-01 3.257450000000000000e+06
1.563140821530218894e+01 1.690218317295368311e-01 3.269118000000000000e+06
1.566204787145430899e+01 1.686015712442778813e-01 3.278930000000000000e+06
1.569265004490419813e+01 1.679260417142074691e-01 3.286650000000000000e+06
1.572331415106903485e+01 1.671628937378829560e-01 3.316610000000000000e+06
1.575400933951588378e+01 1.665850341498014975e-01 3.321542000000000000e+06
1.578464652652455058e+01 1.659707050578355103e-01 3.328578000000000000e+06
1.581527512713691763e+01 1.652809474469025264e-01 3.345074000000000000e+06
1.584593159202205293e+01 1.647686607256001745e-01 3.361686000000000000e+06
1.587658751981395078e+01 1.641815333727826842e-01 3.369722000000000000e+06
1.590722339945609676e+01 1.634553834383464799e-01 3.385290000000000000e+06
1.593785107536400147e+01 1.626895436062711919e-01 3.391370000000000000e+06
1.596852352225685401e+01 1.623098944015219647e-01 3.422966000000000000e+06
1.599920243251385621e+01 1.615935763837103301e-01 3.419538000000000000e+06
1.602985553152441156e+01 1.611207250958049120e-01 3.441890000000000000e+06
1.606050898189369747e+01 1.607151584791891852e-01 3.447582000000000000e+06
1.609116293617333326e+01 1.597258624330625820e-01 3.466298000000000000e+06
1.612177218423172320e+01 1.592917368445043724e-01 3.466194000000000000e+06
1.615238659316504766e+01 1.587121913929363248e-01 3.492062000000000000e+06
1.618304433395858055e+01 1.581791407587649079e-01 3.503114000000000000e+06
1.621369564724469114e+01 1.575717392738316958e-01 3.517146000000000000e+06
1.624437349555979182e+01 1.570684539381950739e-01 3.535706000000000000e+06
1.627503011624142815e+01 1.564352006445667576e-01 3.539742000000000000e+06
1.630567747321957484e+01 1.560959232843023015e-01 3.558698000000000000e+06
1.633633444718754291e+01 1.551980401510088536e-01 3.570122000000000000e+06
1.636699228812523543e+01 1.545803111648137440e-01 3.585174000000000000e+06
1.639764059090457948e+01 1.544351022197837930e-01 3.594314000000000000e+06
1.642828590068688399e+01 1.536552760074169632e-01 3.612258000000000000e+06
1.645893007191645907e+01 1.529744609674053013e-01 3.620282000000000000e+06
1.648957199783176364e+01 1.523882560362817273e-01 3.639078000000000000e+06
1.652022897904334187e+01 1.519893437795340196e-01 3.650450000000000000e+06
1.655086391605456342e+01 1.514269710532913926e-01 3.661418000000000000e+06
1.658149960773415188e+01 1.507963787906226039e-01 3.677694000000000000e+06
1.661216865362178652e+01 1.503077128705852805e-01 3.695978000000000000e+06
1.664282501558284721e+01 1.497004133347376587e-01 3.702810000000000000e+06
1.667345451826077252e+01 1.490321365161152989e-01 3.716162000000000000e+06
1.670412303906892859e+01 1.487657629728022790e-01 3.740094000000000000e+06
1.673478210225302121e+01 1.482110245140678129e-01 3.740954000000000000e+06
1.676541740863294194e+01 1.478252579271278899e-01 3.760946000000000000e+06
1.679608408952596577e+01 1.470355013580260661e-01 3.778278000000000000e+06
1.682674466654829359e+01 1.466918439798759466e-01 3.784922000000000000e+06
1.685739723155478487e+01 1.459828465342501713e-01 3.805266000000000000e+06
1.688803548841513802e+01 1.454747220490345272e-01 3.807686000000000000e+06
1.691867153120264078e+01 1.451341332018480923e-01 3.833130000000000000e+06
1.694932872530407053e+01 1.445447992112232072e-01 3.841898000000000000e+06
1.697998566510549878e+01 1.437262640633642508e-01 3.858074000000000000e+06
1.701062828430612228e+01 1.434668306119400161e-01 3.868974000000000000e+06
1.704127533600995648e+01 1.431479228962449501e-01 3.885362000000000000e+06
1.707192414656785573e+01 1.426620870945979058e-01 3.898290000000000000e+06
1.710255181072696473e+01 1.418465570130426345e-01 3.907334000000000000e+06
1.713319071172596608e+01 1.416344467550582631e-01 3.928730000000000000e+06
1.716382735984657515e+01 1.409268814016733928e-01 3.936666000000000000e+06
1.719448998954597485e+01 1.406438461825854080e-01 3.961346000000000000e+06
1.722518713228848242e+01 1.399819569724033430e-01 3.975774000000000000e+06
1.725581491968389614e+01 1.394571076943537657e-01 3.970106000000000000e+06
1.728643657196136019e+01 1.390384526512738750e-01 4.003170000000000000e+06
1.731713759204037117e+01 1.385988988092720642e-01 4.019558000000000000e+06
1.734781987893603983e+01 1.382696225844225746e-01 4.025642000000000000e+06
1.737842365147297841e+01 1.377851268482621627e-01 4.028514000000000000e+06
1.740905079503025732e+01 1.371167134880590666e-01 4.059398000000000000e+06
1.743972443769684233e+01 1.367475472236842349e-01 4.069674000000000000e+06
1.747038028370268492e+01 1.362462711493357126e-01 4.083698000000000000e+06
1.750102745774862356e+01 1.357348585298434052e-01 4.095210000000000000e+06
1.753166500950241513e+01 1.350716929107231568e-01 4.110518000000000000e+06
1.756231498081562137e+01 1.346868374183699535e-01 4.126850000000000000e+06
1.759296617687713393e+01 1.341961688736107161e-01 4.140114000000000000e+06
1.762357382681691220e+01 1.337098100418187829e-01 4.144070000000000000e+06
1.765421428885442268e+01 1.333710865601386297e-01 4.175802000000000000e+06
1.768489852398702311e+01 1.327111025334524741e-01 4.187882000000000000e+06
1.771556950276492870e+01 1.323535006251116419e-01 4.199250000000000000e+06
1.774620783297953963e+01 1.319699846246168429e-01 4.209326000000000000e+06
1.777682774493507267e+01 1.317408659847044139e-01 4.222130000000000000e+06
1.780750401021129292e+01 1.311352061863667040e-01 4.254258000000000000e+06
1.783817993206895025e+01 1.305646525390607438e-01 4.252478000000000000e+06
1.786881799063985099e+01 1.300184126810184360e-01 4.270698000000000000e+06
1.789943445534976263e+01 1.297220485998295536e-01 4.278122000000000000e+06
1.793009336077801663e+01 1.292459531524876026e-01 4.309898000000000000e+06
1.796077930716451831e+01 1.287286896447888129e-01 4.317150000000000000e+06
1.799143485791619668e+01 1.283562531382096417e-01 4.329698000000000000e+06
1.802207283970281892e+01 1.279245873941964040e-01 4.340826000000000000e+06
1.805270571152597725e+01 1.274930526723843383e-01 4.359590000000000000e+06
1.808336667793345498e+01 1.272288146726527069e-01 4.376850000000000000e+06
1.811401323573930355e+01 1.268131618624953605e-01 4.386674000000000000e+06
1.814464766537982499e+01 1.263180173393411987e-01 4.401782000000000000e+06
1.817529082465190982e+01 1.257976397365140053e-01 4.419210000000000000e+06
1.820598375993449736e+01 1.252495090500760078e-01 4.446482000000000000e+06
1.823663229521417861e+01 1.249176963012963021e-01 4.435554000000000000e+06
1.826725204091361476e+01 1.245593887714609438e-01 4.468934000000000000e+06
1.829791582036300213e+01 1.241885252308688736e-01 4.477650000000000000e+06
1.832855470139352150e+01 1.237874113436488732e-01 4.491218000000000000e+06
1.835919789777245015e+01 1.234006397053182963e-01 4.510358000000000000e+06
1.838983691066674098e+01 1.228346555366558734e-01 4.518594000000000000e+06
1.842048618686847306e+01 1.225333228884134817e-01 4.544474000000000000e+06
1.845114961348761540e+01 1.219755978452133488e-01 4.552098000000000000e+06
1.848180953853236019e+01 1.218180121705184082e-01 4.574990000000000000e+06
1.851245222260127932e+01 1.211939014159280487e-01 4.577210000000000000e+06
1.854311068981073518e+01 1.208082882288171594e-01 4.608186000000000000e+06
1.857377018063706586e+01 1.204836945181096408e-01 4.610198000000000000e+06
1.860440390017229007e+01 1.200153632678879478e-01 4.628898000000000000e+06
1.863503114498546864e+01 1.196452483964172836e-01 4.641170000000000000e+06
1.866567550024189615e+01 1.193491764651379433e-01 4.662462000000000000e+06
1.869635147958381793e+01 1.187395892120419183e-01 4.681442000000000000e+06
1.872700405237336696e+01 1.185083780411062687e-01 4.687850000000000000e+06
1.875765137982478592e+01 1.182720244231142553e-01 4.708818000000000000e+06
1.878830446025693490e+01 1.177800477556658482e-01 4.721534000000000000e+06
1.881894131346886212e+01 1.173232721006936818e-01 4.732770000000000000e+06
1.884957303362655523e+01 1.169333665169756120e-01 4.753346000000000000e+06
1.888023809980736090e+01 1.164435940854233742e-01 4.772886000000000000e+06
1.891090871260763606e+01 1.161155555225828195e-01 4.785098000000000000e+06
1.894154790414986422e+01 1.157540835017936004e-01 4.795394000000000000e+06
1.897218362658022173e+01 1.153562894657358812e-01 4.813986000000000000e+06
1.900283385206392595e+01 1.150421435095498324e-01 4.832654000000000000e+06
1.903350235720601091e+01 1.145667847646762577e-01 4.849362000000000000e+06
1.906415148299372575e+01 1.142775478858750055e-01 4.858322000000000000e+06
1.909476996524363557e+01 1.138756788248524165e-01 4.871286000000000000e+06
1.912540633843168436e+01 1.135255278003093338e-01 4.894370000000000000e+06
1.915607775651777800e+01 1.129838340471854552e-01 4.914650000000000000e+06
1.918673093358846060e+01 1.126408202562047961e-01 4.919658000000000000e+06
1.921737109038362945e+01 1.122659379339401159e-01 4.941638000000000000e+06
1.924805333354893122e+01 1.119836188575246555e-01 4.965954000000000000e+06
1.927873600716220892e+01 1.117792179646282941e-01 4.971770000000000000e+06
1.930937881190103056e+01 1.113274018382967995e-01 4.985702000000000000e+06
1.934000064256855111e+01 1.109882580438299043e-01 4.996314000000000000e+06
1.937063530033629988e+01 1.107466122035553752e-01 5.021258000000000000e+06
1.940129903902628072e+01 1.102457070301103292e-01 5.038470000000000000e+06
1.943195223680148231e+01 1.098892359618664216e-01 5.048570000000000000e+06
1.946259388837266968e+01 1.094695494245415957e-01 5.067786000000000000e+06
1.949325378056333591e+01 1.091803298598340577e-01 5.084402000000000000e+06
1.952391920669563774e+01 1.088517522106140084e-01 5.104238000000000000e+06
1.955454529668766028e+01 1.086940942474259458e-01 5.101890000000000000e+06
1.958515229432341798e+01 1.081074959343760883e-01 5.129594000000000000e+06
1.961580259908011215e+01 1.079877817150461244e-01 5.149086000000000000e+06
1.964647598754564939e+01 1.074343483462614629e-01 5.168834000000000000e+06
1.967711671408318352e+01 1.071404248897880329e-01 5.172306000000000000e+06
1.970776054518702480e+01 1.068594714628238324e-01 5.199218000000000000e+06
1.973843058927628391e+01 1.065799584118663212e-01 5.215430000000000000e+06
1.976909383957853095e+01 1.060936479860839360e-01 5.229066000000000000e+06
1.979974730224805413e+01 1.057413271541968458e-01 5.244530000000000000e+06
1.983040459772927377e+01 1.054192389323696105e-01 5.262870000000000000e+06
1.986105281425653857e+01 1.050952079842778497e-01 5.272562000000000000e+06
1.989167915855331970e+01 1.048703752747113666e-01 5.290098000000000000e+06
1.992233512457928057e+01 1.044328520020668533e-01 5.314358000000000000e+06
1.995299022425723834e+01 1.040895080286007440e-01 5.322098000000000000e+06
1.998362696967681629e+01 1.039189029411203002e-01 5.341026000000000000e+06
2.001429805344872292e+01 1.036381412550881759e-01 5.366858000000000000e+06
2.004496752307381513e+01 1.031874916037482798e-01 5.374422000000000000e+06
2.007558003312327344e+01 1.028289585010775942e-01 5.377730000000000000e+06
2.010619663165178039e+01 1.025199143714379257e-01 5.409410000000000000e+06
2.013687553158347754e+01 1.020435239033245095e-01 5.434014000000000000e+06
2.016755016454825267e+01 1.017956447667002079e-01 5.438882000000000000e+06
2.019818861724741410e+01 1.014879600702176532e-01 5.456178000000000000e+06
2.022882364752918605e+01 1.011659842442517582e-01 5.469242000000000000e+06
2.025947582076963727e+01 1.009608343003696729e-01 5.496174000000000000e+06
2.029013497277836109e+01 1.006616188632157155e-01 5.505530000000000000e+06
2.032077646713278085e+01 1.001586022391501019e-01 5.521202000000000000e+06
2.035142410046669426e+01 9.995058283307413360e-02 5.544126000000000000e+06
2.038209715392332910e+01 9.953754703597378350e-02 5.560106000000000000e+06
2.041276704522988084e+01 9.934060265022436054e-02 5.579754000000000000e+06
2.044339434596270522e+01 9.901604253380844045e-02 5.576270000000000000e+06
2.047400433812566689e+01 9.862930518207328745e-02 5.607138000000000000e+06
2.050465414558887645e+01 9.846962262929984111e-02 5.625026000000000000e+06
2.053532389370018763e+01 9.810543259086992873e-02 5.646698000000000000e+06
2.056596192186154326e+01 9.776308759974552953e-02 5.649126000000000000e+06
2.059659481650145807e+01 9.760937720759195468e-02 5.676434000000000000e+06
2.062723563822306616e+01 9.727976517639462528e-02 5.687418000000000000e+06
2.065789501103831682e+01 9.685472188641019997e-02 5.715830000000000000e+06
2.068857363042259578e+01 9.661396379256476097e-02 5.729210000000000000e+06
2.071923747383037551e+01 9.632681857442607076e-02 5.744802000000000000e+06
2.074987498351558557e+01 9.597476440999319625e-02 5.752154000000000000e+06
2.078053041960519209e+01 9.573606400337897337e-02 5.786382000000000000e+06
2.081118017348725502e+01 9.537451596138825372e-02 5.784146000000000000e+06
2.084180966840007443e+01 9.508316721568935148e-02 5.812146000000000000e+06
2.087246873484020426e+01 9.485135157386599680e-02 5.830166000000000000e+06
2.090312912726902539e+01 9.463161901177757906e-02 5.845850000000000000e+06
2.093378037566929351e+01 9.440380070457393691e-02 5.862834000000000000e+06
2.096442457626876177e+01 9.385714013423267221e-02 5.876066000000000000e+06
2.099509039179685033e+01 9.377017066456433403e-02 5.905854000000000000e+06
2.102573351815310332e+01 9.342334623909361035e-02 5.902274000000000000e+06
2.105635720643528686e+01 9.316794599054702142e-02 5.931258000000000000e+06
2.108702218704524967e+01 9.292034580885936979e-02 5.954966000000000000e+06
2.111769024571999509e+01 9.259408423249883280e-02 5.965346000000000000e+06
2.114832577809379899e+01 9.236418915731459123e-02 5.977818000000000000e+06
2.117897364467428645e+01 9.203860614270312213e-02 6.004718000000000000e+06
2.120962225056029737e+01 9.173474426394105652e-02 6.011706000000000000e+06
2.124028003416142241e+01 9.147701616171306782e-02 6.045770000000000000e+06
2.127093375519878649e+01 9.116791724888133330e-02 6.041586000000000000e+06
2.130156165599708373e+01 9.096361354193183146e-02 6.073166000000000000e+06
2.133219920491698574e+01 9.067902957774699735e-02 6.078962000000000000e+06
2.136285116966709907e+01 9.043460383909217304e-02 6.114258000000000000e+06
2.139352427845574667e+01 9.016939130039983152e-02 6.123086000000000000e+06
2.142417268630640592e+01 8.985963910982486258e-02 6.136770000000000000e+06
2.145480354384202215e+01 8.953020017553499355e-02 6.154898000000000000e+06
2.148545706546140721e+01 8.927399326062010476e-02 6.178610000000000000e+06
2.151612653279159915e+01 8.902723297679793202e-02 6.197982000000000000e+06
2.154677833320419822e+01 8.875592999041789777e-02 6.205322000000000000e+06
2.157739246519214760e+01 8.851562185934698512e-02 6.218850000000000000e+06
2.160802636633691876e+01 8.823866612945396870e-02 6.249542000000000000e+06
2.163871370337264111e+01 8.795692075064877324e-02 6.274146000000000000e+06
2.166936190194067180e+01 8.769169116598690694e-02 6.270242000000000000e+06
2.169999864745664908e+01 8.742088105700322742e-02 6.305222000000000000e+06
2.173068313923396389e+01 8.726732901967516887e-02 6.325026000000000000e+06
2.176134463504373429e+01 8.688341391444809325e-02 6.331922000000000000e+06
2.179196928002131983e+01 8.659876896724907902e-02 6.343698000000000000e+06
2.182260671813147823e+01 8.644994563272000165e-02 6.375158000000000000e+06
2.185327640589686382e+01 8.616757856242425462e-02 6.392178000000000000e+06
2.188395164505502422e+01 8.589382044671102501e-02 6.412826000000000000e+06
2.191457418339750873e+01 8.563036652589527120e-02 6.407078000000000000e+06
2.194519964934411504e+01 8.539997726410579471e-02 6.447954000000000000e+06
2.197584874950450384e+01 8.513087230441761244e-02 6.456026000000000000e+06
2.200650103817257985e+01 8.490637352411295469e-02 6.482034000000000000e+06
2.203714959817343200e+01 8.460221722940119982e-02 6.492878000000000000e+06
2.206776146081951495e+01 8.438265236599891417e-02 6.502074000000000000e+06
2.209840900715284917e+01 8.407892182859973140e-02 6.542930000000000000e+06
2.212909435360047894e+01 8.388194418812927600e-02 6.556598000000000000e+06
2.215976446255987753e+01 8.362113280459276821e-02 6.570330000000000000e+06
2.219040287241333331e+01 8.337974229863130693e-02 6.581882000000000000e+06
2.222105997311332359e+01 8.316692617336801652e-02 6.612546000000000000e+06
2.225173735653976692e+01 8.298055764833173198e-02 6.628622000000000000e+06
2.228236906003313322e+01 8.268123204803742854e-02 6.629498000000000000e+06
2.231299123139654839e+01 8.242215714982918662e-02 6.659250000000000000e+06
2.234365539181282045e+01 8.225834863145500830e-02 6.686006000000000000e+06
2.237431906113462787e+01 8.194482539477658534e-02 6.693786000000000000e+06
2.240495119889733289e+01 8.172994473411075711e-02 6.711554000000000000e+06
2.243559874147591060e+01 8.144666357269453316e-02 6.735678000000000000e+06
2.246626223308657444e+01 8.125587364099418064e-02 6.754754000000000000e+06
2.249693164364150988e+01 8.094716427337134146e-02 6.776570000000000000e+06
2.252754695231501358e+01 8.075506058905392026e-02 6.767394000000000000e+06
2.255817384037303697e+01 8.054330431902868848e-02 6.818246000000000000e+06
2.258886124968342557e+01 8.026768148799469371e-02 6.830562000000000000e+06
2.261950951352502059e+01 8.003100624840442379e-02 6.839186000000000000e+06
2.265014298397850823e+01 7.984072855027106452e-02 6.861462000000000000e+06
2.268078975948035492e+01 7.958746621196402526e-02 6.880394000000000000e+06
2.271145371109907174e+01 7.942326446487987801e-02 6.907178000000000000e+06
2.274211585654432000e+01 7.916176572212887952e-02 6.917034000000000000e+06
2.277276196539026643e+01 7.890996440727167383e-02 6.937934000000000000e+06
2.280339367570849163e+01 7.868667458346828569e-02 6.947250000000000000e+06
2.283404335172724586e+01 7.843614806191713529e-02 6.982106000000000000e+06
2.286471099297079590e+01 7.816864723535169035e-02 6.995718000000000000e+06
2.289535670710002435e+01 7.804217281446482191e-02 7.006682000000000000e+06
2.292600245201877840e+01 7.785075781716138676e-02 7.035866000000000000e+06
2.295667389567964989e+01 7.761071205297337405e-02 7.054110000000000000e+06
2.298731368920699225e+01 7.742762488182078351e-02 7.059194000000000000e+06
2.301794844000150775e+01 7.710927173375681232e-02 7.091802000000000000e+06
2.304859935862412001e+01 7.682031164400635048e-02 7.100666000000000000e+06
2.307924172520139550e+01 7.666856441303002145e-02 7.129070000000000000e+06
2.310990061408635654e+01 7.640126940249594711e-02 7.143282000000000000e+06
2.314054307017327616e+01 7.624766947679265106e-02 7.161482000000000000e+06
2.317119382566526298e+01 7.609580345384228672e-02 7.184694000000000000e+06
2.320185734324556392e+01 7.577098886799592259e-02 7.203914000000000000e+06
2.323250807215323377e+01 7.555860517807690135e-02 7.219746000000000000e+06
2.326313843972289419e+01 7.532855619747796938e-02 7.228634000000000000e+06
2.329379144080670727e+01 7.509814198039325983e-02 7.271990000000000000e+06
2.332444777960088445e+01 7.491410232804433800e-02 7.266786000000000000e+06
2.335507087774779578e+01 7.471703982231119034e-02 7.293650000000000000e+06
2.338572972711217801e+01 7.448704179606847886e-02 7.324086000000000000e+06
2.341640604770795875e+01 7.428594666593991980e-02 7.338650000000000000e+06
2.344705630354619430e+01 7.410006675768998630e-02 7.351962000000000000e+06
2.347766959470004267e+01 7.384748796755283284e-02 7.357190000000000000e+06
2.350831446175642370e+01 7.372151346157637675e-02 7.406042000000000000e+06
2.353898224311427256e+01 7.347939752931245683e-02 7.408626000000000000e+06
2.356963575235109332e+01 7.331465575790015177e-02 7.435610000000000000e+06
2.360029901858758095e+01 7.308702191521829206e-02 7.453542000000000000e+06
2.363094388425705006e+01 7.285141737636190162e-02 7.464002000000000000e+06
2.366159032137904816e+01 7.260916594093103082e-02 7.493546000000000000e+06
2.369224972351527114e+01 7.250886256415089992e-02 7.510806000000000000e+06
2.372291508578891595e+01 7.223597020703616256e-02 7.532114000000000000e+06
2.375354632645621322e+01 7.204181823441256627e-02 7.536234000000000000e+06
2.378417204300768972e+01 7.172356180429018124e-02 7.565834000000000000e+06
2.381484989613622716e+01 7.163337613187949204e-02 7.603062000000000000e+06
2.384550834037956690e+01 7.138626415447156537e-02 7.593890000000000000e+06
2.387612970652009281e+01 7.117145515109329912e-02 7.622906000000000000e+06
2.390677281995975534e+01 7.098129409299949732e-02 7.646622000000000000e+06
2.393744201491479373e+01 7.083351201203119674e-02 7.672058000000000000e+06
2.396809205963029044e+01 7.054754402262901347e-02 7.679346000000000000e+06
2.399871140417699422e+01 7.041747897910037579e-02 7.693058000000000000e+06
2.402935365105090071e+01 7.018966276943643112e-02 7.732158000000000000e+06
2.406002599393818642e+01 7.005108099149059964e-02 7.746962000000000000e+06
2.409069744544645886e+01 6.978351910555495585e-02 7.770986000000000000e+06
2.412133809379787408e+01 6.962020145407402105e-02 7.772094000000000000e+06
2.415197098395899289e+01 6.942012230423620645e-02 7.803818000000000000e+06
2.418264178024068300e+01 6.921953711979238200e-02 7.834338000000000000e+06
2.421329665107611007e+01 6.904051528586073461e-02 7.833710000000000000e+06
2.424392248425750651e+01 6.883978476850263761e-02 7.858794000000000000e+06
2.427456797443234393e+01 6.865915478755854617e-02 7.884290000000000000e+06
2.430522057461229224e+01 6.844998501554511172e-02 7.901522000000000000e+06
2.433588276096136127e+01 6.827034899482541108e-02 7.930662000000000000e+06
2.436653439930566023e+01 6.810472963009547853e-02 7.934426000000000000e+06
2.439717972712892902e+01 6.786376903054752718e-02 7.967322000000000000e+06
2.442783693810555690e+01 6.767124828393719649e-02 7.981934000000000000e+06
2.445848909686699457e+01 6.751634048381652264e-02 8.003282000000000000e+06
2.448913290943420407e+01 6.730639561547824279e-02 8.019666000000000000e+06
2.451976455905877472e+01 6.717714502316390890e-02 8.034482000000000000e+06
2.455040989797941720e+01 6.698126191820034936e-02 8.068542000000000000e+06
2.458107931780205035e+01 6.675279169020893744e-02 8.088290000000000000e+06
2.461173000312667725e+01 6.656654558699616475e-02 8.096322000000000000e+06
2.464236413023569838e+01 6.639758306591227177e-02 8.122646000000000000e+06
2.467302878003126310e+01 6.620584215874626699e-02 8.150138000000000000e+06
2.470369018584469600e+01 6.603361753523008526e-02 8.165322000000000000e+06
2.473434237152199699e+01 6.584261413340106173e-02 8.182574000000000000e+06
2.476499023106570618e+01 6.565335687637452455e-02 8.203698000000000000e+06
2.479564135983178019e+01 6.547881289387491588e-02 8.226914000000000000e+06
2.482630207602976569e+01 6.533341384845550714e-02 8.246898000000000000e+06
2.485694583618992226e+01 6.514930237743128683e-02 8.261774000000000000e+06
2.488758109348702163e+01 6.498296953194580838e-02 8.279426000000000000e+06
2.491822262853785119e+01 6.478138274454242618e-02 8.308722000000000000e+06
2.494887711239730166e+01 6.461240216741967468e-02 8.326214000000000000e+06
2.497951933488113241e+01 6.446914343612761278e-02 8.342682000000000000e+06
2.501014765446522503e+01 6.424187168409276061e-02 8.360834000000000000e+06
2.504079700598459723e+01 6.402628292148930533e-02 8.393226000000000000e+06
2.507147561161312765e+01 6.395035272530774639e-02 8.420150000000000000e+06
2.510213539337122413e+01 6.368739065821292511e-02 8.421986000000000000e+06
2.513276479637716321e+01 6.356733871168263050e-02 8.445714000000000000e+06
2.516340977761215569e+01 6.343283163707909289e-02 8.472590000000000000e+06
2.519407509340153695e+01 6.327231774484219640e-02 8.495370000000000000e+06
2.522473298638924888e+01 6.304460622953524107e-02 8.512802000000000000e+06
2.525536838388270056e+01 6.290528657361182940e-02 8.523290000000000000e+06
2.528603429285023196e+01 6.268711391530165655e-02 8.570982000000000000e+06
2.531670644975507045e+01 6.256570610487907635e-02 8.568458000000000000e+06
2.534733422191522578e+01 6.233145049355395123e-02 8.586498000000000000e+06
2.537795494299703947e+01 6.224651050466973451e-02 8.608838000000000000e+06
2.540861203384896783e+01 6.201961891642116670e-02 8.645610000000000000e+06
2.543928143685350562e+01 6.184376481944787313e-02 8.658386000000000000e+06
2.546991579144467366e+01 6.165732480615665478e-02 8.668598000000000000e+06
2.550054781656812253e+01 6.154128962982841067e-02 8.697426000000000000e+06
2.553119796550166498e+01 6.138901620876985321e-02 8.722562000000000000e+06
2.556185165324095010e+01 6.120479666768979116e-02 8.737962000000000000e+06
2.559251151955053771e+01 6.105893312398547740e-02 8.771366000000000000e+06
2.562315821371235458e+01 6.092649962775097128e-02 8.771010000000000000e+06
2.565382090549665151e+01 6.069291875722149232e-02 8.822618000000000000e+06
2.568447372340733637e+01 6.058802096023423178e-02 8.807726000000000000e+06
2.571509458014751104e+01 6.040742093101137550e-02 8.844618000000000000e+06
2.574574125894481469e+01 6.024475679810462059e-02 8.868722000000000000e+06
2.577640368018757400e+01 6.008724559950891914e-02 8.891394000000000000e+06
2.580706250709014782e+01 5.992621803527718727e-02 8.911934000000000000e+06
2.583770659642837231e+01 5.980141558580975847e-02 8.923938000000000000e+06
2.586834877557267376e+01 5.958949346201931202e-02 8.953682000000000000e+06
2.589901831076717187e+01 5.943676473502571694e-02 8.981966000000000000e+06
2.592967863857695932e+01 5.925938485560554303e-02 8.990442000000000000e+06
2.596030767966076525e+01 5.909371623093306880e-02 9.007874000000000000e+06
2.599095072903341830e+01 5.897068939843004565e-02 9.038982000000000000e+06
2.602162160336631658e+01 5.883313190503022816e-02 9.068570000000000000e+06
2.605229920594178594e+01 5.868533474587930843e-02 9.085250000000000000e+06
2.608293390061188077e+01 5.852194736419184806e-02 9.084690000000000000e+06
2.611356639902281529e+01 5.834364381649255471e-02 9.128654000000000000e+06
2.614421138741144901e+01 5.822597739886588991e-02 9.133170000000000000e+06
2.617487839855810350e+01 5.803654727983659917e-02 9.185882000000000000e+06
2.620552331238325294e+01 5.791125756199708152e-02 9.163254000000000000e+06
2.623615766102391333e+01 5.780039164306794569e-02 9.220130000000000000e+06
2.626683121971889179e+01 5.761509521464967115e-02 9.233138000000000000e+06
2.629748622418595616e+01 5.744195717809348622e-02 9.249378000000000000e+06
2.632813025222741032e+01 5.722689302220233115e-02 9.271550000000000000e+06
2.635876646472280527e+01 5.714430186471074896e-02 9.286266000000000000e+06
2.638941311560349590e+01 5.699220863058192255e-02 9.320762000000000000e+06
2.642004936527652958e+01 5.682722475365932502e-02 9.326718000000000000e+06
2.645067839992656289e+01 5.667202623906393566e-02 9.354602000000000000e+06
2.648132402671914321e+01 5.662373768158598247e-02 9.384122000000000000e+06
2.651197738732207654e+01 5.643935997111637626e-02 9.400482000000000000e+06
2.654263638111005719e+01 5.627034690613590129e-02 9.432638000000000000e+06
2.657329775687598072e+01 5.615209033812957468e-02 9.445314000000000000e+06
2.660396500218634941e+01 5.598789975826422988e-02 9.477290000000000000e+06
2.663462571825092340e+01 5.579711059393738931e-02 9.489182000000000000e+06
2.666526895415609388e+01 5.571874737685166695e-02 9.506706000000000000e+06
2.669591010301247636e+01 5.550996131939889278e-02 9.533978000000000000e+06
2.672655940300148814e+01 5.539173094044985007e-02 9.553662000000000000e+06
2.675721084773019953e+01 5.533046928515937546e-02 9.579506000000000000e+06
2.678787623421603570e+01 5.519261509267510413e-02 9.607866000000000000e+06
2.681852027510272052e+01 5.502343975877657667e-02 9.608354000000000000e+06
2.684915022005877461e+01 5.485618728264672617e-02 9.643862000000000000e+06
2.687981047524921863e+01 5.470342620678929346e-02 9.670578000000000000e+06
2.691046933508355110e+01 5.456559684306902525e-02 9.687890000000000000e+06
2.694109434462116326e+01 5.443261212339169791e-02 9.693294000000000000e+06
2.697172682553225798e+01 5.431011487839915164e-02 9.736034000000000000e+06
2.700239153870817432e+01 5.413745500794860804e-02 9.758946000000000000e+06
2.703305525052747527e+01 5.402977801193046409e-02 9.778994000000000000e+06
2.706370879858033973e+01 5.387577405266651132e-02 9.796814000000000000e+06
2.709435032875686744e+01 5.375208492879918198e-02 9.816882000000000000e+06
2.712501002342743917e+01 5.363863499914826860e-02 9.850514000000000000e+06
2.715565776732351821e+01 5.344550896696875775e-02 9.856062000000000000e+06
2.718629451122674467e+01 5.335922171651508172e-02 9.886706000000000000e+06
2.721695369136173071e+01 5.323047834683346941e-02 9.916194000000000000e+06
2.724760474761749407e+01 5.303124610195777272e-02 9.924854000000000000e+06
2.727825760225054097e+01 5.296210707434329673e-02 9.961490000000000000e+06
2.730892049079471917e+01 5.283861827992870908e-02 9.979098000000000000e+06
2.733956427726085892e+01 5.267872747332253552e-02 9.990266000000000000e+06
2.737018573225796914e+01 5.255016081062698768e-02 1.001239800000000000e+07
2.740081756735755647e+01 5.244265933499342447e-02 1.003881800000000000e+07
2.743146802938129625e+01 5.232000444396699840e-02 1.007208200000000000e+07
2.746211675527639429e+01 5.220375034589051777e-02 1.008267000000000000e+07
2.749277891738845980e+01 5.201526790965646518e-02 1.012322600000000000e+07
2.752344693109558449e+01 5.195524169414121596e-02 1.013483400000000000e+07
2.755409288101080278e+01 5.171277871634101519e-02 1.015145000000000000e+07
2.758474131651236760e+01 5.163844944648127849e-02 1.018411800000000000e+07
2.761539820084842489e+01 5.152363745010936358e-02 1.019981000000000000e+07
2.764605597842055928e+01 5.139697930263823628e-02 1.023038600000000000e+07
2.767670042623675997e+01 5.128170755124808466e-02 1.023833400000000000e+07
2.770734211947352676e+01 5.112688084244763204e-02 1.027159400000000000e+07
2.773800306428746509e+01 5.100188082286036262e-02 1.029841800000000000e+07
2.776865049495845383e+01 5.091845671222940822e-02 1.030681400000000000e+07
2.779929326773324405e+01 5.074035740746864892e-02 1.034130600000000000e+07
2.782995170379088989e+01 5.060547700138629673e-02 1.036284200000000000e+07
2.786061320752148163e+01 5.048129679423118965e-02 1.038883400000000000e+07
2.789125443722943132e+01 5.038679714456940212e-02 1.039563000000000000e+07
2.792188445130166841e+01 5.023065386122803344e-02 1.042536200000000000e+07
2.795253094588477083e+01 5.010585263979114995e-02 1.045427400000000000e+07
2.798318763838284440e+01 5.000842992666554299e-02 1.047829400000000000e+07
2.801384997205349237e+01 4.990837360255148680e-02 1.050181800000000000e+07
2.804449546843089891e+01 4.978297872239250549e-02 1.051481000000000000e+07
2.807514459055270706e+01 4.963056608488400356e-02 1.054884200000000000e+07
2.810579893174551813e+01 4.951040199169788603e-02 1.056646200000000000e+07
2.813644319397282700e+01 4.940007306261281345e-02 1.058681000000000000e+07
2.816709334499659789e+01 4.931686467977157429e-02 1.061495400000000000e+07
2.819773627008090600e+01 4.913392465601246900e-02 1.063105400000000000e+07
2.822838440275558369e+01 4.905118291331695551e-02 1.066236200000000000e+07
2.825903669354339343e+01 4.894096519220461627e-02 1.068335400000000000e+07
2.828968213955753441e+01 4.884505331564743813e-02 1.069929800000000000e+07
2.832033557002852930e+01 4.868667252021691150e-02 1.073878200000000000e+07
2.835098683749683346e+01 4.861212005321567664e-02 1.074420200000000000e+07
2.838163630947162730e+01 4.847967228074158419e-02 1.078218600000000000e+07
2.841227563085324093e+01 4.836852580249210304e-02 1.078496600000000000e+07
2.844292475750595273e+01 4.818987276371712591e-02 1.083393800000000000e+07
2.847359150819448459e+01 4.808982253452159100e-02 1.084813800000000000e+07
2.850425483773282664e+01 4.798353383271260209e-02 1.087376600000000000e+07
2.853490447676422903e+01 4.788619158957910238e-02 1.088697000000000000e+07
2.856554225700441307e+01 4.777820926791638556e-02 1.091244200000000000e+07
2.859618507886883876e+01 4.766578084171291946e-02 1.093669800000000000e+07
2.862683629450151912e+01 4.750318924832452883e-02 1.096614200000000000e+07
2.865746767483001278e+01 4.742563552843688524e-02 1.096874600000000000e+07
2.868810162725141666e+01 4.735924922661753633e-02 1.101460200000000000e+07
2.871877066728239924e+01 4.722455268033195347e-02 1.104277400000000000e+07
2.874944211863178012e+01 4.707346755956755974e-02 1.106147400000000000e+07
2.878008769129001720e+01 4.700166855573969377e-02 1.107245000000000000e+07
2.881071843644816255e+01 4.689595457190742084e-02 1.109692200000000000e+07
2.884138462527048929e+01 4.678786522814373100e-02 1.114652600000000000e+07
2.887205280920166572e+01 4.667179484786913857e-02 1.114560200000000000e+07
2.890268823669603648e+01 4.657269451728360959e-02 1.116844200000000000e+07
2.893330357639574046e+01 4.639693261906759070e-02 1.118108600000000000e+07
2.896397035628928762e+01 4.634866366687483835e-02 1.125011400000000000e+07
2.899465187815729905e+01 4.626469675699552975e-02 1.124210600000000000e+07
2.902529004403753632e+01 4.617509428832200502e-02 1.126544600000000000e+07
2.905592397674332972e+01 4.603057775958332293e-02 1.128549000000000000e+07
2.908658740450306013e+01 4.594222959985080901e-02 1.133592200000000000e+07
2.911724974944597477e+01 4.586016168834779888e-02 1.133013000000000000e+07
2.914787047086730354e+01 4.571703576211536696e-02 1.135727000000000000e+07
2.917851218588677753e+01 4.562031876887880089e-02 1.138909800000000000e+07
2.920917994379766469e+01 4.551322361372658887e-02 1.142664200000000000e+07
2.923984020518843607e+01 4.542121931182629274e-02 1.143135800000000000e+07
2.927048529662244292e+01 4.531964816304723948e-02 1.146229800000000000e+07
2.930112725521218664e+01 4.522568565741764968e-02 1.147920200000000000e+07
2.933177374858156128e+01 4.508767504513131602e-02 1.150974600000000000e+07
2.936240891911117856e+01 4.503602482135390939e-02 1.152306200000000000e+07
2.939304480459886548e+01 4.488913861032293312e-02 1.155621000000000000e+07
2.942370281367375640e+01 4.480616712641270066e-02 1.158828200000000000e+07
2.945435442424784256e+01 4.466789331329593798e-02 1.159964600000000000e+07
2.948501885409245915e+01 4.456685068122914067e-02 1.164527400000000000e+07
2.951568131644257065e+01 4.449327936059542521e-02 1.164933800000000000e+07
2.954630943029124168e+01 4.440605040844768786e-02 1.166538600000000000e+07
2.957696687066465202e+01 4.433298293513786292e-02 1.171928600000000000e+07
2.960762973599409165e+01 4.424516613203025028e-02 1.172073800000000000e+07
2.963827910425833423e+01 4.413111308359266710e-02 1.175507400000000000e+07
2.966892245050443577e+01 4.404853088670628025e-02 1.176716600000000000e+07
2.969958171988989903e+01 4.390173675180596841e-02 1.181334600000000000e+07
2.973025161634517843e+01 4.378088413125927336e-02 1.182545000000000000e+07
2.976087689384098667e+01 4.370555450444989914e-02 1.182881400000000000e+07
2.979151934159806103e+01 4.362883504265838153e-02 1.188441800000000000e+07
2.982218666376524396e+01 4.353327841771076345e-02 1.190037800000000000e+07
2.985282577868301601e+01 4.341433863128339732e-02 1.190800200000000000e+07
2.988344557129535062e+01 4.334263248410257646e-02 1.193747000000000000e+07
2.991409824346948909e+01 4.323768172624344736e-02 1.198134600000000000e+07
2.994476759374305530e+01 4.316046243447117098e-02 1.199815400000000000e+07
2.997541468366090101e+01 4.306161667331624004e-02 1.201579800000000000e+07
3.000606450866456854e+01 4.299833112468545021e-02 1.204658600000000000e+07
3.003672118713024020e+01 4.287111466728113496e-02 1.207322600000000000e+07
3.006737261500484948e+01 4.280243718241728140e-02 1.208937000000000000e+07
3.009802353665422459e+01 4.268540881047327290e-02 1.212366200000000000e+07
3.012866380509269604e+01 4.259945549590247321e-02 1.212901800000000000e+07
3.015929791586058428e+01 4.255174834645415044e-02 1.216869800000000000e+07
3.018994583799627307e+01 4.245908839420985820e-02 1.219107000000000000e+07
3.022062124794907234e+01 4.236464425538660761e-02 1.223729000000000000e+07
3.025129018624486932e+01 4.225389744696478322e-02 1.223743400000000000e+07
3.028193817926301890e+01 4.215650961373103994e-02 1.226943000000000000e+07
3.031258695709031059e+01 4.206568482462280656e-02 1.228831400000000000e+07
3.034322731892392966e+01 4.197400989294836071e-02 1.231200200000000000e+07
3.037386370818878234e+01 4.193838726811053436e-02 1.233378600000000000e+07
3.040449885904552829e+01 4.184187513457870988e-02 1.236265400000000000e+07
3.043516156591327615e+01 4.177554921766389595e-02 1.240528200000000000e+07
3.046582747350058895e+01 4.165184401863510771e-02 1.241484200000000000e+07
3.049646593130319516e+01 4.159801270831392506e-02 1.243327800000000000e+07
3.052711147469950248e+01 4.148797065257611716e-02 1.246944200000000000e+07
3.055777100155219017e+01 4.140561622826916671e-02 1.249710600000000000e+07
3.058842537388453309e+01 4.131269023103355947e-02 1.251307400000000000e+07
3.061905924361232323e+01 4.123874462551654213e-02 1.253190200000000000e+07
3.064969867554323457e+01 4.119131827328650214e-02 1.256769000000000000e+07
3.068036610992051294e+01 4.109470096334796180e-02 1.260333800000000000e+07
3.071102250832555924e+01 4.102779555743936435e-02 1.261272600000000000e+07
3.074166164535376566e+01 4.094825002006362985e-02 1.263480200000000000e+07
3.077229526260031278e+01 4.085051169850419106e-02 1.266273000000000000e+07
3.080294880836461502e+01 4.078305074475438441e-02 1.269908600000000000e+07
3.083359880383601137e+01 4.068799084168654712e-02 1.271107400000000000e+07
3.086423437926716673e+01 4.062587967374142045e-02 1.273909800000000000e+07
3.089488408063505887e+01 4.053695077093916882e-02 1.276949000000000000e+07
3.092554030516775043e+01 4.045359247484665161e-02 1.279968600000000000e+07
3.095620964309912893e+01 4.039091462328077420e-02 1.282862600000000000e+07
3.098685566491367638e+01 4.031560420513256859e-02 1.283279400000000000e+07
3.101749998811832043e+01 4.025341165329884147e-02 1.287594200000000000e+07
3.104817099201691377e+01 4.017638430693689505e-02 1.290631400000000000e+07
3.107882289023607214e+01 4.009238625639872933e-02 1.291312200000000000e+07
3.110945493689143859e+01 4.001108737835410573e-02 1.293734600000000000e+07
3.114009460761812065e+01 3.995156252336515973e-02 1.297337400000000000e+07
3.117076037718583592e+01 3.986369479719283765e-02 1.300817000000000000e+07
3.120142550401457626e+01 3.979747948496101251e-02 1.302581000000000000e+07
3.123206007488744973e+01 3.970000303063084962e-02 1.303359000000000000e+07
3.126270582930477815e+01 3.962990576135278636e-02 1.308369800000000000e+07
3.129336027402579745e+01 3.956948327056751535e-02 1.309470600000000000e+07
3.132399628986673790e+01 3.950600863160170367e-02 1.311900200000000000e+07
3.135463242066359157e+01 3.940323585280684771e-02 1.314631800000000000e+07
