# k_mean_over_bin [h Mpc^-1] P_bin [h^-3 Mpc^3] N_modes
3.911336014668146538e-02 2.164738932291666515e+03 1.800000000000000000e+01
6.837341045179674837e-02 1.853312878024193424e+03 6.200000000000000000e+01
9.606098566128283556e-02 7.811032366071427759e+02 9.800000000000000000e+01
1.244554894311087484e-01 7.348922619047619946e+02 2.100000000000000000e+02
1.562393171446664064e-01 5.434020535714286098e+02 3.500000000000000000e+02
1.876351697577370581e-01 4.102738194444444275e+02 4.500000000000000000e+02
2.167467008100395498e-01 3.275001557308970064e+02 6.020000000000000000e+02
2.459661192468458046e-01 2.415288508858267562e+02 7.620000000000000000e+02
2.776061288634031343e-01 2.014286476576182281e+02 1.142000000000000000e+03
3.093581660270691147e-01 1.672808124999999961e+02 1.250000000000000000e+03
3.390238072074162612e-01 1.428489797668038364e+02 1.458000000000000000e+03
3.686891987081925004e-01 1.203988595644983519e+02 1.814000000000000000e+03
3.998179640432800719e-01 1.079117381198347090e+02 2.178000000000000000e+03
4.307427349283372564e-01 9.327836018815051489e+01 2.498000000000000000e+03
4.602541775534300106e-01 8.383220704614798535e+01 2.622000000000000000e+03
4.905365640492836410e-01 7.756186339125224549e+01 3.338000000000000000e+03
5.220185972105617633e-01 6.701805564884470812e+01 3.722000000000000000e+03
5.533037531861869640e-01 6.092587679856115557e+01 4.170000000000000000e+03
5.834579143079938746e-01 5.757764456172556322e+01 4.358000000000000000e+03
6.135626871243894387e-01 5.042646565852204787e+01 5.034000000000000000e+03
6.446289557821482941e-01 4.868941962723135930e+01 5.714000000000000000e+03
6.753962663893156027e-01 4.409533809762621104e+01 5.982000000000000000e+03
7.056079657646209258e-01 4.269919626628294651e+01 6.602000000000000000e+03
7.358702805567255423e-01 3.937767356241234751e+01 7.130000000000000000e+03
7.666965816517745669e-01 3.663932194423698974e+01 8.034000000000000000e+03
7.977642657007141258e-01 3.513813763653265454e+01 8.606000000000000000e+03
8.284170882817059045e-01 3.195829196999779143e+01 9.066000000000000000e+03
8.590304504147353581e-01 3.078630357859867672e+01 9.962000000000000000e+03
8.897547830450591722e-01 2.886387144549762951e+01 1.055000000000000000e+04
9.202467144416993650e-01 2.737793125334045996e+01 1.122600000000000000e+04
9.507708295887784544e-01 2.616533735386135362e+01 1.214600000000000000e+04
9.811824151074982625e-01 2.530917321116928775e+01 1.260600000000000000e+04
1.011684221748752277e+00 2.350506720040574038e+01 1.380200000000000000e+04
1.042628223097419760e+00 2.362045462247525762e+01 1.475400000000000000e+04
1.073331423130289064e+00 2.185724833815979906e+01 1.519400000000000000e+04
1.103867755953996443e+00 2.083899431749118847e+01 1.645400000000000000e+04
1.134626123126019959e+00 2.042999992713069801e+01 1.715400000000000000e+04
1.165311979605310189e+00 1.958436097120332775e+01 1.826600000000000000e+04
1.195715701344807869e+00 1.874250833333333333e+01 1.875000000000000000e+04
1.226212543355766904e+00 1.815135570080063232e+01 2.023400000000000000e+04
1.257106684237927041e+00 1.733723776223776269e+01 2.145000000000000000e+04
1.287903710180657191e+00 1.681568447773426911e+01 2.196200000000000000e+04
1.318485981586206890e+00 1.637931682081664064e+01 2.346200000000000000e+04
1.349079736575599542e+00 1.599684016512769347e+01 2.404200000000000000e+04
1.379852114035814425e+00 1.511569461574038264e+01 2.594600000000000000e+04
1.410480275290311170e+00 1.487049281147101709e+01 2.611800000000000000e+04
1.440742128148283729e+00 1.448859907838289729e+01 2.750600000000000000e+04
1.471255328685920905e+00 1.389136147044657044e+01 2.906600000000000000e+04
1.502136784696030958e+00 1.350510673234811243e+01 3.045000000000000000e+04
1.533052783826297283e+00 1.318387802438409651e+01 3.174200000000000000e+04
1.563639454531115192e+00 1.285517344961240305e+01 3.225000000000000000e+04
1.594207740129345519e+00 1.251165328467153337e+01 3.425000000000000000e+04
1.624993071443384896e+00 1.210309132961019962e+01 3.545400000000000000e+04
1.655631361837712090e+00 1.186914780836581151e+01 3.643400000000000000e+04
1.686043534699749769e+00 1.152029400642216395e+01 3.768200000000000000e+04
1.716490578110202225e+00 1.127590408204815020e+01 3.929400000000000000e+04
1.747331588627294874e+00 1.104414045526963761e+01 4.142600000000000000e+04
1.778105141829419589e+00 1.080342274639851574e+01 4.206600000000000000e+04
1.808604007799013091e+00 1.058990069556219815e+01 4.349000000000000000e+04
1.839287024270282567e+00 1.026833617784779662e+01 4.570200000000000000e+04
1.870041864274240018e+00 1.001279980807994185e+01 4.663400000000000000e+04
1.900737122550122393e+00 9.899530033570869136e+00 4.855400000000000000e+04
1.931106014629314860e+00 9.604753043789646227e+00 4.887000000000000000e+04
1.961523677526103127e+00 9.528628355704697128e+00 5.155400000000000000e+04
1.992455947436605701e+00 9.393440330929932358e+00 5.409000000000000000e+04
2.023265045582995914e+00 9.037255012519791464e+00 5.431400000000000000e+04
2.053922539849919016e+00 8.988219886663152636e+00 5.691000000000000000e+04
2.084529483730196198e+00 8.720729967642045111e+00 5.748200000000000000e+04
2.115224791136270266e+00 8.522167675584732649e+00 6.062600000000000000e+04
2.145940900281321451e+00 8.361808380714309763e+00 6.120600000000000000e+04
2.176332471415279191e+00 8.263490890202973560e+00 6.257000000000000000e+04
2.206919797950731787e+00 8.133425566712308097e+00 6.573000000000000000e+04
2.237635070960208417e+00 7.898256380649611330e+00 6.668600000000000000e+04
2.268416329433683210e+00 7.796988435823123176e+00 6.969800000000000000e+04
2.299091711246687986e+00 7.604931561134436357e+00 7.002600000000000000e+04
2.329659180150480235e+00 7.461933474005443934e+00 7.274600000000000000e+04
2.360394721737119283e+00 7.289972133226538809e+00 7.491000000000000000e+04
2.390975199166128995e+00 7.247749993396899626e+00 7.572200000000000000e+04
2.421460073556194192e+00 7.123882817882569718e+00 7.837800000000000000e+04
2.452028836611731322e+00 6.986715919030363153e+00 8.003000000000000000e+04
2.482752885913177110e+00 6.796130809270791495e+00 8.318600000000000000e+04
2.513535292349708072e+00 6.782117378876998615e+00 8.466600000000000000e+04
2.544225237245184790e+00 6.658048176692163977e+00 8.654600000000000000e+04
2.574773866485851048e+00 6.517962704518120098e+00 8.813400000000000000e+04
2.605444086916172797e+00 6.471475643994843097e+00 9.153800000000000000e+04
2.636246016268779524e+00 6.387699569456075643e+00 9.313800000000000000e+04
2.666818018924998590e+00 6.297745903808294798e+00 9.447800000000000000e+04
2.697363618359566839e+00 6.188144442502621523e+00 9.727400000000000000e+04
2.728019604504508866e+00 6.072968076035711427e+00 9.969000000000000000e+04
2.758802868025683530e+00 5.979625816356370471e+00 1.025900000000000000e+05
2.789534229339404092e+00 5.835770815264528011e+00 1.037700000000000000e+05
2.820110463944515811e+00 5.796675474394899830e+00 1.063460000000000000e+05
2.850758474967378220e+00 5.688822595950103533e+00 1.085460000000000000e+05
2.881313531403897787e+00 5.641503011939382084e+00 1.107260000000000000e+05
2.911785445579514686e+00 5.513696114741547305e+00 1.123220000000000000e+05
2.942296885913312732e+00 5.470908835965139438e+00 1.158900000000000000e+05
2.973018636090491551e+00 5.370195384200864730e+00 1.187660000000000000e+05
3.003960234284211772e+00 5.323417492518275118e+00 1.222980000000000000e+05
3.034645244098625572e+00 5.271255835858792871e+00 1.220900000000000000e+05
3.065200286165120414e+00 5.183379202766075444e+00 1.258100000000000000e+05
3.095834962651569544e+00 5.072170703643029910e+00 1.281900000000000000e+05
3.126534896692137799e+00 5.038343359237827279e+00 1.309940000000000000e+05
3.157254587660618839e+00 4.959731756928553281e+00 1.337220000000000000e+05
3.187691458898155972e+00 4.906445128691573565e+00 1.338860000000000000e+05
3.218359550987105244e+00 4.799155299634262128e+00 1.405380000000000000e+05
3.249147146635412042e+00 4.767908392250024718e+00 1.405940000000000000e+05
3.279708286755456559e+00 4.699510425226680610e+00 1.435940000000000000e+05
3.310282650626811485e+00 4.643078907798509292e+00 1.463100000000000000e+05
3.341041738096756752e+00 4.559900846332558544e+00 1.506500000000000000e+05
3.371829763035033789e+00 4.503833994891847325e+00 1.519140000000000000e+05
3.402297796942758357e+00 4.459986440501180205e+00 1.533980000000000000e+05
3.432832982060985749e+00 4.404001653300900543e+00 1.578660000000000000e+05
3.463520961645436547e+00 4.352321779805549795e+00 1.606580000000000000e+05
3.494268698776064941e+00 4.314999588670461073e+00 1.641020000000000000e+05
3.524882682212484575e+00 4.234280488987478108e+00 1.649940000000000000e+05
3.555471568173579122e+00 4.179070503385339919e+00 1.698500000000000000e+05
3.586282686546968357e+00 4.151733015966609486e+00 1.729860000000000000e+05
3.616919594142721461e+00 4.098262447237972950e+00 1.738940000000000000e+05
3.647368063767713497e+00 4.042276188213465460e+00 1.767780000000000000e+05
3.677992804816497596e+00 3.951075208193529420e+00 1.818020000000000000e+05
3.708738931120072024e+00 3.955300791628260537e+00 1.844300000000000000e+05
3.739459730643931668e+00 3.896787646468206745e+00 1.872420000000000000e+05
3.770116200383169858e+00 3.847148488830486546e+00 1.902500000000000000e+05
3.800728857439862107e+00 3.800292426130757573e+00 1.925700000000000000e+05
3.831471188539541384e+00 3.734534359962472294e+00 1.982540000000000000e+05
3.862151110977656732e+00 3.719654649272494229e+00 1.980740000000000000e+05
3.892653862982213830e+00 3.650934484038604211e+00 2.020500000000000000e+05
3.923205785510675891e+00 3.612905835466321047e+00 2.055020000000000000e+05
3.953960730198294637e+00 3.584622399912657631e+00 2.106660000000000000e+05
3.984703376546768538e+00 3.546495603174752986e+00 2.124260000000000000e+05
4.015247109978196782e+00 3.491739533372600679e+00 2.139180000000000000e+05
4.045907609536984140e+00 3.439995825678524799e+00 2.209940000000000000e+05
4.076640767458163062e+00 3.401582574191276631e+00 2.215220000000000000e+05
4.107291653286554656e+00 3.371537443551879232e+00 2.263140000000000000e+05
4.137850364426196137e+00 3.348068470791133677e+00 2.272940000000000000e+05
4.168439512608713038e+00 3.281447188811909221e+00 2.329620000000000000e+05
4.199236749561098492e+00 3.264669305939836619e+00 2.378180000000000000e+05
4.229947929265353679e+00 3.222283481824511853e+00 2.383980000000000000e+05
4.260462426058084340e+00 3.198094694678939032e+00 2.414180000000000000e+05
4.291046899785903257e+00 3.154271568524175340e+00 2.468180000000000000e+05
4.321739014984441241e+00 3.124503813433851196e+00 2.499060000000000000e+05
4.352456027103726477e+00 3.096879883157571900e+00 2.547020000000000000e+05
4.383033077269767652e+00 3.051413176347585132e+00 2.544180000000000000e+05
4.413534074271517227e+00 3.034294412607450031e+00 2.603540000000000000e+05
4.444200357558366399e+00 3.004197817521719216e+00 2.649740000000000000e+05
4.474952179323342882e+00 2.975490702287121980e+00 2.687220000000000000e+05
4.505641422859886447e+00 2.943502542697431945e+00 2.715620000000000000e+05
4.536316088749490660e+00 2.913770111689272913e+00 2.755860000000000000e+05
4.567046341728766556e+00 2.860226096577322519e+00 2.801900000000000000e+05
4.597751251862217892e+00 2.848090885466386446e+00 2.828340000000000000e+05
4.628349450743415083e+00 2.823550426061647300e+00 2.851700000000000000e+05
4.658885037465664958e+00 2.788246069144422190e+00 2.898860000000000000e+05
4.689537847550620420e+00 2.761562990280975516e+00 2.944740000000000000e+05
4.720267580499146298e+00 2.731286185550487744e+00 2.994980000000000000e+05
4.750887740307660145e+00 2.692734066102587587e+00 2.999580000000000000e+05
4.781458163146202089e+00 2.674031331532933375e+00 3.058580000000000000e+05
4.812139804037513180e+00 2.642819077910127046e+00 3.107940000000000000e+05
4.842826296526053120e+00 2.610516773560920267e+00 3.130820000000000000e+05
4.873346903503020577e+00 2.593896734968960338e+00 3.160460000000000000e+05
4.903952058997482766e+00 2.571516605217585294e+00 3.222180000000000000e+05
4.934760029521842561e+00 2.548803954809137906e+00 3.285620000000000000e+05
4.965452501381958150e+00 2.516679624378792113e+00 3.279900000000000000e+05
4.996086282036240611e+00 2.498426511116015991e+00 3.352820000000000000e+05
5.026695485686597742e+00 2.482231858499270860e+00 3.359700000000000000e+05
5.057355002192011284e+00 2.453185943975865424e+00 3.440660000000000000e+05
5.087967611864264939e+00 2.431569629754624096e+00 3.437180000000000000e+05
5.118544807508640382e+00 2.404530040000227853e+00 3.514980000000000000e+05
5.149234444935959054e+00 2.382501065006290997e+00 3.544580000000000000e+05
5.179860758536608323e+00 2.342134014379500417e+00 3.585660000000000000e+05
5.210624402206279093e+00 2.334429848520438444e+00 3.661220000000000000e+05
5.241317970278694283e+00 2.321743869768459145e+00 3.658100000000000000e+05
5.271888078465520877e+00 2.295218326686794708e+00 3.716220000000000000e+05
5.302538962989003402e+00 2.275845875910273097e+00 3.759860000000000000e+05
5.333241296744681392e+00 2.256095127822696611e+00 3.821700000000000000e+05
5.363843287577101826e+00 2.227921418057817959e+00 3.818180000000000000e+05
5.394377881285376652e+00 2.213998014497887468e+00 3.895740000000000000e+05
5.425045278876105215e+00 2.199187575248032545e+00 3.936980000000000000e+05
5.455748191050116880e+00 2.168941885004180836e+00 3.994580000000000000e+05
5.486417791867136629e+00 2.158432407973706280e+00 4.022220000000000000e+05
5.517054280059129567e+00 2.126827899450017600e+00 4.069220000000000000e+05
5.547729067425179572e+00 2.112798298138271136e+00 4.128420000000000000e+05
5.578396539675297916e+00 2.087545534325598418e+00 4.153460000000000000e+05
5.609013027442932398e+00 2.069083258543812587e+00 4.211820000000000000e+05
5.639660721036475977e+00 2.049002336371636090e+00 4.250180000000000000e+05
5.670338352606606236e+00 2.036835363619073025e+00 4.311380000000000000e+05
5.701002224415820052e+00 2.005969400205349196e+00 4.343820000000000000e+05
5.731652461074824068e+00 2.001718944106444908e+00 4.395140000000000000e+05
5.762312139234633257e+00 1.982155223974564784e+00 4.447380000000000000e+05
5.792988623860222397e+00 1.960529254193490667e+00 4.489100000000000000e+05
5.823527921889432690e+00 1.948026931902409720e+00 4.506180000000000000e+05
5.854115639221332934e+00 1.926741879082762843e+00 4.595540000000000000e+05
5.884803383516547193e+00 1.916297645679390982e+00 4.631060000000000000e+05
5.915403549749584933e+00 1.892894952621956062e+00 4.670940000000000000e+05
5.946097918579516417e+00 1.874259771801793040e+00 4.749380000000000000e+05
5.976784376694718404e+00 1.863585687761166509e+00 4.771860000000000000e+05
6.007474398726609266e+00 1.841100774753956504e+00 4.846700000000000000e+05
6.038161603080837381e+00 1.830700729964477302e+00 4.870100000000000000e+05
6.068803116216009208e+00 1.812154758429722179e+00 4.933140000000000000e+05
6.099443541903901256e+00 1.792643309182345268e+00 4.963220000000000000e+05
6.130013467858260512e+00 1.786333445949986221e+00 5.017020000000000000e+05
6.160659038280898336e+00 1.766677047243010668e+00 5.085620000000000000e+05
6.191382862441213497e+00 1.757515552016365890e+00 5.142420000000000000e+05
6.222022549110604928e+00 1.738079231553129045e+00 5.161580000000000000e+05
6.252618937652392184e+00 1.725853039215311080e+00 5.226020000000000000e+05
6.283314506372367880e+00 1.711004663078668386e+00 5.306580000000000000e+05
6.313956888688901259e+00 1.698348432765705462e+00 5.300420000000000000e+05
6.344526529636881129e+00 1.684831956398294306e+00 5.388780000000000000e+05
6.375193447856655204e+00 1.672009216547516219e+00 5.441300000000000000e+05
6.405923794226229262e+00 1.655005910841108596e+00 5.511060000000000000e+05
6.436615537335857340e+00 1.643471719297739053e+00 5.539820000000000000e+05
6.467240689922951979e+00 1.630992920632987175e+00 5.582420000000000000e+05
6.497840343194827284e+00 1.616217832559259993e+00 5.645460000000000000e+05
6.528490514375480558e+00 1.601068766717967273e+00 5.704940000000000000e+05
6.559189482379200520e+00 1.586998731712560895e+00 5.767620000000000000e+05
6.589792657935158005e+00 1.577816679752487738e+00 5.782340000000000000e+05
6.620368275030441119e+00 1.564255480085919192e+00 5.856660000000000000e+05
6.651059279332403484e+00 1.549938093619942059e+00 5.944460000000000000e+05
6.681735101215181771e+00 1.541889647207055791e+00 5.952500000000000000e+05
6.712352184571596325e+00 1.526931361679278565e+00 6.034020000000000000e+05
6.742994392514953361e+00 1.519340896667994656e+00 6.073820000000000000e+05
6.773707641956070447e+00 1.501495316121294721e+00 6.170100000000000000e+05
6.804368332827349874e+00 1.487988283466660677e+00 6.167780000000000000e+05
6.834957329072475218e+00 1.481055200833618857e+00 6.247460000000000000e+05
6.865533884427167166e+00 1.473261397760093683e+00 6.280620000000000000e+05
6.896209472882897096e+00 1.455968881468854059e+00 6.394100000000000000e+05
6.926963358802590953e+00 1.440802044158680184e+00 6.429540000000000000e+05
6.957595884588287483e+00 1.435065207732818982e+00 6.459740000000000000e+05
6.988217027338134990e+00 1.419841830020352136e+00 6.534900000000000000e+05
7.018912144628523642e+00 1.414182984081629124e+00 6.607460000000000000e+05
7.049598360905487304e+00 1.400989775008049554e+00 6.646460000000000000e+05
7.080168728874950190e+00 1.388561476269687844e+00 6.672900000000000000e+05
7.110800747994752591e+00 1.382799775121717145e+00 6.790340000000000000e+05
7.141530300546490295e+00 1.369996407761870705e+00 6.827220000000000000e+05
7.172250636009499303e+00 1.361540091835228949e+00 6.912380000000000000e+05
7.202854517584712291e+00 1.351301259653617137e+00 6.886020000000000000e+05
7.233403056127952091e+00 1.339179678693427578e+00 7.008260000000000000e+05
7.264069579203881410e+00 1.330461679954425769e+00 7.056620000000000000e+05
7.294683413182806220e+00 1.320512630935582132e+00 7.100820000000000000e+05
7.325311269352252630e+00 1.309829704572822218e+00 7.191620000000000000e+05
7.355966981418407435e+00 1.301432935271720215e+00 7.222500000000000000e+05
7.386612648734541153e+00 1.295166334021407906e+00 7.315100000000000000e+05
7.417310529501340177e+00 1.285895902189174489e+00 7.364420000000000000e+05
7.447945213101880846e+00 1.270477768194812285e+00 7.408980000000000000e+05
7.478607010838381974e+00 1.266560261304951807e+00 7.501580000000000000e+05
7.509321067315616105e+00 1.258782767405075997e+00 7.548660000000000000e+05
7.539974932446685152e+00 1.247868763685783478e+00 7.608260000000000000e+05
7.570585192452028878e+00 1.236517697510843838e+00 7.640340000000000000e+05
7.601198673865714461e+00 1.226837203397058262e+00 7.738460000000000000e+05
7.631877298250918429e+00 1.216984208312278604e+00 7.797140000000000000e+05
7.662521884307726516e+00 1.207253010273946270e+00 7.843140000000000000e+05
7.693137071617793588e+00 1.199956055662406484e+00 7.913420000000000000e+05
7.723811426513647049e+00 1.193280713308266350e+00 7.994580000000000000e+05
7.754494077568185872e+00 1.183846100809727631e+00 8.049620000000000000e+05
7.785135803531300525e+00 1.176556729047001371e+00 8.095500000000000000e+05
7.815694237908749287e+00 1.170829040958476064e+00 8.134580000000000000e+05
7.846343679982115127e+00 1.154335800493593078e+00 8.274020000000000000e+05
7.877043316447378984e+00 1.150360751275014692e+00 8.286180000000000000e+05
7.907673669198284294e+00 1.141800555729474143e+00 8.369180000000000000e+05
7.938328804946242379e+00 1.133804548485301433e+00 8.428740000000000000e+05
7.968975407284135670e+00 1.128937699125671879e+00 8.493380000000000000e+05
7.999667994830390150e+00 1.120056636536576278e+00 8.589420000000000000e+05
8.030349243530407577e+00 1.107608948776855895e+00 8.609780000000000000e+05
8.060946961497052143e+00 1.106259774329587664e+00 8.683460000000000000e+05
8.091572720963124965e+00 1.094852091746138401e+00 8.751540000000000000e+05
8.122271484065059610e+00 1.088913061630712109e+00 8.862140000000000000e+05
8.152953690965352607e+00 1.080844239451127287e+00 8.873460000000000000e+05
8.183566695722484852e+00 1.072789406761669895e+00 8.949860000000000000e+05
8.214194695410645508e+00 1.067731168044272483e+00 9.027740000000000000e+05
8.244899107337827715e+00 1.061088443988361218e+00 9.121140000000000000e+05
8.275572896457878969e+00 1.051019725122564807e+00 9.150260000000000000e+05
8.306162294726084028e+00 1.045362631528611974e+00 9.201420000000000000e+05
8.336764679477866480e+00 1.036313056459610138e+00 9.297620000000000000e+05
8.367430340319790716e+00 1.029165173648658671e+00 9.376980000000000000e+05
8.398127428085201629e+00 1.024302615367679969e+00 9.447620000000000000e+05
8.428757837489422755e+00 1.016291323316326656e+00 9.482540000000000000e+05
8.459372296062671381e+00 1.009022112202942800e+00 9.568020000000000000e+05
8.490063465610685256e+00 1.005777415677853170e+00 9.676580000000000000e+05
8.520744025357005924e+00 9.956653564703383807e-01 9.697020000000000000e+05
8.551309344016351233e+00 9.873611524602450285e-01 9.740900000000000000e+05
8.581943800972473113e+00 9.814818327496100947e-01 9.884820000000000000e+05
8.612642412703635841e+00 9.756137637929260809e-01 9.919940000000000000e+05
8.643308537119485990e+00 9.701517437039848257e-01 1.001030000000000000e+06
8.673970834036897060e+00 9.652999278929833560e-01 1.005450000000000000e+06
8.704610753383335009e+00 9.583129467377171640e-01 1.013738000000000000e+06
8.735274622149603374e+00 9.499753477014026837e-01 1.021710000000000000e+06
8.765876554462561643e+00 9.432158937932410003e-01 1.023626000000000000e+06
8.796472033298300630e+00 9.391105983198080320e-01 1.035834000000000000e+06
8.827113104195804638e+00 9.330386481947297028e-01 1.040786000000000000e+06
8.857794945353973048e+00 9.278856652924498682e-01 1.053206000000000000e+06
8.888492903056484096e+00 9.198219941873336802e-01 1.057002000000000000e+06
8.919147318144009517e+00 9.152215484943105883e-01 1.063898000000000000e+06
8.949810470249602190e+00 9.070700058352955120e-01 1.072782000000000000e+06
8.980482087512241307e+00 9.054605422931965020e-01 1.078826000000000000e+06
9.011149622969513828e+00 8.959462397120382393e-01 1.087922000000000000e+06
9.041778006101507614e+00 8.914305695400432938e-01 1.090494000000000000e+06
9.072395809677630041e+00 8.843376995937757279e-01 1.101362000000000000e+06
9.103062344101488179e+00 8.798580174661786435e-01 1.109802000000000000e+06
9.133716582676932205e+00 8.750867530600782151e-01 1.114514000000000000e+06
9.164343279595041025e+00 8.688734845532535278e-01 1.123926000000000000e+06
9.194939762742391665e+00 8.645013126273328741e-01 1.125986000000000000e+06
9.225588868133300480e+00 8.576485019509354490e-01 1.143554000000000000e+06
9.256279045055194388e+00 8.514794140000523370e-01 1.144710000000000000e+06
9.286922908321361803e+00 8.473584792438245694e-01 1.154018000000000000e+06
9.317551510994961816e+00 8.429614504613082149e-01 1.159962000000000000e+06
9.348218920250847219e+00 8.369453178774127755e-01 1.170986000000000000e+06
9.378902337186493909e+00 8.301088705775704346e-01 1.178142000000000000e+06
9.409551722439367438e+00 8.256968424942122686e-01 1.182674000000000000e+06
9.440170036212245819e+00 8.182521418939683322e-01 1.191002000000000000e+06
9.470808264249194863e+00 8.163383385897480249e-01 1.200438000000000000e+06
9.501473313875692384e+00 8.113919118462590285e-01 1.208162000000000000e+06
9.532125831626755641e+00 8.065371201012460078e-01 1.215258000000000000e+06
9.562784141325121112e+00 8.010869827159445844e-01 1.224134000000000000e+06
9.593416274997863979e+00 7.935425486806617634e-01 1.228722000000000000e+06
9.624083196782743599e+00 7.918053093180732471e-01 1.243154000000000000e+06
9.654771367964533724e+00 7.855847840993580578e-01 1.245434000000000000e+06
9.685402552280704569e+00 7.821630822573731878e-01 1.255158000000000000e+06
9.715969395840117429e+00 7.773730995293124391e-01 1.255610000000000000e+06
9.746617449311713699e+00 7.731452563554646051e-01 1.277562000000000000e+06
9.777290304407999955e+00 7.681119518461033691e-01 1.274414000000000000e+06
9.807885176827742413e+00 7.622169115874569689e-01 1.285994000000000000e+06
9.838572910167970420e+00 7.580189985918418527e-01 1.299570000000000000e+06
9.869276202679451160e+00 7.548682554322866389e-01 1.302122000000000000e+06
9.899918968135150266e+00 7.486288152964161169e-01 1.311366000000000000e+06
9.930567900523143976e+00 7.458847728826716317e-01 1.319186000000000000e+06
9.961220892975154229e+00 7.402851573034893162e-01 1.327434000000000000e+06
9.991891019630978477e+00 7.372954731719427723e-01 1.337294000000000000e+06
1.002255517125434281e+01 7.317936219493123007e-01 1.342730000000000000e+06
1.005316914398451544e+01 7.276938625913503822e-01 1.350570000000000000e+06
1.008383306751157882e+01 7.209676975465840743e-01 1.362590000000000000e+06
1.011452669049533171e+01 7.174693344810315621e-01 1.369698000000000000e+06
1.014516461762413080e+01 7.146521527891926961e-01 1.374914000000000000e+06
1.017577620860668830e+01 7.109765859334908900e-01 1.383570000000000000e+06
1.020642519374937507e+01 7.065518366402125938e-01 1.395374000000000000e+06
1.023705093164075741e+01 7.004935686910609416e-01 1.396994000000000000e+06
1.026765629299071136e+01 6.975577918995700122e-01 1.411530000000000000e+06
1.029830666316376231e+01 6.931531440333978944e-01 1.417574000000000000e+06
1.032896362286516911e+01 6.877016941786099347e-01 1.428834000000000000e+06
1.035966663242073871e+01 6.861458213170370524e-01 1.439018000000000000e+06
1.039031911060697233e+01 6.830344128332239695e-01 1.440698000000000000e+06
1.042093797488244000e+01 6.767143023228616716e-01 1.453638000000000000e+06
1.045161990055933643e+01 6.748888823213472499e-01 1.463426000000000000e+06
1.048230905031899418e+01 6.693528007205737929e-01 1.471050000000000000e+06
1.051294965218652244e+01 6.677542583219447936e-01 1.476638000000000000e+06
1.054355485794442338e+01 6.633196718550643523e-01 1.484466000000000000e+06
1.057423043832554121e+01 6.584945648481101976e-01 1.501154000000000000e+06
1.060491061368286125e+01 6.544050566489046927e-01 1.501706000000000000e+06
1.063551747879349385e+01 6.514188370243638726e-01 1.511502000000000000e+06
1.066612943100288469e+01 6.464033250802179165e-01 1.520234000000000000e+06
1.069681502375580706e+01 6.446828115126286285e-01 1.535010000000000000e+06
1.072753921292190249e+01 6.405765868968833487e-01 1.543358000000000000e+06
1.075810936250636551e+01 6.363790196867467053e-01 1.535754000000000000e+06
1.078871245727466643e+01 6.326784075557163600e-01 1.564802000000000000e+06
1.081940715839958322e+01 6.302998951401053151e-01 1.563038000000000000e+06
1.085006912710444915e+01 6.268242857124756151e-01 1.578426000000000000e+06
1.088072708694015844e+01 6.241869967536778363e-01 1.581482000000000000e+06
1.091135924400057711e+01 6.205346993248547216e-01 1.592250000000000000e+06
1.094200406382756974e+01 6.147701562821816790e-01 1.602230000000000000e+06
1.097260696004568814e+01 6.136335771713297138e-01 1.604754000000000000e+06
1.100323988183271950e+01 6.104589709127060670e-01 1.623458000000000000e+06
1.103388999676240978e+01 6.073747546017933541e-01 1.624910000000000000e+06
1.106457698538006440e+01 6.031485430867741249e-01 1.645122000000000000e+06
1.109527667386575978e+01 6.002342520044009477e-01 1.645130000000000000e+06
1.112591330354135621e+01 5.982290938125488511e-01 1.655706000000000000e+06
1.115654526125968005e+01 5.933659833291453634e-01 1.663502000000000000e+06
1.118719498215796371e+01 5.903397778234021898e-01 1.675514000000000000e+06
1.121787429068015562e+01 5.865296152371864968e-01 1.685298000000000000e+06
1.124851237891747147e+01 5.845542953042378587e-01 1.689566000000000000e+06
1.127910286336602752e+01 5.807768648584975546e-01 1.697850000000000000e+06
1.130978165659318968e+01 5.762031173445458787e-01 1.718546000000000000e+06
1.134049191158932857e+01 5.734588012596651962e-01 1.719822000000000000e+06
1.137111294866358691e+01 5.715706095728797509e-01 1.726586000000000000e+06
1.140173420596685006e+01 5.697443372934234418e-01 1.739186000000000000e+06
1.143241645198721024e+01 5.653162035308397781e-01 1.751538000000000000e+06
1.146309378911906585e+01 5.615578759452168889e-01 1.758062000000000000e+06
1.149371033408863774e+01 5.598939455817040223e-01 1.763010000000000000e+06
1.152434210102386203e+01 5.563966076366125835e-01 1.778642000000000000e+06
1.155502891721602587e+01 5.546123269718692406e-01 1.788582000000000000e+06
1.158569884908570913e+01 5.504668209317641336e-01 1.794746000000000000e+06
1.161631920000943374e+01 5.476861042871640217e-01 1.803290000000000000e+06
1.164692839895572440e+01 5.448138601855931906e-01 1.811058000000000000e+06
1.167758201264465789e+01 5.420273614357801195e-01 1.828358000000000000e+06
1.170824671228167269e+01 5.387629534739718506e-01 1.831362000000000000e+06
1.173887056645718729e+01 5.367928332694693605e-01 1.842458000000000000e+06
1.176945759162609839e+01 5.329163526435870546e-01 1.846998000000000000e+06
1.180012033129267301e+01 5.306193563073998698e-01 1.869122000000000000e+06
1.183084921812949553e+01 5.275312029337871911e-01 1.876346000000000000e+06
1.186151413816298650e+01 5.257494189962681475e-01 1.879506000000000000e+06
1.189215148075095030e+01 5.226878189492987214e-01 1.893326000000000000e+06
1.192281647950092704e+01 5.193238958243289183e-01 1.901826000000000000e+06
1.195347780224454937e+01 5.169921656392751919e-01 1.911962000000000000e+06
1.198410945486709878e+01 5.156279471946094706e-01 1.919198000000000000e+06
1.201473998051305792e+01 5.117795462952313690e-01 1.930242000000000000e+06
1.204539491969681819e+01 5.098262908236127489e-01 1.942442000000000000e+06
1.207606591889535608e+01 5.064116703403230835e-01 1.951734000000000000e+06
1.210668159911830344e+01 5.064635686165811501e-01 1.955402000000000000e+06
1.213729590584212836e+01 5.031344802719059928e-01 1.971858000000000000e+06
1.216799463550970195e+01 5.006199940752623645e-01 1.984898000000000000e+06
1.219864337641968355e+01 4.971164863256649080e-01 1.986422000000000000e+06
1.222922477881376047e+01 4.954493872191713666e-01 1.996146000000000000e+06
1.225989282685840820e+01 4.921335009166598606e-01 2.017106000000000000e+06
1.229058821881884178e+01 4.907546836692173176e-01 2.020638000000000000e+06
1.232123136247960460e+01 4.887576773502398941e-01 2.029346000000000000e+06
1.235186527658106037e+01 4.856064570245399170e-01 2.041002000000000000e+06
1.238252216979992326e+01 4.829639401399010712e-01 2.051450000000000000e+06
1.241320937502392674e+01 4.808609962021137552e-01 2.065886000000000000e+06
1.244383941472429633e+01 4.784889753001386192e-01 2.064546000000000000e+06
1.247445220519574072e+01 4.753293880392769344e-01 2.082650000000000000e+06
1.250512629307856827e+01 4.736223094222840602e-01 2.095182000000000000e+06
1.253580287130877480e+01 4.702259587426345089e-01 2.101346000000000000e+06
1.256646238438352015e+01 4.689415869318391272e-01 2.115554000000000000e+06
1.259708474717591109e+01 4.669128907656923122e-01 2.115654000000000000e+06
1.262774588521747354e+01 4.644666196651574541e-01 2.141066000000000000e+06
1.265841835076503408e+01 4.616087192831432873e-01 2.139786000000000000e+06
1.268903676420887017e+01 4.599468358453342454e-01 2.152202000000000000e+06
1.271964770975900549e+01 4.579049607465875971e-01 2.161086000000000000e+06
1.275028968623544934e+01 4.550391981739457248e-01 2.176058000000000000e+06
1.278098460469567499e+01 4.531688335133269852e-01 2.190818000000000000e+06
1.281164046729207939e+01 4.505799844191974990e-01 2.191158000000000000e+06
1.284225815563851825e+01 4.490972430683340400e-01 2.205314000000000000e+06
1.287289056249479380e+01 4.474644377884718915e-01 2.215554000000000000e+06
1.290355625633802639e+01 4.448725253994284534e-01 2.230562000000000000e+06
1.293423770049094124e+01 4.422373955958482372e-01 2.239614000000000000e+06
1.296488169854081285e+01 4.405941550229638404e-01 2.245706000000000000e+06
1.299551871653742019e+01 4.386871458006774693e-01 2.259674000000000000e+06
1.302618975751721919e+01 4.361024193058814502e-01 2.273214000000000000e+06
1.305685244694570457e+01 4.353083330627233183e-01 2.278802000000000000e+06
1.308750998994310244e+01 4.323249459249514093e-01 2.294034000000000000e+06
1.311813220161915972e+01 4.303469869826775374e-01 2.294942000000000000e+06
1.314876333796909336e+01 4.286130262618415565e-01 2.317050000000000000e+06
1.317943307318251733e+01 4.258824158078767241e-01 2.322842000000000000e+06
1.321006023701692200e+01 4.247242911262608112e-01 2.330810000000000000e+06
1.324068959969416603e+01 4.220286019613309625e-01 2.345958000000000000e+06
1.327132733229817774e+01 4.198029623731616145e-01 2.353586000000000000e+06
1.330202137818103125e+01 4.184159859608367893e-01 2.376210000000000000e+06
1.333270765674768299e+01 4.167365146460184078e-01 2.374502000000000000e+06
1.336332360429498145e+01 4.148991020162206000e-01 2.386346000000000000e+06
1.339396115374925600e+01 4.123546524944259883e-01 2.401314000000000000e+06
1.342462950449915837e+01 4.113404797943146507e-01 2.411450000000000000e+06
1.345527227069447385e+01 4.092580951188862226e-01 2.420718000000000000e+06
1.348587288323711597e+01 4.073903413124331241e-01 2.425754000000000000e+06
1.351655033488228952e+01 4.052542381165338270e-01 2.455218000000000000e+06
1.354723943126051466e+01 4.035556787961526726e-01 2.450942000000000000e+06
1.357787602620414091e+01 4.015981626424225404e-01 2.467130000000000000e+06
1.360850969175125869e+01 4.000028385283452836e-01 2.474874000000000000e+06
1.363916260858142593e+01 3.978098866751098583e-01 2.490362000000000000e+06
1.366981104919095991e+01 3.960443901907897968e-01 2.498142000000000000e+06
1.370042868629872679e+01 3.950555474673824730e-01 2.507090000000000000e+06
1.373107732768572298e+01 3.933596759849886659e-01 2.525562000000000000e+06
1.376175426428364190e+01 3.909959597210901916e-01 2.534726000000000000e+06
1.379244642300857926e+01 3.896845609210692341e-01 2.549906000000000000e+06
1.382309257737347785e+01 3.872343079816579214e-01 2.551074000000000000e+06
1.385373333418663933e+01 3.854257757219623493e-01 2.570702000000000000e+06
1.388438231685893065e+01 3.837193190354231676e-01 2.574642000000000000e+06
1.391502673172247206e+01 3.822376965350919864e-01 2.594066000000000000e+06
1.394566139702082808e+01 3.810164272649704809e-01 2.594802000000000000e+06
1.397626403373048554e+01 3.790836054716063552e-01 2.612030000000000000e+06
1.400692990380277614e+01 3.775860184386789498e-01 2.627954000000000000e+06
1.403762665833372836e+01 3.761418715786459810e-01 2.640402000000000000e+06
1.406826249291076536e+01 3.747842097572018916e-01 2.641454000000000000e+06
1.409889778741170652e+01 3.722769714414948528e-01 2.661834000000000000e+06
1.412955070116482226e+01 3.706684985939280863e-01 2.669138000000000000e+06
1.416021112645075775e+01 3.692873841000157142e-01 2.684858000000000000e+06
1.419087385297501669e+01 3.677268821155866285e-01 2.693910000000000000e+06
1.422149875684323916e+01 3.662295377472256086e-01 2.701682000000000000e+06
1.425216427801141883e+01 3.645148580562369012e-01 2.722698000000000000e+06
1.428282043751237218e+01 3.629557451723907646e-01 2.725262000000000000e+06
1.431346230054741042e+01 3.614195564185308518e-01 2.742450000000000000e+06
1.434410509664010824e+01 3.598040347655326876e-01 2.749850000000000000e+06
1.437474217852985525e+01 3.578255940333630036e-01 2.763902000000000000e+06
1.440540590632776841e+01 3.564322342503035701e-01 2.778498000000000000e+06
1.443604895983575531e+01 3.550935436141826607e-01 2.784530000000000000e+06
1.446670970857448424e+01 3.537372740188851616e-01 2.804106000000000000e+06
1.449736904962689010e+01 3.518328994337655002e-01 2.809790000000000000e+06
1.452802375701152648e+01 3.507166047564333478e-01 2.825058000000000000e+06
1.455867443991712307e+01 3.492470222239471012e-01 2.834330000000000000e+06
1.458929057279699038e+01 3.479310241088914846e-01 2.842022000000000000e+06
1.461994280853970452e+01 3.459924264003121919e-01 2.864754000000000000e+06
1.465058249564759585e+01 3.448487633135557395e-01 2.864186000000000000e+06
1.468117988573594168e+01 3.429642619753585087e-01 2.879538000000000000e+06
1.471182673337874292e+01 3.418768671618863664e-01 2.899454000000000000e+06
1.474248363238804060e+01 3.407173191913390742e-01 2.904258000000000000e+06
1.477317496500613103e+01 3.392259159166127747e-01 2.930234000000000000e+06
1.480386910161793779e+01 3.379283030770165452e-01 2.929526000000000000e+06
1.483450217940607452e+01 3.364136829205129353e-01 2.942442000000000000e+06
1.486516698446851059e+01 3.350458151654445715e-01 2.960810000000000000e+06
1.489582703702377664e+01 3.334278120335087969e-01 2.964954000000000000e+06
1.492646528006037521e+01 3.325381133613561357e-01 2.980910000000000000e+06
1.495710544900555306e+01 3.306062431753091779e-01 2.990978000000000000e+06
1.498776269392421945e+01 3.296764000909687686e-01 3.007626000000000000e+06
1.501843370546180267e+01 3.285288884413775090e-01 3.019166000000000000e+06
1.504905569365952722e+01 3.268947217726052568e-01 3.021090000000000000e+06
1.507968813668374430e+01 3.254081012942305895e-01 3.047834000000000000e+06
1.511037332515695297e+01 3.243752434063471024e-01 3.055590000000000000e+06
1.514104424704462026e+01 3.228193417990148917e-01 3.068546000000000000e+06
1.517163880420388011e+01 3.212896451376694440e-01 3.067274000000000000e+06
1.520226772397046489e+01 3.203111433033209998e-01 3.098058000000000000e+06
1.523296937728429157e+01 3.190368007798755623e-01 3.109214000000000000e+06
1.526361904753517074e+01 3.176374536805739446e-01 3.110466000000000000e+06
1.529421425129691947e+01 3.165436351968556883e-01 3.124370000000000000e+06
1.532485231670361081e+01 3.152441030617262330e-01 3.144174000000000000e+06
1.535555551766698201e+01 3.134982444781952426e-01 3.161738000000000000e+06
1.538620301937812407e+01 3.124816844890170309e-01 3.159890000000000000e+06
1.541679818315905770e+01 3.115103809286174918e-01 3.174138000000000000e+06
1.544743875163359270e+01 3.104230980316816102e-01 3.195926000000000000e+06
1.547813884141497276e+01 3.091407611853573267e-01 3.211386000000000000e+06
1.550883091269481717e+01 3.080403542493835856e-01 3.219314000000000000e+06
1.553946294611858292e+01 3.067120493791028468e-01 3.225494000000000000e+06
1.557009342916842165e+01 3.055935013732967720e-01 3.242562000000000000e+06
1.560074559370220371e+01 3.044520829176196042e-01 3.257450000000000000e+06
1.563140821530218894e+01 3.036322220550007889e-01 3.269118000000000000e+06
1.566204787145430899e+01 3.020546717984220475e-01 3.278930000000000000e+06
1.569265004490419813e+01 3.009917393090228432e-01 3.286650000000000000e+06
1.572331415106903485e+01 2.995420776033359544e-01 3.316610000000000000e+06
1.575400933951588378e+01 2.984463052100500002e-01 3.321542000000000000e+06
1.578464652652455058e+01 2.975856544446306984e-01 3.328578000000000000e+06
1.581527512713691763e+01 2.966643637779014520e-01 3.345074000000000000e+06
1.584593159202205293e+01 2.951756388014823429e-01 3.361686000000000000e+06
1.587658751981395078e+01 2.939056619507484647e-01 3.369722000000000000e+06
1.590722339945609676e+01 2.927522642077931003e-01 3.385290000000000000e+06
1.593785107536400147e+01 2.918276574068886520e-01 3.391370000000000000e+06
1.596852352225685401e+01 2.905790803940208611e-01 3.422966000000000000e+06
1.599920243251385621e+01 2.895160654743418882e-01 3.419538000000000000e+06
1.602985553152441156e+01 2.884496962424714650e-01 3.441890000000000000e+06
1.606050898189369747e+01 2.872640701511958716e-01 3.447582000000000000e+06
1.609116293617333326e+01 2.861731918317467205e-01 3.466298000000000000e+06
1.612177218423172320e+01 2.850887746040758342e-01 3.466194000000000000e+06
1.615238659316504766e+01 2.841500057845479654e-01 3.492062000000000000e+06
1.618304433395858055e+01 2.825672922719614788e-01 3.503114000000000000e+06
1.621369564724469114e+01 2.818284164205864806e-01 3.517146000000000000e+06
1.624437349555979182e+01 2.808319964951837000e-01 3.535706000000000000e+06
1.627503011624142815e+01 2.801787354841115407e-01 3.539742000000000000e+06
1.630567747321957484e+01 2.788106071377790540e-01 3.558698000000000000e+06
1.633633444718754291e+01 2.775477630736428725e-01 3.570122000000000000e+06
1.636699228812523543e+01 2.767450408264703343e-01 3.585174000000000000e+06
1.639764059090457948e+01 2.758266250527917074e-01 3.594314000000000000e+06
1.642828590068688399e+01 2.745989662144840970e-01 3.612258000000000000e+06
1.645893007191645907e+01 2.738709822881200684e-01 3.620282000000000000e+06
1.648957199783176364e+01 2.726810197528055646e-01 3.639078000000000000e+06
1.652022897904334187e+01 2.714742874166198860e-01 3.650450000000000000e+06
1.655086391605456342e+01 2.705550315478866819e-01 3.661418000000000000e+06
1.658149960773415188e+01 2.697721724537169297e-01 3.677694000000000000e+06
1.661216865362178652e+01 2.687481838365921027e-01 3.695978000000000000e+06
1.664282501558284721e+01 2.675157684299221406e-01 3.702810000000000000e+06
1.667345451826077252e+01 2.667400028577871507e-01 3.716162000000000000e+06
1.670412303906892859e+01 2.655165886204999270e-01 3.740094000000000000e+06
1.673478210225302121e+01 2.648348689933102684e-01 3.740954000000000000e+06
1.676541740863294194e+01 2.637040155588514234e-01 3.760946000000000000e+06
1.679608408952596577e+01 2.628949285891615251e-01 3.778278000000000000e+06
1.682674466654829359e+01 2.619928495223943776e-01 3.784922000000000000e+06
1.685739723155478487e+01 2.610618088196725028e-01 3.805266000000000000e+06
1.688803548841513802e+01 2.600745570932057049e-01 3.807686000000000000e+06
1.691867153120264078e+01 2.590202393344342435e-01 3.833130000000000000e+06
1.694932872530407053e+01 2.584556513473288408e-01 3.841898000000000000e+06
1.697998566510549878e+01 2.574158926189595853e-01 3.858074000000000000e+06
1.701062828430612228e+01 2.562843211145900413e-01 3.868974000000000000e+06
1.704127533600995648e+01 2.555786790265617836e-01 3.885362000000000000e+06
1.707192414656785573e+01 2.545667940302029919e-01 3.898290000000000000e+06
1.710255181072696473e+01 2.537850136435738646e-01 3.907334000000000000e+06
1.713319071172596608e+01 2.526129149877950342e-01 3.928730000000000000e+06
1.716382735984657515e+01 2.521104787655340518e-01 3.936666000000000000e+06
1.719448998954597485e+01 2.505989599242277599e-01 3.961346000000000000e+06
1.722518713228848242e+01 2.499190409213400688e-01 3.975774000000000000e+06
1.725581491968389614e+01 2.491805476982226764e-01 3.970106000000000000e+06
1.728643657196136019e+01 2.482229239577634916e-01 4.003170000000000000e+06
1.731713759204037117e+01 2.472071867105786469e-01 4.019558000000000000e+06
1.734781987893603983e+01 2.465243897743515378e-01 4.025642000000000000e+06
1.737842365147297841e+01 2.458791411671897020e-01 4.028514000000000000e+06
1.740905079503025732e+01 2.445713625517872414e-01 4.059398000000000000e+06
1.743972443769684233e+01 2.442658183431891394e-01 4.069674000000000000e+06
1.747038028370268492e+01 2.431337815626914700e-01 4.083698000000000000e+06
1.750102745774862356e+01 2.421919449796225421e-01 4.095210000000000000e+06
1.753166500950241513e+01 2.413957620426427919e-01 4.110518000000000000e+06
1.756231498081562137e+01 2.405685783345651307e-01 4.126850000000000000e+06
1.759296617687713393e+01 2.397580114943694551e-01 4.140114000000000000e+06
1.762357382681691220e+01 2.388969207807782880e-01 4.144070000000000000e+06
1.765421428885442268e+01 2.380336908933900764e-01 4.175802000000000000e+06
1.768489852398702311e+01 2.375917289455624359e-01 4.187882000000000000e+06
1.771556950276492870e+01 2.365212389117104241e-01 4.199250000000000000e+06
1.774620783297953963e+01 2.353325092900858673e-01 4.209326000000000000e+06
1.777682774493507267e+01 2.349208663636600525e-01 4.222130000000000000e+06
1.780750401021129292e+01 2.340591914030601683e-01 4.254258000000000000e+06
1.783817993206895025e+01 2.334139206599069871e-01 4.252478000000000000e+06
1.786881799063985099e+01 2.323278156170256181e-01 4.270698000000000000e+06
1.789943445534976263e+01 2.314087524853194744e-01 4.278122000000000000e+06
1.793009336077801663e+01 2.310497980462646872e-01 4.309898000000000000e+06
1.796077930716451831e+01 2.300448212362322387e-01 4.317150000000000000e+06
1.799143485791619668e+01 2.293894256597111270e-01 4.329698000000000000e+06
1.802207283970281892e+01 2.286928513144733388e-01 4.340826000000000000e+06
1.805270571152597725e+01 2.279533740558171706e-01 4.359590000000000000e+06
1.808336667793345498e+01 2.270177610610370489e-01 4.376850000000000000e+06
1.811401323573930355e+01 2.263391922901040743e-01 4.386674000000000000e+06
1.814464766537982499e+01 2.254344092915096798e-01 4.401782000000000000e+06
1.817529082465190982e+01 2.249330338454158251e-01 4.419210000000000000e+06
1.820598375993449736e+01 2.240483600293445565e-01 4.446482000000000000e+06
1.823663229521417861e+01 2.233517926960194855e-01 4.435554000000000000e+06
1.826725204091361476e+01 2.224150518893319994e-01 4.468934000000000000e+06
1.829791582036300213e+01 2.220279610956640282e-01 4.477650000000000000e+06
1.832855470139352150e+01 2.210704033961388704e-01 4.491218000000000000e+06
1.835919789777245015e+01 2.203021633759448816e-01 4.510358000000000000e+06
1.838983691066674098e+01 2.194202859340759482e-01 4.518594000000000000e+06
1.842048618686847306e+01 2.189678194880199380e-01 4.544474000000000000e+06
1.845114961348761540e+01 2.179043185142323369e-01 4.552098000000000000e+06
1.848180953853236019e+01 2.174606939031560604e-01 4.574990000000000000e+06
1.851245222260127932e+01 2.166104734106584495e-01 4.577210000000000000e+06
1.854311068981073518e+01 2.160461567740538380e-01 4.608186000000000000e+06
1.857377018063706586e+01 2.150849459177241463e-01 4.610198000000000000e+06
1.860440390017229007e+01 2.144809628555219838e-01 4.628898000000000000e+06
1.863503114498546864e+01 2.137666256568925560e-01 4.641170000000000000e+06
1.866567550024189615e+01 2.130307844868226108e-01 4.662462000000000000e+06
1.869635147958381793e+01 2.125976755666309503e-01 4.681442000000000000e+06
1.872700405237336696e+01 2.118445289418390276e-01 4.687850000000000000e+06
1.875765137982478592e+01 2.111304657559497922e-01 4.708818000000000000e+06
1.878830446025693490e+01 2.103433968705933355e-01 4.721534000000000000e+06
1.881894131346886212e+01 2.098687317363827076e-01 4.732770000000000000e+06
1.884957303362655523e+01 2.089532168497727771e-01 4.753346000000000000e+06
1.888023809980736090e+01 2.084731465406883810e-01 4.772886000000000000e+06
1.891090871260763606e+01 2.075710884082206664e-01 4.785098000000000000e+06
1.894154790414986422e+01 2.069673133219084860e-01 4.795394000000000000e+06
1.897218362658022173e+01 2.065250475385678186e-01 4.813986000000000000e+06
1.900283385206392595e+01 2.056308241806676096e-01 4.832654000000000000e+06
1.903350235720601091e+01 2.051322808031242062e-01 4.849362000000000000e+06
1.906415148299372575e+01 2.044347693504053598e-01 4.858322000000000000e+06
1.909476996524363557e+01 2.039981716327064487e-01 4.871286000000000000e+06
1.912540633843168436e+01 2.029970915562166189e-01 4.894370000000000000e+06
1.915607775651777800e+01 2.023499002980883865e-01 4.914650000000000000e+06
1.918673093358846060e+01 2.017472810101840208e-01 4.919658000000000000e+06
1.921737109038362945e+01 2.011244171467031772e-01 4.941638000000000000e+06
1.924805333354893122e+01 2.006285574735489075e-01 4.965954000000000000e+06
1.927873600716220892e+01 1.999771082531975608e-01 4.971770000000000000e+06
1.930937881190103056e+01 1.991949052510559315e-01 4.985702000000000000e+06
1.934000064256855111e+01 1.987948640737952077e-01 4.996314000000000000e+06
1.937063530033629988e+01 1.979845239977710836e-01 5.021258000000000000e+06
1.940129903902628072e+01 1.973791895158649168e-01 5.038470000000000000e+06
1.943195223680148231e+01 1.967061836321968293e-01 5.048570000000000000e+06
1.946259388837266968e+01 1.962250625815691318e-01 5.067786000000000000e+06
1.949325378056333591e+01 1.956501226692932693e-01 5.084402000000000000e+06
1.952391920669563774e+01 1.949701282542075920e-01 5.104238000000000000e+06
1.955454529668766028e+01 1.946392782870661753e-01 5.101890000000000000e+06
1.958515229432341798e+01 1.938672071317924794e-01 5.129594000000000000e+06
1.961580259908011215e+01 1.932063889591278949e-01 5.149086000000000000e+06
1.964647598754564939e+01 1.929025724176864631e-01 5.168834000000000000e+06
1.967711671408318352e+01 1.921749578427880967e-01 5.172306000000000000e+06
1.970776054518702480e+01 1.913495693006140586e-01 5.199218000000000000e+06
1.973843058927628391e+01 1.909268267429531096e-01 5.215430000000000000e+06
1.976909383957853095e+01 1.904299089933077782e-01 5.229066000000000000e+06
1.979974730224805413e+01 1.899953856684964970e-01 5.244530000000000000e+06
1.983040459772927377e+01 1.893871713532730428e-01 5.262870000000000000e+06
1.986105281425653857e+01 1.887546201448176419e-01 5.272562000000000000e+06
1.989167915855331970e+01 1.881716439846672084e-01 5.290098000000000000e+06
1.992233512457928057e+01 1.875157944760213746e-01 5.314358000000000000e+06
1.995299022425723834e+01 1.867680635531326072e-01 5.322098000000000000e+06
1.998362696967681629e+01 1.862518198750577059e-01 5.341026000000000000e+06
2.001429805344872292e+01 1.858322993639854037e-01 5.366858000000000000e+06
2.004496752307381513e+01 1.853829583906883571e-01 5.374422000000000000e+06
2.007558003312327344e+01 1.846120482062134083e-01 5.377730000000000000e+06
2.010619663165178039e+01 1.842951102800490237e-01 5.409410000000000000e+06
2.013687553158347754e+01 1.836045025831733180e-01 5.434014000000000000e+06
2.016755016454825267e+01 1.831312597883167914e-01 5.438882000000000000e+06
2.019818861724741410e+01 1.825572658186738195e-01 5.456178000000000000e+06
2.022882364752918605e+01 1.820743509795324511e-01 5.469242000000000000e+06
2.025947582076963727e+01 1.813433876911466069e-01 5.496174000000000000e+06
2.029013497277836109e+01 1.807823225011942481e-01 5.505530000000000000e+06
2.032077646713278085e+01 1.805199529015601989e-01 5.521202000000000000e+06
2.035142410046669426e+01 1.797339089154900149e-01 5.544126000000000000e+06
2.038209715392332910e+01 1.793532128704021233e-01 5.560106000000000000e+06
2.041276704522988084e+01 1.788335224993790051e-01 5.579754000000000000e+06
2.044339434596270522e+01 1.782225394394461038e-01 5.576270000000000000e+06
2.047400433812566689e+01 1.776654484872674800e-01 5.607138000000000000e+06
2.050465414558887645e+01 1.774136577324264830e-01 5.625026000000000000e+06
2.053532389370018763e+01 1.767476651841483337e-01 5.646698000000000000e+06
2.056596192186154326e+01 1.762191399165110028e-01 5.649126000000000000e+06
2.059659481650145807e+01 1.756448348558267425e-01 5.676434000000000000e+06
2.062723563822306616e+01 1.751156016666965687e-01 5.687418000000000000e+06
2.065789501103831682e+01 1.747954146641869932e-01 5.715830000000000000e+06
2.068857363042259578e+01 1.740620543670069464e-01 5.729210000000000000e+06
2.071923747383037551e+01 1.735444929172493822e-01 5.744802000000000000e+06
2.074987498351558557e+01 1.730159910530907341e-01 5.752154000000000000e+06
2.078053041960519209e+01 1.726421622354002983e-01 5.786382000000000000e+06
2.081118017348725502e+01 1.719069245485850550e-01 5.784146000000000000e+06
2.084180966840007443e+01 1.718425517872400332e-01 5.812146000000000000e+06
2.087246873484020426e+01 1.710432215823700364e-01 5.830166000000000000e+06
2.090312912726902539e+01 1.706223325093869925e-01 5.845850000000000000e+06
2.093378037566929351e+01 1.699400835841506086e-01 5.862834000000000000e+06
2.096442457626876177e+01 1.696770637021435824e-01 5.876066000000000000e+06
2.099509039179685033e+01 1.691834068366742383e-01 5.905854000000000000e+06
2.102573351815310332e+01 1.687774173987856285e-01 5.902274000000000000e+06
2.105635720643528686e+01 1.681868332148087064e-01 5.931258000000000000e+06
2.108702218704524967e+01 1.677093538401394912e-01 5.954966000000000000e+06
2.111769024571999509e+01 1.671942729725987287e-01 5.965346000000000000e+06
2.114832577809379899e+01 1.667945770513588888e-01 5.977818000000000000e+06
2.117897364467428645e+01 1.662497306284824727e-01 6.004718000000000000e+06
2.120962225056029737e+01 1.658536175089067866e-01 6.011706000000000000e+06
2.124028003416142241e+01 1.654584424316505598e-01 6.045770000000000000e+06
2.127093375519878649e+01 1.649705474688268891e-01 6.041586000000000000e+06
2.130156165599708373e+01 1.643560685645674702e-01 6.073166000000000000e+06
2.133219920491698574e+01 1.640301522694170566e-01 6.078962000000000000e+06
2.136285116966709907e+01 1.634264533815877607e-01 6.114258000000000000e+06
2.139352427845574667e+01 1.631690192657754557e-01 6.123086000000000000e+06
2.142417268630640592e+01 1.625300443066955425e-01 6.136770000000000000e+06
2.145480354384202215e+01 1.620415561720112974e-01 6.154898000000000000e+06
2.148545706546140721e+01 1.615569581993360759e-01 6.178610000000000000e+06
2.151612653279159915e+01 1.610138590270187853e-01 6.197982000000000000e+06
2.154677833320419822e+01 1.610022815898997650e-01 6.205322000000000000e+06
2.157739246519214760e+01 1.602688800984104767e-01 6.218850000000000000e+06
2.160802636633691876e+01 1.599108382662281502e-01 6.249542000000000000e+06
2.163871370337264111e+01 1.593639198067752782e-01 6.274146000000000000e+06
2.166936190194067180e+01 1.589608204117161638e-01 6.270242000000000000e+06
2.169999864745664908e+01 1.586034361676718074e-01 6.305222000000000000e+06
2.173068313923396389e+01 1.580301804292978396e-01 6.325026000000000000e+06
2.176134463504373429e+01 1.575477398489747716e-01 6.331922000000000000e+06
2.179196928002131983e+01 1.572590230493317864e-01 6.343698000000000000e+06
2.182260671813147823e+01 1.567668793463628529e-01 6.375158000000000000e+06
2.185327640589686382e+01 1.562610486597838799e-01 6.392178000000000000e+06
2.188395164505502422e+01 1.558849113479767179e-01 6.412826000000000000e+06
2.191457418339750873e+01 1.556760546695389047e-01 6.407078000000000000e+06
2.194519964934411504e+01 1.551350920772697761e-01 6.447954000000000000e+06
2.197584874950450384e+01 1.547549432886422827e-01 6.456026000000000000e+06
2.200650103817257985e+01 1.541640421046850395e-01 6.482034000000000000e+06
2.203714959817343200e+01 1.537191596700261398e-01 6.492878000000000000e+06
2.206776146081951495e+01 1.534141836896965594e-01 6.502074000000000000e+06
2.209840900715284917e+01 1.530152106930686984e-01 6.542930000000000000e+06
2.212909435360047894e+01 1.526914186289902164e-01 6.556598000000000000e+06
2.215976446255987753e+01 1.521231810274369656e-01 6.570330000000000000e+06
2.219040287241333331e+01 1.519058872523086912e-01 6.581882000000000000e+06
2.222105997311332359e+01 1.512142505322458252e-01 6.612546000000000000e+06
2.225173735653976692e+01 1.509877637463714062e-01 6.628622000000000000e+06
2.228236906003313322e+01 1.504248794554278457e-01 6.629498000000000000e+06
2.231299123139654839e+01 1.501446859631339892e-01 6.659250000000000000e+06
2.234365539181282045e+01 1.495721997557286076e-01 6.686006000000000000e+06
2.237431906113462787e+01 1.492397389160633470e-01 6.693786000000000000e+06
2.240495119889733289e+01 1.488354075673085364e-01 6.711554000000000000e+06
2.243559874147591060e+01 1.484618456375141338e-01 6.735678000000000000e+06
2.246626223308657444e+01 1.480695114877610685e-01 6.754754000000000000e+06
2.249693164364150988e+01 1.475054120299797711e-01 6.776570000000000000e+06
2.252754695231501358e+01 1.472782580709797728e-01 6.767394000000000000e+06
2.255817384037303697e+01 1.469112162424177914e-01 6.818246000000000000e+06
2.258886124968342557e+01 1.465391866730731685e-01 6.830562000000000000e+06
2.261950951352502059e+01 1.460122227996138722e-01 6.839186000000000000e+06
2.265014298397850823e+01 1.457432650650837824e-01 6.861462000000000000e+06
2.268078975948035492e+01 1.453657032576913533e-01 6.880394000000000000e+06
2.271145371109907174e+01 1.450223231542606961e-01 6.907178000000000000e+06
2.274211585654432000e+01 1.444676558623247953e-01 6.917034000000000000e+06
2.277276196539026643e+01 1.441202543149012472e-01 6.937934000000000000e+06
2.280339367570849163e+01 1.438097268703443787e-01 6.947250000000000000e+06
2.283404335172724586e+01 1.434455270372578251e-01 6.982106000000000000e+06
2.286471099297079590e+01 1.430000376658979166e-01 6.995718000000000000e+06
2.289535670710002435e+01 1.427626335831995719e-01 7.006682000000000000e+06
2.292600245201877840e+01 1.421584510705576343e-01 7.035866000000000000e+06
2.295667389567964989e+01 1.417332236100656007e-01 7.054110000000000000e+06
2.298731368920699225e+01 1.412817100649167712e-01 7.059194000000000000e+06
2.301794844000150775e+01 1.409212090946701523e-01 7.091802000000000000e+06
2.304859935862412001e+01 1.406464372496889770e-01 7.100666000000000000e+06
2.307924172520139550e+01 1.402052441622820278e-01 7.129070000000000000e+06
2.310990061408635654e+01 1.398715079427075847e-01 7.143282000000000000e+06
2.314054307017327616e+01 1.395735983836864924e-01 7.161482000000000000e+06
2.317119382566526298e+01 1.391479929416618022e-01 7.184694000000000000e+06
2.320185734324556392e+01 1.389199937006466157e-01 7.203914000000000000e+06
2.323250807215323377e+01 1.384851783566901084e-01 7.219746000000000000e+06
2.326313843972289419e+01 1.381578023593392490e-01 7.228634000000000000e+06
2.329379144080670727e+01 1.377918561494171357e-01 7.271990000000000000e+06
2.332444777960088445e+01 1.375005831326256145e-01 7.266786000000000000e+06
2.335507087774779578e+01 1.370676204643765661e-01 7.293650000000000000e+06
2.338572972711217801e+01 1.365630213107819901e-01 7.324086000000000000e+06
2.341640604770795875e+01 1.362637797823850472e-01 7.338650000000000000e+06
2.344705630354619430e+01 1.359618612691414763e-01 7.351962000000000000e+06
2.347766959470004267e+01 1.355423741944954685e-01 7.357190000000000000e+06
2.350831446175642370e+01 1.353158087005177646e-01 7.406042000000000000e+06
2.353898224311427256e+01 1.349325013167083920e-01 7.408626000000000000e+06
2.356963575235109332e+01 1.345159139599844400e-01 7.435610000000000000e+06
2.360029901858758095e+01 1.342536960950914404e-01 7.453542000000000000e+06
2.363094388425705006e+01 1.338588115999968797e-01 7.464002000000000000e+06
2.366159032137904816e+01 1.334723824341640108e-01 7.493546000000000000e+06
2.369224972351527114e+01 1.332895397644407176e-01 7.510806000000000000e+06
2.372291508578891595e+01 1.329220123327926051e-01 7.532114000000000000e+06
2.375354632645621322e+01 1.324794817942224201e-01 7.536234000000000000e+06
2.378417204300768972e+01 1.321508557417463703e-01 7.565834000000000000e+06
2.381484989613622716e+01 1.319525689123671464e-01 7.603062000000000000e+06
2.384550834037956690e+01 1.315135836178822903e-01 7.593890000000000000e+06
2.387612970652009281e+01 1.312148870784973498e-01 7.622906000000000000e+06
2.390677281995975534e+01 1.308283497601947787e-01 7.646622000000000000e+06
2.393744201491479373e+01 1.303714645405444073e-01 7.672058000000000000e+06
2.396809205963029044e+01 1.301292046874825137e-01 7.679346000000000000e+06
2.399871140417699422e+01 1.299296066661657922e-01 7.693058000000000000e+06
2.402935365105090071e+01 1.294339659122330510e-01 7.732158000000000000e+06
2.406002599393818642e+01 1.290274013219633586e-01 7.746962000000000000e+06
2.409069744544645886e+01 1.289182608230152738e-01 7.770986000000000000e+06
2.412133809379787408e+01 1.284969581556784923e-01 7.772094000000000000e+06
2.415197098395899289e+01 1.283130337611666505e-01 7.803818000000000000e+06
2.418264178024068300e+01 1.277443208985877265e-01 7.834338000000000000e+06
2.421329665107611007e+01 1.275196315028256089e-01 7.833710000000000000e+06
2.424392248425750651e+01 1.273111847695715115e-01 7.858794000000000000e+06
2.427456797443234393e+01 1.268652440486080502e-01 7.884290000000000000e+06
2.430522057461229224e+01 1.266044139977083038e-01 7.901522000000000000e+06
2.433588276096136127e+01 1.262634191193623134e-01 7.930662000000000000e+06
2.436653439930566023e+01 1.260514229384709084e-01 7.934426000000000000e+06
2.439717972712892902e+01 1.255915020756033229e-01 7.967322000000000000e+06
2.442783693810555690e+01 1.252209834107873843e-01 7.981934000000000000e+06
2.445848909686699457e+01 1.251649167179164912e-01 8.003282000000000000e+06
2.448913290943420407e+01 1.247834541987159901e-01 8.019666000000000000e+06
2.451976455905877472e+01 1.244466351408839988e-01 8.034482000000000000e+06
2.455040989797941720e+01 1.242050530938551278e-01 8.068542000000000000e+06
2.458107931780205035e+01 1.237804359759603207e-01 8.088290000000000000e+06
2.461173000312667725e+01 1.235312929747606203e-01 8.096322000000000000e+06
2.464236413023569838e+01 1.232501007060999715e-01 8.122646000000000000e+06
2.467302878003126310e+01 1.227322546563015260e-01 8.150138000000000000e+06
2.470369018584469600e+01 1.226376008196614908e-01 8.165322000000000000e+06
2.473434237152199699e+01 1.222438455796427959e-01 8.182574000000000000e+06
2.476499023106570618e+01 1.219178533875820286e-01 8.203698000000000000e+06
2.479564135983178019e+01 1.216687843096451588e-01 8.226914000000000000e+06
2.482630207602976569e+01 1.213683845125767408e-01 8.246898000000000000e+06
2.485694583618992226e+01 1.210117221797643028e-01 8.261774000000000000e+06
2.488758109348702163e+01 1.207833354027199463e-01 8.279426000000000000e+06
2.491822262853785119e+01 1.203832174791742982e-01 8.308722000000000000e+06
2.494887711239730166e+01 1.201630176692552038e-01 8.326214000000000000e+06
2.497951933488113241e+01 1.198189398205517092e-01 8.342682000000000000e+06
2.501014765446522503e+01 1.195646122145231083e-01 8.360834000000000000e+06
2.504079700598459723e+01 1.191618544526264478e-01 8.393226000000000000e+06
2.507147561161312765e+01 1.190303542692232319e-01 8.420150000000000000e+06
2.510213539337122413e+01 1.188277845035600883e-01 8.421986000000000000e+06
2.513276479637716321e+01 1.183817096458629758e-01 8.445714000000000000e+06
2.516340977761215569e+01 1.180298025751275459e-01 8.472590000000000000e+06
2.519407509340153695e+01 1.177771612654893302e-01 8.495370000000000000e+06
2.522473298638924888e+01 1.176356944517210623e-01 8.512802000000000000e+06
2.525536838388270056e+01 1.171459392441181746e-01 8.523290000000000000e+06
2.528603429285023196e+01 1.169339755934617475e-01 8.570982000000000000e+06
2.531670644975507045e+01 1.166952749841336651e-01 8.568458000000000000e+06
2.534733422191522578e+01 1.164285413564412480e-01 8.586498000000000000e+06
2.537795494299703947e+01 1.160651777278187829e-01 8.608838000000000000e+06
2.540861203384896783e+01 1.158704533283365784e-01 8.645610000000000000e+06
2.543928143685350562e+01 1.155974537286741377e-01 8.658386000000000000e+06
2.546991579144467366e+01 1.152443422800319001e-01 8.668598000000000000e+06
2.550054781656812253e+01 1.149533997184914308e-01 8.697426000000000000e+06
2.553119796550166498e+01 1.147764555872460429e-01 8.722562000000000000e+06
2.556185165324095010e+01 1.143923276960920749e-01 8.737962000000000000e+06
2.559251151955053771e+01 1.141794790001922077e-01 8.771366000000000000e+06
2.562315821371235458e+01 1.138604049020580378e-01 8.771010000000000000e+06
2.565382090549665151e+01 1.136264697734844648e-01 8.822618000000000000e+06
2.568447372340733637e+01 1.134353308106996056e-01 8.807726000000000000e+06
2.571509458014751104e+01 1.130035307912676396e-01 8.844618000000000000e+06
2.574574125894481469e+01 1.128415895210155423e-01 8.868722000000000000e+06
2.577640368018757400e+01 1.125943946472285490e-01 8.891394000000000000e+06
2.580706250709014782e+01 1.123093623673604297e-01 8.911934000000000000e+06
2.583770659642837231e+01 1.120530392524018010e-01 8.923938000000000000e+06
2.586834877557267376e+01 1.117975124647044710e-01 8.953682000000000000e+06
2.589901831076717187e+01 1.115457142122337209e-01 8.981966000000000000e+06
2.592967863857695932e+01 1.112976077816863751e-01 8.990442000000000000e+06
2.596030767966076525e+01 1.109864963697316381e-01 9.007874000000000000e+06
2.599095072903341830e+01 1.107395722217391354e-01 9.038982000000000000e+06
2.602162160336631658e+01 1.104102824370325198e-01 9.068570000000000000e+06
2.605229920594178594e+01 1.102770493382130290e-01 9.085250000000000000e+06
2.608293390061188077e+01 1.100407182303413806e-01 9.084690000000000000e+06
2.611356639902281529e+01 1.098414262387423235e-01 9.128654000000000000e+06
2.614421138741144901e+01 1.095836864418378298e-01 9.133170000000000000e+06
2.617487839855810350e+01 1.091916990115919112e-01 9.185882000000000000e+06
2.620552331238325294e+01 1.090231906154734975e-01 9.163254000000000000e+06
2.623615766102391333e+01 1.086646622661502637e-01 9.220130000000000000e+06
2.626683121971889179e+01 1.084781319741998928e-01 9.233138000000000000e+06
2.629748622418595616e+01 1.081513738004869080e-01 9.249378000000000000e+06
2.632813025222741032e+01 1.079854096672077518e-01 9.271550000000000000e+06
2.635876646472280527e+01 1.077441608392436800e-01 9.286266000000000000e+06
2.638941311560349590e+01 1.074578653011416807e-01 9.320762000000000000e+06
2.642004936527652958e+01 1.072934096431349127e-01 9.326718000000000000e+06
2.645067839992656289e+01 1.070806179140491449e-01 9.354602000000000000e+06
2.648132402671914321e+01 1.068656582896087698e-01 9.384122000000000000e+06
2.651197738732207654e+01 1.064547075883981314e-01 9.400482000000000000e+06
2.654263638111005719e+01 1.062903611905810369e-01 9.432638000000000000e+06
2.657329775687598072e+01 1.059844198932931164e-01 9.445314000000000000e+06
2.660396500218634941e+01 1.058101590750098325e-01 9.477290000000000000e+06
2.663462571825092340e+01 1.054605325833143370e-01 9.489182000000000000e+06
2.666526895415609388e+01 1.052794535247014024e-01 9.506706000000000000e+06
2.669591010301247636e+01 1.050162967126628544e-01 9.533978000000000000e+06
2.672655940300148814e+01 1.047730310115639468e-01 9.553662000000000000e+06
2.675721084773019953e+01 1.046326658180494890e-01 9.579506000000000000e+06
2.678787623421603570e+01 1.043751546909584271e-01 9.607866000000000000e+06
2.681852027510272052e+01 1.040218426069647317e-01 9.608354000000000000e+06
2.684915022005877461e+01 1.039180348598932602e-01 9.643862000000000000e+06
2.687981047524921863e+01 1.036064816911667491e-01 9.670578000000000000e+06
2.691046933508355110e+01 1.033878378057554309e-01 9.687890000000000000e+06
2.694109434462116326e+01 1.031144830642710397e-01 9.693294000000000000e+06
2.697172682553225798e+01 1.030009113567187523e-01 9.736034000000000000e+06
2.700239153870817432e+01 1.026701487537691054e-01 9.758946000000000000e+06
2.703305525052747527e+01 1.025196840288479516e-01 9.778994000000000000e+06
2.706370879858033973e+01 1.022559158007899371e-01 9.796814000000000000e+06
2.709435032875686744e+01 1.019744609337262103e-01 9.816882000000000000e+06
2.712501002342743917e+01 1.017158850797024311e-01 9.850514000000000000e+06
2.715565776732351821e+01 1.015566866361027332e-01 9.856062000000000000e+06
2.718629451122674467e+01 1.013028315497598447e-01 9.886706000000000000e+06
2.721695369136173071e+01 1.010986107673972484e-01 9.916194000000000000e+06
2.724760474761749407e+01 1.008759738430409086e-01 9.924854000000000000e+06
2.727825760225054097e+01 1.006281628049619098e-01 9.961490000000000000e+06
2.730892049079471917e+01 1.004602758185158679e-01 9.979098000000000000e+06
2.733956427726085892e+01 1.002520791238191294e-01 9.990266000000000000e+06
2.737018573225796914e+01 9.995260376185605145e-02 1.001239800000000000e+07
2.740081756735755647e+01 9.975271117575794377e-02 1.003881800000000000e+07
2.743146802938129625e+01 9.958678354683768441e-02 1.007208200000000000e+07
2.746211675527639429e+01 9.924864272062855486e-02 1.008267000000000000e+07
2.749277891738845980e+01 9.912467626426596512e-02 1.012322600000000000e+07
2.752344693109558449e+01 9.888545041783614042e-02 1.013483400000000000e+07
2.755409288101080278e+01 9.863121770781513309e-02 1.015145000000000000e+07
2.758474131651236760e+01 9.846954836933349831e-02 1.018411800000000000e+07
2.761539820084842489e+01 9.824169518843978155e-02 1.019981000000000000e+07
2.764605597842055928e+01 9.796251822756246730e-02 1.023038600000000000e+07
2.767670042623675997e+01 9.781503514145953315e-02 1.023833400000000000e+07
2.770734211947352676e+01 9.760066207834927621e-02 1.027159400000000000e+07
2.773800306428746509e+01 9.738342214309031464e-02 1.029841800000000000e+07
2.776865049495845383e+01 9.716364581722344851e-02 1.030681400000000000e+07
2.779929326773324405e+01 9.702316008248861035e-02 1.034130600000000000e+07
2.782995170379088989e+01 9.679473666586829728e-02 1.036284200000000000e+07
2.786061320752148163e+01 9.662717562914183156e-02 1.038883400000000000e+07
2.789125443722943132e+01 9.643796840595519893e-02 1.039563000000000000e+07
2.792188445130166841e+01 9.623777932123604717e-02 1.042536200000000000e+07
2.795253094588477083e+01 9.598507868647790375e-02 1.045427400000000000e+07
2.798318763838284440e+01 9.575917129257872917e-02 1.047829400000000000e+07
2.801384997205349237e+01 9.558948507772654923e-02 1.050181800000000000e+07
2.804449546843089891e+01 9.538455759067447637e-02 1.051481000000000000e+07
2.807514459055270706e+01 9.522109156625911675e-02 1.054884200000000000e+07
2.810579893174551813e+01 9.491953763710124503e-02 1.056646200000000000e+07
2.813644319397282700e+01 9.468246336715213651e-02 1.058681000000000000e+07
2.816709334499659789e+01 9.456571832529844790e-02 1.061495400000000000e+07
2.819773627008090600e+01 9.429060961406084129e-02 1.063105400000000000e+07
2.822838440275558369e+01 9.409858012699248708e-02 1.066236200000000000e+07
2.825903669354339343e+01 9.392340060059789497e-02 1.068335400000000000e+07
2.828968213955753441e+01 9.375591744430335217e-02 1.069929800000000000e+07
2.832033557002852930e+01 9.354706148239158581e-02 1.073878200000000000e+07
2.835098683749683346e+01 9.344385232146602827e-02 1.074420200000000000e+07
2.838163630947162730e+01 9.318305791608491595e-02 1.078218600000000000e+07
2.841227563085324093e+01 9.301989802285885733e-02 1.078496600000000000e+07
2.844292475750595273e+01 9.278470003243510789e-02 1.083393800000000000e+07
2.847359150819448459e+01 9.262007682793120533e-02 1.084813800000000000e+07
2.850425483773282664e+01 9.246909028573908895e-02 1.087376600000000000e+07
2.853490447676422903e+01 9.221296765766782977e-02 1.088697000000000000e+07
2.856554225700441307e+01 9.205474471250339741e-02 1.091244200000000000e+07
2.859618507886883876e+01 9.190987078549667233e-02 1.093669800000000000e+07
2.862683629450151912e+01 9.176169818884344354e-02 1.096614200000000000e+07
2.865746767483001278e+01 9.151661457016144197e-02 1.096874600000000000e+07
2.868810162725141666e+01 9.128526614034714048e-02 1.101460200000000000e+07
2.871877066728239924e+01 9.112844403951397831e-02 1.104277400000000000e+07
2.874944211863178012e+01 9.098614479408440037e-02 1.106147400000000000e+07
2.878008769129001720e+01 9.077126110300791362e-02 1.107245000000000000e+07
2.881071843644816255e+01 9.064903876047790410e-02 1.109692200000000000e+07
2.884138462527048929e+01 9.030916336623626139e-02 1.114652600000000000e+07
2.887205280920166572e+01 9.017878195363517035e-02 1.114560200000000000e+07
2.890268823669603648e+01 9.000074719464004613e-02 1.116844200000000000e+07
2.893330357639574046e+01 8.982534768983978235e-02 1.118108600000000000e+07
2.896397035628928762e+01 8.965194708249178690e-02 1.125011400000000000e+07
2.899465187815729905e+01 8.952012638913028897e-02 1.124210600000000000e+07
2.902529004403753632e+01 8.928813160171376884e-02 1.126544600000000000e+07
2.905592397674332972e+01 8.909166770782658840e-02 1.128549000000000000e+07
2.908658740450306013e+01 8.898245661005782514e-02 1.133592200000000000e+07
2.911724974944597477e+01 8.877094746485697518e-02 1.133013000000000000e+07
2.914787047086730354e+01 8.865488251137816633e-02 1.135727000000000000e+07
2.917851218588677753e+01 8.842583495198653998e-02 1.138909800000000000e+07
2.920917994379766469e+01 8.826070139416286597e-02 1.142664200000000000e+07
2.923984020518843607e+01 8.803895499554821591e-02 1.143135800000000000e+07
2.927048529662244292e+01 8.800983341211335298e-02 1.146229800000000000e+07
2.930112725521218664e+01 8.768403500522074789e-02 1.147920200000000000e+07
2.933177374858156128e+01 8.759529206813078395e-02 1.150974600000000000e+07
2.936240891911117856e+01 8.743155139666869413e-02 1.152306200000000000e+07
2.939304480459886548e+01 8.725668385223182832e-02 1.155621000000000000e+07
2.942370281367375640e+01 8.705580775476468025e-02 1.158828200000000000e+07
2.945435442424784256e+01 8.692674220402932250e-02 1.159964600000000000e+07
2.948501885409245915e+01 8.663918083851010477e-02 1.164527400000000000e+07
2.951568131644257065e+01 8.658754900922266406e-02 1.164933800000000000e+07
2.954630943029124168e+01 8.639717858457490740e-02 1.166538600000000000e+07
2.957696687066465202e+01 8.626529700700197312e-02 1.171928600000000000e+07
2.960762973599409165e+01 8.602991765535582258e-02 1.172073800000000000e+07
2.963827910425833423e+01 8.590834902442978649e-02 1.175507400000000000e+07
2.966892245050443577e+01 8.575919533216408430e-02 1.176716600000000000e+07
2.969958171988989903e+01 8.558152681721165056e-02 1.181334600000000000e+07
2.973025161634517843e+01 8.536943625823964488e-02 1.182545000000000000e+07
2.976087689384098667e+01 8.523985371652643972e-02 1.182881400000000000e+07
2.979151934159806103e+01 8.507053100959592606e-02 1.188441800000000000e+07
2.982218666376524396e+01 8.494098359732774051e-02 1.190037800000000000e+07
2.985282577868301601e+01 8.480654962100274419e-02 1.190800200000000000e+07
2.988344557129535062e+01 8.459325971080973450e-02 1.193747000000000000e+07
2.991409824346948909e+01 8.444391911392927497e-02 1.198134600000000000e+07
2.994476759374305530e+01 8.431369421496007210e-02 1.199815400000000000e+07
2.997541468366090101e+01 8.418945624751680845e-02 1.201579800000000000e+07
3.000606450866456854e+01 8.406140440951485882e-02 1.204658600000000000e+07
3.003672118713024020e+01 8.389006799011299031e-02 1.207322600000000000e+07
3.006737261500484948e+01 8.371251975909414778e-02 1.208937000000000000e+07
3.009802353665422459e+01 8.355988582492650252e-02 1.212366200000000000e+07
3.012866380509269604e+01 8.343875200778826107e-02 1.212901800000000000e+07
3.015929791586058428e+01 8.328681199089664478e-02 1.216869800000000000e+07
3.018994583799627307e+01 8.314964355056610190e-02 1.219107000000000000e+07
3.022062124794907234e+01 8.297392641671481883e-02 1.223729000000000000e+07
3.025129018624486932e+01 8.279651906600681011e-02 1.223743400000000000e+07
3.028193817926301890e+01 8.265001919404568742e-02 1.226943000000000000e+07
3.031258695709031059e+01 8.247888502035348457e-02 1.228831400000000000e+07
3.034322731892392966e+01 8.241757717388285831e-02 1.231200200000000000e+07
3.037386370818878234e+01 8.224761642532146810e-02 1.233378600000000000e+07
3.040449885904552829e+01 8.211740982154802637e-02 1.236265400000000000e+07
3.043516156591327615e+01 8.195411740740758677e-02 1.240528200000000000e+07
3.046582747350058895e+01 8.176278038818375615e-02 1.241484200000000000e+07
3.049646593130319516e+01 8.164116092312903583e-02 1.243327800000000000e+07
3.052711147469950248e+01 8.151566144659881663e-02 1.246944200000000000e+07
3.055777100155219017e+01 8.130578891624988536e-02 1.249710600000000000e+07
3.058842537388453309e+01 8.125884974387588555e-02 1.251307400000000000e+07
3.061905924361232323e+01 8.102883145750741645e-02 1.253190200000000000e+07
3.064969867554323457e+01 8.090685818157514198e-02 1.256769000000000000e+07
3.068036610992051294e+01 8.077287739168781400e-02 1.260333800000000000e+07
3.071102250832555924e+01 8.066584396584845773e-02 1.261272600000000000e+07
3.074166164535376566e+01 8.050030186464338100e-02 1.263480200000000000e+07
3.077229526260031278e+01 8.030505171475660342e-02 1.266273000000000000e+07
3.080294880836461502e+01 8.034538371501696863e-02 1.269908600000000000e+07
3.083359880383601137e+01 8.019398577177663801e-02 1.271107400000000000e+07
3.086423437926716673e+01 7.991426276805468909e-02 1.273909800000000000e+07
3.089488408063505887e+01 7.984836806325076863e-02 1.276949000000000000e+07
3.092554030516775043e+01 7.975196618104538060e-02 1.279968600000000000e+07
3.095620964309912893e+01 7.953090611574457902e-02 1.282862600000000000e+07
3.098685566491367638e+01 7.948128833050698006e-02 1.283279400000000000e+07
3.101749998811832043e+01 7.933040937897979650e-02 1.287594200000000000e+07
3.104817099201691377e+01 7.922562650343080437e-02 1.290631400000000000e+07
3.107882289023607214e+01 7.910797055893997731e-02 1.291312200000000000e+07
3.110945493689143859e+01 7.893898795007878166e-02 1.293734600000000000e+07
3.114009460761812065e+01 7.885749304691284933e-02 1.297337400000000000e+07
3.117076037718583592e+01 7.865218551110571277e-02 1.300817000000000000e+07
3.120142550401457626e+01 7.862200124214924202e-02 1.302581000000000000e+07
3.123206007488744973e+01 7.843211271798483653e-02 1.303359000000000000e+07
3.126270582930477815e+01 7.836292728554265785e-02 1.308369800000000000e+07
3.129336027402579745e+01 7.817785771593498134e-02 1.309470600000000000e+07
3.132399628986673790e+01 7.811270152257009103e-02 1.311900200000000000e+07
3.135463242066359157e+01 7.795107059634492908e-02 1.314631800000000000e+07
