# k_mean_over_bin [h Mpc^-1] P_bin [h^-3 Mpc^3] N_modes
3.911336014668146538e-02 1.219597916666666606e+04 1.800000000000000000e+01
6.837341045179674837e-02 1.037653326612903220e+04 6.200000000000000000e+01
9.606098566128283556e-02 4.467980548469387031e+03 9.800000000000000000e+01
1.244554894311087484e-01 4.256336309523810087e+03 2.100000000000000000e+02
1.562393171446664064e-01 3.031894285714285616e+03 3.500000000000000000e+02
1.876351697577370581e-01 2.414594722222222117e+03 4.500000000000000000e+02
2.167467008100395498e-01 2.055619808970099712e+03 6.020000000000000000e+02
2.459661192468458046e-01 1.757306758530183743e+03 7.620000000000000000e+02
2.776061288634031343e-01 1.408197898423817833e+03 1.142000000000000000e+03
3.093581660270691147e-01 1.256429300000000012e+03 1.250000000000000000e+03
3.390238072074162612e-01 1.135944701646090380e+03 1.458000000000000000e+03
3.686891987081925004e-01 1.018265090959206191e+03 1.814000000000000000e+03
3.998179640432800719e-01 9.886137511478420947e+02 2.178000000000000000e+03
4.307427349283372564e-01 9.541120896717372943e+02 2.498000000000000000e+03
4.602541775534300106e-01 8.133773836765827809e+02 2.622000000000000000e+03
4.905365640492836410e-01 7.812385410425404189e+02 3.338000000000000000e+03
5.220185972105617633e-01 7.195010746910263606e+02 3.722000000000000000e+03
5.533037531861869640e-01 6.607106714628297368e+02 4.170000000000000000e+03
5.834579143079938746e-01 6.312323313446535167e+02 4.358000000000000000e+03
6.135626871243894387e-01 5.925311382598331420e+02 5.034000000000000000e+03
6.446289557821482941e-01 5.812323678683934531e+02 5.714000000000000000e+03
6.753962663893156027e-01 5.608106402540955742e+02 5.982000000000000000e+03
7.056079657646209258e-01 5.306691154195698346e+02 6.602000000000000000e+03
7.358702805567255423e-01 5.074097475455820927e+02 7.130000000000000000e+03
7.666965816517745669e-01 4.993335511575803025e+02 8.034000000000000000e+03
7.977642657007141258e-01 4.723293341854520122e+02 8.606000000000000000e+03
8.284170882817059045e-01 4.590689388925655976e+02 9.066000000000000000e+03
8.590304504147353581e-01 4.448628789399718926e+02 9.962000000000000000e+03
8.897547830450591722e-01 4.258373933649289143e+02 1.055000000000000000e+04
9.202467144416993650e-01 4.073503028683413731e+02 1.122600000000000000e+04
9.507708295887784544e-01 3.961522311872221280e+02 1.214600000000000000e+04
9.811824151074982625e-01 3.906256544502618340e+02 1.260600000000000000e+04
1.011684221748752277e+00 3.757318142298217936e+02 1.380200000000000000e+04
1.042628223097419760e+00 3.666413514978988246e+02 1.475400000000000000e+04
1.073331423130289064e+00 3.592770830591022673e+02 1.519400000000000000e+04
1.103867755953996443e+00 3.449885438191321327e+02 1.645400000000000000e+04
1.134626123126019959e+00 3.350482103299521555e+02 1.715400000000000000e+04
1.165311979605310189e+00 3.227826836745866785e+02 1.826600000000000000e+04
1.195715701344807869e+00 3.126919466666666381e+02 1.875000000000000000e+04
1.226212543355766904e+00 3.107780221409508385e+02 2.023400000000000000e+04
1.257106684237927041e+00 3.018763869463869582e+02 2.145000000000000000e+04
1.287903710180657191e+00 2.957049676714324846e+02 2.196200000000000000e+04
1.318485981586206890e+00 2.819504517943909718e+02 2.346200000000000000e+04
1.349079736575599542e+00 2.771908951002412778e+02 2.404200000000000000e+04
1.379852114035814425e+00 2.746957527171818469e+02 2.594600000000000000e+04
1.410480275290311170e+00 2.644078604793629097e+02 2.611800000000000000e+04
1.440742128148283729e+00 2.556238275285392092e+02 2.750600000000000000e+04
1.471255328685920905e+00 2.491940067432739454e+02 2.906600000000000000e+04
1.502136784696030958e+00 2.446028078817734013e+02 3.045000000000000000e+04
1.533052783826297283e+00 2.426969472623023023e+02 3.174200000000000000e+04
1.563639454531115192e+00 2.384073953488372126e+02 3.225000000000000000e+04
1.594207740129345519e+00 2.298044379562043957e+02 3.425000000000000000e+04
1.624993071443384896e+00 2.268988971625204556e+02 3.545400000000000000e+04
1.655631361837712090e+00 2.208503183839270889e+02 3.643400000000000000e+04
1.686043534699749769e+00 2.170180324823523108e+02 3.768200000000000000e+04
1.716490578110202225e+00 2.100070366977146818e+02 3.929400000000000000e+04
1.747331588627294874e+00 2.087654854439241205e+02 4.142600000000000000e+04
1.778105141829419589e+00 2.054393572005895408e+02 4.206600000000000000e+04
1.808604007799013091e+00 1.962448838813520524e+02 4.349000000000000000e+04
1.839287024270282567e+00 1.935275917902936555e+02 4.570200000000000000e+04
1.870041864274240018e+00 1.874666123429257709e+02 4.663400000000000000e+04
1.900737122550122393e+00 1.862336779667998599e+02 4.855400000000000000e+04
1.931106014629314860e+00 1.796464906895845957e+02 4.887000000000000000e+04
1.961523677526103127e+00 1.777516390580749999e+02 5.155400000000000000e+04
1.992455947436605701e+00 1.723985764466629576e+02 5.409000000000000000e+04
2.023265045582995914e+00 1.717589203520270758e+02 5.431400000000000000e+04
2.053922539849919016e+00 1.684000000000000057e+02 5.691000000000000000e+04
2.084529483730196198e+00 1.624778017466337303e+02 5.748200000000000000e+04
2.115224791136270266e+00 1.617053079536832172e+02 6.062600000000000000e+04
2.145940900281321451e+00 1.567508250825082712e+02 6.120600000000000000e+04
2.176332471415279191e+00 1.547776250599328876e+02 6.257000000000000000e+04
2.206919797950731787e+00 1.506323596531264286e+02 6.573000000000000000e+04
2.237635070960208417e+00 1.475908586509912084e+02 6.668600000000000000e+04
2.268416329433683210e+00 1.439607449281184586e+02 6.969800000000000000e+04
2.299091711246687986e+00 1.427233741753063327e+02 7.002600000000000000e+04
2.329659180150480235e+00 1.399137684546229536e+02 7.274600000000000000e+04
2.360394721737119283e+00 1.367808303297290138e+02 7.491000000000000000e+04
2.390975199166128995e+00 1.358718470193603025e+02 7.572200000000000000e+04
2.421460073556194192e+00 1.318663910791293574e+02 7.837800000000000000e+04
2.452028836611731322e+00 1.297531800574784313e+02 8.003000000000000000e+04
2.482752885913177110e+00 1.267349914649099674e+02 8.318600000000000000e+04
2.513535292349708072e+00 1.240554059480783167e+02 8.466600000000000000e+04
2.544225237245184790e+00 1.216793266008827743e+02 8.654600000000000000e+04
2.574773866485851048e+00 1.192749790092359348e+02 8.813400000000000000e+04
2.605444086916172797e+00 1.164979352837073066e+02 9.153800000000000000e+04
2.636246016268779524e+00 1.151977817861667575e+02 9.313800000000000000e+04
2.666818018924998590e+00 1.131357353034568973e+02 9.447800000000000000e+04
2.697363618359566839e+00 1.105535600468779052e+02 9.727400000000000000e+04
2.728019604504508866e+00 1.098933694452803849e+02 9.969000000000000000e+04
2.758802868025683530e+00 1.074642265328004811e+02 1.025900000000000000e+05
2.789534229339404092e+00 1.051100221644020536e+02 1.037700000000000000e+05
2.820110463944515811e+00 1.034408346341188150e+02 1.063460000000000000e+05
2.850758474967378220e+00 1.015202586921673742e+02 1.085460000000000000e+05
2.881313531403897787e+00 1.002147734046204164e+02 1.107260000000000000e+05
2.911785445579514686e+00 9.875509695340183214e+01 1.123220000000000000e+05
2.942296885913312732e+00 9.635814134092674976e+01 1.158900000000000000e+05
2.973018636090491551e+00 9.493008941953083024e+01 1.187660000000000000e+05
3.003960234284211772e+00 9.384393039951594062e+01 1.222980000000000000e+05
3.034645244098625572e+00 9.215759685477927121e+01 1.220900000000000000e+05
3.065200286165120414e+00 9.027898418249741042e+01 1.258100000000000000e+05
3.095834962651569544e+00 8.858130899446133810e+01 1.281900000000000000e+05
3.126534896692137799e+00 8.751703894834876962e+01 1.309940000000000000e+05
3.157254587660618839e+00 8.584479741553371923e+01 1.337220000000000000e+05
3.187691458898155972e+00 8.460252752341544635e+01 1.338860000000000000e+05
3.218359550987105244e+00 8.400943517055884513e+01 1.405380000000000000e+05
3.249147146635412042e+00 8.265296527590082576e+01 1.405940000000000000e+05
3.279708286755456559e+00 8.061446857111020847e+01 1.435940000000000000e+05
3.310282650626811485e+00 7.924563597840202078e+01 1.463100000000000000e+05
3.341041738096756752e+00 7.897879190175903830e+01 1.506500000000000000e+05
3.371829763035033789e+00 7.724952275629632936e+01 1.519140000000000000e+05
3.402297796942758357e+00 7.614154030691403818e+01 1.533980000000000000e+05
3.432832982060985749e+00 7.488575754120583383e+01 1.578660000000000000e+05
3.463520961645436547e+00 7.389917713403627886e+01 1.606580000000000000e+05
3.494268698776064941e+00 7.272966203946326402e+01 1.641020000000000000e+05
3.524882682212484575e+00 7.187736523752379014e+01 1.649940000000000000e+05
3.555471568173579122e+00 7.094125404768912802e+01 1.698500000000000000e+05
3.586282686546968357e+00 6.976933393453805365e+01 1.729860000000000000e+05
3.616919594142721461e+00 6.893671432021807277e+01 1.738940000000000000e+05
3.647368063767713497e+00 6.747219676656597187e+01 1.767780000000000000e+05
3.677992804816497596e+00 6.681643216246246197e+01 1.818020000000000000e+05
3.708738931120072024e+00 6.618935639538037208e+01 1.844300000000000000e+05
3.739459730643931668e+00 6.504228752096217647e+01 1.872420000000000000e+05
3.770116200383169858e+00 6.404398423127464923e+01 1.902500000000000000e+05
3.800728857439862107e+00 6.353997507399906652e+01 1.925700000000000000e+05
3.831471188539541384e+00 6.250932641964348591e+01 1.982540000000000000e+05
3.862151110977656732e+00 6.158291850520512867e+01 1.980740000000000000e+05
3.892653862982213830e+00 6.054867607027963317e+01 2.020500000000000000e+05
3.923205785510675891e+00 5.963047074967639816e+01 2.055020000000000000e+05
3.953960730198294637e+00 5.902496368659394221e+01 2.106660000000000000e+05
3.984703376546768538e+00 5.812245205389171332e+01 2.124260000000000000e+05
4.015247109978196782e+00 5.727723239746070760e+01 2.139180000000000000e+05
4.045907609536984140e+00 5.648483669239888627e+01 2.209940000000000000e+05
4.076640767458163062e+00 5.562373037440976731e+01 2.215220000000000000e+05
4.107291653286554656e+00 5.510868527797661187e+01 2.263140000000000000e+05
4.137850364426196137e+00 5.429488679859564826e+01 2.272940000000000000e+05
4.168439512608713038e+00 5.352350597951597422e+01 2.329620000000000000e+05
4.199236749561098492e+00 5.295467121916760078e+01 2.378180000000000000e+05
4.229947929265353679e+00 5.221726272871416796e+01 2.383980000000000000e+05
4.260462426058084340e+00 5.126428849547258437e+01 2.414180000000000000e+05
4.291046899785903257e+00 5.085978737369234892e+01 2.468180000000000000e+05
4.321739014984441241e+00 5.023054268404920464e+01 2.499060000000000000e+05
4.352456027103726477e+00 4.949876326059472831e+01 2.547020000000000000e+05
4.383033077269767652e+00 4.903658939225997671e+01 2.544180000000000000e+05
4.413534074271517227e+00 4.838737257733701114e+01 2.603540000000000000e+05
4.444200357558366399e+00 4.763271868183293378e+01 2.649740000000000000e+05
4.474952179323342882e+00 4.724246247050855629e+01 2.687220000000000000e+05
4.505641422859886447e+00 4.663819680220355224e+01 2.715620000000000000e+05
4.536316088749490660e+00 4.600576226658828460e+01 2.755860000000000000e+05
4.567046341728766556e+00 4.534817802205646586e+01 2.801900000000000000e+05
4.597751251862217892e+00 4.486320244383631461e+01 2.828340000000000000e+05
4.628349450743415083e+00 4.439538520882280892e+01 2.851700000000000000e+05
4.658885037465664958e+00 4.364338395093243150e+01 2.898860000000000000e+05
4.689537847550620420e+00 4.330726312000380318e+01 2.944740000000000000e+05
4.720267580499146298e+00 4.275161770696298191e+01 2.994980000000000000e+05
4.750887740307660145e+00 4.234972229445455838e+01 2.999580000000000000e+05
4.781458163146202089e+00 4.175493202728063125e+01 3.058580000000000000e+05
4.812139804037513180e+00 4.132781842635314717e+01 3.107940000000000000e+05
4.842826296526053120e+00 4.076198887192492748e+01 3.130820000000000000e+05
4.873346903503020577e+00 4.037761591667035788e+01 3.160460000000000000e+05
4.903952058997482766e+00 3.993593157427579854e+01 3.222180000000000000e+05
4.934760029521842561e+00 3.947562712669146379e+01 3.285620000000000000e+05
4.965452501381958150e+00 3.887270953382725480e+01 3.279900000000000000e+05
4.996086282036240611e+00 3.859894954098341202e+01 3.352820000000000000e+05
5.026695485686597742e+00 3.810326219602940512e+01 3.359700000000000000e+05
5.057355002192011284e+00 3.785171159021815868e+01 3.440660000000000000e+05
5.087967611864264939e+00 3.742296882909827360e+01 3.437180000000000000e+05
5.118544807508640382e+00 3.702448093588014899e+01 3.514980000000000000e+05
5.149234444935959054e+00 3.667771922202348378e+01 3.544580000000000000e+05
5.179860758536608323e+00 3.617117350780609542e+01 3.585660000000000000e+05
5.210624402206279093e+00 3.591929466134239135e+01 3.661220000000000000e+05
5.241317970278694283e+00 3.545582406167135758e+01 3.658100000000000000e+05
5.271888078465520877e+00 3.525791530103169436e+01 3.716220000000000000e+05
5.302538962989003402e+00 3.483217992159282517e+01 3.759860000000000000e+05
5.333241296744681392e+00 3.433663814532799563e+01 3.821700000000000000e+05
5.363843287577101826e+00 3.404803335620636062e+01 3.818180000000000000e+05
5.394377881285376652e+00 3.362781910497106708e+01 3.895740000000000000e+05
5.425045278876105215e+00 3.328151019309216707e+01 3.936980000000000000e+05
5.455748191050116880e+00 3.291848704995268804e+01 3.994580000000000000e+05
5.486417791867136629e+00 3.259787878335844624e+01 4.022220000000000000e+05
5.517054280059129567e+00 3.233071448582283836e+01 4.069220000000000000e+05
5.547729067425179572e+00 3.194707418334375149e+01 4.128420000000000000e+05
5.578396539675297916e+00 3.163602634911616107e+01 4.153460000000000000e+05
5.609013027442932398e+00 3.119977824313479786e+01 4.211820000000000000e+05
5.639660721036475977e+00 3.108251179950025644e+01 4.250180000000000000e+05
5.670338352606606236e+00 3.081497571543217973e+01 4.311380000000000000e+05
5.701002224415820052e+00 3.049996777030355588e+01 4.343820000000000000e+05
5.731652461074824068e+00 3.006202760321627920e+01 4.395140000000000000e+05
5.762312139234633257e+00 2.970570763011031090e+01 4.447380000000000000e+05
5.792988623860222397e+00 2.949618409035218392e+01 4.489100000000000000e+05
5.823527921889432690e+00 2.925097310804273576e+01 4.506180000000000000e+05
5.854115639221332934e+00 2.894363230436466594e+01 4.595540000000000000e+05
5.884803383516547193e+00 2.867181163707660829e+01 4.631060000000000000e+05
5.915403549749584933e+00 2.839165135925530947e+01 4.670940000000000000e+05
5.946097918579516417e+00 2.801052768993005415e+01 4.749380000000000000e+05
5.976784376694718404e+00 2.785278905919285108e+01 4.771860000000000000e+05
6.007474398726609266e+00 2.754810283285534567e+01 4.846700000000000000e+05
6.038161603080837381e+00 2.723664401141660463e+01 4.870100000000000000e+05
6.068803116216009208e+00 2.693538192712957624e+01 4.933140000000000000e+05
6.099443541903901256e+00 2.681601863306482159e+01 4.963220000000000000e+05
6.130013467858260512e+00 2.649073752944975269e+01 5.017020000000000000e+05
6.160659038280898336e+00 2.625583901274574217e+01 5.085620000000000000e+05
6.191382862441213497e+00 2.604182466620774150e+01 5.142420000000000000e+05
6.222022549110604928e+00 2.567895101887406639e+01 5.161580000000000000e+05
6.252618937652392184e+00 2.553692102211625681e+01 5.226020000000000000e+05
6.283314506372367880e+00 2.526814068571471594e+01 5.306580000000000000e+05
6.313956888688901259e+00 2.508378769984265588e+01 5.300420000000000000e+05
6.344526529636881129e+00 2.480751858491161244e+01 5.388780000000000000e+05
6.375193447856655204e+00 2.473742671787992009e+01 5.441300000000000000e+05
6.405923794226229262e+00 2.429143032374897260e+01 5.511060000000000000e+05
6.436615537335857340e+00 2.415511514814560812e+01 5.539820000000000000e+05
6.467240689922951979e+00 2.399182970826272410e+01 5.582420000000000000e+05
6.497840343194827284e+00 2.375270571397193464e+01 5.645460000000000000e+05
6.528490514375480558e+00 2.352982152310103103e+01 5.704940000000000000e+05
6.559189482379200520e+00 2.326660216865882447e+01 5.767620000000000000e+05
6.589792657935158005e+00 2.310456493391948385e+01 5.782340000000000000e+05
6.620368275030441119e+00 2.297369148968866170e+01 5.856660000000000000e+05
6.651059279332403484e+00 2.266541956712636718e+01 5.944460000000000000e+05
6.681735101215181771e+00 2.250825199496010143e+01 5.952500000000000000e+05
6.712352184571596325e+00 2.229945707836566626e+01 6.034020000000000000e+05
6.742994392514953361e+00 2.215359526624101605e+01 6.073820000000000000e+05
6.773707641956070447e+00 2.195074309978768667e+01 6.170100000000000000e+05
6.804368332827349874e+00 2.172429626218833931e+01 6.167780000000000000e+05
6.834957329072475218e+00 2.153125750304923969e+01 6.247460000000000000e+05
6.865533884427167166e+00 2.140247300425754062e+01 6.280620000000000000e+05
6.896209472882897096e+00 2.119383337764501718e+01 6.394100000000000000e+05
6.926963358802590953e+00 2.106346799304460404e+01 6.429540000000000000e+05
6.957595884588287483e+00 2.087473180035109976e+01 6.459740000000000000e+05
6.988217027338134990e+00 2.067577315643697489e+01 6.534900000000000000e+05
7.018912144628523642e+00 2.051421877695816676e+01 6.607460000000000000e+05
7.049598360905487304e+00 2.025637858348654774e+01 6.646460000000000000e+05
7.080168728874950190e+00 2.012829054833730424e+01 6.672900000000000000e+05
7.110800747994752591e+00 2.003622940824759979e+01 6.790340000000000000e+05
7.141530300546490295e+00 1.977691944891185472e+01 6.827220000000000000e+05
7.172250636009499303e+00 1.969906747024903026e+01 6.912380000000000000e+05
7.202854517584712291e+00 1.950712167551067111e+01 6.886020000000000000e+05
7.233403056127952091e+00 1.937346074489245495e+01 7.008260000000000000e+05
7.264069579203881410e+00 1.923297130921035958e+01 7.056620000000000000e+05
7.294683413182806220e+00 1.903700699355848869e+01 7.100820000000000000e+05
7.325311269352252630e+00 1.889359977306921223e+01 7.191620000000000000e+05
7.355966981418407435e+00 1.874927795084804316e+01 7.222500000000000000e+05
7.386612648734541153e+00 1.861754999931648413e+01 7.315100000000000000e+05
7.417310529501340177e+00 1.844629719652056821e+01 7.364420000000000000e+05
7.447945213101880846e+00 1.831910060494157122e+01 7.408980000000000000e+05
7.478607010838381974e+00 1.815547258044305323e+01 7.501580000000000000e+05
7.509321067315616105e+00 1.801020975908307165e+01 7.548660000000000000e+05
7.539974932446685152e+00 1.781339097244310921e+01 7.608260000000000000e+05
7.570585192452028878e+00 1.774513568767882177e+01 7.640340000000000000e+05
7.601198673865714461e+00 1.756478937669768925e+01 7.738460000000000000e+05
7.631877298250918429e+00 1.748318742513280455e+01 7.797140000000000000e+05
7.662521884307726516e+00 1.730007624497331520e+01 7.843140000000000000e+05
7.693137071617793588e+00 1.720819064323642777e+01 7.913420000000000000e+05
7.723811426513647049e+00 1.701300756262367742e+01 7.994580000000000000e+05
7.754494077568185872e+00 1.687235794981626213e+01 8.049620000000000000e+05
7.785135803531300525e+00 1.677147427583225081e+01 8.095500000000000000e+05
7.815694237908749287e+00 1.667258666089706054e+01 8.134580000000000000e+05
7.846343679982115127e+00 1.652556193966173481e+01 8.274020000000000000e+05
7.877043316447378984e+00 1.642029016989734913e+01 8.286180000000000000e+05
7.907673669198284294e+00 1.627076487780164982e+01 8.369180000000000000e+05
7.938328804946242379e+00 1.614889295434430139e+01 8.428740000000000000e+05
7.968975407284135670e+00 1.602958539474272825e+01 8.493380000000000000e+05
7.999667994830390150e+00 1.590182340600413013e+01 8.589420000000000000e+05
8.030349243530407577e+00 1.577035534008998852e+01 8.609780000000000000e+05
8.060946961497052143e+00 1.567779779028175469e+01 8.683460000000000000e+05
8.091572720963124965e+00 1.549626580007632981e+01 8.751540000000000000e+05
8.122271484065059610e+00 1.540271762802212407e+01 8.862140000000000000e+05
8.152953690965352607e+00 1.531425509327815604e+01 8.873460000000000000e+05
8.183566695722484852e+00 1.518272017662846096e+01 8.949860000000000000e+05
8.214194695410645508e+00 1.507745681643467783e+01 9.027740000000000000e+05
8.244899107337827715e+00 1.500356205474315807e+01 9.121140000000000000e+05
8.275572896457878969e+00 1.481840953153243845e+01 9.150260000000000000e+05
8.306162294726084028e+00 1.473290209554612140e+01 9.201420000000000000e+05
8.336764679477866480e+00 1.460621750512496675e+01 9.297620000000000000e+05
8.367430340319790716e+00 1.455561278791252455e+01 9.376980000000000000e+05
8.398127428085201629e+00 1.445230121448576455e+01 9.447620000000000000e+05
8.428757837489422755e+00 1.436748803590599088e+01 9.482540000000000000e+05
8.459372296062671381e+00 1.428027428872431237e+01 9.568020000000000000e+05
8.490063465610685256e+00 1.412579961101959647e+01 9.676580000000000000e+05
8.520744025357005924e+00 1.404405477146587344e+01 9.697020000000000000e+05
8.551309344016351233e+00 1.393271155642702475e+01 9.740900000000000000e+05
8.581943800972473113e+00 1.383985646678442372e+01 9.884820000000000000e+05
8.612642412703635841e+00 1.372389752357372927e+01 9.919940000000000000e+05
8.643308537119485990e+00 1.366647553020388806e+01 1.001030000000000000e+06
8.673970834036897060e+00 1.359269182952906796e+01 1.005450000000000000e+06
8.704610753383335009e+00 1.346520895931690376e+01 1.013738000000000000e+06
8.735274622149603374e+00 1.336569085161151449e+01 1.021710000000000000e+06
8.765876554462561643e+00 1.330567316578516035e+01 1.023626000000000000e+06
8.796472033298300630e+00 1.318100100981431311e+01 1.035834000000000000e+06
8.827113104195804638e+00 1.310511670987119359e+01 1.040786000000000000e+06
8.857794945353973048e+00 1.302988968919660451e+01 1.053206000000000000e+06
8.888492903056484096e+00 1.293629245734634381e+01 1.057002000000000000e+06
8.919147318144009517e+00 1.282874768069871330e+01 1.063898000000000000e+06
8.949810470249602190e+00 1.276067551468984362e+01 1.072782000000000000e+06
8.980482087512241307e+00 1.266135410158820918e+01 1.078826000000000000e+06
9.011149622969513828e+00 1.257278279141335631e+01 1.087922000000000000e+06
9.041778006101507614e+00 1.250498764779998773e+01 1.090494000000000000e+06
9.072395809677630041e+00 1.242989952440705181e+01 1.101362000000000000e+06
9.103062344101488179e+00 1.233888297191751349e+01 1.109802000000000000e+06
9.133716582676932205e+00 1.223924508799351152e+01 1.114514000000000000e+06
9.164343279595041025e+00 1.214641800260871385e+01 1.123926000000000000e+06
9.194939762742391665e+00 1.210986371056123190e+01 1.125986000000000000e+06
9.225588868133300480e+00 1.199568800423941539e+01 1.143554000000000000e+06
9.256279045055194388e+00 1.189716085296712578e+01 1.144710000000000000e+06
9.286922908321361803e+00 1.184775540762795742e+01 1.154018000000000000e+06
9.317551510994961816e+00 1.179059572641172871e+01 1.159962000000000000e+06
9.348218920250847219e+00 1.168312003730189907e+01 1.170986000000000000e+06
9.378902337186493909e+00 1.161630686283996283e+01 1.178142000000000000e+06
9.409551722439367438e+00 1.156512530080140522e+01 1.182674000000000000e+06
9.440170036212245819e+00 1.144645097153489210e+01 1.191002000000000000e+06
9.470808264249194863e+00 1.137962310423362133e+01 1.200438000000000000e+06
9.501473313875692384e+00 1.132185418842837343e+01 1.208162000000000000e+06
9.532125831626755641e+00 1.125238838172634992e+01 1.215258000000000000e+06
9.562784141325121112e+00 1.116193978763762829e+01 1.224134000000000000e+06
9.593416274997863979e+00 1.109321799398073871e+01 1.228722000000000000e+06
9.624083196782743599e+00 1.105483793641013079e+01 1.243154000000000000e+06
9.654771367964533724e+00 1.095046546023313994e+01 1.245434000000000000e+06
9.685402552280704569e+00 1.088047162189939421e+01 1.255158000000000000e+06
9.715969395840117429e+00 1.079862298006546695e+01 1.255610000000000000e+06
9.746617449311713699e+00 1.074793708641928980e+01 1.277562000000000000e+06
9.777290304407999955e+00 1.069942106725130238e+01 1.274414000000000000e+06
9.807885176827742413e+00 1.062905581207999539e+01 1.285994000000000000e+06
9.838572910167970420e+00 1.053401278884554060e+01 1.299570000000000000e+06
9.869276202679451160e+00 1.049806392949354894e+01 1.302122000000000000e+06
9.899918968135150266e+00 1.043547339186771694e+01 1.311366000000000000e+06
9.930567900523143976e+00 1.035003100396759912e+01 1.319186000000000000e+06
9.961220892975154229e+00 1.029236933813658617e+01 1.327434000000000000e+06
9.991891019630978477e+00 1.020854426924819869e+01 1.337294000000000000e+06
1.002255517125434281e+01 1.016124835223760670e+01 1.342730000000000000e+06
1.005316914398451544e+01 1.008963548723872172e+01 1.350570000000000000e+06
1.008383306751157882e+01 1.004720789085491539e+01 1.362590000000000000e+06
1.011452669049533171e+01 9.969264757632704033e+00 1.369698000000000000e+06
1.014516461762413080e+01 9.947700728918318802e+00 1.374914000000000000e+06
1.017577620860668830e+01 9.853859942034013386e+00 1.383570000000000000e+06
1.020642519374937507e+01 9.817309194524192151e+00 1.395374000000000000e+06
1.023705093164075741e+01 9.740778414223683512e+00 1.396994000000000000e+06
1.026765629299071136e+01 9.682895864770852512e+00 1.411530000000000000e+06
1.029830666316376231e+01 9.622126252315576167e+00 1.417574000000000000e+06
1.032896362286516911e+01 9.555667768264193285e+00 1.428834000000000000e+06
1.035966663242073871e+01 9.488087014894880156e+00 1.439018000000000000e+06
1.039031911060697233e+01 9.457776716563778052e+00 1.440698000000000000e+06
1.042093797488244000e+01 9.414165700126165603e+00 1.453638000000000000e+06
1.045161990055933643e+01 9.345772181169392567e+00 1.463426000000000000e+06
1.048230905031899418e+01 9.286098365113353736e+00 1.471050000000000000e+06
1.051294965218652244e+01 9.237057423688135316e+00 1.476638000000000000e+06
1.054355485794442338e+01 9.164654495286519875e+00 1.484466000000000000e+06
1.057423043832554121e+01 9.119025096692277899e+00 1.501154000000000000e+06
1.060491061368286125e+01 9.071362836667097085e+00 1.501706000000000000e+06
1.063551747879349385e+01 9.020465073813994650e+00 1.511502000000000000e+06
1.066612943100288469e+01 8.952683600024732513e+00 1.520234000000000000e+06
1.069681502375580706e+01 8.906440348922808781e+00 1.535010000000000000e+06
1.072753921292190249e+01 8.856112450902513089e+00 1.543358000000000000e+06
1.075810936250636551e+01 8.813509194831985027e+00 1.535754000000000000e+06
1.078871245727466643e+01 8.757224236676588447e+00 1.564802000000000000e+06
1.081940715839958322e+01 8.718070833850488199e+00 1.563038000000000000e+06
1.085006912710444915e+01 8.678909876041069893e+00 1.578426000000000000e+06
1.088072708694015844e+01 8.612906754550477828e+00 1.581482000000000000e+06
1.091135924400057711e+01 8.585341497880358830e+00 1.592250000000000000e+06
1.094200406382756974e+01 8.527251393370489652e+00 1.602230000000000000e+06
1.097260696004568814e+01 8.457558603997870961e+00 1.604754000000000000e+06
1.100323988183271950e+01 8.444445128854580318e+00 1.623458000000000000e+06
1.103388999676240978e+01 8.372922808032445374e+00 1.624910000000000000e+06
1.106457698538006440e+01 8.330005312675899276e+00 1.645122000000000000e+06
1.109527667386575978e+01 8.281597199005549470e+00 1.645130000000000000e+06
1.112591330354135621e+01 8.228822025166303789e+00 1.655706000000000000e+06
1.115654526125968005e+01 8.187242936888564415e+00 1.663502000000000000e+06
1.118719498215796371e+01 8.133855043885040104e+00 1.675514000000000000e+06
1.121787429068015562e+01 8.072053132443045342e+00 1.685298000000000000e+06
1.124851237891747147e+01 8.045350107660782513e+00 1.689566000000000000e+06
1.127910286336602752e+01 8.021151456253496903e+00 1.697850000000000000e+06
1.130978165659318968e+01 7.957423310170342212e+00 1.718546000000000000e+06
1.134049191158932857e+01 7.900466443620327794e+00 1.719822000000000000e+06
1.137111294866358691e+01 7.853978892450188098e+00 1.726586000000000000e+06
1.140173420596685006e+01 7.816245070969982223e+00 1.739186000000000000e+06
1.143241645198721024e+01 7.768097523433691975e+00 1.751538000000000000e+06
1.146309378911906585e+01 7.742866861350736762e+00 1.758062000000000000e+06
1.149371033408863774e+01 7.680133408205285228e+00 1.763010000000000000e+06
1.152434210102386203e+01 7.655515837363561005e+00 1.778642000000000000e+06
1.155502891721602587e+01 7.602334139558599269e+00 1.788582000000000000e+06
1.158569884908570913e+01 7.577489516622406995e+00 1.794746000000000000e+06
1.161631920000943374e+01 7.528916036799405909e+00 1.803290000000000000e+06
1.164692839895572440e+01 7.471446524628145625e+00 1.811058000000000000e+06
1.167758201264465789e+01 7.439442384915865070e+00 1.828358000000000000e+06
1.170824671228167269e+01 7.427128006369030366e+00 1.831362000000000000e+06
1.173887056645718729e+01 7.354321238258891391e+00 1.842458000000000000e+06
1.176945759162609839e+01 7.313929955527835425e+00 1.846998000000000000e+06
1.180012033129267301e+01 7.276502015384763489e+00 1.869122000000000000e+06
1.183084921812949553e+01 7.247548693044885582e+00 1.876346000000000000e+06
1.186151413816298650e+01 7.201671077400124688e+00 1.879506000000000000e+06
1.189215148075095030e+01 7.157152545309154235e+00 1.893326000000000000e+06
1.192281647950092704e+01 7.129073847975577749e+00 1.901826000000000000e+06
1.195347780224454937e+01 7.084970831010239500e+00 1.911962000000000000e+06
1.198410945486709878e+01 7.042112382359714928e+00 1.919198000000000000e+06
1.201473998051305792e+01 7.016510365021588314e+00 1.930242000000000000e+06
1.204539491969681819e+01 6.967544462074028999e+00 1.942442000000000000e+06
1.207606591889535608e+01 6.941797396571459444e+00 1.951734000000000000e+06
1.210668159911830344e+01 6.901524085584448187e+00 1.955402000000000000e+06
1.213729590584212836e+01 6.879504000795189533e+00 1.971858000000000000e+06
1.216799463550970195e+01 6.831731403830323401e+00 1.984898000000000000e+06
1.219864337641968355e+01 6.798392285224387876e+00 1.986422000000000000e+06
1.222922477881376047e+01 6.769755819464108093e+00 1.996146000000000000e+06
1.225989282685840820e+01 6.725186480036250636e+00 2.017106000000000000e+06
1.229058821881884178e+01 6.683346546981695724e+00 2.020638000000000000e+06
1.232123136247960460e+01 6.652342183146688015e+00 2.029346000000000000e+06
1.235186527658106037e+01 6.631864152999360051e+00 2.041002000000000000e+06
1.238252216979992326e+01 6.602103390284920437e+00 2.051450000000000000e+06
1.241320937502392674e+01 6.556896169488538817e+00 2.065886000000000000e+06
1.244383941472429633e+01 6.526473132591863013e+00 2.064546000000000000e+06
1.247445220519574072e+01 6.478702614457542808e+00 2.082650000000000000e+06
1.250512629307856827e+01 6.455384305516179033e+00 2.095182000000000000e+06
1.253580287130877480e+01 6.429104964151548529e+00 2.101346000000000000e+06
1.256646238438352015e+01 6.394828494096581828e+00 2.115554000000000000e+06
1.259708474717591109e+01 6.359030351843921736e+00 2.115654000000000000e+06
1.262774588521747354e+01 6.326327166000487168e+00 2.141066000000000000e+06
1.265841835076503408e+01 6.294514965515243254e+00 2.139786000000000000e+06
1.268903676420887017e+01 6.249198262988326036e+00 2.152202000000000000e+06
1.271964770975900549e+01 6.224399676829150074e+00 2.161086000000000000e+06
1.275028968623544934e+01 6.198571453518242791e+00 2.176058000000000000e+06
1.278098460469567499e+01 6.154937105683813137e+00 2.190818000000000000e+06
1.281164046729207939e+01 6.142415106532710389e+00 2.191158000000000000e+06
1.284225815563851825e+01 6.106464657640589877e+00 2.205314000000000000e+06
1.287289056249479380e+01 6.074854415645026151e+00 2.215554000000000000e+06
1.290355625633802639e+01 6.045630652723394505e+00 2.230562000000000000e+06
1.293423770049094124e+01 6.009273919523632657e+00 2.239614000000000000e+06
1.296488169854081285e+01 5.975896666794318079e+00 2.245706000000000000e+06
1.299551871653742019e+01 5.944519430678939287e+00 2.259674000000000000e+06
1.302618975751721919e+01 5.916568347722651389e+00 2.273214000000000000e+06
1.305685244694570457e+01 5.891238027700519631e+00 2.278802000000000000e+06
1.308750998994310244e+01 5.854626827675613931e+00 2.294034000000000000e+06
1.311813220161915972e+01 5.836535302417228621e+00 2.294942000000000000e+06
1.314876333796909336e+01 5.802008588506937237e+00 2.317050000000000000e+06
1.317943307318251733e+01 5.779067194410984598e+00 2.322842000000000000e+06
1.321006023701692200e+01 5.747168580879607802e+00 2.330810000000000000e+06
1.324068959969416603e+01 5.724862934460037245e+00 2.345958000000000000e+06
1.327132733229817774e+01 5.696474656120489755e+00 2.353586000000000000e+06
1.330202137818103125e+01 5.665417197974925934e+00 2.376210000000000000e+06
1.333270765674768299e+01 5.626015897228134222e+00 2.374502000000000000e+06
1.336332360429498145e+01 5.598201601947077499e+00 2.386346000000000000e+06
1.339396115374925600e+01 5.582077978973178922e+00 2.401314000000000000e+06
1.342462950449915837e+01 5.539455099628853851e+00 2.411450000000000000e+06
1.345527227069447385e+01 5.528598952872660455e+00 2.420718000000000000e+06
1.348587288323711597e+01 5.498728230480089962e+00 2.425754000000000000e+06
1.351655033488228952e+01 5.470149697501403452e+00 2.455218000000000000e+06
1.354723943126051466e+01 5.435755721677624663e+00 2.450942000000000000e+06
1.357787602620414091e+01 5.418560432567395502e+00 2.467130000000000000e+06
1.360850969175125869e+01 5.385320222362834919e+00 2.474874000000000000e+06
1.363916260858142593e+01 5.362519987054090720e+00 2.490362000000000000e+06
1.366981104919095991e+01 5.332353805348135189e+00 2.498142000000000000e+06
1.370042868629872679e+01 5.309531369037410187e+00 2.507090000000000000e+06
1.373107732768572298e+01 5.276129827737350730e+00 2.525562000000000000e+06
1.376175426428364190e+01 5.249819507118323791e+00 2.534726000000000000e+06
1.379244642300857926e+01 5.229257862838865734e+00 2.549906000000000000e+06
1.382309257737347785e+01 5.207416170601088190e+00 2.551074000000000000e+06
1.385373333418663933e+01 5.185040117446518160e+00 2.570702000000000000e+06
1.388438231685893065e+01 5.156923564518872460e+00 2.574642000000000000e+06
1.391502673172247206e+01 5.135395552773136529e+00 2.594066000000000000e+06
1.394566139702082808e+01 5.115655452708915085e+00 2.594802000000000000e+06
1.397626403373048554e+01 5.083923232122142366e+00 2.612030000000000000e+06
1.400692990380277614e+01 5.074039347720698423e+00 2.627954000000000000e+06
1.403762665833372836e+01 5.049199705196405930e+00 2.640402000000000000e+06
1.406826249291076536e+01 5.017403293791979912e+00 2.641454000000000000e+06
1.409889778741170652e+01 4.988774656871916235e+00 2.661834000000000000e+06
1.412955070116482226e+01 4.971659389660631589e+00 2.669138000000000000e+06
1.416021112645075775e+01 4.949854703675203638e+00 2.684858000000000000e+06
1.419087385297501669e+01 4.923773622726816512e+00 2.693910000000000000e+06
1.422149875684323916e+01 4.892104992371418604e+00 2.701682000000000000e+06
1.425216427801141883e+01 4.875007070192874714e+00 2.722698000000000000e+06
1.428282043751237218e+01 4.849283848672164332e+00 2.725262000000000000e+06
1.431346230054741042e+01 4.831677149993618414e+00 2.742450000000000000e+06
1.434410509664010824e+01 4.806965834500063650e+00 2.749850000000000000e+06
1.437474217852985525e+01 4.787810855811819977e+00 2.763902000000000000e+06
1.440540590632776841e+01 4.768379534554281207e+00 2.778498000000000000e+06
1.443604895983575531e+01 4.739051473677784010e+00 2.784530000000000000e+06
1.446670970857448424e+01 4.716087765583754532e+00 2.804106000000000000e+06
1.449736904962689010e+01 4.699623459404439707e+00 2.809790000000000000e+06
1.452802375701152648e+01 4.676861855579602434e+00 2.825058000000000000e+06
1.455867443991712307e+01 4.654375813684362484e+00 2.834330000000000000e+06
1.458929057279699038e+01 4.635688604803199553e+00 2.842022000000000000e+06
1.461994280853970452e+01 4.612862744933771353e+00 2.864754000000000000e+06
1.465058249564759585e+01 4.596626755385299745e+00 2.864186000000000000e+06
1.468117988573594168e+01 4.571901464748858501e+00 2.879538000000000000e+06
1.471182673337874292e+01 4.545920369835148911e+00 2.899454000000000000e+06
1.474248363238804060e+01 4.530501422394291211e+00 2.904258000000000000e+06
1.477317496500613103e+01 4.505400592580660835e+00 2.930234000000000000e+06
1.480386910161793779e+01 4.493206750853209641e+00 2.929526000000000000e+06
1.483450217940607452e+01 4.474214275081717318e+00 2.942442000000000000e+06
1.486516698446851059e+01 4.446915877749669121e+00 2.960810000000000000e+06
1.489582703702377664e+01 4.430160130646209282e+00 2.964954000000000000e+06
1.492646528006037521e+01 4.410626285261883162e+00 2.980910000000000000e+06
1.495710544900555306e+01 4.389573911944521178e+00 2.990978000000000000e+06
1.498776269392421945e+01 4.379305139668296043e+00 3.007626000000000000e+06
1.501843370546180267e+01 4.361236513659732417e+00 3.019166000000000000e+06
1.504905569365952722e+01 4.333866584577090286e+00 3.021090000000000000e+06
1.507968813668374430e+01 4.321585099450954814e+00 3.047834000000000000e+06
1.511037332515695297e+01 4.291417042207887889e+00 3.055590000000000000e+06
1.514104424704462026e+01 4.275158006430406665e+00 3.068546000000000000e+06
1.517163880420388011e+01 4.257029205737732802e+00 3.067274000000000000e+06
1.520226772397046489e+01 4.232691253682145494e+00 3.098058000000000000e+06
1.523296937728429157e+01 4.221900132959648388e+00 3.109214000000000000e+06
1.526361904753517074e+01 4.199401954562435257e+00 3.110466000000000000e+06
1.529421425129691947e+01 4.179608369047199901e+00 3.124370000000000000e+06
1.532485231670361081e+01 4.159572275580168288e+00 3.144174000000000000e+06
1.535555551766698201e+01 4.143654850591667937e+00 3.161738000000000000e+06
1.538620301937812407e+01 4.125781277196358232e+00 3.159890000000000000e+06
1.541679818315905770e+01 4.108997781444915454e+00 3.174138000000000000e+06
1.544743875163359270e+01 4.085740721155620925e+00 3.195926000000000000e+06
1.547813884141497276e+01 4.068817015456877684e+00 3.211386000000000000e+06
1.550883091269481717e+01 4.053360125790773871e+00 3.219314000000000000e+06
1.553946294611858292e+01 4.034062069252027705e+00 3.225494000000000000e+06
1.557009342916842165e+01 4.018719765420059709e+00 3.242562000000000000e+06
1.560074559370220371e+01 4.007886537015149742e+00 3.257450000000000000e+06
1.563140821530218894e+01 3.984998094287205639e+00 3.269118000000000000e+06
1.566204787145430899e+01 3.973076277932130473e+00 3.278930000000000000e+06
1.569265004490419813e+01 3.947855415088311393e+00 3.286650000000000000e+06
1.572331415106903485e+01 3.940312246540895735e+00 3.316610000000000000e+06
1.575400933951588378e+01 3.921344062486639803e+00 3.321542000000000000e+06
1.578464652652455058e+01 3.899245263292613117e+00 3.328578000000000000e+06
1.581527512713691763e+01 3.883844423172701177e+00 3.345074000000000000e+06
1.584593159202205293e+01 3.876422723597622966e+00 3.361686000000000000e+06
1.587658751981395078e+01 3.852877477726649236e+00 3.369722000000000000e+06
1.590722339945609676e+01 3.836661851717282357e+00 3.385290000000000000e+06
1.593785107536400147e+01 3.822464962537263311e+00 3.391370000000000000e+06
1.596852352225685401e+01 3.806118728611385560e+00 3.422966000000000000e+06
1.599920243251385621e+01 3.785969625136495154e+00 3.419538000000000000e+06
1.602985553152441156e+01 3.775957686038775130e+00 3.441890000000000000e+06
1.606050898189369747e+01 3.760673132647751604e+00 3.447582000000000000e+06
1.609116293617333326e+01 3.741797444997516209e+00 3.466298000000000000e+06
1.612177218423172320e+01 3.720214448469993052e+00 3.466194000000000000e+06
1.615238659316504766e+01 3.712040336053598288e+00 3.492062000000000000e+06
1.618304433395858055e+01 3.697921049671806237e+00 3.503114000000000000e+06
1.621369564724469114e+01 3.677515235364127832e+00 3.517146000000000000e+06
1.624437349555979182e+01 3.664193798918801370e+00 3.535706000000000000e+06
1.627503011624142815e+01 3.648316459222169073e+00 3.539742000000000000e+06
1.630567747321957484e+01 3.631274977533918591e+00 3.558698000000000000e+06
1.633633444718754291e+01 3.620595878796298628e+00 3.570122000000000000e+06
1.636699228812523543e+01 3.604526028583270758e+00 3.585174000000000000e+06
1.639764059090457948e+01 3.591357349413545563e+00 3.594314000000000000e+06
1.642828590068688399e+01 3.575561047965011952e+00 3.612258000000000000e+06
1.645893007191645907e+01 3.559177158022496457e+00 3.620282000000000000e+06
1.648957199783176364e+01 3.540813359867527321e+00 3.639078000000000000e+06
1.652022897904334187e+01 3.531127121313810679e+00 3.650450000000000000e+06
1.655086391605456342e+01 3.519288701808971354e+00 3.661418000000000000e+06
1.658149960773415188e+01 3.500956849591075226e+00 3.677694000000000000e+06
1.661216865362178652e+01 3.492491026732301940e+00 3.695978000000000000e+06
1.664282501558284721e+01 3.478310526330003594e+00 3.702810000000000000e+06
1.667345451826077252e+01 3.467908557269570036e+00 3.716162000000000000e+06
1.670412303906892859e+01 3.449895376961113591e+00 3.740094000000000000e+06
1.673478210225302121e+01 3.439188506461186456e+00 3.740954000000000000e+06
1.676541740863294194e+01 3.421449284302406468e+00 3.760946000000000000e+06
1.679608408952596577e+01 3.402347842059266103e+00 3.778278000000000000e+06
1.682674466654829359e+01 3.395848580234942737e+00 3.784922000000000000e+06
1.685739723155478487e+01 3.381408027717379028e+00 3.805266000000000000e+06
1.688803548841513802e+01 3.363838037065031372e+00 3.807686000000000000e+06
1.691867153120264078e+01 3.350385194345090856e+00 3.833130000000000000e+06
1.694932872530407053e+01 3.335617967993944610e+00 3.841898000000000000e+06
1.697998566510549878e+01 3.322530879397336268e+00 3.858074000000000000e+06
1.701062828430612228e+01 3.310767919350194433e+00 3.868974000000000000e+06
1.704127533600995648e+01 3.295417518367658172e+00 3.885362000000000000e+06
1.707192414656785573e+01 3.283763650215864249e+00 3.898290000000000000e+06
1.710255181072696473e+01 3.268335647784397224e+00 3.907334000000000000e+06
1.713319071172596608e+01 3.255923924525228497e+00 3.928730000000000000e+06
1.716382735984657515e+01 3.243369135202224030e+00 3.936666000000000000e+06
1.719448998954597485e+01 3.231176221415649863e+00 3.961346000000000000e+06
1.722518713228848242e+01 3.216889340289462940e+00 3.975774000000000000e+06
1.725581491968389614e+01 3.208933464245035339e+00 3.970106000000000000e+06
1.728643657196136019e+01 3.192212421655837851e+00 4.003170000000000000e+06
1.731713759204037117e+01 3.179511777165549447e+00 4.019558000000000000e+06
1.734781987893603983e+01 3.168121258671287688e+00 4.025642000000000000e+06
1.737842365147297841e+01 3.159836852993436640e+00 4.028514000000000000e+06
1.740905079503025732e+01 3.143969376740098021e+00 4.059398000000000000e+06
1.743972443769684233e+01 3.133835044281187976e+00 4.069674000000000000e+06
1.747038028370268492e+01 3.121367691734305616e+00 4.083698000000000000e+06
1.750102745774862356e+01 3.110606049506618564e+00 4.095210000000000000e+06
1.753166500950241513e+01 3.094175965170326226e+00 4.110518000000000000e+06
1.756231498081562137e+01 3.085978409682930135e+00 4.126850000000000000e+06
1.759296617687713393e+01 3.072135211735715465e+00 4.140114000000000000e+06
1.762357382681691220e+01 3.063342318059298908e+00 4.144070000000000000e+06
1.765421428885442268e+01 3.046433236058606386e+00 4.175802000000000000e+06
1.768489852398702311e+01 3.037534725190442320e+00 4.187882000000000000e+06
1.771556950276492870e+01 3.024579151038876201e+00 4.199250000000000000e+06
1.774620783297953963e+01 3.013955440847299272e+00 4.209326000000000000e+06
1.777682774493507267e+01 2.999935103845689177e+00 4.222130000000000000e+06
1.780750401021129292e+01 2.987986624224482579e+00 4.254258000000000000e+06
1.783817993206895025e+01 2.977535686251639557e+00 4.252478000000000000e+06
1.786881799063985099e+01 2.965244323059134768e+00 4.270698000000000000e+06
1.789943445534976263e+01 2.958468926318604364e+00 4.278122000000000000e+06
1.793009336077801663e+01 2.945690594069743984e+00 4.309898000000000000e+06
1.796077930716451831e+01 2.937007284898602411e+00 4.317150000000000000e+06
1.799143485791619668e+01 2.922709389892782283e+00 4.329698000000000000e+06
1.802207283970281892e+01 2.912259325759659401e+00 4.340826000000000000e+06
1.805270571152597725e+01 2.901244383072719923e+00 4.359590000000000000e+06
1.808336667793345498e+01 2.892133155122976529e+00 4.376850000000000000e+06
1.811401323573930355e+01 2.876786148229843132e+00 4.386674000000000000e+06
1.814464766537982499e+01 2.869383354286968224e+00 4.401782000000000000e+06
1.817529082465190982e+01 2.858087078912294299e+00 4.419210000000000000e+06
1.820598375993449736e+01 2.848477740379923073e+00 4.446482000000000000e+06
1.823663229521417861e+01 2.838557258011062512e+00 4.435554000000000000e+06
1.826725204091361476e+01 2.827541198863084748e+00 4.468934000000000000e+06
1.829791582036300213e+01 2.811079472491150533e+00 4.477650000000000000e+06
1.832855470139352150e+01 2.805885619446662371e+00 4.491218000000000000e+06
1.835919789777245015e+01 2.797596554419848669e+00 4.510358000000000000e+06
1.838983691066674098e+01 2.785008566824104914e+00 4.518594000000000000e+06
1.842048618686847306e+01 2.771849723422336709e+00 4.544474000000000000e+06
1.845114961348761540e+01 2.758677207740254822e+00 4.552098000000000000e+06
1.848180953853236019e+01 2.751718801571151118e+00 4.574990000000000000e+06
1.851245222260127932e+01 2.746216144769412004e+00 4.577210000000000000e+06
1.854311068981073518e+01 2.735311682297546287e+00 4.608186000000000000e+06
1.857377018063706586e+01 2.722714295568216425e+00 4.610198000000000000e+06
1.860440390017229007e+01 2.712346005463935672e+00 4.628898000000000000e+06
1.863503114498546864e+01 2.701300103206734526e+00 4.641170000000000000e+06
1.866567550024189615e+01 2.693069026621557338e+00 4.662462000000000000e+06
1.869635147958381793e+01 2.681286022554588921e+00 4.681442000000000000e+06
1.872700405237336696e+01 2.669769510543213098e+00 4.687850000000000000e+06
1.875765137982478592e+01 2.661320101987378006e+00 4.708818000000000000e+06
1.878830446025693490e+01 2.651174385273938672e+00 4.721534000000000000e+06
1.881894131346886212e+01 2.637427130411999610e+00 4.732770000000000000e+06
1.884957303362655523e+01 2.635249359083054355e+00 4.753346000000000000e+06
1.888023809980736090e+01 2.622393453352961146e+00 4.772886000000000000e+06
1.891090871260763606e+01 2.613271452329712030e+00 4.785098000000000000e+06
1.894154790414986422e+01 2.600195729485418994e+00 4.795394000000000000e+06
1.897218362658022173e+01 2.590342182133475113e+00 4.813986000000000000e+06
1.900283385206392595e+01 2.585206803549354060e+00 4.832654000000000000e+06
1.903350235720601091e+01 2.576241369483243560e+00 4.849362000000000000e+06
1.906415148299372575e+01 2.563958708377089835e+00 4.858322000000000000e+06
1.909476996524363557e+01 2.556424319984496929e+00 4.871286000000000000e+06
1.912540633843168436e+01 2.545707619162425495e+00 4.894370000000000000e+06
1.915607775651777800e+01 2.535063738007793166e+00 4.914650000000000000e+06
1.918673093358846060e+01 2.528307252252087522e+00 4.919658000000000000e+06
1.921737109038362945e+01 2.518955050936551476e+00 4.941638000000000000e+06
1.924805333354893122e+01 2.508982966817654869e+00 4.965954000000000000e+06
1.927873600716220892e+01 2.498457893265376040e+00 4.971770000000000000e+06
1.930937881190103056e+01 2.491106969489953471e+00 4.985702000000000000e+06
1.934000064256855111e+01 2.481813192685647707e+00 4.996314000000000000e+06
1.937063530033629988e+01 2.472583762873766133e+00 5.021258000000000000e+06
1.940129903902628072e+01 2.464684517323711077e+00 5.038470000000000000e+06
1.943195223680148231e+01 2.454037083768275007e+00 5.048570000000000000e+06
1.946259388837266968e+01 2.447240076830394795e+00 5.067786000000000000e+06
1.949325378056333591e+01 2.437115121896340941e+00 5.084402000000000000e+06
1.952391920669563774e+01 2.429481344717860036e+00 5.104238000000000000e+06
1.955454529668766028e+01 2.420415767490086800e+00 5.101890000000000000e+06
1.958515229432341798e+01 2.413103844085906058e+00 5.129594000000000000e+06
1.961580259908011215e+01 2.399955836822301958e+00 5.149086000000000000e+06
1.964647598754564939e+01 2.391248780672778462e+00 5.168834000000000000e+06
1.967711671408318352e+01 2.386717839199768765e+00 5.172306000000000000e+06
1.970776054518702480e+01 2.378551159039686613e+00 5.199218000000000000e+06
1.973843058927628391e+01 2.366618668067637543e+00 5.215430000000000000e+06
1.976909383957853095e+01 2.358649135428774191e+00 5.229066000000000000e+06
1.979974730224805413e+01 2.350562204811489142e+00 5.244530000000000000e+06
1.983040459772927377e+01 2.345230074085052685e+00 5.262870000000000000e+06
1.986105281425653857e+01 2.334591608405932384e+00 5.272562000000000000e+06
1.989167915855331970e+01 2.324432174980501475e+00 5.290098000000000000e+06
1.992233512457928057e+01 2.317853445326792272e+00 5.314358000000000000e+06
1.995299022425723834e+01 2.305999626463097751e+00 5.322098000000000000e+06
1.998362696967681629e+01 2.300248304352010109e+00 5.341026000000000000e+06
2.001429805344872292e+01 2.294785701429030045e+00 5.366858000000000000e+06
2.004496752307381513e+01 2.282370457697590727e+00 5.374422000000000000e+06
2.007558003312327344e+01 2.275170192627744559e+00 5.377730000000000000e+06
2.010619663165178039e+01 2.268587886664164888e+00 5.409410000000000000e+06
2.013687553158347754e+01 2.258840518261454822e+00 5.434014000000000000e+06
2.016755016454825267e+01 2.252835968862718641e+00 5.438882000000000000e+06
2.019818861724741410e+01 2.244741282267550542e+00 5.456178000000000000e+06
2.022882364752918605e+01 2.237978132984424384e+00 5.469242000000000000e+06
2.025947582076963727e+01 2.226255391477780510e+00 5.496174000000000000e+06
2.029013497277836109e+01 2.221604459516159036e+00 5.505530000000000000e+06
2.032077646713278085e+01 2.211686694310405876e+00 5.521202000000000000e+06
2.035142410046669426e+01 2.205189239927086930e+00 5.544126000000000000e+06
2.038209715392332910e+01 2.197573391586419511e+00 5.560106000000000000e+06
2.041276704522988084e+01 2.187990725039132389e+00 5.579754000000000000e+06
2.044339434596270522e+01 2.182398807805217444e+00 5.576270000000000000e+06
2.047400433812566689e+01 2.172431818157498640e+00 5.607138000000000000e+06
2.050465414558887645e+01 2.168699664677105510e+00 5.625026000000000000e+06
2.053532389370018763e+01 2.159119542075740750e+00 5.646698000000000000e+06
2.056596192186154326e+01 2.150439023664899807e+00 5.649126000000000000e+06
2.059659481650145807e+01 2.145166842422549180e+00 5.676434000000000000e+06
2.062723563822306616e+01 2.137260880068952318e+00 5.687418000000000000e+06
2.065789501103831682e+01 2.128721812930055357e+00 5.715830000000000000e+06
2.068857363042259578e+01 2.122651639580325877e+00 5.729210000000000000e+06
2.071923747383037551e+01 2.114362166006765964e+00 5.744802000000000000e+06
2.074987498351558557e+01 2.108076209364353026e+00 5.752154000000000000e+06
2.078053041960519209e+01 2.099620799318123510e+00 5.786382000000000000e+06
2.081118017348725502e+01 2.092865394476556951e+00 5.784146000000000000e+06
2.084180966840007443e+01 2.083108889556456234e+00 5.812146000000000000e+06
2.087246873484020426e+01 2.075712595490419865e+00 5.830166000000000000e+06
2.090312912726902539e+01 2.069618105151517895e+00 5.845850000000000000e+06
2.093378037566929351e+01 2.063815724613728086e+00 5.862834000000000000e+06
2.096442457626876177e+01 2.055688959245862701e+00 5.876066000000000000e+06
2.099509039179685033e+01 2.048648002473477892e+00 5.905854000000000000e+06
2.102573351815310332e+01 2.041736795004772897e+00 5.902274000000000000e+06
2.105635720643528686e+01 2.035621785462712996e+00 5.931258000000000000e+06
2.108702218704524967e+01 2.028906294343242322e+00 5.954966000000000000e+06
2.111769024571999509e+01 2.022440777115023902e+00 5.965346000000000000e+06
2.114832577809379899e+01 2.013939701744014155e+00 5.977818000000000000e+06
2.117897364467428645e+01 2.005530984136140837e+00 6.004718000000000000e+06
2.120962225056029737e+01 2.001593723977852513e+00 6.011706000000000000e+06
2.124028003416142241e+01 1.993393397367084763e+00 6.045770000000000000e+06
2.127093375519878649e+01 1.986650525209771034e+00 6.041586000000000000e+06
2.130156165599708373e+01 1.977889785986419735e+00 6.073166000000000000e+06
2.133219920491698574e+01 1.972747485508216769e+00 6.078962000000000000e+06
2.136285116966709907e+01 1.965791433727526849e+00 6.114258000000000000e+06
2.139352427845574667e+01 1.959336680882809656e+00 6.123086000000000000e+06
2.142417268630640592e+01 1.952816872719687957e+00 6.136770000000000000e+06
2.145480354384202215e+01 1.946204632473194529e+00 6.154898000000000000e+06
2.148545706546140721e+01 1.939188102178321493e+00 6.178610000000000000e+06
2.151612653279159915e+01 1.931372985594343339e+00 6.197982000000000000e+06
2.154677833320419822e+01 1.924736379514229823e+00 6.205322000000000000e+06
2.157739246519214760e+01 1.919481576175659621e+00 6.218850000000000000e+06
2.160802636633691876e+01 1.912956501452426350e+00 6.249542000000000000e+06
2.163871370337264111e+01 1.906820784852631734e+00 6.274146000000000000e+06
2.166936190194067180e+01 1.898174584011271149e+00 6.270242000000000000e+06
2.169999864745664908e+01 1.894826383591251773e+00 6.305222000000000000e+06
2.173068313923396389e+01 1.888003148129351327e+00 6.325026000000000000e+06
2.176134463504373429e+01 1.881572767320885964e+00 6.331922000000000000e+06
2.179196928002131983e+01 1.874160150751186471e+00 6.343698000000000000e+06
2.182260671813147823e+01 1.869610761019570022e+00 6.375158000000000000e+06
2.185327640589686382e+01 1.861878064096462726e+00 6.392178000000000000e+06
2.188395164505502422e+01 1.854852447267398396e+00 6.412826000000000000e+06
2.191457418339750873e+01 1.850439467101852031e+00 6.407078000000000000e+06
2.194519964934411504e+01 1.843983378293331477e+00 6.447954000000000000e+06
2.197584874950450384e+01 1.839833048999492959e+00 6.456026000000000000e+06
2.200650103817257985e+01 1.832367741360196645e+00 6.482034000000000000e+06
2.203714959817343200e+01 1.824997327841367145e+00 6.492878000000000000e+06
2.206776146081951495e+01 1.818629871022692246e+00 6.502074000000000000e+06
2.209840900715284917e+01 1.812914703351556689e+00 6.542930000000000000e+06
2.212909435360047894e+01 1.807377087934932236e+00 6.556598000000000000e+06
2.215976446255987753e+01 1.802571103734515567e+00 6.570330000000000000e+06
2.219040287241333331e+01 1.793914719224683596e+00 6.581882000000000000e+06
2.222105997311332359e+01 1.788637840855851868e+00 6.612546000000000000e+06
2.225173735653976692e+01 1.781666687284325423e+00 6.628622000000000000e+06
2.228236906003313322e+01 1.776105671952838749e+00 6.629498000000000000e+06
2.231299123139654839e+01 1.769353906220670680e+00 6.659250000000000000e+06
2.234365539181282045e+01 1.767056296389802883e+00 6.686006000000000000e+06
2.237431906113462787e+01 1.760842369325819279e+00 6.693786000000000000e+06
2.240495119889733289e+01 1.753372616833597686e+00 6.711554000000000000e+06
2.243559874147591060e+01 1.746753036591119690e+00 6.735678000000000000e+06
2.246626223308657444e+01 1.741422411534158110e+00 6.754754000000000000e+06
2.249693164364150988e+01 1.736141735420721588e+00 6.776570000000000000e+06
2.252754695231501358e+01 1.730223923714209633e+00 6.767394000000000000e+06
2.255817384037303697e+01 1.725252799620313082e+00 6.818246000000000000e+06
2.258886124968342557e+01 1.718831334815495548e+00 6.830562000000000000e+06
2.261950951352502059e+01 1.715664846664500809e+00 6.839186000000000000e+06
2.265014298397850823e+01 1.709687527235449034e+00 6.861462000000000000e+06
2.268078975948035492e+01 1.701783793195564165e+00 6.880394000000000000e+06
2.271145371109907174e+01 1.697406089722894196e+00 6.907178000000000000e+06
2.274211585654432000e+01 1.692187576351366740e+00 6.917034000000000000e+06
2.277276196539026643e+01 1.687262231090696396e+00 6.937934000000000000e+06
2.280339367570849163e+01 1.679674259599122088e+00 6.947250000000000000e+06
2.283404335172724586e+01 1.677547576619432546e+00 6.982106000000000000e+06
2.286471099297079590e+01 1.670422821503096733e+00 6.995718000000000000e+06
2.289535670710002435e+01 1.664300734641589230e+00 7.006682000000000000e+06
2.292600245201877840e+01 1.656491752401197060e+00 7.035866000000000000e+06
2.295667389567964989e+01 1.653273906984722208e+00 7.054110000000000000e+06
2.298731368920699225e+01 1.647548856144200213e+00 7.059194000000000000e+06
2.301794844000150775e+01 1.643195199189148248e+00 7.091802000000000000e+06
2.304859935862412001e+01 1.638177320268267678e+00 7.100666000000000000e+06
2.307924172520139550e+01 1.631662334638318779e+00 7.129070000000000000e+06
2.310990061408635654e+01 1.626829376188704490e+00 7.143282000000000000e+06
2.314054307017327616e+01 1.619723962163138742e+00 7.161482000000000000e+06
2.317119382566526298e+01 1.616361392705103261e+00 7.184694000000000000e+06
2.320185734324556392e+01 1.610381939595614043e+00 7.203914000000000000e+06
2.323250807215323377e+01 1.602916362985623122e+00 7.219746000000000000e+06
2.326313843972289419e+01 1.599123707190044374e+00 7.228634000000000000e+06
2.329379144080670727e+01 1.594208737910805640e+00 7.271990000000000000e+06
2.332444777960088445e+01 1.587990344011781740e+00 7.266786000000000000e+06
2.335507087774779578e+01 1.584507345430614444e+00 7.293650000000000000e+06
2.338572972711217801e+01 1.578963299994019742e+00 7.324086000000000000e+06
2.341640604770795875e+01 1.573298631219638422e+00 7.338650000000000000e+06
2.344705630354619430e+01 1.569154465161816558e+00 7.351962000000000000e+06
2.347766959470004267e+01 1.563198721250912415e+00 7.357190000000000000e+06
2.350831446175642370e+01 1.559471442370972349e+00 7.406042000000000000e+06
2.353898224311427256e+01 1.553612775162358073e+00 7.408626000000000000e+06
2.356963575235109332e+01 1.551245694704267652e+00 7.435610000000000000e+06
2.360029901858758095e+01 1.544977542220866251e+00 7.453542000000000000e+06
2.363094388425705006e+01 1.538299828965747906e+00 7.464002000000000000e+06
2.366159032137904816e+01 1.534200363886469853e+00 7.493546000000000000e+06
2.369224972351527114e+01 1.528107635851598145e+00 7.510806000000000000e+06
2.372291508578891595e+01 1.524769009072353354e+00 7.532114000000000000e+06
2.375354632645621322e+01 1.519551144510640217e+00 7.536234000000000000e+06
2.378417204300768972e+01 1.514701749998744296e+00 7.565834000000000000e+06
2.381484989613622716e+01 1.510027670430676316e+00 7.603062000000000000e+06
2.384550834037956690e+01 1.505731713258949167e+00 7.593890000000000000e+06
2.387612970652009281e+01 1.499871702471472057e+00 7.622906000000000000e+06
2.390677281995975534e+01 1.496583720236203785e+00 7.646622000000000000e+06
2.393744201491479373e+01 1.490710706305922173e+00 7.672058000000000000e+06
2.396809205963029044e+01 1.486342456766500897e+00 7.679346000000000000e+06
2.399871140417699422e+01 1.480837919069373898e+00 7.693058000000000000e+06
2.402935365105090071e+01 1.477631600388921385e+00 7.732158000000000000e+06
2.406002599393818642e+01 1.472510256278525720e+00 7.746962000000000000e+06
2.409069744544645886e+01 1.467935214398790711e+00 7.770986000000000000e+06
2.412133809379787408e+01 1.463255205096593015e+00 7.772094000000000000e+06
2.415197098395899289e+01 1.457214148254098118e+00 7.803818000000000000e+06
2.418264178024068300e+01 1.452882426058206722e+00 7.834338000000000000e+06
2.421329665107611007e+01 1.448653958341577841e+00 7.833710000000000000e+06
2.424392248425750651e+01 1.444037469362347448e+00 7.858794000000000000e+06
2.427456797443234393e+01 1.439237014366544054e+00 7.884290000000000000e+06
2.430522057461229224e+01 1.436007645109385278e+00 7.901522000000000000e+06
2.433588276096136127e+01 1.431141309514893045e+00 7.930662000000000000e+06
2.436653439930566023e+01 1.427036561939074133e+00 7.934426000000000000e+06
2.439717972712892902e+01 1.420406379960543752e+00 7.967322000000000000e+06
2.442783693810555690e+01 1.416151900028238542e+00 7.981934000000000000e+06
2.445848909686699457e+01 1.412855875876921630e+00 8.003282000000000000e+06
2.448913290943420407e+01 1.407900528525751538e+00 8.019666000000000000e+06
2.451976455905877472e+01 1.404320154055980208e+00 8.034482000000000000e+06
2.455040989797941720e+01 1.399770243496284872e+00 8.068542000000000000e+06
2.458107931780205035e+01 1.394630509044557209e+00 8.088290000000000000e+06
2.461173000312667725e+01 1.390104420254036244e+00 8.096322000000000000e+06
2.464236413023569838e+01 1.388460238203166996e+00 8.122646000000000000e+06
2.467302878003126310e+01 1.381873165828603200e+00 8.150138000000000000e+06
2.470369018584469600e+01 1.377388546342691811e+00 8.165322000000000000e+06
2.473434237152199699e+01 1.373553603059379569e+00 8.182574000000000000e+06
2.476499023106570618e+01 1.368339863315299887e+00 8.203698000000000000e+06
2.479564135983178019e+01 1.365655457198166944e+00 8.226914000000000000e+06
2.482630207602976569e+01 1.361089102835999709e+00 8.246898000000000000e+06
2.485694583618992226e+01 1.356830143259789123e+00 8.261774000000000000e+06
2.488758109348702163e+01 1.352237341091036882e+00 8.279426000000000000e+06
2.491822262853785119e+01 1.348100706703148743e+00 8.308722000000000000e+06
2.494887711239730166e+01 1.344841725182658099e+00 8.326214000000000000e+06
2.497951933488113241e+01 1.339932050628322990e+00 8.342682000000000000e+06
2.501014765446522503e+01 1.337665716123535020e+00 8.360834000000000000e+06
2.504079700598459723e+01 1.331123336843306859e+00 8.393226000000000000e+06
2.507147561161312765e+01 1.328792123655754276e+00 8.420150000000000000e+06
2.510213539337122413e+01 1.323523097758652289e+00 8.421986000000000000e+06
2.513276479637716321e+01 1.319991891745327939e+00 8.445714000000000000e+06
2.516340977761215569e+01 1.316413044889461093e+00 8.472590000000000000e+06
2.519407509340153695e+01 1.312222893175930105e+00 8.495370000000000000e+06
2.522473298638924888e+01 1.307708554715591776e+00 8.512802000000000000e+06
2.525536838388270056e+01 1.303876554710680979e+00 8.523290000000000000e+06
2.528603429285023196e+01 1.299646994941769718e+00 8.570982000000000000e+06
2.531670644975507045e+01 1.296077193819471285e+00 8.568458000000000000e+06
2.534733422191522578e+01 1.291563335832606185e+00 8.586498000000000000e+06
2.537795494299703947e+01 1.288900778479046716e+00 8.608838000000000000e+06
2.540861203384896783e+01 1.284176940666997391e+00 8.645610000000000000e+06
2.543928143685350562e+01 1.279989827203360964e+00 8.658386000000000000e+06
2.546991579144467366e+01 1.275638344285892511e+00 8.668598000000000000e+06
2.550054781656812253e+01 1.273351449037910754e+00 8.697426000000000000e+06
2.553119796550166498e+01 1.268853119072125946e+00 8.722562000000000000e+06
2.556185165324095010e+01 1.265264600601375911e+00 8.737962000000000000e+06
2.559251151955053771e+01 1.260486907056437955e+00 8.771366000000000000e+06
2.562315821371235458e+01 1.257484485823183507e+00 8.771010000000000000e+06
2.565382090549665151e+01 1.252293820269674951e+00 8.822618000000000000e+06
2.568447372340733637e+01 1.249268880526029024e+00 8.807726000000000000e+06
2.571509458014751104e+01 1.244908033337335684e+00 8.844618000000000000e+06
2.574574125894481469e+01 1.243263347300772370e+00 8.868722000000000000e+06
2.577640368018757400e+01 1.238151632916053346e+00 8.891394000000000000e+06
2.580706250709014782e+01 1.233682946933852831e+00 8.911934000000000000e+06
2.583770659642837231e+01 1.230185373318371189e+00 8.923938000000000000e+06
2.586834877557267376e+01 1.227204517649833848e+00 8.953682000000000000e+06
2.589901831076717187e+01 1.223911223890181699e+00 8.981966000000000000e+06
2.592967863857695932e+01 1.220396950450266971e+00 8.990442000000000000e+06
2.596030767966076525e+01 1.216925547582037748e+00 9.007874000000000000e+06
2.599095072903341830e+01 1.211946544422812133e+00 9.038982000000000000e+06
2.602162160336631658e+01 1.208068526790883279e+00 9.068570000000000000e+06
2.605229920594178594e+01 1.204671968300266904e+00 9.085250000000000000e+06
2.608293390061188077e+01 1.201745794297879311e+00 9.084690000000000000e+06
2.611356639902281529e+01 1.197569104930475081e+00 9.128654000000000000e+06
2.614421138741144901e+01 1.195031188513955289e+00 9.133170000000000000e+06
2.617487839855810350e+01 1.190820761686248508e+00 9.185882000000000000e+06
2.620552331238325294e+01 1.187652115722209523e+00 9.163254000000000000e+06
2.623615766102391333e+01 1.184120180518062115e+00 9.220130000000000000e+06
2.626683121971889179e+01 1.180353743223593099e+00 9.233138000000000000e+06
2.629748622418595616e+01 1.177489556595048725e+00 9.249378000000000000e+06
2.632813025222741032e+01 1.173735351694161322e+00 9.271550000000000000e+06
2.635876646472280527e+01 1.169606276623994967e+00 9.286266000000000000e+06
2.638941311560349590e+01 1.166731861622472444e+00 9.320762000000000000e+06
2.642004936527652958e+01 1.162186634140755626e+00 9.326718000000000000e+06
2.645067839992656289e+01 1.159491552927639280e+00 9.354602000000000000e+06
2.648132402671914321e+01 1.156735174585326043e+00 9.384122000000000000e+06
2.651197738732207654e+01 1.152645045222149278e+00 9.400482000000000000e+06
2.654263638111005719e+01 1.149664176659805914e+00 9.432638000000000000e+06
2.657329775687598072e+01 1.145346994287326003e+00 9.445314000000000000e+06
2.660396500218634941e+01 1.142496219910966060e+00 9.477290000000000000e+06
2.663462571825092340e+01 1.139811840472656046e+00 9.489182000000000000e+06
2.666526895415609388e+01 1.135682748577688139e+00 9.506706000000000000e+06
2.669591010301247636e+01 1.132350525667250363e+00 9.533978000000000000e+06
2.672655940300148814e+01 1.129946715720108186e+00 9.553662000000000000e+06
2.675721084773019953e+01 1.126399419761311194e+00 9.579506000000000000e+06
2.678787623421603570e+01 1.122570714454177443e+00 9.607866000000000000e+06
2.681852027510272052e+01 1.118701600711214494e+00 9.608354000000000000e+06
2.684915022005877461e+01 1.116177004606660805e+00 9.643862000000000000e+06
2.687981047524921863e+01 1.112993969957121410e+00 9.670578000000000000e+06
2.691046933508355110e+01 1.109972656584663930e+00 9.687890000000000000e+06
2.694109434462116326e+01 1.106542626273380403e+00 9.693294000000000000e+06
2.697172682553225798e+01 1.103251899079234821e+00 9.736034000000000000e+06
2.700239153870817432e+01 1.098889982586234160e+00 9.758946000000000000e+06
2.703305525052747527e+01 1.095314507811335103e+00 9.778994000000000000e+06
2.706370879858033973e+01 1.093109249598900323e+00 9.796814000000000000e+06
2.709435032875686744e+01 1.089164767387445387e+00 9.816882000000000000e+06
2.712501002342743917e+01 1.086652128000630269e+00 9.850514000000000000e+06
2.715565776732351821e+01 1.083341095053988123e+00 9.856062000000000000e+06
2.718629451122674467e+01 1.080199208917510090e+00 9.886706000000000000e+06
2.721695369136173071e+01 1.077281565891107018e+00 9.916194000000000000e+06
2.724760474761749407e+01 1.073280372688605766e+00 9.924854000000000000e+06
2.727825760225054097e+01 1.071106732025028263e+00 9.961490000000000000e+06
2.730892049079471917e+01 1.068889793446261338e+00 9.979098000000000000e+06
2.733956427726085892e+01 1.065085754473404478e+00 9.990266000000000000e+06
2.737018573225796914e+01 1.062127973738159481e+00 1.001239800000000000e+07
2.740081756735755647e+01 1.059432494941137559e+00 1.003881800000000000e+07
2.743146802938129625e+01 1.056577478221483846e+00 1.007208200000000000e+07
2.746211675527639429e+01 1.053658901858337105e+00 1.008267000000000000e+07
2.749277891738845980e+01 1.050045706773710341e+00 1.012322600000000000e+07
2.752344693109558449e+01 1.047205509236757148e+00 1.013483400000000000e+07
2.755409288101080278e+01 1.043752665875318231e+00 1.015145000000000000e+07
2.758474131651236760e+01 1.041685200426782254e+00 1.018411800000000000e+07
2.761539820084842489e+01 1.038455912414054882e+00 1.019981000000000000e+07
2.764605597842055928e+01 1.035975573160191621e+00 1.023038600000000000e+07
2.767670042623675997e+01 1.032961124339174752e+00 1.023833400000000000e+07
2.770734211947352676e+01 1.029906945309559507e+00 1.027159400000000000e+07
2.773800306428746509e+01 1.027216607443978136e+00 1.029841800000000000e+07
2.776865049495845383e+01 1.024250752948486332e+00 1.030681400000000000e+07
2.779929326773324405e+01 1.021230974114874845e+00 1.034130600000000000e+07
2.782995170379088989e+01 1.018790791174853272e+00 1.036284200000000000e+07
2.786061320752148163e+01 1.016212406512607691e+00 1.038883400000000000e+07
2.789125443722943132e+01 1.011832664302211526e+00 1.039563000000000000e+07
2.792188445130166841e+01 1.009222029892103523e+00 1.042536200000000000e+07
2.795253094588477083e+01 1.006639963712449237e+00 1.045427400000000000e+07
2.798318763838284440e+01 1.003702797421030635e+00 1.047829400000000000e+07
2.801384997205349237e+01 1.001177319964981383e+00 1.050181800000000000e+07
2.804449546843089891e+01 9.986929863687502573e-01 1.051481000000000000e+07
2.807514459055270706e+01 9.962850898705278846e-01 1.054884200000000000e+07
2.810579893174551813e+01 9.925165112030877035e-01 1.056646200000000000e+07
2.813644319397282700e+01 9.903194635589001038e-01 1.058681000000000000e+07
2.816709334499659789e+01 9.874693757504742209e-01 1.061495400000000000e+07
2.819773627008090600e+01 9.845830902561495401e-01 1.063105400000000000e+07
2.822838440275558369e+01 9.822769101255425239e-01 1.066236200000000000e+07
2.825903669354339343e+01 9.801259978841849740e-01 1.068335400000000000e+07
2.828968213955753441e+01 9.768567059259402052e-01 1.069929800000000000e+07
2.832033557002852930e+01 9.733027451344109515e-01 1.073878200000000000e+07
2.835098683749683346e+01 9.720973228165292745e-01 1.074420200000000000e+07
2.838163630947162730e+01 9.685935672042755851e-01 1.078218600000000000e+07
2.841227563085324093e+01 9.651478734378949875e-01 1.078496600000000000e+07
2.844292475750595273e+01 9.634493016297490664e-01 1.083393800000000000e+07
2.847359150819448459e+01 9.602302256848134210e-01 1.084813800000000000e+07
2.850425483773282664e+01 9.581440321596031984e-01 1.087376600000000000e+07
2.853490447676422903e+01 9.554761333961606651e-01 1.088697000000000000e+07
2.856554225700441307e+01 9.530717322483821530e-01 1.091244200000000000e+07
2.859618507886883876e+01 9.503962713425935238e-01 1.093669800000000000e+07
2.862683629450151912e+01 9.470363414954867665e-01 1.096614200000000000e+07
2.865746767483001278e+01 9.455978832949546442e-01 1.096874600000000000e+07
2.868810162725141666e+01 9.424529365654791269e-01 1.101460200000000000e+07
2.871877066728239924e+01 9.398905564851729455e-01 1.104277400000000000e+07
2.874944211863178012e+01 9.378350480234369790e-01 1.106147400000000000e+07
2.878008769129001720e+01 9.348421532723110161e-01 1.107245000000000000e+07
2.881071843644816255e+01 9.320781924933779772e-01 1.109692200000000000e+07
2.884138462527048929e+01 9.299111669411618264e-01 1.114652600000000000e+07
2.887205280920166572e+01 9.277851478995929879e-01 1.114560200000000000e+07
2.890268823669603648e+01 9.245896607602027695e-01 1.116844200000000000e+07
2.893330357639574046e+01 9.218744941233794066e-01 1.118108600000000000e+07
2.896397035628928762e+01 9.198052570845060005e-01 1.125011400000000000e+07
2.899465187815729905e+01 9.179673274740515199e-01 1.124210600000000000e+07
2.902529004403753632e+01 9.147019123787908379e-01 1.126544600000000000e+07
2.905592397674332972e+01 9.125533760607646983e-01 1.128549000000000000e+07
2.908658740450306013e+01 9.101613437354278968e-01 1.133592200000000000e+07
2.911724974944597477e+01 9.079665458383973098e-01 1.133013000000000000e+07
2.914787047086730354e+01 9.056559366819666446e-01 1.135727000000000000e+07
2.917851218588677753e+01 9.042742454231230687e-01 1.138909800000000000e+07
2.920917994379766469e+01 9.006748439305265475e-01 1.142664200000000000e+07
2.923984020518843607e+01 8.985827405632822451e-01 1.143135800000000000e+07
2.927048529662244292e+01 8.965813835934121068e-01 1.146229800000000000e+07
2.930112725521218664e+01 8.939641448943924651e-01 1.147920200000000000e+07
2.933177374858156128e+01 8.912344373194681646e-01 1.150974600000000000e+07
2.936240891911117856e+01 8.889123394458868788e-01 1.152306200000000000e+07
2.939304480459886548e+01 8.879741714627892302e-01 1.155621000000000000e+07
2.942370281367375640e+01 8.855562886716080717e-01 1.158828200000000000e+07
2.945435442424784256e+01 8.826349528252844800e-01 1.159964600000000000e+07
2.948501885409245915e+01 8.807803921144319315e-01 1.164527400000000000e+07
2.951568131644257065e+01 8.785892382897637631e-01 1.164933800000000000e+07
2.954630943029124168e+01 8.760269913057312507e-01 1.166538600000000000e+07
2.957696687066465202e+01 8.738472633913022536e-01 1.171928600000000000e+07
2.960762973599409165e+01 8.720260618401332042e-01 1.172073800000000000e+07
2.963827910425833423e+01 8.696745762723399054e-01 1.175507400000000000e+07
2.966892245050443577e+01 8.671651271002720485e-01 1.176716600000000000e+07
2.969958171988989903e+01 8.654528530697399580e-01 1.181334600000000000e+07
2.973025161634517843e+01 8.632507008189962416e-01 1.182545000000000000e+07
2.976087689384098667e+01 8.613626015253939006e-01 1.182881400000000000e+07
2.979151934159806103e+01 8.588648598526238409e-01 1.188441800000000000e+07
2.982218666376524396e+01 8.566924512817996051e-01 1.190037800000000000e+07
2.985282577868301601e+01 8.548161983849179579e-01 1.190800200000000000e+07
2.988344557129535062e+01 8.525301424841276177e-01 1.193747000000000000e+07
2.991409824346948909e+01 8.502410330191616517e-01 1.198134600000000000e+07
2.994476759374305530e+01 8.487071427821313296e-01 1.199815400000000000e+07
2.997541468366090101e+01 8.463876473289579927e-01 1.201579800000000000e+07
3.000606450866456854e+01 8.442238323787336629e-01 1.204658600000000000e+07
3.003672118713024020e+01 8.422892108538346800e-01 1.207322600000000000e+07
3.006737261500484948e+01 8.400182143486385478e-01 1.208937000000000000e+07
3.009802353665422459e+01 8.386339045083902599e-01 1.212366200000000000e+07
3.012866380509269604e+01 8.354850326712351949e-01 1.212901800000000000e+07
3.015929791586058428e+01 8.337368550028934067e-01 1.216869800000000000e+07
3.018994583799627307e+01 8.317381493174922369e-01 1.219107000000000000e+07
3.022062124794907234e+01 8.300997197909014691e-01 1.223729000000000000e+07
3.025129018624486932e+01 8.272826639963901663e-01 1.223743400000000000e+07
3.028193817926301890e+01 8.253676821172621914e-01 1.226943000000000000e+07
3.031258695709031059e+01 8.239634827039739040e-01 1.228831400000000000e+07
3.034322731892392966e+01 8.216001751786590201e-01 1.231200200000000000e+07
3.037386370818878234e+01 8.203886462761718068e-01 1.233378600000000000e+07
3.040449885904552829e+01 8.188550775585889951e-01 1.236265400000000000e+07
3.043516156591327615e+01 8.163592734127286255e-01 1.240528200000000000e+07
3.046582747350058895e+01 8.149658288039428600e-01 1.241484200000000000e+07
3.049646593130319516e+01 8.128337514853283263e-01 1.243327800000000000e+07
3.052711147469950248e+01 8.106275324910289237e-01 1.246944200000000000e+07
3.055777100155219017e+01 8.089829757385429421e-01 1.249710600000000000e+07
3.058842537388453309e+01 8.071526628868334052e-01 1.251307400000000000e+07
3.061905924361232323e+01 8.051870338596647247e-01 1.253190200000000000e+07
3.064969867554323457e+01 8.039286455983557511e-01 1.256769000000000000e+07
3.068036610992051294e+01 8.010853156520915119e-01 1.260333800000000000e+07
3.071102250832555924e+01 8.002886925475111157e-01 1.261272600000000000e+07
3.074166164535376566e+01 7.978667968045719538e-01 1.263480200000000000e+07
3.077229526260031278e+01 7.961603066637288340e-01 1.266273000000000000e+07
3.080294880836461502e+01 7.949771345748819495e-01 1.269908600000000000e+07
3.083359880383601137e+01 7.925416058469960667e-01 1.271107400000000000e+07
3.086423437926716673e+01 7.902110494793272988e-01 1.273909800000000000e+07
3.089488408063505887e+01 7.889476400388738542e-01 1.276949000000000000e+07
3.092554030516775043e+01 7.873824404754929951e-01 1.279968600000000000e+07
3.095620964309912893e+01 7.853661802908588063e-01 1.282862600000000000e+07
3.098685566491367638e+01 7.834868229007649898e-01 1.283279400000000000e+07
3.101749998811832043e+01 7.809955962833631249e-01 1.287594200000000000e+07
3.104817099201691377e+01 7.804764396713111951e-01 1.290631400000000000e+07
3.107882289023607214e+01 7.782944356910745931e-01 1.291312200000000000e+07
3.110945493689143859e+01 7.773072622468317761e-01 1.293734600000000000e+07
3.114009460761812065e+01 7.754597994322833809e-01 1.297337400000000000e+07
3.117076037718583592e+01 7.740849789017210103e-01 1.300817000000000000e+07
3.120142550401457626e+01 7.719972116897145797e-01 1.302581000000000000e+07
3.123206007488744973e+01 7.703496120408881431e-01 1.303359000000000000e+07
3.126270582930477815e+01 7.684565938467854407e-01 1.308369800000000000e+07
3.129336027402579745e+01 7.672174541375729184e-01 1.309470600000000000e+07
3.132399628986673790e+01 7.654398558670850727e-01 1.311900200000000000e+07
3.135463242066359157e+01 7.636805986284525005e-01 1.314631800000000000e+07
