# k_mean_over_bin [h Mpc^-1] P_bin [h^-3 Mpc^3] N_modes
3.911336014668146538e-02 1.235494683159722172e+03 1.800000000000000000e+01
6.837341045179674837e-02 1.056871975806451474e+03 6.200000000000000000e+01
9.606098566128283556e-02 4.463521603954081343e+02 9.800000000000000000e+01
1.244554894311087484e-01 4.197020461309523967e+02 2.100000000000000000e+02
1.562393171446664064e-01 3.104579241071428442e+02 3.500000000000000000e+02
1.876351697577370581e-01 2.334193923611111074e+02 4.500000000000000000e+02
2.167467008100395498e-01 1.830819144518272594e+02 6.020000000000000000e+02
2.459661192468458046e-01 1.335434711286089282e+02 7.620000000000000000e+02
2.776061288634031343e-01 1.100109046628721501e+02 1.142000000000000000e+03
3.093581660270691147e-01 9.057168750000001012e+01 1.250000000000000000e+03
3.390238072074162612e-01 7.673690950788751763e+01 1.458000000000000000e+03
3.686891987081925004e-01 6.311775599503859269e+01 1.814000000000000000e+03
3.998179640432800719e-01 5.625181143824609364e+01 2.178000000000000000e+03
4.307427349283372564e-01 4.924176528722978219e+01 2.498000000000000000e+03
4.602541775534300106e-01 4.390926833047292632e+01 2.622000000000000000e+03
4.905365640492836410e-01 3.986517469292989801e+01 3.338000000000000000e+03
5.220185972105617633e-01 3.418971655024180478e+01 3.722000000000000000e+03
5.533037531861869640e-01 3.071297586930455736e+01 4.170000000000000000e+03
5.834579143079938746e-01 2.916822510325837570e+01 4.358000000000000000e+03
6.135626871243894387e-01 2.540447612485101203e+01 5.034000000000000000e+03
6.446289557821482941e-01 2.391845139131956444e+01 5.714000000000000000e+03
6.753962663893156027e-01 2.128402917084586932e+01 5.982000000000000000e+03
7.056079657646209258e-01 2.051323699257800826e+01 6.602000000000000000e+03
7.358702805567255423e-01 1.870814998246844496e+01 7.130000000000000000e+03
7.666965816517745669e-01 1.737495526823500214e+01 8.034000000000000000e+03
7.977642657007141258e-01 1.651880228910062698e+01 8.606000000000000000e+03
8.284170882817059045e-01 1.495445035020957292e+01 9.066000000000000000e+03
8.590304504147353581e-01 1.417181069313390829e+01 9.962000000000000000e+03
8.897547830450591722e-01 1.325440758293838783e+01 1.055000000000000000e+04
9.202467144416993650e-01 1.243724528995189793e+01 1.122600000000000000e+04
9.507708295887784544e-01 1.186821021323892644e+01 1.214600000000000000e+04
9.811824151074982625e-01 1.122542464897667891e+01 1.260600000000000000e+04
1.011684221748752277e+00 1.058002576619330526e+01 1.380200000000000000e+04
1.042628223097419760e+00 1.044911549410329243e+01 1.475400000000000000e+04
1.073331423130289064e+00 9.535665805581150067e+00 1.519400000000000000e+04
1.103867755953996443e+00 9.067782720007294017e+00 1.645400000000000000e+04
1.134626123126019959e+00 8.831887788562433173e+00 1.715400000000000000e+04
1.165311979605310189e+00 8.299019523978977020e+00 1.826600000000000000e+04
1.195715701344807869e+00 7.924842499999999568e+00 1.875000000000000000e+04
1.226212543355766904e+00 7.708940551794009721e+00 2.023400000000000000e+04
1.257106684237927041e+00 7.346591637529137131e+00 2.145000000000000000e+04
1.287903710180657191e+00 7.041610935934796700e+00 2.196200000000000000e+04
1.318485981586206890e+00 6.789729136476004179e+00 2.346200000000000000e+04
1.349079736575599542e+00 6.693202260627235667e+00 2.404200000000000000e+04
1.379852114035814425e+00 6.276444345949278691e+00 2.594600000000000000e+04
1.410480275290311170e+00 6.009509725093805876e+00 2.611800000000000000e+04
1.440742128148283729e+00 5.926857435650402905e+00 2.750600000000000000e+04
1.471255328685920905e+00 5.640905611367233341e+00 2.906600000000000000e+04
1.502136784696030958e+00 5.472673953201970143e+00 3.045000000000000000e+04
1.533052783826297283e+00 5.324662513389200491e+00 3.174200000000000000e+04
1.563639454531115192e+00 5.129829457364341039e+00 3.225000000000000000e+04
1.594207740129345519e+00 4.998218521897810795e+00 3.425000000000000000e+04
1.624993071443384896e+00 4.794660863372256721e+00 3.545400000000000000e+04
1.655631361837712090e+00 4.676058935335126954e+00 3.643400000000000000e+04
1.686043534699749769e+00 4.629853112892097222e+00 3.768200000000000000e+04
1.716490578110202225e+00 4.447836740342037132e+00 3.929400000000000000e+04
1.747331588627294874e+00 4.326390732873075073e+00 4.142600000000000000e+04
1.778105141829419589e+00 4.235432861455807441e+00 4.206600000000000000e+04
1.808604007799013091e+00 4.095283398482409964e+00 4.349000000000000000e+04
1.839287024270282567e+00 4.011640970307645659e+00 4.570200000000000000e+04
1.870041864274240018e+00 3.925246668203457023e+00 4.663400000000000000e+04
1.900737122550122393e+00 3.816812530893438193e+00 4.855400000000000000e+04
1.931106014629314860e+00 3.698621342336811946e+00 4.887000000000000000e+04
1.961523677526103127e+00 3.667401232203126415e+00 5.155400000000000000e+04
1.992455947436605701e+00 3.557412992235163607e+00 5.409000000000000000e+04
2.023265045582995914e+00 3.447231031594063744e+00 5.431400000000000000e+04
2.053922539849919016e+00 3.446619113512563892e+00 5.691000000000000000e+04
2.084529483730196198e+00 3.320080633937580572e+00 5.748200000000000000e+04
2.115224791136270266e+00 3.241639313165967984e+00 6.062600000000000000e+04
2.145940900281321451e+00 3.176434142486030954e+00 6.120600000000000000e+04
2.176332471415279191e+00 3.140083356640562595e+00 6.257000000000000000e+04
2.206919797950731787e+00 3.039047999391450094e+00 6.573000000000000000e+04
2.237635070960208417e+00 2.970168494886483046e+00 6.668600000000000000e+04
2.268416329433683210e+00 2.930427971390857866e+00 6.969800000000000000e+04
2.299091711246687986e+00 2.889615776640105160e+00 7.002600000000000000e+04
2.329659180150480235e+00 2.831703375443323623e+00 7.274600000000000000e+04
2.360394721737119283e+00 2.734140551995728252e+00 7.491000000000000000e+04
2.390975199166128995e+00 2.713824499484958075e+00 7.572200000000000000e+04
2.421460073556194192e+00 2.664754857868279370e+00 7.837800000000000000e+04
2.452028836611731322e+00 2.631568630513557494e+00 8.003000000000000000e+04
2.482752885913177110e+00 2.562246614514461562e+00 8.318600000000000000e+04
2.513535292349708072e+00 2.544845702525216691e+00 8.466600000000000000e+04
2.544225237245184790e+00 2.475319844360224675e+00 8.654600000000000000e+04
2.574773866485851048e+00 2.471531098951596395e+00 8.813400000000000000e+04
2.605444086916172797e+00 2.419491939140029135e+00 9.153800000000000000e+04
2.636246016268779524e+00 2.375286201657754948e+00 9.313800000000000000e+04
2.666818018924998590e+00 2.333638849785135250e+00 9.447800000000000000e+04
2.697363618359566839e+00 2.296419296266217103e+00 9.727400000000000000e+04
2.728019604504508866e+00 2.270842267278563753e+00 9.969000000000000000e+04
2.758802868025683530e+00 2.231405503704064763e+00 1.025900000000000000e+05
2.789534229339404092e+00 2.192976504529247528e+00 1.037700000000000000e+05
2.820110463944515811e+00 2.170786718588381348e+00 1.063460000000000000e+05
2.850758474967378220e+00 2.127723643662594366e+00 1.085460000000000000e+05
2.881313531403897787e+00 2.105920667909976007e+00 1.107260000000000000e+05
2.911785445579514686e+00 2.075996910667545325e+00 1.123220000000000000e+05
2.942296885913312732e+00 2.041836682414358339e+00 1.158900000000000000e+05
2.973018636090491551e+00 2.017551056278732879e+00 1.187660000000000000e+05
3.003960234284211772e+00 1.992499110778589877e+00 1.222980000000000000e+05
3.034645244098625572e+00 1.945894550126955558e+00 1.220900000000000000e+05
3.065200286165120414e+00 1.921844075391463402e+00 1.258100000000000000e+05
3.095834962651569544e+00 1.907427938996801409e+00 1.281900000000000000e+05
3.126534896692137799e+00 1.882682365222834608e+00 1.309940000000000000e+05
3.157254587660618839e+00 1.861940373498751189e+00 1.337220000000000000e+05
3.187691458898155972e+00 1.821116005407585670e+00 1.338860000000000000e+05
3.218359550987105244e+00 1.802088781148159180e+00 1.405380000000000000e+05
3.249147146635412042e+00 1.784964930046801568e+00 1.405940000000000000e+05
3.279708286755456559e+00 1.772601701672771757e+00 1.435940000000000000e+05
3.310282650626811485e+00 1.745455603683958579e+00 1.463100000000000000e+05
3.341041738096756752e+00 1.725544722867573766e+00 1.506500000000000000e+05
3.371829763035033789e+00 1.708562286886001313e+00 1.519140000000000000e+05
3.402297796942758357e+00 1.683889192655706246e+00 1.533980000000000000e+05
3.432832982060985749e+00 1.662142457843994281e+00 1.578660000000000000e+05
3.463520961645436547e+00 1.641614485428674719e+00 1.606580000000000000e+05
3.494268698776064941e+00 1.621628240362701145e+00 1.641020000000000000e+05
3.524882682212484575e+00 1.608397312932591472e+00 1.649940000000000000e+05
3.555471568173579122e+00 1.599835700618192469e+00 1.698500000000000000e+05
3.586282686546968357e+00 1.563737094331333122e+00 1.729860000000000000e+05
3.616919594142721461e+00 1.552159828688741472e+00 1.738940000000000000e+05
3.647368063767713497e+00 1.530100783185690538e+00 1.767780000000000000e+05
3.677992804816497596e+00 1.522063838681642745e+00 1.818020000000000000e+05
3.708738931120072024e+00 1.500685727647345979e+00 1.844300000000000000e+05
3.739459730643931668e+00 1.480937770372031892e+00 1.872420000000000000e+05
3.770116200383169858e+00 1.469188239159001430e+00 1.902500000000000000e+05
3.800728857439862107e+00 1.452748513527548413e+00 1.925700000000000000e+05
3.831471188539541384e+00 1.428502073098146807e+00 1.982540000000000000e+05
3.862151110977656732e+00 1.420289102810060822e+00 1.980740000000000000e+05
3.892653862982213830e+00 1.405934793367978219e+00 2.020500000000000000e+05
3.923205785510675891e+00 1.398923581035707686e+00 2.055020000000000000e+05
3.953960730198294637e+00 1.385981393532890849e+00 2.106660000000000000e+05
3.984703376546768538e+00 1.361144439710769927e+00 2.124260000000000000e+05
4.015247109978196782e+00 1.357021440458493489e+00 2.139180000000000000e+05
4.045907609536984140e+00 1.345535399151108091e+00 2.209940000000000000e+05
4.076640767458163062e+00 1.322712021830788842e+00 2.215220000000000000e+05
4.107291653286554656e+00 1.316419609480633079e+00 2.263140000000000000e+05
4.137850364426196137e+00 1.301745344135788685e+00 2.272940000000000000e+05
4.168439512608713038e+00 1.287233674376078607e+00 2.329620000000000000e+05
4.199236749561098492e+00 1.285776702141974148e+00 2.378180000000000000e+05
4.229947929265353679e+00 1.268484451421572290e+00 2.383980000000000000e+05
4.260462426058084340e+00 1.255466012269176312e+00 2.414180000000000000e+05
4.291046899785903257e+00 1.240311940377119893e+00 2.468180000000000000e+05
4.321739014984441241e+00 1.234912952270053488e+00 2.499060000000000000e+05
4.352456027103726477e+00 1.216380441653382993e+00 2.547020000000000000e+05
4.383033077269767652e+00 1.210108708896382890e+00 2.544180000000000000e+05
4.413534074271517227e+00 1.202778356583728447e+00 2.603540000000000000e+05
4.444200357558366399e+00 1.188344422471638850e+00 2.649740000000000000e+05
4.474952179323342882e+00 1.176609563042847251e+00 2.687220000000000000e+05
4.505641422859886447e+00 1.169210207981971061e+00 2.715620000000000000e+05
4.536316088749490660e+00 1.156683508051932874e+00 2.755860000000000000e+05
4.567046341728766556e+00 1.148926175095470903e+00 2.801900000000000000e+05
4.597751251862217892e+00 1.136966825063464803e+00 2.828340000000000000e+05
4.628349450743415083e+00 1.127820576322895230e+00 2.851700000000000000e+05
4.658885037465664958e+00 1.117128802356788464e+00 2.898860000000000000e+05
4.689537847550620420e+00 1.101885692794610128e+00 2.944740000000000000e+05
4.720267580499146298e+00 1.101470314492918101e+00 2.994980000000000000e+05
4.750887740307660145e+00 1.090155225898292279e+00 2.999580000000000000e+05
4.781458163146202089e+00 1.079505542604738189e+00 3.058580000000000000e+05
4.812139804037513180e+00 1.068241142042639202e+00 3.107940000000000000e+05
4.842826296526053120e+00 1.062696234532806150e+00 3.130820000000000000e+05
4.873346903503020577e+00 1.047434649544686458e+00 3.160460000000000000e+05
4.903952058997482766e+00 1.049596662818340409e+00 3.222180000000000000e+05
4.934760029521842561e+00 1.035700739129905568e+00 3.285620000000000000e+05
4.965452501381958150e+00 1.024408423275099844e+00 3.279900000000000000e+05
4.996086282036240611e+00 1.019264473637117474e+00 3.352820000000000000e+05
5.026695485686597742e+00 1.007373426198767685e+00 3.359700000000000000e+05
5.057355002192011284e+00 1.000597359954194854e+00 3.440660000000000000e+05
5.087967611864264939e+00 9.910702596314420187e-01 3.437180000000000000e+05
5.118544807508640382e+00 9.888137699218773058e-01 3.514980000000000000e+05
5.149234444935959054e+00 9.787859210400102761e-01 3.544580000000000000e+05
5.179860758536608323e+00 9.722427321608853035e-01 3.585660000000000000e+05
5.210624402206279093e+00 9.611901907014600566e-01 3.661220000000000000e+05
5.241317970278694283e+00 9.536641289193843463e-01 3.658100000000000000e+05
5.271888078465520877e+00 9.480536506181012069e-01 3.716220000000000000e+05
5.302538962989003402e+00 9.415784430803274541e-01 3.759860000000000000e+05
5.333241296744681392e+00 9.331755174398826957e-01 3.821700000000000000e+05
5.363843287577101826e+00 9.240649340785399568e-01 3.818180000000000000e+05
5.394377881285376652e+00 9.214064593633044531e-01 3.895740000000000000e+05
5.425045278876105215e+00 9.127826881264319292e-01 3.936980000000000000e+05
5.455748191050116880e+00 9.037858016362170233e-01 3.994580000000000000e+05
5.486417791867136629e+00 8.995509631497033975e-01 4.022220000000000000e+05
5.517054280059129567e+00 8.885389890445835048e-01 4.069220000000000000e+05
5.547729067425179572e+00 8.831879084492373355e-01 4.128420000000000000e+05
5.578396539675297916e+00 8.809366167002933290e-01 4.153460000000000000e+05
5.609013027442932398e+00 8.734007062267618027e-01 4.211820000000000000e+05
5.639660721036475977e+00 8.682535945536424826e-01 4.250180000000000000e+05
5.670338352606606236e+00 8.567536670393237630e-01 4.311380000000000000e+05
5.701002224415820052e+00 8.537435080182880220e-01 4.343820000000000000e+05
5.731652461074824068e+00 8.507149374081371951e-01 4.395140000000000000e+05
5.762312139234633257e+00 8.399280166075306919e-01 4.447380000000000000e+05
5.792988623860222397e+00 8.357069763426966391e-01 4.489100000000000000e+05
5.823527921889432690e+00 8.277181282150292141e-01 4.506180000000000000e+05
5.854115639221332934e+00 8.226110941260439402e-01 4.595540000000000000e+05
5.884803383516547193e+00 8.189902122840128085e-01 4.631060000000000000e+05
5.915403549749584933e+00 8.133055792838271847e-01 4.670940000000000000e+05
5.946097918579516417e+00 8.066327868058567052e-01 4.749380000000000000e+05
5.976784376694718404e+00 8.025054040772361397e-01 4.771860000000000000e+05
6.007474398726609266e+00 7.975919182123919482e-01 4.846700000000000000e+05
6.038161603080837381e+00 7.896531257058376774e-01 4.870100000000000000e+05
6.068803116216009208e+00 7.850316938096222330e-01 4.933140000000000000e+05
6.099443541903901256e+00 7.786776402214690140e-01 4.963220000000000000e+05
6.130013467858260512e+00 7.727739773809950696e-01 5.017020000000000000e+05
6.160659038280898336e+00 7.660292034206251932e-01 5.085620000000000000e+05
6.191382862441213497e+00 7.639681317356420420e-01 5.142420000000000000e+05
6.222022549110604928e+00 7.582376665672139193e-01 5.161580000000000000e+05
6.252618937652392184e+00 7.534554857233611846e-01 5.226020000000000000e+05
6.283314506372367880e+00 7.491438106087160431e-01 5.306580000000000000e+05
6.313956888688901259e+00 7.442429090524902424e-01 5.300420000000000000e+05
6.344526529636881129e+00 7.383596101529473765e-01 5.388780000000000000e+05
6.375193447856655204e+00 7.361916040284490759e-01 5.441300000000000000e+05
6.405923794226229262e+00 7.273111366052992244e-01 5.511060000000000000e+05
6.436615537335857340e+00 7.231453932618749914e-01 5.539820000000000000e+05
6.467240689922951979e+00 7.187825239770565533e-01 5.582420000000000000e+05
6.497840343194827284e+00 7.130331275042245398e-01 5.645460000000000000e+05
6.528490514375480558e+00 7.095290441266691728e-01 5.704940000000000000e+05
6.559189482379200520e+00 7.032707490264615835e-01 5.767620000000000000e+05
6.589792657935158005e+00 7.006605457306211981e-01 5.782340000000000000e+05
6.620368275030441119e+00 6.952577279541581889e-01 5.856660000000000000e+05
6.651059279332403484e+00 6.926807165831715407e-01 5.944460000000000000e+05
6.681735101215181771e+00 6.865374317513649460e-01 5.952500000000000000e+05
6.712352184571596325e+00 6.823964372010699053e-01 6.034020000000000000e+05
6.742994392514953361e+00 6.793044266211378801e-01 6.073820000000000000e+05
6.773707641956070447e+00 6.772455572032868298e-01 6.170100000000000000e+05
6.804368332827349874e+00 6.701382527424778468e-01 6.167780000000000000e+05
6.834957329072475218e+00 6.679873700671953296e-01 6.247460000000000000e+05
6.865533884427167166e+00 6.624732112434759124e-01 6.280620000000000000e+05
6.896209472882897096e+00 6.590385081559562153e-01 6.394100000000000000e+05
6.926963358802590953e+00 6.552039492716430491e-01 6.429540000000000000e+05
6.957595884588287483e+00 6.485953285271544022e-01 6.459740000000000000e+05
6.988217027338134990e+00 6.452529878039449107e-01 6.534900000000000000e+05
7.018912144628523642e+00 6.412896843113693457e-01 6.607460000000000000e+05
7.049598360905487304e+00 6.374421496556061939e-01 6.646460000000000000e+05
7.080168728874950190e+00 6.346384255720900480e-01 6.672900000000000000e+05
7.110800747994752591e+00 6.289631207715666861e-01 6.790340000000000000e+05
7.141530300546490295e+00 6.260127200383172053e-01 6.827220000000000000e+05
7.172250636009499303e+00 6.224750917918285831e-01 6.912380000000000000e+05
7.202854517584712291e+00 6.201043926680434026e-01 6.886020000000000000e+05
7.233403056127952091e+00 6.135546662081601266e-01 7.008260000000000000e+05
7.264069579203881410e+00 6.092906377274105445e-01 7.056620000000000000e+05
7.294683413182806220e+00 6.074988962542353654e-01 7.100820000000000000e+05
7.325311269352252630e+00 6.030255092037677400e-01 7.191620000000000000e+05
7.355966981418407435e+00 6.002712011076496434e-01 7.222500000000000000e+05
7.386612648734541153e+00 5.966560180311957229e-01 7.315100000000000000e+05
7.417310529501340177e+00 5.919616717949275353e-01 7.364420000000000000e+05
7.447945213101880846e+00 5.897882957573107321e-01 7.408980000000000000e+05
7.478607010838381974e+00 5.878866935365616442e-01 7.501580000000000000e+05
7.509321067315616105e+00 5.839272715289866023e-01 7.548660000000000000e+05
7.539974932446685152e+00 5.782587773025632538e-01 7.608260000000000000e+05
7.570585192452028878e+00 5.750687305800527005e-01 7.640340000000000000e+05
7.601198673865714461e+00 5.726409065886494121e-01 7.738460000000000000e+05
7.631877298250918429e+00 5.690493565589433977e-01 7.797140000000000000e+05
7.662521884307726516e+00 5.648773163554392518e-01 7.843140000000000000e+05
7.693137071617793588e+00 5.621374039290217839e-01 7.913420000000000000e+05
7.723811426513647049e+00 5.576895925114264685e-01 7.994580000000000000e+05
7.754494077568185872e+00 5.546815796894759565e-01 8.049620000000000000e+05
7.785135803531300525e+00 5.530777901303193245e-01 8.095500000000000000e+05
7.815694237908749287e+00 5.495210723848066303e-01 8.134580000000000000e+05
7.846343679982115127e+00 5.449826308735051805e-01 8.274020000000000000e+05
7.877043316447378984e+00 5.431172370742610722e-01 8.286180000000000000e+05
7.907673669198284294e+00 5.400313262470158859e-01 8.369180000000000000e+05
7.938328804946242379e+00 5.365647030279733221e-01 8.428740000000000000e+05
7.968975407284135670e+00 5.341300003649901429e-01 8.493380000000000000e+05
7.999667994830390150e+00 5.287980372947183039e-01 8.589420000000000000e+05
8.030349243530407577e+00 5.274068414059359666e-01 8.609780000000000000e+05
8.060946961497052143e+00 5.243511443019257534e-01 8.683460000000000000e+05
8.091572720963124965e+00 5.206825741526633911e-01 8.751540000000000000e+05
8.122271484065059610e+00 5.188104255856936797e-01 8.862140000000000000e+05
8.152953690965352607e+00 5.159833720442758009e-01 8.873460000000000000e+05
8.183566695722484852e+00 5.128657040445324666e-01 8.949860000000000000e+05
8.214194695410645508e+00 5.093990162543449163e-01 9.027740000000000000e+05
8.244899107337827715e+00 5.064242929063691445e-01 9.121140000000000000e+05
8.275572896457878969e+00 5.033123375729214866e-01 9.150260000000000000e+05
8.306162294726084028e+00 5.026930286303635809e-01 9.201420000000000000e+05
8.336764679477866480e+00 4.968883165799419244e-01 9.297620000000000000e+05
8.367430340319790716e+00 4.958214491766005372e-01 9.376980000000000000e+05
8.398127428085201629e+00 4.934085251100276959e-01 9.447620000000000000e+05
8.428757837489422755e+00 4.897514932707903168e-01 9.482540000000000000e+05
8.459372296062671381e+00 4.869022012913852837e-01 9.568020000000000000e+05
8.490063465610685256e+00 4.841344062158324801e-01 9.676580000000000000e+05
8.520744025357005924e+00 4.825268484544736336e-01 9.697020000000000000e+05
8.551309344016351233e+00 4.794059070517098231e-01 9.740900000000000000e+05
8.581943800972473113e+00 4.778882544143444600e-01 9.884820000000000000e+05
8.612642412703635841e+00 4.740628156521107806e-01 9.919940000000000000e+05
8.643308537119485990e+00 4.709147078509134943e-01 1.001030000000000000e+06
8.673970834036897060e+00 4.688616726341439667e-01 1.005450000000000000e+06
8.704610753383335009e+00 4.662333549201075344e-01 1.013738000000000000e+06
8.735274622149603374e+00 4.651358384473089913e-01 1.021710000000000000e+06
8.765876554462561643e+00 4.597019871027113735e-01 1.023626000000000000e+06
8.796472033298300630e+00 4.579647897249945476e-01 1.035834000000000000e+06
8.827113104195804638e+00 4.562076461923968984e-01 1.040786000000000000e+06
8.857794945353973048e+00 4.538691860851533089e-01 1.053206000000000000e+06
8.888492903056484096e+00 4.524924030418107090e-01 1.057002000000000000e+06
8.919147318144009517e+00 4.505335567883387293e-01 1.063898000000000000e+06
8.949810470249602190e+00 4.476757335134258220e-01 1.072782000000000000e+06
8.980482087512241307e+00 4.448464696809309449e-01 1.078826000000000000e+06
9.011149622969513828e+00 4.436682960726964220e-01 1.087922000000000000e+06
9.041778006101507614e+00 4.401298001181115915e-01 1.090494000000000000e+06
9.072395809677630041e+00 4.372836485642322968e-01 1.101362000000000000e+06
9.103062344101488179e+00 4.350733565536915592e-01 1.109802000000000000e+06
9.133716582676932205e+00 4.324356849712071571e-01 1.114514000000000000e+06
9.164343279595041025e+00 4.300788875335209149e-01 1.123926000000000000e+06
9.194939762742391665e+00 4.279023007390855837e-01 1.125986000000000000e+06
9.225588868133300480e+00 4.250570753545525604e-01 1.143554000000000000e+06
9.256279045055194388e+00 4.239843770474617801e-01 1.144710000000000000e+06
9.286922908321361803e+00 4.213463849783972148e-01 1.154018000000000000e+06
9.317551510994961816e+00 4.198597130768076946e-01 1.159962000000000000e+06
9.348218920250847219e+00 4.179970447981444792e-01 1.170986000000000000e+06
9.378902337186493909e+00 4.152713287108005802e-01 1.178142000000000000e+06
9.409551722439367438e+00 4.127006628622934548e-01 1.182674000000000000e+06
9.440170036212245819e+00 4.106613590909167222e-01 1.191002000000000000e+06
9.470808264249194863e+00 4.082555179859351235e-01 1.200438000000000000e+06
9.501473313875692384e+00 4.061406655316091574e-01 1.208162000000000000e+06
9.532125831626755641e+00 4.056172382736834559e-01 1.215258000000000000e+06
9.562784141325121112e+00 4.031713439868511162e-01 1.224134000000000000e+06
9.593416274997863979e+00 4.002839688310293464e-01 1.228722000000000000e+06
9.624083196782743599e+00 3.984575724326994139e-01 1.243154000000000000e+06
9.654771367964533724e+00 3.951609188042080056e-01 1.245434000000000000e+06
9.685402552280704569e+00 3.944034585685626815e-01 1.255158000000000000e+06
9.715969395840117429e+00 3.922060293403206166e-01 1.255610000000000000e+06
9.746617449311713699e+00 3.897740872850006810e-01 1.277562000000000000e+06
9.777290304407999955e+00 3.878736128918859882e-01 1.274414000000000000e+06
9.807885176827742413e+00 3.860889174055244788e-01 1.285994000000000000e+06
9.838572910167970420e+00 3.840340458767130261e-01 1.299570000000000000e+06
9.869276202679451160e+00 3.815816365517209485e-01 1.302122000000000000e+06
9.899918968135150266e+00 3.803692104263798335e-01 1.311366000000000000e+06
9.930567900523143976e+00 3.777947632100401298e-01 1.319186000000000000e+06
9.961220892975154229e+00 3.764777570862280487e-01 1.327434000000000000e+06
9.991891019630978477e+00 3.746973599298284441e-01 1.337294000000000000e+06
1.002255517125434281e+01 3.724494593105092122e-01 1.342730000000000000e+06
1.005316914398451544e+01 3.710138358248739610e-01 1.350570000000000000e+06
1.008383306751157882e+01 3.688497181837530059e-01 1.362590000000000000e+06
1.011452669049533171e+01 3.678159117922344956e-01 1.369698000000000000e+06
1.014516461762413080e+01 3.645815529189462278e-01 1.374914000000000000e+06
1.017577620860668830e+01 3.637486945004589911e-01 1.383570000000000000e+06
1.020642519374937507e+01 3.622416597629022905e-01 1.395374000000000000e+06
1.023705093164075741e+01 3.596646397550740670e-01 1.396994000000000000e+06
1.026765629299071136e+01 3.580079328813415285e-01 1.411530000000000000e+06
1.029830666316376231e+01 3.558019942874234842e-01 1.417574000000000000e+06
1.032896362286516911e+01 3.543605747763560743e-01 1.428834000000000000e+06
1.035966663242073871e+01 3.531148281327960992e-01 1.439018000000000000e+06
1.039031911060697233e+01 3.519692364395591855e-01 1.440698000000000000e+06
1.042093797488244000e+01 3.495149540325720450e-01 1.453638000000000000e+06
1.045161990055933643e+01 3.486911449571075128e-01 1.463426000000000000e+06
1.048230905031899418e+01 3.466966622480541216e-01 1.471050000000000000e+06
1.051294965218652244e+01 3.442889565689085662e-01 1.476638000000000000e+06
1.054355485794442338e+01 3.433111005910542968e-01 1.484466000000000000e+06
1.057423043832554121e+01 3.413221803026205148e-01 1.501154000000000000e+06
1.060491061368286125e+01 3.389768661442386644e-01 1.501706000000000000e+06
1.063551747879349385e+01 3.375717291475631709e-01 1.511502000000000000e+06
1.066612943100288469e+01 3.365608723722794959e-01 1.520234000000000000e+06
1.069681502375580706e+01 3.345130284167530110e-01 1.535010000000000000e+06
1.072753921292190249e+01 3.332121014696525774e-01 1.543358000000000000e+06
1.075810936250636551e+01 3.307159097420550031e-01 1.535754000000000000e+06
1.078871245727466643e+01 3.294494087750399203e-01 1.564802000000000000e+06
1.081940715839958322e+01 3.283363672220380725e-01 1.563038000000000000e+06
1.085006912710444915e+01 3.262824009487932941e-01 1.578426000000000000e+06
1.088072708694015844e+01 3.255702167334183494e-01 1.581482000000000000e+06
1.091135924400057711e+01 3.235220207253886038e-01 1.592250000000000000e+06
1.094200406382756974e+01 3.218953427410546908e-01 1.602230000000000000e+06
1.097260696004568814e+01 3.200510405333154007e-01 1.604754000000000000e+06
1.100323988183271950e+01 3.185507031903504482e-01 1.623458000000000000e+06
1.103388999676240978e+01 3.171696432417795419e-01 1.624910000000000000e+06
1.106457698538006440e+01 3.157638156926963480e-01 1.645122000000000000e+06
1.109527667386575978e+01 3.142665017354251966e-01 1.645130000000000000e+06
1.112591330354135621e+01 3.126251920630837011e-01 1.655706000000000000e+06
1.115654526125968005e+01 3.117855809611289608e-01 1.663502000000000000e+06
1.118719498215796371e+01 3.089554347203306017e-01 1.675514000000000000e+06
1.121787429068015562e+01 3.082670876307928576e-01 1.685298000000000000e+06
1.124851237891747147e+01 3.073107790698912933e-01 1.689566000000000000e+06
1.127910286336602752e+01 3.054272499042907096e-01 1.697850000000000000e+06
1.130978165659318968e+01 3.041469358399484513e-01 1.718546000000000000e+06
1.134049191158932857e+01 3.023125540026816438e-01 1.719822000000000000e+06
1.137111294866358691e+01 3.007198707449267316e-01 1.726586000000000000e+06
1.140173420596685006e+01 3.003953968983190670e-01 1.739186000000000000e+06
1.143241645198721024e+01 2.981044730402652165e-01 1.751538000000000000e+06
1.146309378911906585e+01 2.972486536311005900e-01 1.758062000000000000e+06
1.149371033408863774e+01 2.956499112313600297e-01 1.763010000000000000e+06
1.152434210102386203e+01 2.943142155644586921e-01 1.778642000000000000e+06
1.155502891721602587e+01 2.926179964072097017e-01 1.788582000000000000e+06
1.158569884908570913e+01 2.918683026734701924e-01 1.794746000000000000e+06
1.161631920000943374e+01 2.903702919386233483e-01 1.803290000000000000e+06
1.164692839895572440e+01 2.889338718031117526e-01 1.811058000000000000e+06
1.167758201264465789e+01 2.873090226312352558e-01 1.828358000000000000e+06
1.170824671228167269e+01 2.868709190209254301e-01 1.831362000000000000e+06
1.173887056645718729e+01 2.850423523901223222e-01 1.842458000000000000e+06
1.176945759162609839e+01 2.836445105787878673e-01 1.846998000000000000e+06
1.180012033129267301e+01 2.827680590138043071e-01 1.869122000000000000e+06
1.183084921812949553e+01 2.807506584606463962e-01 1.876346000000000000e+06
1.186151413816298650e+01 2.794634933328225546e-01 1.879506000000000000e+06
1.189215148075095030e+01 2.782969956045604487e-01 1.893326000000000000e+06
1.192281647950092704e+01 2.770758208164154079e-01 1.901826000000000000e+06
1.195347780224454937e+01 2.758752854397733545e-01 1.911962000000000000e+06
1.198410945486709878e+01 2.749643014946868691e-01 1.919198000000000000e+06
1.201473998051305792e+01 2.733913675072866534e-01 1.930242000000000000e+06
1.204539491969681819e+01 2.724485467262343086e-01 1.942442000000000000e+06
1.207606591889535608e+01 2.715724197047343913e-01 1.951734000000000000e+06
1.210668159911830344e+01 2.704200018717378695e-01 1.955402000000000000e+06
1.213729590584212836e+01 2.691913540427353646e-01 1.971858000000000000e+06
1.216799463550970195e+01 2.675825470628717673e-01 1.984898000000000000e+06
1.219864337641968355e+01 2.662204330197712188e-01 1.986422000000000000e+06
1.222922477881376047e+01 2.650329059096879769e-01 1.996146000000000000e+06
1.225989282685840820e+01 2.642152296408815659e-01 2.017106000000000000e+06
1.229058821881884178e+01 2.631658293073771415e-01 2.020638000000000000e+06
1.232123136247960460e+01 2.611787861705199276e-01 2.029346000000000000e+06
1.235186527658106037e+01 2.605254980151905930e-01 2.041002000000000000e+06
1.238252216979992326e+01 2.594611433376392551e-01 2.051450000000000000e+06
1.241320937502392674e+01 2.582963193516002454e-01 2.065886000000000000e+06
1.244383941472429633e+01 2.570015695944773970e-01 2.064546000000000000e+06
1.247445220519574072e+01 2.558876911627013806e-01 2.082650000000000000e+06
1.250512629307856827e+01 2.549863209974121414e-01 2.095182000000000000e+06
1.253580287130877480e+01 2.531947975250149474e-01 2.101346000000000000e+06
1.256646238438352015e+01 2.523486164853272484e-01 2.115554000000000000e+06
1.259708474717591109e+01 2.512533949313073278e-01 2.115654000000000000e+06
1.262774588521747354e+01 2.503712227927583633e-01 2.141066000000000000e+06
1.265841835076503408e+01 2.491483961480260301e-01 2.139786000000000000e+06
1.268903676420887017e+01 2.480843747473517880e-01 2.152202000000000000e+06
1.271964770975900549e+01 2.469612211175307159e-01 2.161086000000000000e+06
1.275028968623544934e+01 2.459836778247638522e-01 2.176058000000000000e+06
1.278098460469567499e+01 2.449816689473977294e-01 2.190818000000000000e+06
1.281164046729207939e+01 2.439499741689097612e-01 2.191158000000000000e+06
1.284225815563851825e+01 2.426997640698785041e-01 2.205314000000000000e+06
1.287289056249479380e+01 2.415650047347074336e-01 2.215554000000000000e+06
1.290355625633802639e+01 2.402914881989381968e-01 2.230562000000000000e+06
1.293423770049094124e+01 2.396386442038672682e-01 2.239614000000000000e+06
1.296488169854081285e+01 2.385193676287100939e-01 2.245706000000000000e+06
1.299551871653742019e+01 2.371148448847046342e-01 2.259674000000000000e+06
1.302618975751721919e+01 2.368688121751845455e-01 2.273214000000000000e+06
1.305685244694570457e+01 2.353685456217784466e-01 2.278802000000000000e+06
1.308750998994310244e+01 2.341338990616529669e-01 2.294034000000000000e+06
1.311813220161915972e+01 2.335248287320551008e-01 2.294942000000000000e+06
1.314876333796909336e+01 2.327610539263287315e-01 2.317050000000000000e+06
1.317943307318251733e+01 2.313785494235079399e-01 2.322842000000000000e+06
1.321006023701692200e+01 2.306550083447385102e-01 2.330810000000000000e+06
1.324068959969416603e+01 2.295263544786394216e-01 2.345958000000000000e+06
1.327132733229817774e+01 2.289265720479302657e-01 2.353586000000000000e+06
1.330202137818103125e+01 2.275693751814864829e-01 2.376210000000000000e+06
1.333270765674768299e+01 2.264057895087054073e-01 2.374502000000000000e+06
1.336332360429498145e+01 2.257514207914527171e-01 2.386346000000000000e+06
1.339396115374925600e+01 2.245478413068844881e-01 2.401314000000000000e+06
1.342462950449915837e+01 2.237590972236621067e-01 2.411450000000000000e+06
1.345527227069447385e+01 2.229713715104361671e-01 2.420718000000000000e+06
1.348587288323711597e+01 2.219239615806054555e-01 2.425754000000000000e+06
1.351655033488228952e+01 2.208598431992596922e-01 2.455218000000000000e+06
1.354723943126051466e+01 2.198627864306866575e-01 2.450942000000000000e+06
1.357787602620414091e+01 2.190311971805296021e-01 2.467130000000000000e+06
1.360850969175125869e+01 2.181552222456577539e-01 2.474874000000000000e+06
1.363916260858142593e+01 2.173054058004418587e-01 2.490362000000000000e+06
1.366981104919095991e+01 2.164742836876366594e-01 2.498142000000000000e+06
1.370042868629872679e+01 2.156959861831844738e-01 2.507090000000000000e+06
1.373107732768572298e+01 2.148527238689844077e-01 2.525562000000000000e+06
1.376175426428364190e+01 2.135578707521049724e-01 2.534726000000000000e+06
1.379244642300857926e+01 2.131068998229738720e-01 2.549906000000000000e+06
1.382309257737347785e+01 2.116662433155604151e-01 2.551074000000000000e+06
1.385373333418663933e+01 2.110198401059321660e-01 2.570702000000000000e+06
1.388438231685893065e+01 2.103071757160801247e-01 2.574642000000000000e+06
1.391502673172247206e+01 2.091810212230529042e-01 2.594066000000000000e+06
1.394566139702082808e+01 2.080930211630790949e-01 2.594802000000000000e+06
1.397626403373048554e+01 2.073171297802858248e-01 2.612030000000000000e+06
1.400692990380277614e+01 2.067559496855728984e-01 2.627954000000000000e+06
1.403762665833372836e+01 2.058895529923095158e-01 2.640402000000000000e+06
1.406826249291076536e+01 2.050731339633398986e-01 2.641454000000000000e+06
1.409889778741170652e+01 2.040720091861475960e-01 2.661834000000000000e+06
1.412955070116482226e+01 2.033453543803280250e-01 2.669138000000000000e+06
1.416021112645075775e+01 2.023242709670306505e-01 2.684858000000000000e+06
1.419087385297501669e+01 2.016551453092345347e-01 2.693910000000000000e+06
1.422149875684323916e+01 2.005943195757309838e-01 2.701682000000000000e+06
1.425216427801141883e+01 1.999016233162840828e-01 2.722698000000000000e+06
1.428282043751237218e+01 1.991155116462197117e-01 2.725262000000000000e+06
1.431346230054741042e+01 1.983918804353771159e-01 2.742450000000000000e+06
1.434410509664010824e+01 1.976609633252722764e-01 2.749850000000000000e+06
1.437474217852985525e+01 1.970637209640573595e-01 2.763902000000000000e+06
1.440540590632776841e+01 1.959071052057622386e-01 2.778498000000000000e+06
1.443604895983575531e+01 1.954206814076343279e-01 2.784530000000000000e+06
1.446670970857448424e+01 1.943932397705364912e-01 2.804106000000000000e+06
1.449736904962689010e+01 1.930978160289558987e-01 2.809790000000000000e+06
1.452802375701152648e+01 1.929627639503330716e-01 2.825058000000000000e+06
1.455867443991712307e+01 1.920804696347990503e-01 2.834330000000000000e+06
1.458929057279699038e+01 1.912604608620200597e-01 2.842022000000000000e+06
1.461994280853970452e+01 1.901843491622666471e-01 2.864754000000000000e+06
1.465058249564759585e+01 1.895853219728048378e-01 2.864186000000000000e+06
1.468117988573594168e+01 1.888987486881576194e-01 2.879538000000000000e+06
1.471182673337874292e+01 1.882130006201167549e-01 2.899454000000000000e+06
1.474248363238804060e+01 1.875415123243182880e-01 2.904258000000000000e+06
1.477317496500613103e+01 1.868922626998389958e-01 2.930234000000000000e+06
1.480386910161793779e+01 1.861194438963846010e-01 2.929526000000000000e+06
1.483450217940607452e+01 1.852897397807671265e-01 2.942442000000000000e+06
1.486516698446851059e+01 1.843787679722778405e-01 2.960810000000000000e+06
1.489582703702377664e+01 1.838738897804148009e-01 2.964954000000000000e+06
1.492646528006037521e+01 1.832150249420479160e-01 2.980910000000000000e+06
1.495710544900555306e+01 1.823939778226386088e-01 2.990978000000000000e+06
1.498776269392421945e+01 1.816655603123526752e-01 3.007626000000000000e+06
1.501843370546180267e+01 1.810562503022357939e-01 3.019166000000000000e+06
1.504905569365952722e+01 1.804101334286631608e-01 3.021090000000000000e+06
1.507968813668374430e+01 1.790930870907011530e-01 3.047834000000000000e+06
1.511037332515695297e+01 1.786479452413445579e-01 3.055590000000000000e+06
1.514104424704462026e+01 1.779135175095957477e-01 3.068546000000000000e+06
1.517163880420388011e+01 1.773718291877412756e-01 3.067274000000000000e+06
1.520226772397046489e+01 1.767424141187802222e-01 3.098058000000000000e+06
1.523296937728429157e+01 1.761907108999251903e-01 3.109214000000000000e+06
1.526361904753517074e+01 1.753142857051001591e-01 3.110466000000000000e+06
1.529421425129691947e+01 1.749969393829796105e-01 3.124370000000000000e+06
1.532485231670361081e+01 1.742874678691446466e-01 3.144174000000000000e+06
1.535555551766698201e+01 1.734602930413589039e-01 3.161738000000000000e+06
1.538620301937812407e+01 1.727483195617569023e-01 3.159890000000000000e+06
1.541679818315905770e+01 1.720618519106604793e-01 3.174138000000000000e+06
1.544743875163359270e+01 1.713584537001169583e-01 3.195926000000000000e+06
1.547813884141497276e+01 1.706743015321110502e-01 3.211386000000000000e+06
1.550883091269481717e+01 1.702751152885366159e-01 3.219314000000000000e+06
1.553946294611858292e+01 1.695819113289313007e-01 3.225494000000000000e+06
1.557009342916842165e+01 1.685038713215044059e-01 3.242562000000000000e+06
1.560074559370220371e+01 1.679691936944542607e-01 3.257450000000000000e+06
1.563140821530218894e+01 1.672470028613222415e-01 3.269118000000000000e+06
1.566204787145430899e+01 1.668419270920696862e-01 3.278930000000000000e+06
1.569265004490419813e+01 1.661472548035233254e-01 3.286650000000000000e+06
1.572331415106903485e+01 1.653942768368907024e-01 3.316610000000000000e+06
1.575400933951588378e+01 1.647953345163180039e-01 3.321542000000000000e+06
1.578464652652455058e+01 1.641763014115937835e-01 3.328578000000000000e+06
1.581527512713691763e+01 1.635018388232965802e-01 3.345074000000000000e+06
1.584593159202205293e+01 1.629816296049065860e-01 3.361686000000000000e+06
1.587658751981395078e+01 1.624005815613276116e-01 3.369722000000000000e+06
1.590722339945609676e+01 1.616304105408989944e-01 3.385290000000000000e+06
1.593785107536400147e+01 1.608823830782249997e-01 3.391370000000000000e+06
1.596852352225685401e+01 1.605183012334916726e-01 3.422966000000000000e+06
1.599920243251385621e+01 1.597809777227216232e-01 3.419538000000000000e+06
1.602985553152441156e+01 1.592981436071460866e-01 3.441890000000000000e+06
1.606050898189369747e+01 1.588663808431532709e-01 3.447582000000000000e+06
1.609116293617333326e+01 1.578862016479829489e-01 3.466298000000000000e+06
1.612177218423172320e+01 1.574280392268868900e-01 3.466194000000000000e+06
1.615238659316504766e+01 1.568655746948364738e-01 3.492062000000000000e+06
1.618304433395858055e+01 1.563545855201971813e-01 3.503114000000000000e+06
1.621369564724469114e+01 1.556835783899787051e-01 3.517146000000000000e+06
1.624437349555979182e+01 1.552019596651983968e-01 3.535706000000000000e+06
1.627503011624142815e+01 1.545596755356746232e-01 3.539742000000000000e+06
1.630567747321957484e+01 1.542324432980826110e-01 3.558698000000000000e+06
1.633633444718754291e+01 1.533294065300849773e-01 3.570122000000000000e+06
1.636699228812523543e+01 1.526407958163257805e-01 3.585174000000000000e+06
1.639764059090457948e+01 1.525443206965223231e-01 3.594314000000000000e+06
1.642828590068688399e+01 1.517083289731796514e-01 3.612258000000000000e+06
1.645893007191645907e+01 1.510501460935916029e-01 3.620282000000000000e+06
1.648957199783176364e+01 1.504661173791823070e-01 3.639078000000000000e+06
1.652022897904334187e+01 1.500344649289813703e-01 3.650450000000000000e+06
1.655086391605456342e+01 1.494664771954472282e-01 3.661418000000000000e+06
1.658149960773415188e+01 1.488509851553718177e-01 3.677694000000000000e+06
1.661216865362178652e+01 1.483242223032712748e-01 3.695978000000000000e+06
1.664282501558284721e+01 1.477288194641366847e-01 3.702810000000000000e+06
1.667345451826077252e+01 1.470600077445493592e-01 3.716162000000000000e+06
1.670412303906892859e+01 1.467985664264053192e-01 3.740094000000000000e+06
1.673478210225302121e+01 1.461995556481047454e-01 3.740954000000000000e+06
1.676541740863294194e+01 1.457929567454571140e-01 3.760946000000000000e+06
1.679608408952596577e+01 1.450531002483141652e-01 3.778278000000000000e+06
1.682674466654829359e+01 1.446406128052308560e-01 3.784922000000000000e+06
1.685739723155478487e+01 1.439763015253072986e-01 3.805266000000000000e+06
1.688803548841513802e+01 1.434415153980659330e-01 3.807686000000000000e+06
1.691867153120264078e+01 1.430504085434096684e-01 3.833130000000000000e+06
1.694932872530407053e+01 1.425014732301586318e-01 3.841898000000000000e+06
1.697998566510549878e+01 1.416549747360988931e-01 3.858074000000000000e+06
1.701062828430612228e+01 1.414168685289691751e-01 3.868974000000000000e+06
1.704127533600995648e+01 1.410333676759076837e-01 3.885362000000000000e+06
1.707192414656785573e+01 1.405652702851763192e-01 3.898290000000000000e+06
1.710255181072696473e+01 1.397468037029852006e-01 3.907334000000000000e+06
1.713319071172596608e+01 1.395208979746635769e-01 3.928730000000000000e+06
1.716382735984657515e+01 1.387884602097307629e-01 3.936666000000000000e+06
1.719448998954597485e+01 1.385212090789342820e-01 3.961346000000000000e+06
1.722518713228848242e+01 1.378886224418188755e-01 3.975774000000000000e+06
1.725581491968389614e+01 1.373068187600028911e-01 3.970106000000000000e+06
1.728643657196136019e+01 1.368775401744117826e-01 4.003170000000000000e+06
1.731713759204037117e+01 1.364438733064680387e-01 4.019558000000000000e+06
1.734781987893603983e+01 1.360935411047480281e-01 4.025642000000000000e+06
1.737842365147297841e+01 1.356004503149300378e-01 4.028514000000000000e+06
1.740905079503025732e+01 1.349291354284551658e-01 4.059398000000000000e+06
1.743972443769684233e+01 1.346046544514376275e-01 4.069674000000000000e+06
1.747038028370268492e+01 1.340913309456281954e-01 4.083698000000000000e+06
1.750102745774862356e+01 1.335586270301156731e-01 4.095210000000000000e+06
1.753166500950241513e+01 1.329166573409969188e-01 4.110518000000000000e+06
1.756231498081562137e+01 1.325076329403782616e-01 4.126850000000000000e+06
1.759296617687713393e+01 1.320111595960884177e-01 4.140114000000000000e+06
1.762357382681691220e+01 1.315455427876459360e-01 4.144070000000000000e+06
1.765421428885442268e+01 1.311899636285436821e-01 4.175802000000000000e+06
1.768489852398702311e+01 1.305012891958273746e-01 4.187882000000000000e+06
1.771556950276492870e+01 1.301482407572780997e-01 4.199250000000000000e+06
1.774620783297953963e+01 1.297149323906012508e-01 4.209326000000000000e+06
1.777682774493507267e+01 1.294835633909898476e-01 4.222130000000000000e+06
1.780750401021129292e+01 1.288941426448513561e-01 4.254258000000000000e+06
1.783817993206895025e+01 1.283001493482153199e-01 4.252478000000000000e+06
1.786881799063985099e+01 1.277312865484752091e-01 4.270698000000000000e+06
1.789943445534976263e+01 1.274415795061477896e-01 4.278122000000000000e+06
1.793009336077801663e+01 1.270202914314909615e-01 4.309898000000000000e+06
1.796077930716451831e+01 1.264233203618127799e-01 4.317150000000000000e+06
1.799143485791619668e+01 1.260762586674636365e-01 4.329698000000000000e+06
1.802207283970281892e+01 1.256362556342963399e-01 4.340826000000000000e+06
1.805270571152597725e+01 1.251794606832293821e-01 4.359590000000000000e+06
1.808336667793345498e+01 1.249588888127306091e-01 4.376850000000000000e+06
1.811401323573930355e+01 1.244703988716736182e-01 4.386674000000000000e+06
1.814464766537982499e+01 1.240209362935283943e-01 4.401782000000000000e+06
1.817529082465190982e+01 1.234839767741293254e-01 4.419210000000000000e+06
1.820598375993449736e+01 1.229169346688010894e-01 4.446482000000000000e+06
1.823663229521417861e+01 1.226032447130617764e-01 4.435554000000000000e+06
1.826725204091361476e+01 1.222233590829490957e-01 4.468934000000000000e+06
1.829791582036300213e+01 1.218235709579802012e-01 4.477650000000000000e+06
1.832855470139352150e+01 1.214155046582018616e-01 4.491218000000000000e+06
1.835919789777245015e+01 1.210563413148135897e-01 4.510358000000000000e+06
1.838983691066674098e+01 1.205100109680135034e-01 4.518594000000000000e+06
1.842048618686847306e+01 1.201627240028218802e-01 4.544474000000000000e+06
1.845114961348761540e+01 1.196198159617828938e-01 4.552098000000000000e+06
1.848180953853236019e+01 1.194383894828185411e-01 4.574990000000000000e+06
1.851245222260127932e+01 1.188301252291242976e-01 4.577210000000000000e+06
1.854311068981073518e+01 1.184258295997600852e-01 4.608186000000000000e+06
1.857377018063706586e+01 1.180815471483003531e-01 4.610198000000000000e+06
1.860440390017229007e+01 1.176156425352211238e-01 4.628898000000000000e+06
1.863503114498546864e+01 1.172461766106391162e-01 4.641170000000000000e+06
1.866567550024189615e+01 1.169601221414780373e-01 4.662462000000000000e+06
1.869635147958381793e+01 1.163264705618482497e-01 4.681442000000000000e+06
1.872700405237336696e+01 1.161157833548428497e-01 4.687850000000000000e+06
1.875765137982478592e+01 1.158635245617902487e-01 4.708818000000000000e+06
1.878830446025693490e+01 1.153652870020633187e-01 4.721534000000000000e+06
1.881894131346886212e+01 1.148829332505065803e-01 4.732770000000000000e+06
1.884957303362655523e+01 1.145394212834495856e-01 4.753346000000000000e+06
1.888023809980736090e+01 1.140192354269513320e-01 4.772886000000000000e+06
1.891090871260763606e+01 1.136780531976565589e-01 4.785098000000000000e+06
1.894154790414986422e+01 1.132953308946042792e-01 4.795394000000000000e+06
1.897218362658022173e+01 1.129147057137266236e-01 4.813986000000000000e+06
1.900283385206392595e+01 1.125943296375035291e-01 4.832654000000000000e+06
1.903350235720601091e+01 1.121296987108819782e-01 4.849362000000000000e+06
1.906415148299372575e+01 1.118187256834767274e-01 4.858322000000000000e+06
1.909476996524363557e+01 1.114217195418212014e-01 4.871286000000000000e+06
1.912540633843168436e+01 1.110836915680669806e-01 4.894370000000000000e+06
1.915607775651777800e+01 1.105151562166176715e-01 4.914650000000000000e+06
1.918673093358846060e+01 1.101553705562459823e-01 4.919658000000000000e+06
1.921737109038362945e+01 1.097490093365802999e-01 4.941638000000000000e+06
1.924805333354893122e+01 1.094634963392733806e-01 4.965954000000000000e+06
1.927873600716220892e+01 1.092613143809950949e-01 4.971770000000000000e+06
1.930937881190103056e+01 1.088077591681171491e-01 4.985702000000000000e+06
1.934000064256855111e+01 1.084753930597636556e-01 4.996314000000000000e+06
1.937063530033629988e+01 1.082468277869808732e-01 5.021258000000000000e+06
1.940129903902628072e+01 1.077149412420834035e-01 5.038470000000000000e+06
1.943195223680148231e+01 1.073723722757137095e-01 5.048570000000000000e+06
1.946259388837266968e+01 1.069448399162869073e-01 5.067786000000000000e+06
1.949325378056333591e+01 1.065821752489279906e-01 5.084402000000000000e+06
1.952391920669563774e+01 1.063101999750011711e-01 5.104238000000000000e+06
1.955454529668766028e+01 1.061029344027409477e-01 5.101890000000000000e+06
1.958515229432341798e+01 1.055591461039606521e-01 5.129594000000000000e+06
1.961580259908011215e+01 1.053966179628773037e-01 5.149086000000000000e+06
1.964647598754564939e+01 1.048664819763993200e-01 5.168834000000000000e+06
1.967711671408318352e+01 1.045525801257698173e-01 5.172306000000000000e+06
1.970776054518702480e+01 1.042594410351710688e-01 5.199218000000000000e+06
1.973843058927628391e+01 1.039925998431577014e-01 5.215430000000000000e+06
1.976909383957853095e+01 1.034864304638725141e-01 5.229066000000000000e+06
1.979974730224805413e+01 1.031266386120395923e-01 5.244530000000000000e+06
1.983040459772927377e+01 1.028034133467100736e-01 5.262870000000000000e+06
1.986105281425653857e+01 1.024564765667999727e-01 5.272562000000000000e+06
1.989167915855331970e+01 1.022750192907579403e-01 5.290098000000000000e+06
1.992233512457928057e+01 1.018122391265323112e-01 5.314358000000000000e+06
1.995299022425723834e+01 1.014640866252368850e-01 5.322098000000000000e+06
1.998362696967681629e+01 1.012710853682419754e-01 5.341026000000000000e+06
2.001429805344872292e+01 1.010038019451977298e-01 5.366858000000000000e+06
2.004496752307381513e+01 1.005601741917549474e-01 5.374422000000000000e+06
2.007558003312327344e+01 1.001806059433999196e-01 5.377730000000000000e+06
2.010619663165178039e+01 9.985108126394560968e-02 5.409410000000000000e+06
2.013687553158347754e+01 9.938716573052627790e-02 5.434014000000000000e+06
2.016755016454825267e+01 9.912257702961747852e-02 5.438882000000000000e+06
2.019818861724741410e+01 9.883519883332252121e-02 5.456178000000000000e+06
2.022882364752918605e+01 9.851671401631158231e-02 5.469242000000000000e+06
2.025947582076963727e+01 9.828259622057089473e-02 5.496174000000000000e+06
2.029013497277836109e+01 9.797847573258160192e-02 5.505530000000000000e+06
2.032077646713278085e+01 9.748481852321287666e-02 5.521202000000000000e+06
2.035142410046669426e+01 9.724889459582988782e-02 5.544126000000000000e+06
2.038209715392332910e+01 9.685341430541072327e-02 5.560106000000000000e+06
2.041276704522988084e+01 9.662098230495466678e-02 5.579754000000000000e+06
2.044339434596270522e+01 9.630738827208869257e-02 5.576270000000000000e+06
2.047400433812566689e+01 9.588570407933602602e-02 5.607138000000000000e+06
2.050465414558887645e+01 9.574194634833686768e-02 5.625026000000000000e+06
2.053532389370018763e+01 9.538182757427438041e-02 5.646698000000000000e+06
2.056596192186154326e+01 9.502221007285020782e-02 5.649126000000000000e+06
2.059659481650145807e+01 9.485764962650847232e-02 5.676434000000000000e+06
2.062723563822306616e+01 9.452423094275820559e-02 5.687418000000000000e+06
2.065789501103831682e+01 9.411322371379134133e-02 5.715830000000000000e+06
2.068857363042259578e+01 9.382353762560631527e-02 5.729210000000000000e+06
2.071923747383037551e+01 9.355618348552308117e-02 5.744802000000000000e+06
2.074987498351558557e+01 9.321723218815074208e-02 5.752154000000000000e+06
2.078053041960519209e+01 9.295213528937426584e-02 5.786382000000000000e+06
2.081118017348725502e+01 9.261751864493046604e-02 5.784146000000000000e+06
2.084180966840007443e+01 9.231389103095483106e-02 5.812146000000000000e+06
2.087246873484020426e+01 9.206117587389450740e-02 5.830166000000000000e+06
2.090312912726902539e+01 9.181711171172711461e-02 5.845850000000000000e+06
2.093378037566929351e+01 9.158034749065042945e-02 5.862834000000000000e+06
2.096442457626876177e+01 9.105067063576209596e-02 5.876066000000000000e+06
2.099509039179685033e+01 9.095517769318374468e-02 5.905854000000000000e+06
2.102573351815310332e+01 9.059592963661124154e-02 5.902274000000000000e+06
2.105635720643528686e+01 9.033075276779393981e-02 5.931258000000000000e+06
2.108702218704524967e+01 9.008889597354544088e-02 5.954966000000000000e+06
2.111769024571999509e+01 8.976604207031746441e-02 5.965346000000000000e+06
2.114832577809379899e+01 8.951655729565537178e-02 5.977818000000000000e+06
2.117897364467428645e+01 8.917483718635912937e-02 6.004718000000000000e+06
2.120962225056029737e+01 8.886128787735128598e-02 6.011706000000000000e+06
2.124028003416142241e+01 8.860920527906288036e-02 6.045770000000000000e+06
2.127093375519878649e+01 8.831587227261186723e-02 6.041586000000000000e+06
2.130156165599708373e+01 8.809590623737273418e-02 6.073166000000000000e+06
2.133219920491698574e+01 8.779635199233028209e-02 6.078962000000000000e+06
2.136285116966709907e+01 8.755538080009055146e-02 6.114258000000000000e+06
2.139352427845574667e+01 8.728493891805537419e-02 6.123086000000000000e+06
2.142417268630640592e+01 8.698022330965637927e-02 6.136770000000000000e+06
2.145480354384202215e+01 8.666592647026806484e-02 6.154898000000000000e+06
2.148545706546140721e+01 8.640557908655829844e-02 6.178610000000000000e+06
2.151612653279159915e+01 8.612698455723169499e-02 6.197982000000000000e+06
2.154677833320419822e+01 8.586101575389641638e-02 6.205322000000000000e+06
2.157739246519214760e+01 8.562066338631740825e-02 6.218850000000000000e+06
2.160802636633691876e+01 8.535833505879310279e-02 6.249542000000000000e+06
2.163871370337264111e+01 8.507365982557625605e-02 6.274146000000000000e+06
2.166936190194067180e+01 8.477491777829308794e-02 6.270242000000000000e+06
2.169999864745664908e+01 8.454150186940284639e-02 6.305222000000000000e+06
2.173068313923396389e+01 8.437695552555830869e-02 6.325026000000000000e+06
2.176134463504373429e+01 8.396656654961952293e-02 6.331922000000000000e+06
2.179196928002131983e+01 8.368046918374739962e-02 6.343698000000000000e+06
2.182260671813147823e+01 8.351659676513115138e-02 6.375158000000000000e+06
2.185327640589686382e+01 8.325467274221712288e-02 6.392178000000000000e+06
2.188395164505502422e+01 8.294123175960177452e-02 6.412826000000000000e+06
2.191457418339750873e+01 8.267476804558958337e-02 6.407078000000000000e+06
2.194519964934411504e+01 8.246251446582900102e-02 6.447954000000000000e+06
2.197584874950450384e+01 8.216881406611435679e-02 6.456026000000000000e+06
2.200650103817257985e+01 8.196874430155719204e-02 6.482034000000000000e+06
2.203714959817343200e+01 8.163679496211079245e-02 6.492878000000000000e+06
2.206776146081951495e+01 8.141551257337274750e-02 6.502074000000000000e+06
2.209840900715284917e+01 8.112840883212872611e-02 6.542930000000000000e+06
2.212909435360047894e+01 8.091198743616735689e-02 6.556598000000000000e+06
2.215976446255987753e+01 8.065963771987098851e-02 6.570330000000000000e+06
2.219040287241333331e+01 8.040506119678231256e-02 6.581882000000000000e+06
2.222105997311332359e+01 8.020587871902894184e-02 6.612546000000000000e+06
2.225173735653976692e+01 7.997593617496970286e-02 6.628622000000000000e+06
2.228236906003313322e+01 7.969709772896832467e-02 6.629498000000000000e+06
2.231299123139654839e+01 7.942823891579382789e-02 6.659250000000000000e+06
2.234365539181282045e+01 7.925468695361626015e-02 6.686006000000000000e+06
2.237431906113462787e+01 7.894093865564270895e-02 6.693786000000000000e+06
2.240495119889733289e+01 7.871423108567701665e-02 6.711554000000000000e+06
2.243559874147591060e+01 7.843414204182563854e-02 6.735678000000000000e+06
2.246626223308657444e+01 7.824051586482647092e-02 6.754754000000000000e+06
2.249693164364150988e+01 7.793879315051714662e-02 6.776570000000000000e+06
2.252754695231501358e+01 7.773471405684374835e-02 6.767394000000000000e+06
2.255817384037303697e+01 7.750050379525760813e-02 6.818246000000000000e+06
2.258886124968342557e+01 7.723845600113139753e-02 6.830562000000000000e+06
2.261950951352502059e+01 7.700783031781853472e-02 6.839186000000000000e+06
2.265014298397850823e+01 7.681064363542346174e-02 6.861462000000000000e+06
2.268078975948035492e+01 7.657619243897950678e-02 6.880394000000000000e+06
2.271145371109907174e+01 7.639512837225274910e-02 6.907178000000000000e+06
2.274211585654432000e+01 7.613027310549579096e-02 6.917034000000000000e+06
2.277276196539026643e+01 7.589079292192747739e-02 6.937934000000000000e+06
2.280339367570849163e+01 7.565517830796358867e-02 6.947250000000000000e+06
2.283404335172724586e+01 7.539841847144686249e-02 6.982106000000000000e+06
2.286471099297079590e+01 7.512675968356644085e-02 6.995718000000000000e+06
2.289535670710002435e+01 7.498415441146037697e-02 7.006682000000000000e+06
2.292600245201877840e+01 7.478023138871604802e-02 7.035866000000000000e+06
2.295667389567964989e+01 7.456947970757472899e-02 7.054110000000000000e+06
2.298731368920699225e+01 7.437970255527756591e-02 7.059194000000000000e+06
2.301794844000150775e+01 7.404726788762573675e-02 7.091802000000000000e+06
2.304859935862412001e+01 7.377569406869721735e-02 7.100666000000000000e+06
2.307924172520139550e+01 7.361957800947388497e-02 7.129070000000000000e+06
2.310990061408635654e+01 7.333838720772889452e-02 7.143282000000000000e+06
2.314054307017327616e+01 7.316879819707708399e-02 7.161482000000000000e+06
2.317119382566526298e+01 7.299764610712718149e-02 7.184694000000000000e+06
2.320185734324556392e+01 7.266783202853337176e-02 7.203914000000000000e+06
2.323250807215323377e+01 7.246343482859370078e-02 7.219746000000000000e+06
2.326313843972289419e+01 7.224650777726468465e-02 7.228634000000000000e+06
2.329379144080670727e+01 7.199192122788947157e-02 7.271990000000000000e+06
2.332444777960088445e+01 7.182027412118643928e-02 7.266786000000000000e+06
2.335507087774779578e+01 7.160912660327820034e-02 7.293650000000000000e+06
2.338572972711217801e+01 7.136813299980365732e-02 7.324086000000000000e+06
2.341640604770795875e+01 7.117407493203790902e-02 7.338650000000000000e+06
2.344705630354619430e+01 7.098736449535511528e-02 7.351962000000000000e+06
2.347766959470004267e+01 7.071954441845323958e-02 7.357190000000000000e+06
2.350831446175642370e+01 7.060352294113374227e-02 7.406042000000000000e+06
2.353898224311427256e+01 7.036243123893688722e-02 7.408626000000000000e+06
2.356963575235109332e+01 7.019424095669352104e-02 7.435610000000000000e+06
2.360029901858758095e+01 6.996885256029951317e-02 7.453542000000000000e+06
2.363094388425705006e+01 6.972427459156628482e-02 7.464002000000000000e+06
2.366159032137904816e+01 6.949968179283880221e-02 7.493546000000000000e+06
2.369224972351527114e+01 6.936413931474197381e-02 7.510806000000000000e+06
2.372291508578891595e+01 6.910212225943472564e-02 7.532114000000000000e+06
2.375354632645621322e+01 6.889812272283477035e-02 7.536234000000000000e+06
2.378417204300768972e+01 6.857808488132305369e-02 7.565834000000000000e+06
2.381484989613622716e+01 6.850060870212552888e-02 7.603062000000000000e+06
2.384550834037956690e+01 6.822849521128171446e-02 7.593890000000000000e+06
2.387612970652009281e+01 6.800437638218286007e-02 7.622906000000000000e+06
2.390677281995975534e+01 6.782632252516208882e-02 7.646622000000000000e+06
2.393744201491479373e+01 6.767354258140384493e-02 7.672058000000000000e+06
2.396809205963029044e+01 6.740069808679020891e-02 7.679346000000000000e+06
2.399871140417699422e+01 6.726571296485740759e-02 7.693058000000000000e+06
2.402935365105090071e+01 6.703714700346269373e-02 7.732158000000000000e+06
2.406002599393818642e+01 6.689746977589408616e-02 7.746962000000000000e+06
2.409069744544645886e+01 6.662000887017426043e-02 7.770986000000000000e+06
2.412133809379787408e+01 6.645817957811626930e-02 7.772094000000000000e+06
2.415197098395899289e+01 6.626080737018726075e-02 7.803818000000000000e+06
2.418264178024068300e+01 6.604069881207576265e-02 7.834338000000000000e+06
2.421329665107611007e+01 6.587772986873398351e-02 7.833710000000000000e+06
2.424392248425750651e+01 6.566688619780591818e-02 7.858794000000000000e+06
2.427456797443234393e+01 6.546673432230422363e-02 7.884290000000000000e+06
2.430522057461229224e+01 6.526216958580891014e-02 7.901522000000000000e+06
2.433588276096136127e+01 6.508696483975739966e-02 7.930662000000000000e+06
2.436653439930566023e+01 6.490296604316431184e-02 7.934426000000000000e+06
2.439717972712892902e+01 6.466414467747129413e-02 7.967322000000000000e+06
2.442783693810555690e+01 6.448234381542117255e-02 7.981934000000000000e+06
2.445848909686699457e+01 6.430408018860263308e-02 8.003282000000000000e+06
2.448913290943420407e+01 6.413166863807046036e-02 8.019666000000000000e+06
2.451976455905877472e+01 6.397117060564701252e-02 8.034482000000000000e+06
2.455040989797941720e+01 6.379754313108862429e-02 8.068542000000000000e+06
2.458107931780205035e+01 6.355393491702202025e-02 8.088290000000000000e+06
2.461173000312667725e+01 6.336222793510434825e-02 8.096322000000000000e+06
2.464236413023569838e+01 6.319435886409428826e-02 8.122646000000000000e+06
2.467302878003126310e+01 6.300073922061197318e-02 8.150138000000000000e+06
2.470369018584469600e+01 6.283496459172094317e-02 8.165322000000000000e+06
2.473434237152199699e+01 6.263124690348050028e-02 8.182574000000000000e+06
2.476499023106570618e+01 6.244051082207072167e-02 8.203698000000000000e+06
2.479564135983178019e+01 6.225745765666202552e-02 8.226914000000000000e+06
2.482630207602976569e+01 6.213070205306286259e-02 8.246898000000000000e+06
2.485694583618992226e+01 6.193576358418906302e-02 8.261774000000000000e+06
2.488758109348702163e+01 6.177665577299682603e-02 8.279426000000000000e+06
2.491822262853785119e+01 6.155215943559069758e-02 8.308722000000000000e+06
2.494887711239730166e+01 6.138203239791818755e-02 8.326214000000000000e+06
2.497951933488113241e+01 6.122498661102028505e-02 8.342682000000000000e+06
2.501014765446522503e+01 6.101364633599949683e-02 8.360834000000000000e+06
2.504079700598459723e+01 6.082228915913857198e-02 8.393226000000000000e+06
2.507147561161312765e+01 6.071582008634050787e-02 8.420150000000000000e+06
2.510213539337122413e+01 6.046205283409400444e-02 8.421986000000000000e+06
2.513276479637716321e+01 6.033601407175284703e-02 8.445714000000000000e+06
2.516340977761215569e+01 6.018989618286733900e-02 8.472590000000000000e+06
2.519407509340153695e+01 6.001116637650862062e-02 8.495370000000000000e+06
2.522473298638924888e+01 5.980614549709954708e-02 8.512802000000000000e+06
2.525536838388270056e+01 5.964610643307924343e-02 8.523290000000000000e+06
2.528603429285023196e+01 5.942557107225286683e-02 8.570982000000000000e+06
2.531670644975507045e+01 5.931854949863791387e-02 8.568458000000000000e+06
2.534733422191522578e+01 5.909344895322866248e-02 8.586498000000000000e+06
2.537795494299703947e+01 5.899751656379177006e-02 8.608838000000000000e+06
2.540861203384896783e+01 5.878089790656761127e-02 8.645610000000000000e+06
2.543928143685350562e+01 5.859511157737712361e-02 8.658386000000000000e+06
2.546991579144467366e+01 5.841629465341454525e-02 8.668598000000000000e+06
2.550054781656812253e+01 5.829454240254530739e-02 8.697426000000000000e+06
2.553119796550166498e+01 5.812604857380205409e-02 8.722562000000000000e+06
2.556185165324095010e+01 5.794868843558715482e-02 8.737962000000000000e+06
2.559251151955053771e+01 5.780312610373344179e-02 8.771366000000000000e+06
2.562315821371235458e+01 5.765719612108526071e-02 8.771010000000000000e+06
2.565382090549665151e+01 5.744131872194851995e-02 8.822618000000000000e+06
2.568447372340733637e+01 5.731132388768678948e-02 8.807726000000000000e+06
2.571509458014751104e+01 5.715195599742125404e-02 8.844618000000000000e+06
2.574574125894481469e+01 5.697761470029165387e-02 8.868722000000000000e+06
2.577640368018757400e+01 5.681773577911405221e-02 8.891394000000000000e+06
2.580706250709014782e+01 5.666034793906687267e-02 8.911934000000000000e+06
2.583770659642837231e+01 5.651238976559451455e-02 8.923938000000000000e+06
2.586834877557267376e+01 5.631832175299502502e-02 8.953682000000000000e+06
2.589901831076717187e+01 5.618090390789722693e-02 8.981966000000000000e+06
2.592967863857695932e+01 5.598916535471781808e-02 8.990442000000000000e+06
2.596030767966076525e+01 5.582095106459082634e-02 9.007874000000000000e+06
2.599095072903341830e+01 5.571651694294778301e-02 9.038982000000000000e+06
2.602162160336631658e+01 5.555836669949065776e-02 9.068570000000000000e+06
2.605229920594178594e+01 5.540584670207204104e-02 9.085250000000000000e+06
2.608293390061188077e+01 5.523932985055076544e-02 9.084690000000000000e+06
2.611356639902281529e+01 5.504929176853454870e-02 9.128654000000000000e+06
2.614421138741144901e+01 5.494146268491662682e-02 9.133170000000000000e+06
2.617487839855810350e+01 5.475339085566306718e-02 9.185882000000000000e+06
2.620552331238325294e+01 5.462103036759648894e-02 9.163254000000000000e+06
2.623615766102391333e+01 5.449269356831194788e-02 9.220130000000000000e+06
2.626683121971889179e+01 5.431769919392518547e-02 9.233138000000000000e+06
2.629748622418595616e+01 5.415769579316576793e-02 9.249378000000000000e+06
2.632813025222741032e+01 5.393225107991651834e-02 9.271550000000000000e+06
2.635876646472280527e+01 5.385185902492993504e-02 9.286266000000000000e+06
2.638941311560349590e+01 5.369772879084349498e-02 9.320762000000000000e+06
2.642004936527652958e+01 5.354233396999887734e-02 9.326718000000000000e+06
2.645067839992656289e+01 5.339831667878548044e-02 9.354602000000000000e+06
2.648132402671914321e+01 5.331994897871106254e-02 9.384122000000000000e+06
2.651197738732207654e+01 5.313862829054935566e-02 9.400482000000000000e+06
2.654263638111005719e+01 5.297494057335815770e-02 9.432638000000000000e+06
2.657329775687598072e+01 5.284739607386265692e-02 9.445314000000000000e+06
2.660396500218634941e+01 5.268247832449993867e-02 9.477290000000000000e+06
2.663462571825092340e+01 5.248858318346091151e-02 9.489182000000000000e+06
2.666526895415609388e+01 5.241665396510631486e-02 9.506706000000000000e+06
2.669591010301247636e+01 5.220218674723184349e-02 9.533978000000000000e+06
2.672655940300148814e+01 5.209153699387732150e-02 9.553662000000000000e+06
2.675721084773019953e+01 5.201039007126254804e-02 9.579506000000000000e+06
2.678787623421603570e+01 5.188192609576362108e-02 9.607866000000000000e+06
2.681852027510272052e+01 5.170919818836815923e-02 9.608354000000000000e+06
2.684915022005877461e+01 5.155181865937111252e-02 9.643862000000000000e+06
2.687981047524921863e+01 5.138931781016604916e-02 9.670578000000000000e+06
2.691046933508355110e+01 5.125706874768395926e-02 9.687890000000000000e+06
2.694109434462116326e+01 5.113065151020902005e-02 9.693294000000000000e+06
2.697172682553225798e+01 5.100578556936016805e-02 9.736034000000000000e+06
2.700239153870817432e+01 5.082031271614782797e-02 9.758946000000000000e+06
2.703305525052747527e+01 5.070783929819365488e-02 9.778994000000000000e+06
2.706370879858033973e+01 5.055738975446507494e-02 9.796814000000000000e+06
2.709435032875686744e+01 5.042794838014758724e-02 9.816882000000000000e+06
2.712501002342743917e+01 5.032063238019863355e-02 9.850514000000000000e+06
2.715565776732351821e+01 5.014475799259379696e-02 9.856062000000000000e+06
2.718629451122674467e+01 5.005257817922369179e-02 9.886706000000000000e+06
2.721695369136173071e+01 4.992174921144140742e-02 9.916194000000000000e+06
2.724760474761749407e+01 4.971685225797779772e-02 9.924854000000000000e+06
2.727825760225054097e+01 4.965080211394078125e-02 9.961490000000000000e+06
2.730892049079471917e+01 4.949952014701128333e-02 9.979098000000000000e+06
2.733956427726085892e+01 4.934735971995140441e-02 9.990266000000000000e+06
2.737018573225796914e+01 4.922084162555263875e-02 1.001239800000000000e+07
2.740081756735755647e+01 4.911547168700538396e-02 1.003881800000000000e+07
2.743146802938129625e+01 4.899104710922726896e-02 1.007208200000000000e+07
2.746211675527639429e+01 4.887115094513655444e-02 1.008267000000000000e+07
2.749277891738845980e+01 4.868767562336354104e-02 1.012322600000000000e+07
2.752344693109558449e+01 4.861712892880139941e-02 1.013483400000000000e+07
2.755409288101080278e+01 4.837522903132064622e-02 1.015145000000000000e+07
2.758474131651236760e+01 4.831085090039215907e-02 1.018411800000000000e+07
2.761539820084842489e+01 4.819374086380040501e-02 1.019981000000000000e+07
2.764605597842055928e+01 4.806866830342471780e-02 1.023038600000000000e+07
2.767670042623675997e+01 4.794394222243579529e-02 1.023833400000000000e+07
2.770734211947352676e+01 4.779662849797217811e-02 1.027159400000000000e+07
2.773800306428746509e+01 4.766980350768438429e-02 1.029841800000000000e+07
2.776865049495845383e+01 4.758327537006101088e-02 1.030681400000000000e+07
2.779929326773324405e+01 4.740144160708521792e-02 1.034130600000000000e+07
2.782995170379088989e+01 4.726372058456550229e-02 1.036284200000000000e+07
2.786061320752148163e+01 4.715104457343335942e-02 1.038883400000000000e+07
2.789125443722943132e+01 4.704857654129667582e-02 1.039563000000000000e+07
2.792188445130166841e+01 4.689540996274278034e-02 1.042536200000000000e+07
2.795253094588477083e+01 4.677406939018434462e-02 1.045427400000000000e+07
2.798318763838284440e+01 4.667732946317406512e-02 1.047829400000000000e+07
2.801384997205349237e+01 4.656248565724525196e-02 1.050181800000000000e+07
2.804449546843089891e+01 4.644746314959566358e-02 1.051481000000000000e+07
2.807514459055270706e+01 4.629460157806894460e-02 1.054884200000000000e+07
2.810579893174551813e+01 4.617664361069959145e-02 1.056646200000000000e+07
2.813644319397282700e+01 4.605151953232371198e-02 1.058681000000000000e+07
2.816709334499659789e+01 4.595524507218778226e-02 1.061495400000000000e+07
2.819773627008090600e+01 4.579181424532317857e-02 1.063105400000000000e+07
2.822838440275558369e+01 4.571705418086536438e-02 1.066236200000000000e+07
2.825903669354339343e+01 4.560446033614536793e-02 1.068335400000000000e+07
2.828968213955753441e+01 4.551382424809553157e-02 1.069929800000000000e+07
2.832033557002852930e+01 4.534210094776111588e-02 1.073878200000000000e+07
2.835098683749683346e+01 4.527553267799692971e-02 1.074420200000000000e+07
2.838163630947162730e+01 4.513045580460214173e-02 1.078218600000000000e+07
2.841227563085324093e+01 4.502552731737865382e-02 1.078496600000000000e+07
2.844292475750595273e+01 4.486177486893500738e-02 1.083393800000000000e+07
2.847359150819448459e+01 4.475535340719301314e-02 1.084813800000000000e+07
2.850425483773282664e+01 4.464733055686502528e-02 1.087376600000000000e+07
2.853490447676422903e+01 4.454664899875723089e-02 1.088697000000000000e+07
2.856554225700441307e+01 4.443401623577930559e-02 1.091244200000000000e+07
2.859618507886883876e+01 4.431298642423883022e-02 1.093669800000000000e+07
2.862683629450151912e+01 4.415705176898129108e-02 1.096614200000000000e+07
2.865746767483001278e+01 4.410172548438991841e-02 1.096874600000000000e+07
2.868810162725141666e+01 4.402298478419828381e-02 1.101460200000000000e+07
2.871877066728239924e+01 4.389176521678338910e-02 1.104277400000000000e+07
2.874944211863178012e+01 4.372755554549059148e-02 1.106147400000000000e+07
2.878008769129001720e+01 4.367560928249845237e-02 1.107245000000000000e+07
2.881071843644816255e+01 4.353960719918550243e-02 1.109692200000000000e+07
2.884138462527048929e+01 4.344018822546145964e-02 1.114652600000000000e+07
2.887205280920166572e+01 4.332880583749536274e-02 1.114560200000000000e+07
2.890268823669603648e+01 4.322386965433495931e-02 1.116844200000000000e+07
2.893330357639574046e+01 4.305102831692735055e-02 1.118108600000000000e+07
2.896397035628928762e+01 4.299773373407593524e-02 1.125011400000000000e+07
2.899465187815729905e+01 4.290515607129127135e-02 1.124210600000000000e+07
2.902529004403753632e+01 4.281492161961452519e-02 1.126544600000000000e+07
2.905592397674332972e+01 4.268172560517974334e-02 1.128549000000000000e+07
2.908658740450306013e+01 4.259520641549933290e-02 1.133592200000000000e+07
2.911724974944597477e+01 4.249771681790059236e-02 1.133013000000000000e+07
2.914787047086730354e+01 4.237473277028722118e-02 1.135727000000000000e+07
2.917851218588677753e+01 4.227067905201974812e-02 1.138909800000000000e+07
2.920917994379766469e+01 4.216413164077425363e-02 1.142664200000000000e+07
2.923984020518843607e+01 4.206270265527507768e-02 1.143135800000000000e+07
2.927048529662244292e+01 4.196563594839359396e-02 1.146229800000000000e+07
2.930112725521218664e+01 4.187671592938254500e-02 1.147920200000000000e+07
2.933177374858156128e+01 4.173595577174335491e-02 1.150974600000000000e+07
2.936240891911117856e+01 4.167882254300115524e-02 1.152306200000000000e+07
2.939304480459886548e+01 4.154252886543252643e-02 1.155621000000000000e+07
2.942370281367375640e+01 4.144655027380245160e-02 1.158828200000000000e+07
2.945435442424784256e+01 4.131914618342662909e-02 1.159964600000000000e+07
2.948501885409245915e+01 4.121409573531717441e-02 1.164527400000000000e+07
2.951568131644257065e+01 4.114742668209987048e-02 1.164933800000000000e+07
2.954630943029124168e+01 4.106101804089466040e-02 1.166538600000000000e+07
2.957696687066465202e+01 4.098355480018151670e-02 1.171928600000000000e+07
2.960762973599409165e+01 4.089386265608872112e-02 1.172073800000000000e+07
2.963827910425833423e+01 4.077318813560849853e-02 1.175507400000000000e+07
2.966892245050443577e+01 4.070122427949091071e-02 1.176716600000000000e+07
2.969958171988989903e+01 4.055604250480770306e-02 1.181334600000000000e+07
2.973025161634517843e+01 4.044345035495477969e-02 1.182545000000000000e+07
2.976087689384098667e+01 4.036777535347161466e-02 1.182881400000000000e+07
2.979151934159806103e+01 4.029278610866766919e-02 1.188441800000000000e+07
2.982218666376524396e+01 4.019044342541051862e-02 1.190037800000000000e+07
2.985282577868301601e+01 4.008446904023025420e-02 1.190800200000000000e+07
2.988344557129535062e+01 3.999823140916793779e-02 1.193747000000000000e+07
2.991409824346948909e+01 3.990075228192224710e-02 1.198134600000000000e+07
2.994476759374305530e+01 3.981435654601532537e-02 1.199815400000000000e+07
2.997541468366090101e+01 3.972210948869146774e-02 1.201579800000000000e+07
3.000606450866456854e+01 3.965371132950032407e-02 1.204658600000000000e+07
3.003672118713024020e+01 3.952466287800791150e-02 1.207322600000000000e+07
3.006737261500484948e+01 3.945213077687257514e-02 1.208937000000000000e+07
3.009802353665422459e+01 3.934531084749805924e-02 1.212366200000000000e+07
3.012866380509269604e+01 3.926117256566030028e-02 1.212901800000000000e+07
3.015929791586058428e+01 3.920360614997594334e-02 1.216869800000000000e+07
3.018994583799627307e+01 3.910787773345571899e-02 1.219107000000000000e+07
3.022062124794907234e+01 3.903010031224233428e-02 1.223729000000000000e+07
3.025129018624486932e+01 3.890460205954941048e-02 1.223743400000000000e+07
3.028193817926301890e+01 3.882184726592841084e-02 1.226943000000000000e+07
3.031258695709031059e+01 3.872701230616339835e-02 1.228831400000000000e+07
3.034322731892392966e+01 3.863774297226398036e-02 1.231200200000000000e+07
3.037386370818878234e+01 3.858237953050263486e-02 1.233378600000000000e+07
3.040449885904552829e+01 3.849092850531932869e-02 1.236265400000000000e+07
3.043516156591327615e+01 3.842831827603757772e-02 1.240528200000000000e+07
3.046582747350058895e+01 3.831653173677119356e-02 1.241484200000000000e+07
3.049646593130319516e+01 3.825105746449166538e-02 1.243327800000000000e+07
3.052711147469950248e+01 3.814713350846012097e-02 1.246944200000000000e+07
3.055777100155219017e+01 3.806537289513267641e-02 1.249710600000000000e+07
3.058842537388453309e+01 3.798286546135665881e-02 1.251307400000000000e+07
3.061905924361232323e+01 3.790463131614019848e-02 1.253190200000000000e+07
3.064969867554323457e+01 3.784380323671255458e-02 1.256769000000000000e+07
3.068036610992051294e+01 3.775436812850690299e-02 1.260333800000000000e+07
3.071102250832555924e+01 3.768818493321744734e-02 1.261272600000000000e+07
3.074166164535376566e+01 3.760998292652310143e-02 1.263480200000000000e+07
3.077229526260031278e+01 3.751397556056237231e-02 1.266273000000000000e+07
3.080294880836461502e+01 3.743396867302103276e-02 1.269908600000000000e+07
3.083359880383601137e+01 3.734804391824011333e-02 1.271107400000000000e+07
3.086423437926716673e+01 3.727753870407465170e-02 1.273909800000000000e+07
3.089488408063505887e+01 3.718864506335022024e-02 1.276949000000000000e+07
3.092554030516775043e+01 3.711285134260325358e-02 1.279968600000000000e+07
3.095620964309912893e+01 3.705358332996845638e-02 1.282862600000000000e+07
3.098685566491367638e+01 3.696624591262043236e-02 1.283279400000000000e+07
3.101749998811832043e+01 3.690889421915693330e-02 1.287594200000000000e+07
3.104817099201691377e+01 3.682267454518772798e-02 1.290631400000000000e+07
3.107882289023607214e+01 3.673693559543540765e-02 1.291312200000000000e+07
3.110945493689143859e+01 3.667032780525465024e-02 1.293734600000000000e+07
3.114009460761812065e+01 3.661011295134172089e-02 1.297337400000000000e+07
3.117076037718583592e+01 3.651569792292074651e-02 1.300817000000000000e+07
3.120142550401457626e+01 3.644847230229828622e-02 1.302581000000000000e+07
3.123206007488744973e+01 3.635125424000601457e-02 1.303359000000000000e+07
3.126270582930477815e+01 3.628875605352553657e-02 1.308369800000000000e+07
3.129336027402579745e+01 3.621984000633538675e-02 1.309470600000000000e+07
3.132399628986673790e+01 3.616186610460155743e-02 1.311900200000000000e+07
3.135463242066359157e+01 3.606563782726083384e-02 1.314631800000000000e+07
