# k_mean_over_bin [h Mpc^-1] P_bin [h^-3 Mpc^3] N_modes
1.069098562002182007e-01 3.313171440972222172e+03 1.800000000000000000e+01
1.868873286631799469e-01 2.667328881048386847e+03 6.200000000000000000e+01
2.625667106132117956e-01 1.338981026785714221e+03 9.800000000000000000e+01
3.401783364159720047e-01 1.093246130952381009e+03 2.100000000000000000e+02
4.270541402271815778e-01 9.150260714285714130e+02 3.500000000000000000e+02
5.128694812456766616e-01 6.483713888888888732e+02 4.500000000000000000e+02
5.924409924947542372e-01 5.540637458471760510e+02 6.020000000000000000e+02
6.723074055719250319e-01 5.542871555118109654e+02 7.620000000000000000e+02
7.587901043808397139e-01 4.622865039404553613e+02 1.142000000000000000e+03
8.455790008544922243e-01 4.143713500000000067e+02 1.250000000000000000e+03
9.266650900755726283e-01 3.877865655006858674e+02 1.458000000000000000e+03
1.007750481597118108e+00 3.459947629547960446e+02 1.814000000000000000e+03
1.092835777828297106e+00 3.052545052800734311e+02 2.178000000000000000e+03
1.177363493043580345e+00 2.896848728983186447e+02 2.498000000000000000e+03
1.258028102048383667e+00 2.699583571700991911e+02 2.622000000000000000e+03
1.340799984066267880e+00 2.731656118933493076e+02 3.338000000000000000e+03
1.426850896250618783e+00 2.509077109081139270e+02 3.722000000000000000e+03
1.512363651158998401e+00 2.361079586330935172e+02 4.170000000000000000e+03
1.594785008970998508e+00 2.247064307021569505e+02 4.358000000000000000e+03
1.677071395354181815e+00 2.057146156138259698e+02 5.034000000000000000e+03
1.761985857460855120e+00 1.994376531326566351e+02 5.714000000000000000e+03
1.846083158874384234e+00 1.910234244399866270e+02 5.982000000000000000e+03
1.928661813341607134e+00 1.818420743714026173e+02 6.602000000000000000e+03
2.011378788847742793e+00 1.697044004207573664e+02 7.130000000000000000e+03
2.095637332393009089e+00 1.599631254667662290e+02 8.034000000000000000e+03
2.180555667263281983e+00 1.531483122240297519e+02 8.606000000000000000e+03
2.264340071811755895e+00 1.478193387381425055e+02 9.066000000000000000e+03
2.348016592997236973e+00 1.360423233286488767e+02 9.962000000000000000e+03
2.431996440706659879e+00 1.293103791469194164e+02 1.055000000000000000e+04
2.515341052179898895e+00 1.262668247817566396e+02 1.122600000000000000e+04
2.598773628370227406e+00 1.199888234809813952e+02 1.214600000000000000e+04
2.681898646405362463e+00 1.143425947961288358e+02 1.260600000000000000e+04
2.765270270259289287e+00 1.093950423851615739e+02 1.380200000000000000e+04
2.849850551988659220e+00 1.040234004337806653e+02 1.475400000000000000e+04
2.933772609879409909e+00 9.642498683690929795e+01 1.519400000000000000e+04
3.017238585326163403e+00 9.242615777318584946e+01 1.645400000000000000e+04
3.101311446264710892e+00 8.945751719715518391e+01 1.715400000000000000e+04
3.185186132992604779e+00 8.402609356180882116e+01 1.826600000000000000e+04
3.268289649175008194e+00 8.111452666666666289e+01 1.875000000000000000e+04
3.351647662541441530e+00 7.731739275476920170e+01 2.023400000000000000e+04
3.436091650782765239e+00 7.464660256410256522e+01 2.145000000000000000e+04
3.520270179566676205e+00 7.163591658318914313e+01 2.196200000000000000e+04
3.603861709535706392e+00 6.830373050038360816e+01 2.346200000000000000e+04
3.687484650452812929e+00 6.558905249147325378e+01 2.404200000000000000e+04
3.771595824668082741e+00 6.290737011485392571e+01 2.594600000000000000e+04
3.855312792317719062e+00 6.157175606861169115e+01 2.611800000000000000e+04
3.938028496533734213e+00 5.850110430451537269e+01 2.750600000000000000e+04
4.021431216072791415e+00 5.687569669029106478e+01 2.906600000000000000e+04
4.105840509662095350e+00 5.460099343185549969e+01 3.045000000000000000e+04
4.190344247210492590e+00 5.296142335076554275e+01 3.174200000000000000e+04
4.273947828100633117e+00 5.058852325581395348e+01 3.225000000000000000e+04
4.357501119655414534e+00 4.876124452554744693e+01 3.425000000000000000e+04
4.441647719320134691e+00 4.710982540757037640e+01 3.545400000000000000e+04
4.525392379562855893e+00 4.581079829280342608e+01 3.643400000000000000e+04
4.608518969537498400e+00 4.432061063637811316e+01 3.768200000000000000e+04
4.691740922213826437e+00 4.314130019850358622e+01 3.929400000000000000e+04
4.776039686402365980e+00 4.133415306812147350e+01 4.142600000000000000e+04
4.860154063182579698e+00 3.971088586982361335e+01 4.206600000000000000e+04
4.943517626628406880e+00 3.888274315934697967e+01 4.349000000000000000e+04
5.027384526744921089e+00 3.757442781497528017e+01 4.570200000000000000e+04
5.111447781105825428e+00 3.664775432088176643e+01 4.663400000000000000e+04
5.195348147294732932e+00 3.560480598920788964e+01 4.855400000000000000e+04
5.278356443076916982e+00 3.489092490280335568e+01 4.887000000000000000e+04
5.361498069859376159e+00 3.402854046242774189e+01 5.155400000000000000e+04
5.446046268496986364e+00 3.313389720835644425e+01 5.409000000000000000e+04
5.530257906132226786e+00 3.186306247008137760e+01 5.431400000000000000e+04
5.614055059061300312e+00 3.132288262168335891e+01 5.691000000000000000e+04
5.697714059662542851e+00 3.006216511255697554e+01 5.748200000000000000e+04
5.781614503695933216e+00 2.944810601062250299e+01 6.062600000000000000e+04
5.865571886738293550e+00 2.860176902591249259e+01 6.120600000000000000e+04
5.948642163157025209e+00 2.781730062330190378e+01 6.257000000000000000e+04
6.032247506670804782e+00 2.710234101627871794e+01 6.573000000000000000e+04
6.116202609789227473e+00 2.635711393695828164e+01 6.668600000000000000e+04
6.200338050909933507e+00 2.566764290223535738e+01 6.969800000000000000e+04
6.284184080576646458e+00 2.498595343158255488e+01 7.002600000000000000e+04
6.367735154784823770e+00 2.420078595386688036e+01 7.274600000000000000e+04
6.451745661739480830e+00 2.366920304365238437e+01 7.491000000000000000e+04
6.535332300795173133e+00 2.344145360661366695e+01 7.572200000000000000e+04
6.618657591294924813e+00 2.255122451453214083e+01 7.837800000000000000e+04
6.702212198046048286e+00 2.217122641509433834e+01 8.003000000000000000e+04
6.786191249900881850e+00 2.167867339456158504e+01 8.318600000000000000e+04
6.870329813067023395e+00 2.097388857392577677e+01 8.466600000000000000e+04
6.954215657456758848e+00 2.062772542925149821e+01 8.654600000000000000e+04
7.037715246920486223e+00 2.020204035899879713e+01 8.813400000000000000e+04
7.121547139301203089e+00 1.974603033712774902e+01 9.153800000000000000e+04
7.205739104639491188e+00 1.927205329725783045e+01 9.313800000000000000e+04
7.289302562894590665e+00 1.870180359448760754e+01 9.447800000000000000e+04
7.372793903598283016e+00 1.841677632255279207e+01 9.727400000000000000e+04
7.456586938722763236e+00 1.811801710301936197e+01 9.969000000000000000e+04
7.540727849410562733e+00 1.745043498391656200e+01 1.025900000000000000e+05
7.624726899722253037e+00 1.711133998265394851e+01 1.037700000000000000e+05
7.708301949249494633e+00 1.677179325033381474e+01 1.063460000000000000e+05
7.792073202214887750e+00 1.650885799568846224e+01 1.085460000000000000e+05
7.875590350490393909e+00 1.604146722540324888e+01 1.107260000000000000e+05
7.958880241426510516e+00 1.586623279500009076e+01 1.123220000000000000e+05
8.042278013378316714e+00 1.556288074898610851e+01 1.158900000000000000e+05
8.126250782754576463e+00 1.523337487159624715e+01 1.187660000000000000e+05
8.210824485795901850e+00 1.493180489460170968e+01 1.222980000000000000e+05
8.294696866383139522e+00 1.455513146039806749e+01 1.220900000000000000e+05
8.378213958279353335e+00 1.438754570383912323e+01 1.258100000000000000e+05
8.461948784979133720e+00 1.421111923706997260e+01 1.281900000000000000e+05
8.545861912066349930e+00 1.386038959799685522e+01 1.309940000000000000e+05
8.629829070974631477e+00 1.362813617056280968e+01 1.337220000000000000e+05
8.713023213538299672e+00 1.343706492837189792e+01 1.338860000000000000e+05
8.796849328478236529e+00 1.317190546329106660e+01 1.405380000000000000e+05
8.881002057237468605e+00 1.287364592372363070e+01 1.405940000000000000e+05
8.964535854632408984e+00 1.266883278549243030e+01 1.435940000000000000e+05
9.048105800131455823e+00 1.237806968081470771e+01 1.463100000000000000e+05
9.132180630417705558e+00 1.216746764022568783e+01 1.506500000000000000e+05
9.216334569657748332e+00 1.195729409402688503e+01 1.519140000000000000e+05
9.299613886090023485e+00 1.170794110744598981e+01 1.533980000000000000e+05
9.383076715811887070e+00 1.154168646193607195e+01 1.578660000000000000e+05
9.466957210946844725e+00 1.135498232269790542e+01 1.606580000000000000e+05
9.551001030929990421e+00 1.106875830276291595e+01 1.641020000000000000e+05
9.634679217300240239e+00 1.086302532213292693e+01 1.649940000000000000e+05
9.718288873285626295e+00 1.073243082131292248e+01 1.698500000000000000e+05
9.802505913321919451e+00 1.054005092897691043e+01 1.729860000000000000e+05
9.886246806166026246e+00 1.039604658585115082e+01 1.738940000000000000e+05
9.969472594688919997e+00 1.018412076163323476e+01 1.767780000000000000e+05
1.005318025662911374e+01 1.000377539851046826e+01 1.818020000000000000e+05
1.013721966898855698e+01 9.825134875020333780e+00 1.844300000000000000e+05
1.022118986876454727e+01 9.641155563388556615e+00 1.872420000000000000e+05
1.030498420635128198e+01 9.485013140604468873e+00 1.902500000000000000e+05
1.038865879785050694e+01 9.425680921223451136e+00 1.925700000000000000e+05
1.047268787066241202e+01 9.179924490804724613e+00 1.982540000000000000e+05
1.055654631656024378e+01 9.021602406171430388e+00 1.980740000000000000e+05
1.063992050874177231e+01 8.939318856718633910e+00 2.020500000000000000e+05
1.072342909671023747e+01 8.801545727048884160e+00 2.055020000000000000e+05
1.080749259245351190e+01 8.665169628701356430e+00 2.106660000000000000e+05
1.089152248600719375e+01 8.478861462344534417e+00 2.124260000000000000e+05
1.097500893551614531e+01 8.379737796725848398e+00 2.139180000000000000e+05
1.105881432508122764e+01 8.227722245852827854e+00 2.209940000000000000e+05
1.114281827806075675e+01 8.133508748566733004e+00 2.215220000000000000e+05
1.122659733627983947e+01 8.000545149659322064e+00 2.263140000000000000e+05
1.131012448294715078e+01 7.872775458217110334e+00 2.272940000000000000e+05
1.139373491340957045e+01 7.708461036563903690e+00 2.329620000000000000e+05
1.147791396342367420e+01 7.618875568712208945e+00 2.378180000000000000e+05
1.156185786192584786e+01 7.522664305069673318e+00 2.383980000000000000e+05
1.164526418449005440e+01 7.398942912293201779e+00 2.414180000000000000e+05
1.172886167625361331e+01 7.285838147947069743e+00 2.468180000000000000e+05
1.181275352276138690e+01 7.177564764351395787e+00 2.499060000000000000e+05
1.189671323999418817e+01 7.066683810884876848e+00 2.547020000000000000e+05
1.198029050867584644e+01 6.979549402951048087e+00 2.544180000000000000e+05
1.206365995307397831e+01 6.889237826190495184e+00 2.603540000000000000e+05
1.214748111162727895e+01 6.765510012303093568e+00 2.649740000000000000e+05
1.223153609351346027e+01 6.687393477273912090e+00 2.687220000000000000e+05
1.231542005092308401e+01 6.552221500062601400e+00 2.715620000000000000e+05
1.239926414254153109e+01 6.487059847016902303e+00 2.755860000000000000e+05
1.248326018835918916e+01 6.411427067347156949e+00 2.801900000000000000e+05
1.256718689365069075e+01 6.305286404746246909e+00 2.828340000000000000e+05
1.265082201539840945e+01 6.212112073500017928e+00 2.851700000000000000e+05
1.273428590217279144e+01 6.134793073829022170e+00 2.898860000000000000e+05
1.281807025163205793e+01 6.070175550303252621e+00 2.944740000000000000e+05
1.290206487994812434e+01 5.966842433004560853e+00 2.994980000000000000e+05
1.298575998115805419e+01 5.927744467558791364e+00 2.999580000000000000e+05
1.306931917580193137e+01 5.824892188531933357e+00 3.058580000000000000e+05
1.315318222821372096e+01 5.741203578576162592e+00 3.107940000000000000e+05
1.323705865044962771e+01 5.669612114398145053e+00 3.130820000000000000e+05
1.332048162954101578e+01 5.594233513475886710e+00 3.160460000000000000e+05
1.340413573615346365e+01 5.515685033114226421e+00 3.222180000000000000e+05
1.348834417846224731e+01 5.451092183514830936e+00 3.285620000000000000e+05
1.357223695452436729e+01 5.382906872160736711e+00 3.279900000000000000e+05
1.365596925306868847e+01 5.325537532584511347e+00 3.352820000000000000e+05
1.373963440686360471e+01 5.259275381730511789e+00 3.359700000000000000e+05
1.382343709261304809e+01 5.180382179581824786e+00 3.440660000000000000e+05
1.390711154340320732e+01 5.103899126609603876e+00 3.437180000000000000e+05
1.399068919637316455e+01 5.033541087004762993e+00 3.514980000000000000e+05
1.407457421522249952e+01 5.000990244260250961e+00 3.544580000000000000e+05
1.415828615108818589e+01 4.928991454850710774e+00 3.585660000000000000e+05
1.424237341329648920e+01 4.891178691802186229e+00 3.661220000000000000e+05
1.432626916020835672e+01 4.810319906508842891e+00 3.658100000000000000e+05
1.440982743915939146e+01 4.731346300811039463e+00 3.716220000000000000e+05
1.449360657137520469e+01 4.684362915108541081e+00 3.759860000000000000e+05
1.457752624362193217e+01 4.636192662951042820e+00 3.821700000000000000e+05
1.466117168697845941e+01 4.553323834916111146e+00 3.818180000000000000e+05
1.474463292325917685e+01 4.512976032794796311e+00 3.895740000000000000e+05
1.482845717927088813e+01 4.474717931002951232e+00 3.936980000000000000e+05
1.491237844591757877e+01 4.408477862503692890e+00 3.994580000000000000e+05
1.499620869344033025e+01 4.344845010964094811e+00 4.022220000000000000e+05
1.507994841028436639e+01 4.314837364408904641e+00 4.069220000000000000e+05
1.516379287905045814e+01 4.259678339413141224e+00 4.128420000000000000e+05
1.524761726947007823e+01 4.208667291848242620e+00 4.153460000000000000e+05
1.533130236314283046e+01 4.170237569506769049e+00 4.211820000000000000e+05
1.541507271489498443e+01 4.107050466097906138e+00 4.250180000000000000e+05
1.549892486087325949e+01 4.069688243671399697e+00 4.311380000000000000e+05
1.558273944082544205e+01 4.010859105579880790e+00 4.343820000000000000e+05
1.566651676212105748e+01 3.969726504730224814e+00 4.395140000000000000e+05
1.575031987626283225e+01 3.918391839689884915e+00 4.447380000000000000e+05
1.583416895458823603e+01 3.864666080060590758e+00 4.489100000000000000e+05
1.591764298541166056e+01 3.852796048981621091e+00 4.506180000000000000e+05
1.600124934657456777e+01 3.800728804449531317e+00 4.595540000000000000e+05
1.608512892540650085e+01 3.763544955150656790e+00 4.631060000000000000e+05
1.616876936376802121e+01 3.711036215408461292e+00 4.670940000000000000e+05
1.625266730092459966e+01 3.668288281838892662e+00 4.749380000000000000e+05
1.633654362034594953e+01 3.641129192809512638e+00 4.771860000000000000e+05
1.642042973451647470e+01 3.583576196174717232e+00 4.846700000000000000e+05
1.650430805090920217e+01 3.556930299172501808e+00 4.870100000000000000e+05
1.658806155565851981e+01 3.526633898490616481e+00 4.933140000000000000e+05
1.667181202155569864e+01 3.478412703849516951e+00 4.963220000000000000e+05
1.675536979785300673e+01 3.433203874012860091e+00 5.017020000000000000e+05
1.683913437464611107e+01 3.388128930199267863e+00 5.085620000000000000e+05
1.692311287467790493e+01 3.370482185430206279e+00 5.142420000000000000e+05
1.700686134416512019e+01 3.331003297439931288e+00 5.161580000000000000e+05
1.709049145912358725e+01 3.283409506660900590e+00 5.226020000000000000e+05
1.717439271307012660e+01 3.252503966773326649e+00 5.306580000000000000e+05
1.725814844798823344e+01 3.223053786303727186e+00 5.300420000000000000e+05
1.734170549116967663e+01 3.193772291687543508e+00 5.388780000000000000e+05
1.742552841692270604e+01 3.153676051678826919e+00 5.441300000000000000e+05
1.750952475613275183e+01 3.118425720278857671e+00 5.511060000000000000e+05
1.759341552867108760e+01 3.090657728951482497e+00 5.539820000000000000e+05
1.767712427740806902e+01 3.070376960171395275e+00 5.582420000000000000e+05
1.776076336549380486e+01 3.034113916315056336e+00 5.645460000000000000e+05
1.784454049115150198e+01 3.002315317952511275e+00 5.704940000000000000e+05
1.792845098480595212e+01 2.986523470686349047e+00 5.767620000000000000e+05
1.801209967098870024e+01 2.953796170754400485e+00 5.782340000000000000e+05
1.809567304656415843e+01 2.917197899485372226e+00 5.856660000000000000e+05
1.817956177579962329e+01 2.884304461633184768e+00 5.944460000000000000e+05
1.826340897759345694e+01 2.855696766064678371e+00 5.952500000000000000e+05
1.834709561527148480e+01 2.835185539656812637e+00 6.034020000000000000e+05
1.843085104599287050e+01 2.805949139092037470e+00 6.073820000000000000e+05
1.851480060957681317e+01 2.786094431208570477e+00 6.170100000000000000e+05
1.859860657464781752e+01 2.734166912568217533e+00 6.167780000000000000e+05
1.868221643305014013e+01 2.717317717920562981e+00 6.247460000000000000e+05
1.876579233005788794e+01 2.695475128251669350e+00 6.280620000000000000e+05
1.884963899569083878e+01 2.668621659029417614e+00 6.394100000000000000e+05
1.893369961008885838e+01 2.639248880946381881e+00 6.429540000000000000e+05
1.901742853382821963e+01 2.613109041540371713e+00 6.459740000000000000e+05
1.910112633018001560e+01 2.595035884252245406e+00 6.534900000000000000e+05
1.918502629066336240e+01 2.557252332969098596e+00 6.607460000000000000e+05
1.926890198512752406e+01 2.551071547861568423e+00 6.646460000000000000e+05
1.935246095562879987e+01 2.525407806201201755e+00 6.672900000000000000e+05
1.943618843304382438e+01 2.504610225702983861e+00 6.790340000000000000e+05
1.952018254288546828e+01 2.479268465056054804e+00 6.827220000000000000e+05
1.960415151947932699e+01 2.453413838648916823e+00 6.912380000000000000e+05
1.968780210242165651e+01 2.440543666733468786e+00 6.886020000000000000e+05
1.977130140774902145e+01 2.410238953748862212e+00 7.008260000000000000e+05
1.985512328577584995e+01 2.384318554775515686e+00 7.056620000000000000e+05
1.993880103532062975e+01 2.365685934863860584e+00 7.100820000000000000e+05
2.002251720567175752e+01 2.341309225181530618e+00 7.191620000000000000e+05
2.010630953640407981e+01 2.324111284181377357e+00 7.222500000000000000e+05
2.019007441105629752e+01 2.300422926549192670e+00 7.315100000000000000e+05
2.027398189270754258e+01 2.283986043707447511e+00 7.364420000000000000e+05
2.035771672240259988e+01 2.255723797337825243e+00 7.408980000000000000e+05
2.044152561001209278e+01 2.234603243583351606e+00 7.501580000000000000e+05
2.052547735138173479e+01 2.213474643181704060e+00 7.548660000000000000e+05
2.060926463402020303e+01 2.202325991751070688e+00 7.608260000000000000e+05
2.069293267341507203e+01 2.180312001821908652e+00 7.640340000000000000e+05
2.077660950204460377e+01 2.154460480509041709e+00 7.738460000000000000e+05
2.086046445382838144e+01 2.140048145858609363e+00 7.797140000000000000e+05
2.094422635366088770e+01 2.126438836996407122e+00 7.843140000000000000e+05
2.102790779658915099e+01 2.102664524314392658e+00 7.913420000000000000e+05
2.111175109708185005e+01 2.092571154457144811e+00 7.994580000000000000e+05
2.119561698133140482e+01 2.071528376494790713e+00 8.049620000000000000e+05
2.127937098747377220e+01 2.051389352109196373e+00 8.095500000000000000e+05
2.136289743529758312e+01 2.029778581069950683e+00 8.134580000000000000e+05
2.144667251561538279e+01 2.015679651487426671e+00 8.274020000000000000e+05
2.153058487447404801e+01 2.002481541554733457e+00 8.286180000000000000e+05
2.161430781897418285e+01 1.981798993449776614e+00 8.369180000000000000e+05
2.169809860621591113e+01 1.965878351924486678e+00 8.428740000000000000e+05
2.178186592258134979e+01 1.952124772469852942e+00 8.493380000000000000e+05
2.186575914903780316e+01 1.936585939446435090e+00 8.589420000000000000e+05
2.194962158415442133e+01 1.923639018650882937e+00 8.609780000000000000e+05
2.203325539668853494e+01 1.908900369207666259e+00 8.683460000000000000e+05
2.211696571376059239e+01 1.888400927151107078e+00 8.751540000000000000e+05
2.220087574207360248e+01 1.875724994188762373e+00 8.862140000000000000e+05
2.228474038685342151e+01 1.858517421614567455e+00 8.873460000000000000e+05
2.236841597704980344e+01 1.844658882932246780e+00 8.949860000000000000e+05
2.245213243389392943e+01 1.832757838617417034e+00 9.027740000000000000e+05
2.253605781739295466e+01 1.814618019238823265e+00 9.121140000000000000e+05
2.261989949900187824e+01 1.803807897261935800e+00 9.150260000000000000e+05
2.270351073009412346e+01 1.784050994303053139e+00 9.201420000000000000e+05
2.278715722706498781e+01 1.774434613374175296e+00 9.297620000000000000e+05
2.287097668523026428e+01 1.760346881405313813e+00 9.376980000000000000e+05
2.295488199422259967e+01 1.738032038756850861e+00 9.447620000000000000e+05
2.303860516955441540e+01 1.729507732105532769e+00 9.482540000000000000e+05
2.312228464582942422e+01 1.713062368180668482e+00 9.568020000000000000e+05
2.320617384356005175e+01 1.702024888958702409e+00 9.676580000000000000e+05
2.329003403044199771e+01 1.685644404157153442e+00 9.697020000000000000e+05
2.337357926991530377e+01 1.673327028303339681e+00 9.740900000000000000e+05
2.345731339274843563e+01 1.657246287742214941e+00 9.884820000000000000e+05
2.354122299663546514e+01 1.639712916610382543e+00 9.919940000000000000e+05
2.362504372012406506e+01 1.630470865009040482e+00 1.001030000000000000e+06
2.370885397094835767e+01 1.617713461634094241e+00 1.005450000000000000e+06
2.379260308853216443e+01 1.603134513059587318e+00 1.013738000000000000e+06
2.387641759766158600e+01 1.589278635816425478e+00 1.021710000000000000e+06
2.396006287668014423e+01 1.577369810848884280e+00 1.023626000000000000e+06
2.404369058312309448e+01 1.569427509620267225e+00 1.035834000000000000e+06
2.412744281115724831e+01 1.555953505331547415e+00 1.040786000000000000e+06
2.421130654323629017e+01 1.547523466444361340e+00 1.053206000000000000e+06
2.429521431171586343e+01 1.531902494035016105e+00 1.057002000000000000e+06
2.437900304005930963e+01 1.521788977890737637e+00 1.063898000000000000e+06
2.446281560559316759e+01 1.509255724835054879e+00 1.072782000000000000e+06
2.454665138918273826e+01 1.495767737336697545e+00 1.078826000000000000e+06
2.463047593346652420e+01 1.487928477409226069e+00 1.087922000000000000e+06
2.471419358613830752e+01 1.471853696581549187e+00 1.090494000000000000e+06
2.479788224447528933e+01 1.461294969319805848e+00 1.101362000000000000e+06
2.488170408610204021e+01 1.449719972571683835e+00 1.109802000000000000e+06
2.496549243986660471e+01 1.442005439142083345e+00 1.114514000000000000e+06
2.504920536425761668e+01 1.424770847902797843e+00 1.123926000000000000e+06
2.513283571770503499e+01 1.417835568115411782e+00 1.125986000000000000e+06
2.521660993392169203e+01 1.403725031786867916e+00 1.143554000000000000e+06
2.530049640187540660e+01 1.395640489731023504e+00 1.144710000000000000e+06
2.538425628289359182e+01 1.388153715973234448e+00 1.154018000000000000e+06
2.546797452488973690e+01 1.376913209225819612e+00 1.159962000000000000e+06
2.555179869471822229e+01 1.363342089486979436e+00 1.170986000000000000e+06
2.563566666461671772e+01 1.353502803566972501e+00 1.178142000000000000e+06
2.571944170984828659e+01 1.345272873167077332e+00 1.182674000000000000e+06
2.580313169207982682e+01 1.333888817986871533e+00 1.191002000000000000e+06
2.588687624829988820e+01 1.326018815632294068e+00 1.200438000000000000e+06
2.597069400893500202e+01 1.316812439060324635e+00 1.208162000000000000e+06
2.605447755360336259e+01 1.306634578830174309e+00 1.215258000000000000e+06
2.613827698295097690e+01 1.297025897491614455e+00 1.224134000000000000e+06
2.622200478464780105e+01 1.289167118355494690e+00 1.228722000000000000e+06
2.630582763864114426e+01 1.282800441457776053e+00 1.243154000000000000e+06
2.638970867910203921e+01 1.270113972318083428e+00 1.245434000000000000e+06
2.647343389639032196e+01 1.260484934964363202e+00 1.255158000000000000e+06
2.655698334590179499e+01 1.254826737601643760e+00 1.255610000000000000e+06
2.664075459217511366e+01 1.244846531909997500e+00 1.277562000000000000e+06
2.672459382145218143e+01 1.233357056655058681e+00 1.274414000000000000e+06
2.680821980594094356e+01 1.226447304575293495e+00 1.285994000000000000e+06
2.689209959394619531e+01 1.216154958947959663e+00 1.299570000000000000e+06
2.697602191334329902e+01 1.206363535828439915e+00 1.302122000000000000e+06
2.705977872814356644e+01 1.198550309372059530e+00 1.311366000000000000e+06
2.714355261554103649e+01 1.193663365135773091e+00 1.319186000000000000e+06
2.722733740409666225e+01 1.181456479192185771e+00 1.327434000000000000e+06
2.731116904834040326e+01 1.177482288860938642e+00 1.337294000000000000e+06
2.739498441427308961e+01 1.168749022513833724e+00 1.342730000000000000e+06
2.747866258082228796e+01 1.160327676462530544e+00 1.350570000000000000e+06
2.756247723469893529e+01 1.149178219420368574e+00 1.362590000000000000e+06
2.764637317716708864e+01 1.144630787224629076e+00 1.369698000000000000e+06
2.773011686037893142e+01 1.135707396971737948e+00 1.374914000000000000e+06
2.781378851120859963e+01 1.126672033218413249e+00 1.383570000000000000e+06
2.789756242253353236e+01 1.121950279996617450e+00 1.395374000000000000e+06
2.798127274786056873e+01 1.116157621292575230e+00 1.396994000000000000e+06
2.806492746953691508e+01 1.105556382081854583e+00 1.411530000000000000e+06
2.814870507983202330e+01 1.098898628925191856e+00 1.417574000000000000e+06
2.823250085536484733e+01 1.092448632941265485e+00 1.428834000000000000e+06
2.831642245547427450e+01 1.084753283141697944e+00 1.439018000000000000e+06
2.840020580335993117e+01 1.077170059235176280e+00 1.440698000000000000e+06
2.848389737328623639e+01 1.068660405823183002e+00 1.453638000000000000e+06
2.856776129641226092e+01 1.063569322944925011e+00 1.463426000000000000e+06
2.865164498472143961e+01 1.054249345705448482e+00 1.471050000000000000e+06
2.873539597999311468e+01 1.046881412370533670e+00 1.476638000000000000e+06
2.881905019890862363e+01 1.040996476173923879e+00 1.484466000000000000e+06
2.890289675093428912e+01 1.032371512183293705e+00 1.501154000000000000e+06
2.898675594616652873e+01 1.028156143745846407e+00 1.501706000000000000e+06
2.907041472198053711e+01 1.019299428647795436e+00 1.511502000000000000e+06
2.915408733972060062e+01 1.013401390838515548e+00 1.520234000000000000e+06
2.923796129814355282e+01 1.007345636184780568e+00 1.535010000000000000e+06
2.932194077207240568e+01 1.000438005958436127e+00 1.543358000000000000e+06
2.940549917698988835e+01 9.955158020099572624e-01 1.535754000000000000e+06
2.948914761948871543e+01 9.893472145357687930e-01 1.564802000000000000e+06
2.957304642502456460e+01 9.821014428312043743e-01 1.563038000000000000e+06
2.965685586864443124e+01 9.770658396402492896e-01 1.578426000000000000e+06
2.974065423044915946e+01 9.703201648833181814e-01 1.581482000000000000e+06
2.982438217008557402e+01 9.634900298319987177e-01 1.592250000000000000e+06
2.990814468646065549e+01 9.580084476011558881e-01 1.602230000000000000e+06
2.999179263215820157e+01 9.526094030611546026e-01 1.604754000000000000e+06
3.007552257970940346e+01 9.435150924754442947e-01 1.623458000000000000e+06
3.015929957087215385e+01 9.372504477171044179e-01 1.624910000000000000e+06
3.024317734005441238e+01 9.317836306365120391e-01 1.645122000000000000e+06
3.032708985436260107e+01 9.265378723869847066e-01 1.645130000000000000e+06
3.041082997219342587e+01 9.204252596777448003e-01 1.655706000000000000e+06
3.049455723219219649e+01 9.144904845320294129e-01 1.663502000000000000e+06
3.057833323294630645e+01 9.076317774724651510e-01 1.675514000000000000e+06
3.066218995697298411e+01 9.038730094024913786e-01 1.685298000000000000e+06
3.074593408191947930e+01 8.967979054976247255e-01 1.689566000000000000e+06
3.082954809468623125e+01 8.915384162322937955e-01 1.697850000000000000e+06
3.091340339641750390e+01 8.863107242983312428e-01 1.718546000000000000e+06
3.099734465130006811e+01 8.816492346300953686e-01 1.719822000000000000e+06
3.108104222338488043e+01 8.762213408425645333e-01 1.726586000000000000e+06
3.116474027426929894e+01 8.701913567611514466e-01 1.739186000000000000e+06
3.124860498828843447e+01 8.643664881949464363e-01 1.751538000000000000e+06
3.133245649887071949e+01 8.602786761786558323e-01 1.758062000000000000e+06
3.141614178307822414e+01 8.545906574551477286e-01 1.763010000000000000e+06
3.149986855610640646e+01 8.470359690145626841e-01 1.778642000000000000e+06
3.158374588400788952e+01 8.423257921638481749e-01 1.788582000000000000e+06
3.166757693376691307e+01 8.375112690040819041e-01 1.794746000000000000e+06
3.175127246931511493e+01 8.326745143598645038e-01 1.803290000000000000e+06
3.183493779085208786e+01 8.271887206262859005e-01 1.811058000000000000e+06
3.191872426101914328e+01 8.227696654593903425e-01 1.828358000000000000e+06
3.200254090967914777e+01 8.177343556325838980e-01 1.831362000000000000e+06
3.208624557094677954e+01 8.128832516127911800e-01 1.842458000000000000e+06
3.216985025736639159e+01 8.060022263153506783e-01 1.846998000000000000e+06
3.225366158768746061e+01 8.011992395359960328e-01 1.869122000000000000e+06
3.233765392466781208e+01 7.970450945614507843e-01 1.876346000000000000e+06
3.242147145466748981e+01 7.923930543451310760e-01 1.879506000000000000e+06
3.250521341167948464e+01 7.902915292981768092e-01 1.893326000000000000e+06
3.258903110732968855e+01 7.841413331188027414e-01 1.901826000000000000e+06
3.267283869534620777e+01 7.801603143786329797e-01 1.911962000000000000e+06
3.275656526575507854e+01 7.749456413564416168e-01 1.919198000000000000e+06
3.284028881372969266e+01 7.697646201875205652e-01 1.930242000000000000e+06
3.292407887898949781e+01 7.666734064646461011e-01 1.942442000000000000e+06
3.300791290112206156e+01 7.619892746655025917e-01 1.951734000000000000e+06
3.309159594029746643e+01 7.566040128832843825e-01 1.955402000000000000e+06
3.317527487811420173e+01 7.525914011049478214e-01 1.971858000000000000e+06
3.325918478063969275e+01 7.483810880962146195e-01 1.984898000000000000e+06
3.334295800125237008e+01 7.428907981284943451e-01 1.986422000000000000e+06
3.342654711354870045e+01 7.387176965011578167e-01 1.996146000000000000e+06
3.351037327631482299e+01 7.336423445272584054e-01 2.017106000000000000e+06
3.359427383821539337e+01 7.292827809830360053e-01 2.020638000000000000e+06
3.367803183712429416e+01 7.264515267480261551e-01 2.029346000000000000e+06
3.376176459220195625e+01 7.219316786558759302e-01 2.041002000000000000e+06
3.384556001022187388e+01 7.179287211484559617e-01 2.051450000000000000e+06
3.392943845922752644e+01 7.135066383140211688e-01 2.065886000000000000e+06
3.401316055039511355e+01 7.098387490518496268e-01 2.064546000000000000e+06
3.409683542659267630e+01 7.057021102921758882e-01 2.082650000000000000e+06
3.418067800810939616e+01 7.021738445633839421e-01 2.095182000000000000e+06
3.426452736710173497e+01 6.971969394854535818e-01 2.101346000000000000e+06
3.434832998306823271e+01 6.939672776019898404e-01 2.115554000000000000e+06
3.443203105705293865e+01 6.901528439905579848e-01 2.115654000000000000e+06
3.451583812868020118e+01 6.844125192777803512e-01 2.141066000000000000e+06
3.459967632687634875e+01 6.804539682940257128e-01 2.139786000000000000e+06
3.468336662819802285e+01 6.768656009054911937e-01 2.152202000000000000e+06
3.476703645977761425e+01 6.727480997979720101e-01 2.161086000000000000e+06
3.485079127028417645e+01 6.696114602643863378e-01 2.176058000000000000e+06
3.493469079655712051e+01 6.657038033282546285e-01 2.190818000000000000e+06
3.501848338903062796e+01 6.627690130059082918e-01 2.191158000000000000e+06
3.510217183339957359e+01 6.580974409993316510e-01 2.205314000000000000e+06
3.518590037953279648e+01 6.537522894950879015e-01 2.215554000000000000e+06
3.526971993052846699e+01 6.505527530729923180e-01 2.230562000000000000e+06
3.535358270636252342e+01 6.484518091063906642e-01 2.239614000000000000e+06
3.543734285600354639e+01 6.439517238676835120e-01 2.245706000000000000e+06
3.552108409358061891e+01 6.407186390603246684e-01 2.259674000000000000e+06
3.560491818170212497e+01 6.355229863972331472e-01 2.273214000000000000e+06
3.568872958243610327e+01 6.338005122867190755e-01 2.278802000000000000e+06
3.577252677462045227e+01 6.306169612133036839e-01 2.294034000000000000e+06
3.585622758416000266e+01 6.281282380992634362e-01 2.294942000000000000e+06
3.593995265006216755e+01 6.228889644159599781e-01 2.317050000000000000e+06
3.602378331164942438e+01 6.198145956548056779e-01 2.322842000000000000e+06
3.610749751390627438e+01 6.170015466726159747e-01 2.330810000000000000e+06
3.619121780725145499e+01 6.132675862057206384e-01 2.345958000000000000e+06
3.627496104714246883e+01 6.103597871503314565e-01 2.353586000000000000e+06
3.635885802177431714e+01 6.069379389868740926e-01 2.376210000000000000e+06
3.644273375320676678e+01 6.029271085052780865e-01 2.374502000000000000e+06
3.652641723315417011e+01 5.996388935217273897e-01 2.386346000000000000e+06
3.661016003667585750e+01 5.972216149158335874e-01 2.401314000000000000e+06
3.669398675014319622e+01 5.923548072736321002e-01 2.411450000000000000e+06
3.677774362791269880e+01 5.911320009187357449e-01 2.420718000000000000e+06
3.686138542781196037e+01 5.870174799258291998e-01 2.425754000000000000e+06
3.694523701027373619e+01 5.847600905500041080e-01 2.455218000000000000e+06
3.702912063015348565e+01 5.815395162349823455e-01 2.450942000000000000e+06
3.711286066480837320e+01 5.776660532683725036e-01 2.467130000000000000e+06
3.719659282330948713e+01 5.751287237249249618e-01 2.474874000000000000e+06
3.728037731851799208e+01 5.715441168793934379e-01 2.490362000000000000e+06
3.736414979091281197e+01 5.691537951005187779e-01 2.498142000000000000e+06
3.744783790554325975e+01 5.657350254677734336e-01 2.507090000000000000e+06
3.753161089290124863e+01 5.629083249589595939e-01 2.525562000000000000e+06
3.761546125363399540e+01 5.603756579606632426e-01 2.534726000000000000e+06
3.769935318534805191e+01 5.576495761020210384e-01 2.549906000000000000e+06
3.778311927771562750e+01 5.542830686212943947e-01 2.551074000000000000e+06
3.786687072097435447e+01 5.509661855010810072e-01 2.570702000000000000e+06
3.795064452686742129e+01 5.492852015930758114e-01 2.574642000000000000e+06
3.803440602811515703e+01 5.461656044988831837e-01 2.594066000000000000e+06
3.811814083290802557e+01 5.429322738305273344e-01 2.594802000000000000e+06
3.820178788957619531e+01 5.411059118769692144e-01 2.612030000000000000e+06
3.828560806097936364e+01 5.374583706564117769e-01 2.627954000000000000e+06
3.836951237816947469e+01 5.343428292358511911e-01 2.640402000000000000e+06
3.845325054821010724e+01 5.315491013661415298e-01 2.641454000000000000e+06
3.853698686701612530e+01 5.283719796200664343e-01 2.661834000000000000e+06
3.862077152240886591e+01 5.267388759966701306e-01 2.669138000000000000e+06
3.870457668857440581e+01 5.231655175059537477e-01 2.684858000000000000e+06
3.878838810440694118e+01 5.219289991128136519e-01 2.693910000000000000e+06
3.887209610060705955e+01 5.192197860443975577e-01 2.701682000000000000e+06
3.895591541384992951e+01 5.168002474016581971e-01 2.722698000000000000e+06
3.903970878692612700e+01 5.141435025329674779e-01 2.725262000000000000e+06
3.912346323929788383e+01 5.107270870936571061e-01 2.742450000000000000e+06
3.920722013046969323e+01 5.081338982126297754e-01 2.749850000000000000e+06
3.929096158370429492e+01 5.047661331696999820e-01 2.763902000000000000e+06
3.937477573634135553e+01 5.025775616898050524e-01 2.778498000000000000e+06
3.945853339307303997e+01 5.001807306798633501e-01 2.784530000000000000e+06
3.954233951365999644e+01 4.977653751320385012e-01 2.804106000000000000e+06
3.962614155532578053e+01 4.957131137914221330e-01 2.809790000000000000e+06
3.970993115735726064e+01 4.925801080898162265e-01 2.825058000000000000e+06
3.979370973670097555e+01 4.908070866836253821e-01 2.834330000000000000e+06
3.987739375837353606e+01 4.880633401148899986e-01 2.842022000000000000e+06
3.996117659102883124e+01 4.856103264014990373e-01 2.864754000000000000e+06
4.004492507367432097e+01 4.832762694182570762e-01 2.864186000000000000e+06
4.012855801902023956e+01 4.806166388497043473e-01 2.879538000000000000e+06
4.021232599228400773e+01 4.782128807699657091e-01 2.899454000000000000e+06
4.029612162727031688e+01 4.764262937383662022e-01 2.904258000000000000e+06
4.038001131135030874e+01 4.734369763643449525e-01 2.930234000000000000e+06
4.046390848166176823e+01 4.706026247932259543e-01 2.929526000000000000e+06
4.054763895091686976e+01 4.682936401125323278e-01 2.942442000000000000e+06
4.063145602871991713e+01 4.667975570874186020e-01 2.960810000000000000e+06
4.071526025477401589e+01 4.643416474589487919e-01 2.964954000000000000e+06
4.079900469843234134e+01 4.620087070726724421e-01 2.980910000000000000e+06
4.088275455494471800e+01 4.593749937311474296e-01 2.990978000000000000e+06
4.096655099355582053e+01 4.569867147710519606e-01 3.007626000000000000e+06
4.105038506696493528e+01 4.556490103558399896e-01 3.019166000000000000e+06
4.113408514747818856e+01 4.530550645627902662e-01 3.021090000000000000e+06
4.121781401966371305e+01 4.505372503883085522e-01 3.047834000000000000e+06
4.130168676574312769e+01 4.487803910210467206e-01 3.055590000000000000e+06
4.138552050109588976e+01 4.462347558094289512e-01 3.068546000000000000e+06
4.146914577407831359e+01 4.444131825197227270e-01 3.067274000000000000e+06
4.155286479481431883e+01 4.425076128335880266e-01 3.098058000000000000e+06
4.163678258255396258e+01 4.400108435765437975e-01 3.109214000000000000e+06
4.172055832134024200e+01 4.381365203799045260e-01 3.110466000000000000e+06
4.180418526461116357e+01 4.357613694920896008e-01 3.124370000000000000e+06
4.188792935761906477e+01 4.336743927021850520e-01 3.144174000000000000e+06
4.197185138929292947e+01 4.315763988034428955e-01 3.161738000000000000e+06
4.205562112114309059e+01 4.294988907841728598e-01 3.159890000000000000e+06
4.213924805322351830e+01 4.277198644167329866e-01 3.174138000000000000e+06
4.222299894826061717e+01 4.247678919974993139e-01 3.195926000000000000e+06
4.230691258081674988e+01 4.238389981771110704e-01 3.211386000000000000e+06
4.239080415901788967e+01 4.214602086034477946e-01 3.219314000000000000e+06
4.247453169083237157e+01 4.193997493097181284e-01 3.225494000000000000e+06
4.255825507974662258e+01 4.173309562006832785e-01 3.242562000000000000e+06
4.264203752623418353e+01 4.156888056608697424e-01 3.257450000000000000e+06
4.272584879897986099e+01 4.138598698486870564e-01 3.269118000000000000e+06
4.280959718026213068e+01 4.122538450043154445e-01 3.278930000000000000e+06
4.289324313363174213e+01 4.104590540519982289e-01 3.286650000000000000e+06
4.297705823947939763e+01 4.083340745520275261e-01 3.316610000000000000e+06
4.306095854823670521e+01 4.057245475143773095e-01 3.321542000000000000e+06
4.314470014373539897e+01 4.043921308138189730e-01 3.328578000000000000e+06
4.322841831305547800e+01 4.024938611223548568e-01 3.345074000000000000e+06
4.331221276153173960e+01 4.008765988257082524e-01 3.361686000000000000e+06
4.339600557191744912e+01 3.986845205628238853e-01 3.369722000000000000e+06
4.347974360653208947e+01 3.967472875292810675e-01 3.385290000000000000e+06
4.356345927572596111e+01 3.948779549267699696e-01 3.391370000000000000e+06
4.364729718140662129e+01 3.932271383940126874e-01 3.422966000000000000e+06
4.373115310142490841e+01 3.911711172678882797e-01 3.419538000000000000e+06
4.381493904908852244e+01 3.901870048142154768e-01 3.441890000000000000e+06
4.389872518355250719e+01 3.879714826217331991e-01 3.447582000000000000e+06
4.398251250846917060e+01 3.858959183543942406e-01 3.466298000000000000e+06
4.406617792640594899e+01 3.839315182589317921e-01 3.466194000000000000e+06
4.414985741111507167e+01 3.827331101223289123e-01 3.492062000000000000e+06
4.423365507571194399e+01 3.809399294456303764e-01 3.503114000000000000e+06
4.431743533444053895e+01 3.795161972235443493e-01 3.517146000000000000e+06
4.440128817701192787e+01 3.779373907219661377e-01 3.535706000000000000e+06
4.448508293520813339e+01 3.756014209510184498e-01 3.539742000000000000e+06
4.456885232151149978e+01 3.736180690241206470e-01 3.558698000000000000e+06
4.465264799184704714e+01 3.727054005437349105e-01 3.570122000000000000e+06
4.473644620586907905e+01 3.704247687838860825e-01 3.585174000000000000e+06
4.482021823753251510e+01 3.691118110437763278e-01 3.594314000000000000e+06
4.490398199496299014e+01 3.678018707412371580e-01 3.612258000000000000e+06
4.498774280066585618e+01 3.660087114760673388e-01 3.620282000000000000e+06
4.507149731418039096e+01 3.642878773139789916e-01 3.639078000000000000e+06
4.515529296565681960e+01 3.624943157692886997e-01 3.650450000000000000e+06
4.523902850959706967e+01 3.613342221510901231e-01 3.661418000000000000e+06
4.532276634990883224e+01 3.594157779304096856e-01 3.677694000000000000e+06
4.540659508440727876e+01 3.581100185120149604e-01 3.695978000000000000e+06
4.549038931088257698e+01 3.567403539474074958e-01 3.702810000000000000e+06
4.557410984910109875e+01 3.554558439594399100e-01 3.716162000000000000e+06
4.565793710884364032e+01 3.530995477653769976e-01 3.740094000000000000e+06
4.574173858314507868e+01 3.519535725379141500e-01 3.740954000000000000e+06
4.582547487248402263e+01 3.503790336261142779e-01 3.760946000000000000e+06
4.590929724167653347e+01 3.496251466938112840e-01 3.778278000000000000e+06
4.599310294070550498e+01 3.475722881475496462e-01 3.784922000000000000e+06
4.607688647938994819e+01 3.459961143320861021e-01 3.805266000000000000e+06
4.616063114034604098e+01 3.445939344788409575e-01 3.807686000000000000e+06
4.624436961981203353e+01 3.429093521482443618e-01 3.833130000000000000e+06
4.632816579644655519e+01 3.415210073250252720e-01 3.841898000000000000e+06
4.641196142457300766e+01 3.400446051579104068e-01 3.858074000000000000e+06
4.649571814796405533e+01 3.384895775986088151e-01 3.868974000000000000e+06
4.657948650465218066e+01 3.369612985868498112e-01 3.885362000000000000e+06
4.666326012374663890e+01 3.351527208083544540e-01 3.898290000000000000e+06
4.674697557759400013e+01 3.336208268860558213e-01 3.907334000000000000e+06
4.683072185148795086e+01 3.324897931392587491e-01 3.928730000000000000e+06
4.691446205725140572e+01 3.312714362864413453e-01 3.936666000000000000e+06
4.699827339304534490e+01 3.296916313293511980e-01 3.961346000000000000e+06
4.708217883775101598e+01 3.283349040966613841e-01 3.975774000000000000e+06
4.716589489477312469e+01 3.272024097089599182e-01 3.970106000000000000e+06
4.724959403662504087e+01 3.258023953516838156e-01 4.003170000000000000e+06
4.733350988050379016e+01 3.238274892413544048e-01 4.019558000000000000e+06
4.741737501115326126e+01 3.230009027131572896e-01 4.025642000000000000e+06
4.750102520144735507e+01 3.214968037842241833e-01 4.028514000000000000e+06
4.758473950277736009e+01 3.199248386090745577e-01 4.059398000000000000e+06
4.766858069315918556e+01 3.187204921082130715e-01 4.069674000000000000e+06
4.775237333775331194e+01 3.170403088083398879e-01 4.083698000000000000e+06
4.783614237112322343e+01 3.157874077275646396e-01 4.095210000000000000e+06
4.791988490245709897e+01 3.141288397228767515e-01 4.110518000000000000e+06
4.800366139183459069e+01 3.130134969771133369e-01 4.126850000000000000e+06
4.808744155042190727e+01 3.119918014334870926e-01 4.140114000000000000e+06
4.817110248164115660e+01 3.108636256144321486e-01 4.144070000000000000e+06
4.825485289941014599e+01 3.092490676042590203e-01 4.175802000000000000e+06
4.833872317014574804e+01 3.082226887003979288e-01 4.187882000000000000e+06
4.842255739313756635e+01 3.068116032624873535e-01 4.199250000000000000e+06
4.850630200152498617e+01 3.059008140495651507e-01 4.209326000000000000e+06
4.858999651144587517e+01 3.039088682726491242e-01 4.222130000000000000e+06
4.867384498554194749e+01 3.030769995613806223e-01 4.254258000000000000e+06
4.875769237889889496e+01 3.016172864386364449e-01 4.252478000000000000e+06
4.884143639731927777e+01 3.003050672278864131e-01 4.270698000000000000e+06
4.892512165045238959e+01 2.988691650214743700e-01 4.278122000000000000e+06
4.900892249802404876e+01 2.974371435240462658e-01 4.309898000000000000e+06
4.909279745527720706e+01 2.965545846217991222e-01 4.317150000000000000e+06
4.917658920170342185e+01 2.955048481441430730e-01 4.329698000000000000e+06
4.926033308118844189e+01 2.939325372636452105e-01 4.340826000000000000e+06
4.934406286064109537e+01 2.928429049520711591e-01 4.359590000000000000e+06
4.942786957825488514e+01 2.913613386339490852e-01 4.376850000000000000e+06
4.951163677893373460e+01 2.902096212301164546e-01 4.386674000000000000e+06
4.959537078523236886e+01 2.891929336800413974e-01 4.401782000000000000e+06
4.967912880843362444e+01 2.879257831150816571e-01 4.419210000000000000e+06
4.976302304379169783e+01 2.869108376015016004e-01 4.446482000000000000e+06
4.984679567254183752e+01 2.853039045404475171e-01 4.435554000000000000e+06
4.993048967360238777e+01 2.844508891829684583e-01 4.468934000000000000e+06
5.001430382430130805e+01 2.832849262447936223e-01 4.477650000000000000e+06
5.009805003277288193e+01 2.821218264176889590e-01 4.491218000000000000e+06
5.018180837416312556e+01 2.809384532225601694e-01 4.510358000000000000e+06
5.026555488397971772e+01 2.795272710936189675e-01 4.518594000000000000e+06
5.034932947116654134e+01 2.785310797245181824e-01 4.544474000000000000e+06
5.043314290484163820e+01 2.775518837687588891e-01 4.552098000000000000e+06
5.051694671432978367e+01 2.763256313128553132e-01 4.574990000000000000e+06
5.060070330614421863e+01 2.754482534120130111e-01 4.577210000000000000e+06
5.068450326170798093e+01 2.739556302631881435e-01 4.608186000000000000e+06
5.076830570006593746e+01 2.729216836240005439e-01 4.610198000000000000e+06
5.085203782795357341e+01 2.716925551178703824e-01 4.628898000000000000e+06
5.093575247787595117e+01 2.707695204011057455e-01 4.641170000000000000e+06
5.101951360832174487e+01 2.697404826033971137e-01 4.662462000000000000e+06
5.110336138272519690e+01 2.687774674982622569e-01 4.681442000000000000e+06
5.118714498866896889e+01 2.675636485809059772e-01 4.687850000000000000e+06
5.127091437680648056e+01 2.666501444736237292e-01 4.708818000000000000e+06
5.135469940961902324e+01 2.657443798985668626e-01 4.721534000000000000e+06
5.143844012238305652e+01 2.641012821244218545e-01 4.732770000000000000e+06
5.152216672994304503e+01 2.628732213055813838e-01 4.753346000000000000e+06
5.160598460354614758e+01 2.620494183183926795e-01 4.772886000000000000e+06
5.168981756623005452e+01 2.609229215368211729e-01 4.785098000000000000e+06
5.177356462271885107e+01 2.600730252821770172e-01 4.795394000000000000e+06
5.185730248904087603e+01 2.586806702387584589e-01 4.813986000000000000e+06
5.194107950576231758e+01 2.575299462779665483e-01 4.832654000000000000e+06
5.202490683524943194e+01 2.570699248684672478e-01 4.849362000000000000e+06
5.210868111161441618e+01 2.556598245237758915e-01 4.858322000000000000e+06
5.219237188700115837e+01 2.546785386856776912e-01 4.871286000000000000e+06
5.227611099451670640e+01 2.536367550879888300e-01 4.894370000000000000e+06
5.235994633095187112e+01 2.525206525388379863e-01 4.914650000000000000e+06
5.244373186833391998e+01 2.516423905889392798e-01 4.919658000000000000e+06
5.252748139865951060e+01 2.503406765125247846e-01 4.941638000000000000e+06
5.261134608608541186e+01 2.499929771802155420e-01 4.965954000000000000e+06
5.269521219925067612e+01 2.485774935284617015e-01 4.971770000000000000e+06
5.277896921030312427e+01 2.478681537725279105e-01 4.985702000000000000e+06
5.286266873731673144e+01 2.468125502120162851e-01 4.996314000000000000e+06
5.294640362710930503e+01 2.459328419292536039e-01 5.021258000000000000e+06
5.303021795299186181e+01 2.447619019265769025e-01 5.038470000000000000e+06
5.311400321458867069e+01 2.437616245788411240e-01 5.048570000000000000e+06
5.319775700266092855e+01 2.428541526812694751e-01 5.067786000000000000e+06
5.328156065547872799e+01 2.419579038006829386e-01 5.084402000000000000e+06
5.336537962353408915e+01 2.405921069903088350e-01 5.104238000000000000e+06
5.344909091783166133e+01 2.400286217460588234e-01 5.101890000000000000e+06
5.353274999593639194e+01 2.389947430537387452e-01 5.129594000000000000e+06
5.361652756373694473e+01 2.380229714555165688e-01 5.149086000000000000e+06
5.370036822863162485e+01 2.371598459149587557e-01 5.168834000000000000e+06
5.378411950541506314e+01 2.360040908252527825e-01 5.172306000000000000e+06
5.386787929501433325e+01 2.353513307193504933e-01 5.199218000000000000e+06
5.395171074936121158e+01 2.343110012022019406e-01 5.215430000000000000e+06
5.403552355469201984e+01 2.336362268137368858e-01 5.229066000000000000e+06
5.411930985166335262e+01 2.325460289101216049e-01 5.244530000000000000e+06
5.420310642373981125e+01 2.317104783131637424e-01 5.262870000000000000e+06
5.428687812998526852e+01 2.307505345598591107e-01 5.272562000000000000e+06
5.437059019332080112e+01 2.298837138744877773e-01 5.290098000000000000e+06
5.445438308715934994e+01 2.290396365845131232e-01 5.314358000000000000e+06
5.453817366229988295e+01 2.280593339318441604e-01 5.322098000000000000e+06
5.462191410682409298e+01 2.272407024418154620e-01 5.341026000000000000e+06
5.470574856213039538e+01 2.262017646078953448e-01 5.366858000000000000e+06
5.478957837144608334e+01 2.256441250798690568e-01 5.374422000000000000e+06
5.487325249086202206e+01 2.247963360005058031e-01 5.377730000000000000e+06
5.495693797161722927e+01 2.237708687269036878e-01 5.409410000000000000e+06
5.504079340903902562e+01 2.228645113906589093e-01 5.434014000000000000e+06
5.512463744441291880e+01 2.217494560462977549e-01 5.438882000000000000e+06
5.520838246356159118e+01 2.213368497142138847e-01 5.456178000000000000e+06
5.529211836524709867e+01 2.203444279847188991e-01 5.469242000000000000e+06
5.537590104604533536e+01 2.194864554870351592e-01 5.496174000000000000e+06
5.545970262891226810e+01 2.186043396366925684e-01 5.505530000000000000e+06
5.554345609431005926e+01 2.180956021895232300e-01 5.521202000000000000e+06
5.562722615507448864e+01 2.170565973789195802e-01 5.544126000000000000e+06
5.571106592766010124e+01 2.163220224578452366e-01 5.560106000000000000e+06
5.579489699651359302e+01 2.154974932586633807e-01 5.579754000000000000e+06
5.587861150379660558e+01 2.143928647644393337e-01 5.576270000000000000e+06
5.596227888762821578e+01 2.137844877368811070e-01 5.607138000000000000e+06
5.604605505562237511e+01 2.128980381601791594e-01 5.625026000000000000e+06
5.612988563474059589e+01 2.120999741796001925e-01 5.646698000000000000e+06
5.621362981395379421e+01 2.114075478224419213e-01 5.649126000000000000e+06
5.629735953290565220e+01 2.105464011384612366e-01 5.676434000000000000e+06
5.638111113221403770e+01 2.093638756637898057e-01 5.687418000000000000e+06
5.646491353105431443e+01 2.090494293917068702e-01 5.715830000000000000e+06
5.654876833880403098e+01 2.082935954520780120e-01 5.729210000000000000e+06
5.663258281598625388e+01 2.072639100529487244e-01 5.744802000000000000e+06
5.671632533067610638e+01 2.066218150626704386e-01 5.752154000000000000e+06
5.680011690917110911e+01 2.059485962039837859e-01 5.786382000000000000e+06
5.688389278969563634e+01 2.050323418530583253e-01 5.784146000000000000e+06
5.696761357142070636e+01 2.043911362515669627e-01 5.812146000000000000e+06
5.705141499197365818e+01 2.033530863443682446e-01 5.830166000000000000e+06
5.713521997423967491e+01 2.028003626504272239e-01 5.845850000000000000e+06
5.721900004074090873e+01 2.020754595814925059e-01 5.862834000000000000e+06
5.730276083164348933e+01 2.010698356689662736e-01 5.876066000000000000e+06
5.738658092066984295e+01 2.002982125870365060e-01 5.905854000000000000e+06
5.747033874630024286e+01 1.993892735240688496e-01 5.902274000000000000e+06
5.755404338958180688e+01 1.987952218568135032e-01 5.931258000000000000e+06
5.763786106901985562e+01 1.981956739971311443e-01 5.954966000000000000e+06
5.772168705776467590e+01 1.973409212139580760e-01 5.965346000000000000e+06
5.780542407686664319e+01 1.965368467223324589e-01 5.977818000000000000e+06
5.788919496618857607e+01 1.961471379671784754e-01 6.004718000000000000e+06
5.797296788463464878e+01 1.950168138628202985e-01 6.011706000000000000e+06
5.805676589856359726e+01 1.945598534181750272e-01 6.045770000000000000e+06
5.814055263107005089e+01 1.935331840016843441e-01 6.041586000000000000e+06
5.822426906686246895e+01 1.928840122269011026e-01 6.073166000000000000e+06
5.830801158641646253e+01 1.922943423564746901e-01 6.078962000000000000e+06
5.839179370373053501e+01 1.915422934393674614e-01 6.114258000000000000e+06
5.847563338611901429e+01 1.907389100855352848e-01 6.123086000000000000e+06
5.855940577164263061e+01 1.899739195048860962e-01 6.136770000000000000e+06
5.864313003931577839e+01 1.894442848606102126e-01 6.154898000000000000e+06
5.872691634067579969e+01 1.886306750223755713e-01 6.178610000000000000e+06
5.881074619570083684e+01 1.879312290677836728e-01 6.197982000000000000e+06
5.889452794754235043e+01 1.873481142477376737e-01 6.205322000000000000e+06
5.897820641443409073e+01 1.866564959759441089e-01 6.218850000000000000e+06
5.906193901280321512e+01 1.861015775236009306e-01 6.249542000000000000e+06
5.914581786000324826e+01 1.853173125075508187e-01 6.274146000000000000e+06
5.922958949112301497e+01 1.846069298441750939e-01 6.270242000000000000e+06
5.931333012199205257e+01 1.837924778857905339e-01 6.305222000000000000e+06
5.939720105247847926e+01 1.831267175818723780e-01 6.325026000000000000e+06
5.948100907207791010e+01 1.824875014253176109e-01 6.331922000000000000e+06
5.956471628696222353e+01 1.816651541419531668e-01 6.343698000000000000e+06
5.964845880386389609e+01 1.813307411361412547e-01 6.375158000000000000e+06
5.973228933048412159e+01 1.805732920766599248e-01 6.392178000000000000e+06
5.981613496168468203e+01 1.797905673723254050e-01 6.412826000000000000e+06
5.989983645289154879e+01 1.793377573989266283e-01 6.407078000000000000e+06
5.998354613160790194e+01 1.786886778348604765e-01 6.447954000000000000e+06
6.006732029307560339e+01 1.780403687965321224e-01 6.456026000000000000e+06
6.015110327404215695e+01 1.774648590241890145e-01 6.482034000000000000e+06
6.023487596160424573e+01 1.768764752702884635e-01 6.492878000000000000e+06
6.031854831072890022e+01 1.760005730479228536e-01 6.502074000000000000e+06
6.040231839065788222e+01 1.753648594742722444e-01 6.542930000000000000e+06
6.048619165671609466e+01 1.748470586423020168e-01 6.556598000000000000e+06
6.057002333107591596e+01 1.741482353245575043e-01 6.570330000000000000e+06
6.065376829395822256e+01 1.738327654613072704e-01 6.581882000000000000e+06
6.073756442394000743e+01 1.730620853147940286e-01 6.612546000000000000e+06
6.082141587353444123e+01 1.724364807647803532e-01 6.628622000000000000e+06
6.090514253860760618e+01 1.720799599004328995e-01 6.629498000000000000e+06
6.098884320245825563e+01 1.712518489319367898e-01 6.659250000000000000e+06
6.107265851032283877e+01 1.706517687839346764e-01 6.686006000000000000e+06
6.115647246835320061e+01 1.701701959100574701e-01 6.693786000000000000e+06
6.124020033801726015e+01 1.694907580271275416e-01 6.711554000000000000e+06
6.132397038132510403e+01 1.687296920963264613e-01 6.735678000000000000e+06
6.140778387575393538e+01 1.682375479551142805e-01 6.754754000000000000e+06
6.149161352937865388e+01 1.676621432376556309e-01 6.776570000000000000e+06
6.157529545988447239e+01 1.670720110281742055e-01 6.767394000000000000e+06
6.165900889953971387e+01 1.664338233029433178e-01 6.818246000000000000e+06
6.174288787705573611e+01 1.659494306617815829e-01 6.830562000000000000e+06
6.182665980957211360e+01 1.653464498552898176e-01 6.839186000000000000e+06
6.191039097988957707e+01 1.648219249775047801e-01 6.861462000000000000e+06
6.199415875786135643e+01 1.642452089226285605e-01 6.880394000000000000e+06
6.207797374072198693e+01 1.637021660655046118e-01 6.907178000000000000e+06
6.216178350871904001e+01 1.630985730300009984e-01 6.917034000000000000e+06
6.224554940092006916e+01 1.626188177921554234e-01 6.937934000000000000e+06
6.232927625716432374e+01 1.622744071395156307e-01 6.947250000000000000e+06
6.241305212971730754e+01 1.615206250091304752e-01 6.982106000000000000e+06
6.249687658401688850e+01 1.608166774303938507e-01 6.995718000000000000e+06
6.258064195304475419e+01 1.602368817366051357e-01 7.006682000000000000e+06
6.266440681033797944e+01 1.596657753288650006e-01 7.035866000000000000e+06
6.274824216199589699e+01 1.592215034922903061e-01 7.054110000000000000e+06
6.283199118762099999e+01 1.585130682058036866e-01 7.059194000000000000e+06
6.291572599321118986e+01 1.580630176928233543e-01 7.091802000000000000e+06
6.299950509521183051e+01 1.576306363374928576e-01 7.100666000000000000e+06
6.308326075680762557e+01 1.569915500899836669e-01 7.129070000000000000e+06
6.316706195378349520e+01 1.563674792623334919e-01 7.143282000000000000e+06
6.325081801455058894e+01 1.559194556378135088e-01 7.161482000000000000e+06
6.333459669546337523e+01 1.553432373041913617e-01 7.184694000000000000e+06
6.341841008120442780e+01 1.547791415888640498e-01 7.203914000000000000e+06
6.350218876580745331e+01 1.543458384824064611e-01 7.219746000000000000e+06
6.358591190700263951e+01 1.537269524228228879e-01 7.228634000000000000e+06
6.366969673610064717e+01 1.533333379171313293e-01 7.271990000000000000e+06
6.375349087092273948e+01 1.525365890780325528e-01 7.266786000000000000e+06
6.383719401333753751e+01 1.521597725418686320e-01 7.293650000000000000e+06
6.392099500043143223e+01 1.517170879752094692e-01 7.324086000000000000e+06
6.400484294296721544e+01 1.511326163531439559e-01 7.338650000000000000e+06
6.408861957019631461e+01 1.507558288522165835e-01 7.351962000000000000e+06
6.417229567069612983e+01 1.502242534174053068e-01 7.357190000000000000e+06
6.425605827522849722e+01 1.496552747067867173e-01 7.406042000000000000e+06
6.433988346718935247e+01 1.490624408628536401e-01 7.408626000000000000e+06
6.442366993893529070e+01 1.485054353307933006e-01 7.435610000000000000e+06
6.450748292497215175e+01 1.480779708492955538e-01 7.453542000000000000e+06
6.459124517573944502e+01 1.475145136617058705e-01 7.464002000000000000e+06
6.467501250428696835e+01 1.470165626527147607e-01 7.493546000000000000e+06
6.475881482306483861e+01 1.464640912040598431e-01 7.510806000000000000e+06
6.484263355878292145e+01 1.459938736986720886e-01 7.532114000000000000e+06
6.492635863913294259e+01 1.455478790865570304e-01 7.536234000000000000e+06
6.501006892041591811e+01 1.449513364950909544e-01 7.565834000000000000e+06
6.509392196997305291e+01 1.445887196500567629e-01 7.603062000000000000e+06
6.517772136341262978e+01 1.439342023653226721e-01 7.593890000000000000e+06
6.526142024031203448e+01 1.434759263724359191e-01 7.622906000000000000e+06
6.534517798747489792e+01 1.431152049885557331e-01 7.646622000000000000e+06
6.542900683024386410e+01 1.424934320100291196e-01 7.672058000000000000e+06
6.551278372258207128e+01 1.420805398011757981e-01 7.679346000000000000e+06
6.559647689529717240e+01 1.416371097163182657e-01 7.693058000000000000e+06
6.568023240704575016e+01 1.410951994255678910e-01 7.732158000000000000e+06
6.576407007540214522e+01 1.404915726964970080e-01 7.746962000000000000e+06
6.584790505033298302e+01 1.401300298314782922e-01 7.770986000000000000e+06
6.593165610578880376e+01 1.396425307002205629e-01 7.772094000000000000e+06
6.601538633341530726e+01 1.392199786053442134e-01 7.803818000000000000e+06
6.609921986930250171e+01 1.387168098951053752e-01 7.834338000000000000e+06
6.618300989442009552e+01 1.382407409771360118e-01 7.833710000000000000e+06
6.626672027527055775e+01 1.377454988640750555e-01 7.858794000000000000e+06
6.635048482494400446e+01 1.372345036775663996e-01 7.884290000000000000e+06
6.643426840268917033e+01 1.366639870141474200e-01 7.901522000000000000e+06
6.651807839369693909e+01 1.364354419593219458e-01 7.930662000000000000e+06
6.660185938569200914e+01 1.358914463377691173e-01 7.934426000000000000e+06
6.668562349459918437e+01 1.354683072932159615e-01 7.967322000000000000e+06
6.676941985144630110e+01 1.349715025205670549e-01 7.981934000000000000e+06
6.685320220952085890e+01 1.345591408624611796e-01 8.003282000000000000e+06
6.693696207061206849e+01 1.341645337848234587e-01 8.019666000000000000e+06
6.702068860837411535e+01 1.337525555474515793e-01 8.034482000000000000e+06
6.710445272740649614e+01 1.332855582830206609e-01 8.068542000000000000e+06
6.718828234859530824e+01 1.329542152914893194e-01 8.088290000000000000e+06
6.727206071729939652e+01 1.323900994797390651e-01 8.096322000000000000e+06
6.735579384931760671e+01 1.318815783674433251e-01 8.122646000000000000e+06
6.743961094632139464e+01 1.315760542950315803e-01 8.150138000000000000e+06
6.752341839406597046e+01 1.311824720445807224e-01 8.165322000000000000e+06
6.760720134506061640e+01 1.308391925328142580e-01 8.182574000000000000e+06
6.769097215349376029e+01 1.303633282210047151e-01 8.203698000000000000e+06
6.777475210174605991e+01 1.296300319901241282e-01 8.226914000000000000e+06
6.785855795495925236e+01 1.293285820923212592e-01 8.246898000000000000e+06
6.794231757399198557e+01 1.289294678116346404e-01 8.261774000000000000e+06
6.802605368830526800e+01 1.285649512417889884e-01 8.279426000000000000e+06
6.810980740395922339e+01 1.280548771519855744e-01 8.308722000000000000e+06
6.819359624676370402e+01 1.275637702802258078e-01 8.326214000000000000e+06
6.827735164047554406e+01 1.271740310849676370e-01 8.342682000000000000e+06
6.836106899917464830e+01 1.267771103935325105e-01 8.360834000000000000e+06
6.844484437189701964e+01 1.263771820275064739e-01 8.393226000000000000e+06
6.852869899063553305e+01 1.260667713758068520e-01 8.420150000000000000e+06
6.861250241461986832e+01 1.255593840930155913e-01 8.421986000000000000e+06
6.869622258997036113e+01 1.251147327508367046e-01 8.445714000000000000e+06
6.877998582885126666e+01 1.247479519249721641e-01 8.472590000000000000e+06
6.886380417121233677e+01 1.242395710840140111e-01 8.495370000000000000e+06
6.894760222040189035e+01 1.239015808191004514e-01 8.512802000000000000e+06
6.903133907390910906e+01 1.236200897775389523e-01 8.523290000000000000e+06
6.911515911696680803e+01 1.231545726032326343e-01 8.570982000000000000e+06
6.919899661482570252e+01 1.227225773879034032e-01 8.568458000000000000e+06
6.928271270688284744e+01 1.222843701821161588e-01 8.586498000000000000e+06
6.936640883580386685e+01 1.219772924057811320e-01 8.608838000000000000e+06
6.945020519724739927e+01 1.216283610988698333e-01 8.645610000000000000e+06
6.953403489536805182e+01 1.212411008241027766e-01 8.658386000000000000e+06
6.961776845906641142e+01 1.207201989295154793e-01 8.668598000000000000e+06
6.970149629909469979e+01 1.204308176924989010e-01 8.697426000000000000e+06
6.978527344513386765e+01 1.200078600759730968e-01 8.722562000000000000e+06
6.986906013590846953e+01 1.196401904128216731e-01 8.737962000000000000e+06
6.995286374627769987e+01 1.193174971264452933e-01 8.771366000000000000e+06
7.003663130607654352e+01 1.189586917584177922e-01 8.771010000000000000e+06
7.012044287898793016e+01 1.185094945740595290e-01 8.822618000000000000e+06
7.020422712516214858e+01 1.180264278770706554e-01 8.807726000000000000e+06
7.028792428421020588e+01 1.177452703440668713e-01 8.844618000000000000e+06
7.037169187076506205e+01 1.173204972486452946e-01 8.868722000000000000e+06
7.045550216092648554e+01 1.169500389927608658e-01 8.891394000000000000e+06
7.053930310811041693e+01 1.164655028863544051e-01 8.911934000000000000e+06
7.062306388634770826e+01 1.161461103270775702e-01 8.923938000000000000e+06
7.070681928787864479e+01 1.158042998399987922e-01 8.953682000000000000e+06
7.079064883602877956e+01 1.154397670287329036e-01 8.981966000000000000e+06
7.087445404086807343e+01 1.151492329298159090e-01 8.990442000000000000e+06
7.095817349518108585e+01 1.147205905633227052e-01 9.007874000000000000e+06
7.104193091703314167e+01 1.143255540280974092e-01 9.038982000000000000e+06
7.112576467725064333e+01 1.139788990987553735e-01 9.068570000000000000e+06
7.120961688916655419e+01 1.135264026856718234e-01 9.085250000000000000e+06
7.129335164196812968e+01 1.132062018626942695e-01 9.084690000000000000e+06
7.137708037180341591e+01 1.128139961816933823e-01 9.128654000000000000e+06
7.146084353628984331e+01 1.125564357720265779e-01 9.133170000000000000e+06
7.154466665793322022e+01 1.121029872253965359e-01 9.185882000000000000e+06
7.162842926759091711e+01 1.117151860027016663e-01 9.163254000000000000e+06
7.171216325434680527e+01 1.114242356127299743e-01 9.220130000000000000e+06
7.179600405083390058e+01 1.111877538275719557e-01 9.233138000000000000e+06
7.187979487849634097e+01 1.107412979553868276e-01 9.249378000000000000e+06
7.196355510905767972e+01 1.104427927369210222e-01 9.271550000000000000e+06
7.204729422001986450e+01 1.101539090092831796e-01 9.286266000000000000e+06
7.213106156089709486e+01 1.096619098846210172e-01 9.320762000000000000e+06
7.221480038490358311e+01 1.092931752627237102e-01 9.326718000000000000e+06
7.229852005323998299e+01 1.089750598154790584e-01 9.354602000000000000e+06
7.238228486066410028e+01 1.087624993046765604e-01 9.384122000000000000e+06
7.246607067066045715e+01 1.083430216663358314e-01 9.400482000000000000e+06
7.254987197439923818e+01 1.080379171235024555e-01 9.432638000000000000e+06
7.263367976569567475e+01 1.077266263990800110e-01 9.445314000000000000e+06
7.271750340333485951e+01 1.073294554666998635e-01 9.477290000000000000e+06
7.280130916047085066e+01 1.070183789287632997e-01 9.489182000000000000e+06
7.288506765200136783e+01 1.065864059538603609e-01 9.506706000000000000e+06
7.296881975889688476e+01 1.062262913759607907e-01 9.533978000000000000e+06
7.305259443485221027e+01 1.058152295423472194e-01 9.553662000000000000e+06
7.313637521480190173e+01 1.055879473325659901e-01 9.579506000000000000e+06
7.322019418653475498e+01 1.051474515776968655e-01 9.607866000000000000e+06
7.330395444861356680e+01 1.048432892355964374e-01 9.608354000000000000e+06
7.338767600840630223e+01 1.045266862487248399e-01 9.643862000000000000e+06
7.347148094131401308e+01 1.042395811294836716e-01 9.670578000000000000e+06
7.355528165751150027e+01 1.039300933949497685e-01 9.687890000000000000e+06
7.363898985402030917e+01 1.035351347024035390e-01 9.693294000000000000e+06
7.372271904442924040e+01 1.032739049596581027e-01 9.736034000000000000e+06
7.380653580168322492e+01 1.029387100307758707e-01 9.758946000000000000e+06
7.389034984429981989e+01 1.026370785174834932e-01 9.778994000000000000e+06
7.397413656457592879e+01 1.022900850725552285e-01 9.796814000000000000e+06
7.405788979529948790e+01 1.019500387190148544e-01 9.816882000000000000e+06
7.414169279296697823e+01 1.015912405687662556e-01 9.850514000000000000e+06
7.422546369344802031e+01 1.013312669908123520e-01 9.856062000000000000e+06
7.430920419509655517e+01 1.009700361778735900e-01 9.886706000000000000e+06
7.439300596308194713e+01 1.006685944728390736e-01 9.916194000000000000e+06
7.447678556559041851e+01 1.003807461550567937e-01 9.924854000000000000e+06
7.456056972198642541e+01 1.000001631282067260e-01 9.961490000000000000e+06
7.464438171105736330e+01 9.978262188626667306e-02 9.979098000000000000e+06
7.472814154131890518e+01 9.947870757395249619e-02 9.990266000000000000e+06
7.481183974796279301e+01 9.927731598364347709e-02 1.001239800000000000e+07
7.489556694343458787e+01 9.891115916236353778e-02 1.003881800000000000e+07
7.497934514550230745e+01 9.851930936424067864e-02 1.007208200000000000e+07
7.506311789232059084e+01 9.827252478758106979e-02 1.008267000000000000e+07
7.514692811902769165e+01 9.790146194503610011e-02 1.012322600000000000e+07
7.523075407192267505e+01 9.766833625494013293e-02 1.013483400000000000e+07
7.531451966247126961e+01 9.735101266321559421e-02 1.015145000000000000e+07
7.539829209775307106e+01 9.707369234134953506e-02 1.018411800000000000e+07
7.548208760826673824e+01 9.679866585750127039e-02 1.019981000000000000e+07
7.556588556111178434e+01 9.648167845279737032e-02 1.023038600000000000e+07
7.564964694677739487e+01 9.624117068265207464e-02 1.023833400000000000e+07
7.573340114101655729e+01 9.594617811996852819e-02 1.027159400000000000e+07
7.581720755260936073e+01 9.559741360274946753e-02 1.029841800000000000e+07
7.590097691415932957e+01 9.530283194205309283e-02 1.030681400000000000e+07
7.598473414840474049e+01 9.514444428005515431e-02 1.034130600000000000e+07
7.606853392840329775e+01 9.486439627275991548e-02 1.036284200000000000e+07
7.615234212784832835e+01 9.455762191406658079e-02 1.038883400000000000e+07
7.623609474757780902e+01 9.418333112086520187e-02 1.039563000000000000e+07
7.631981670052634570e+01 9.389930536704625685e-02 1.042536200000000000e+07
7.640358337833828273e+01 9.371707088411879161e-02 1.045427400000000000e+07
7.648737866504175997e+01 9.341512917083640011e-02 1.047829400000000000e+07
7.657118922665969762e+01 9.314185529591162416e-02 1.050181800000000000e+07
7.665495334176074493e+01 9.278349418581979813e-02 1.051481000000000000e+07
7.673872752945807463e+01 9.254412711840787065e-02 1.054884200000000000e+07
7.682251623133140583e+01 9.226377050331512064e-02 1.056646200000000000e+07
7.690627734628161249e+01 9.207110664118842158e-02 1.058681000000000000e+07
7.699005449515836119e+01 9.173964036961441970e-02 1.061495400000000000e+07
7.707381163172706806e+01 9.151228678736839095e-02 1.063105400000000000e+07
7.715758302708022143e+01 9.120518394517086735e-02 1.066236200000000000e+07
7.724136594782987686e+01 9.099933644434135549e-02 1.068335400000000000e+07
7.732513038906363079e+01 9.069893534136538871e-02 1.069929800000000000e+07
7.740891664711064379e+01 9.047316190048368401e-02 1.073878200000000000e+07
7.749269645330657852e+01 9.009412704638278258e-02 1.074420200000000000e+07
7.757647166278094630e+01 8.994740259535496940e-02 1.078218600000000000e+07
7.766021891602670735e+01 8.967040322612052083e-02 1.078496600000000000e+07
7.774399344085298935e+01 8.944179046437222835e-02 1.083393800000000000e+07
7.782781601101176250e+01 8.918795557357400705e-02 1.084813800000000000e+07
7.791162919578846413e+01 8.892519390246213240e-02 1.087376600000000000e+07
7.799540485219509378e+01 8.865490696676853188e-02 1.088697000000000000e+07
7.807914803163318140e+01 8.843871174756301468e-02 1.091244200000000000e+07
7.816290481905753040e+01 8.814636053770524837e-02 1.093669800000000000e+07
7.824668494094176197e+01 8.792633042687210410e-02 1.096614200000000000e+07
7.833041079278541474e+01 8.771240805466731794e-02 1.096874600000000000e+07
7.841414369597413270e+01 8.739914070431233084e-02 1.101460200000000000e+07
7.849797207299076263e+01 8.717436510970884289e-02 1.104277400000000000e+07
7.858180750484748955e+01 8.697492531284709005e-02 1.106147400000000000e+07
7.866557248062186147e+01 8.668990377016830284e-02 1.107245000000000000e+07
7.874929596355666206e+01 8.640964246662273529e-02 1.109692200000000000e+07
7.883311706336922953e+01 8.621071713285377580e-02 1.114652600000000000e+07
7.891694358971126633e+01 8.586664385647360676e-02 1.114560200000000000e+07
7.900068031277757541e+01 8.562471157570590574e-02 1.116844200000000000e+07
7.908436218738494006e+01 8.547279083623897378e-02 1.118108600000000000e+07
7.916818470584115630e+01 8.523420296007666597e-02 1.125011400000000000e+07
7.925204746494267738e+01 8.501427023548790984e-02 1.124210600000000000e+07
7.933579204504063398e+01 8.472975681566446982e-02 1.126544600000000000e+07
7.941952450138673214e+01 8.456447172431147408e-02 1.128549000000000000e+07
7.950333805121174180e+01 8.434607811345208594e-02 1.133592200000000000e+07
7.958714843508016656e+01 8.408574636831174509e-02 1.133013000000000000e+07
7.967084513754768693e+01 8.378865475594046708e-02 1.135727000000000000e+07
7.975459918129639902e+01 8.354991106407197443e-02 1.138909800000000000e+07
7.983842412182876558e+01 8.332792017987436517e-02 1.142664200000000000e+07
7.992222911930718965e+01 8.311454553343530782e-02 1.143135800000000000e+07
8.000599212589428078e+01 8.291146112236831567e-02 1.146229800000000000e+07
8.008974687846490781e+01 8.277918077406425101e-02 1.147920200000000000e+07
8.017351400530820626e+01 8.239864719864364861e-02 1.150974600000000000e+07
8.025725037950861918e+01 8.221435630564168096e-02 1.152306200000000000e+07
8.034098812717721216e+01 8.207050040627505982e-02 1.155621000000000000e+07
8.042478697546600586e+01 8.175427772641362389e-02 1.158828200000000000e+07
8.050856802239243848e+01 8.155234327840693576e-02 1.159964600000000000e+07
8.059238416169034736e+01 8.128522781001115693e-02 1.164527400000000000e+07
8.067619501003925109e+01 8.106748748297971929e-02 1.164933800000000000e+07
8.075991178803855064e+01 8.083547342539715297e-02 1.166538600000000000e+07
8.084370890131339138e+01 8.058257026067970619e-02 1.171928600000000000e+07
8.092752051805530300e+01 8.047963788628326176e-02 1.172073800000000000e+07
8.101129543325400562e+01 8.020621031394611911e-02 1.175507400000000000e+07
8.109505389589725155e+01 8.002280986772855598e-02 1.176716600000000000e+07
8.117885591153601865e+01 7.983274806308052196e-02 1.181334600000000000e+07
8.126268704922078712e+01 7.958489951756592129e-02 1.182545000000000000e+07
8.134639603648894024e+01 7.940805075639874311e-02 1.182881400000000000e+07
8.143015231506957718e+01 7.913723141511852521e-02 1.188441800000000000e+07
8.151397613354559724e+01 7.894654690800577412e-02 1.190037800000000000e+07
8.159772291543191614e+01 7.875303619364525110e-02 1.190800200000000000e+07
8.168141712941573473e+01 7.852706645545495800e-02 1.193747000000000000e+07
8.176520125845252096e+01 7.833321168589905958e-02 1.198134600000000000e+07
8.184903085960836222e+01 7.814998040531902224e-02 1.199815400000000000e+07
8.193279937551101000e+01 7.791240748221632539e-02 1.201579800000000000e+07
8.201657550601832725e+01 7.771235456252917340e-02 1.204658600000000000e+07
8.210037035575065545e+01 7.750391237602941019e-02 1.207322600000000000e+07
8.218415112950239632e+01 7.728993012042811861e-02 1.208937000000000000e+07
8.226793017110850315e+01 7.709399705303562889e-02 1.212366200000000000e+07
8.235168019795568739e+01 7.693679323420907212e-02 1.212901800000000000e+07
8.243541372022190217e+01 7.675237728802210280e-02 1.216869800000000000e+07
8.251918470186251398e+01 7.655594935473260254e-02 1.219107000000000000e+07
8.260303064827999719e+01 7.632069171360653104e-02 1.223729000000000000e+07
8.268685911029808722e+01 7.612952192428576459e-02 1.223743400000000000e+07
8.277063029603770872e+01 7.594616253566791042e-02 1.226943000000000000e+07
8.285440346682658230e+01 7.574765748987208336e-02 1.228831400000000000e+07
8.293815388297495872e+01 7.552380933816049691e-02 1.231201800000000000e+07
8.302189357408074954e+01 7.542748486472505842e-02 1.233377000000000000e+07
8.310562948947298878e+01 7.517025672642783929e-02 1.236265400000000000e+07
8.318944085122717524e+01 7.494086994556029002e-02 1.240528200000000000e+07
8.327326112930197155e+01 7.484201168246844282e-02 1.241484200000000000e+07
8.335700619223128172e+01 7.458962149804741759e-02 1.243327800000000000e+07
8.344077077200753934e+01 7.446994219949858163e-02 1.246944200000000000e+07
8.352457315314735808e+01 7.421609751089572327e-02 1.249710600000000000e+07
8.360836220932365848e+01 7.408410894876830965e-02 1.251307400000000000e+07
8.369209444132825126e+01 7.383239292008507426e-02 1.253190200000000000e+07
8.377584249260344507e+01 7.360626734109450287e-02 1.256769000000000000e+07
8.385966667689248766e+01 7.344540390807577368e-02 1.260333800000000000e+07
8.394346055007575558e+01 7.328951689464598129e-02 1.261269400000000000e+07
8.402720752589927145e+01 7.308894006838553836e-02 1.263483400000000000e+07
8.411093968200033544e+01 7.297603380155780195e-02 1.266273000000000000e+07
8.419472584613649246e+01 7.270874651923768528e-02 1.269908600000000000e+07
8.427850265596407553e+01 7.258293981572172537e-02 1.271099400000000000e+07
8.436223938424853941e+01 7.237542131839275195e-02 1.273917800000000000e+07
8.444601577921049795e+01 7.219164586839411923e-02 1.276949000000000000e+07
8.452980888818765948e+01 7.203527497815154224e-02 1.279952600000000000e+07
8.461363856796832295e+01 7.187373867644217262e-02 1.282878600000000000e+07
8.469740487481715263e+01 7.170746000442304591e-02 1.283279400000000000e+07
8.478116585803400085e+01 7.154609056952880575e-02 1.287594200000000000e+07
8.486500035405539677e+01 7.139152975822531111e-02 1.290631400000000000e+07
8.494878168161768883e+01 7.119688019674870472e-02 1.291312200000000000e+07
8.503250896829791827e+01 7.101977641053197621e-02 1.293728200000000000e+07
8.511625758727213054e+01 7.088776115604158989e-02 1.297337400000000000e+07
8.520007724156167228e+01 7.069404313632818293e-02 1.300815400000000000e+07
8.528389486690601018e+01 7.053931263169030408e-02 1.302582600000000000e+07
8.536762998882402087e+01 7.036251115765387865e-02 1.303365400000000000e+07
8.545139522308386404e+01 7.019877876735770850e-02 1.308366600000000000e+07
8.553518354504295473e+01 7.003639008771941898e-02 1.309470600000000000e+07
8.561892245915041144e+01 6.989039741798061534e-02 1.311903400000000000e+07
8.570266129864387494e+01 6.971617452126138703e-02 1.314631800000000000e+07
