# k_mean_over_bin [h Mpc^-1] P_bin [h^-3 Mpc^3] N_modes
3.911336014668146538e-02 1.219584461805555475e+04 1.800000000000000000e+01
6.837341045179674837e-02 1.037639616935483900e+04 6.200000000000000000e+01
9.606098566128283556e-02 4.468043048469387031e+03 9.800000000000000000e+01
1.244554894311087484e-01 4.256391964285714494e+03 2.100000000000000000e+02
1.562393171446664064e-01 3.032005714285714475e+03 3.500000000000000000e+02
1.876351697577370581e-01 2.414757777777777846e+03 4.500000000000000000e+02
2.167467008100395498e-01 2.055817275747508575e+03 6.020000000000000000e+02
2.459661192468458046e-01 1.757443733595800495e+03 7.620000000000000000e+02
2.776061288634031343e-01 1.408411449211909030e+03 1.142000000000000000e+03
3.093581660270691147e-01 1.256514699999999948e+03 1.250000000000000000e+03
3.390238072074162612e-01 1.136130144032921635e+03 1.458000000000000000e+03
3.686891987081925004e-01 1.018416482910694640e+03 1.814000000000000000e+03
3.998179640432800719e-01 9.887943067033976376e+02 2.178000000000000000e+03
4.307427349283372564e-01 9.542989391513209512e+02 2.498000000000000000e+03
4.602541775534300106e-01 8.136217581998474770e+02 2.622000000000000000e+03
4.905365640492836410e-01 7.814457759137208086e+02 3.338000000000000000e+03
5.220185972105617633e-01 7.197563138097797264e+02 3.722000000000000000e+03
5.533037531861869640e-01 6.608847721822542098e+02 4.170000000000000000e+03
5.834579143079938746e-01 6.314603602569986833e+02 4.358000000000000000e+03
6.135626871243894387e-01 5.926996920937624509e+02 5.034000000000000000e+03
6.446289557821482941e-01 5.814315278263912887e+02 5.714000000000000000e+03
6.753962663893156027e-01 5.609366432631226189e+02 5.982000000000000000e+03
7.056079657646209258e-01 5.306963041502574470e+02 6.602000000000000000e+03
7.358702805567255423e-01 5.076233169705470232e+02 7.130000000000000000e+03
7.666965816517745669e-01 4.995590614886731373e+02 8.034000000000000000e+03
7.977642657007141258e-01 4.724598245410178947e+02 8.606000000000000000e+03
8.284170882817059045e-01 4.591968067504963642e+02 9.066000000000000000e+03
8.590304504147353581e-01 4.449343505320217105e+02 9.962000000000000000e+03
8.897547830450591722e-01 4.259878672985781805e+02 1.055000000000000000e+04
9.202467144416993650e-01 4.074059771957954581e+02 1.122600000000000000e+04
9.507708295887784544e-01 3.961445331796476239e+02 1.214600000000000000e+04
9.811824151074982625e-01 3.906588925908297938e+02 1.260600000000000000e+04
1.011684221748752277e+00 3.757202941602666328e+02 1.380200000000000000e+04
1.042628223097419760e+00 3.666563982648772821e+02 1.475400000000000000e+04
1.073331423130289064e+00 3.594217125180992412e+02 1.519400000000000000e+04
1.103867755953996443e+00 3.450482557432843009e+02 1.645400000000000000e+04
1.134626123126019959e+00 3.351055438964672817e+02 1.715400000000000000e+04
1.165311979605310189e+00 3.228351855907150139e+02 1.826600000000000000e+04
1.195715701344807869e+00 3.127805066666666676e+02 1.875000000000000000e+04
1.226212543355766904e+00 3.108856133241079078e+02 2.023400000000000000e+04
1.257106684237927041e+00 3.021222610722610966e+02 2.145000000000000000e+04
1.287903710180657191e+00 2.959713596211638560e+02 2.196200000000000000e+04
1.318485981586206890e+00 2.823181953797630399e+02 2.346200000000000000e+04
1.349079736575599542e+00 2.775094834040429532e+02 2.404200000000000000e+04
1.379852114035814425e+00 2.750144145533030269e+02 2.594600000000000000e+04
1.410480275290311170e+00 2.648366069377440795e+02 2.611800000000000000e+04
1.440742128148283729e+00 2.559425216316439844e+02 2.750600000000000000e+04
1.471255328685920905e+00 2.495818654097571141e+02 2.906600000000000000e+04
1.502136784696030958e+00 2.449767323481116534e+02 3.045000000000000000e+04
1.533052783826297283e+00 2.431364595803667044e+02 3.174200000000000000e+04
1.563639454531115192e+00 2.388898604651162714e+02 3.225000000000000000e+04
1.594207740129345519e+00 2.302445839416058391e+02 3.425000000000000000e+04
1.624993071443384896e+00 2.272875980143284380e+02 3.545400000000000000e+04
1.655631361837712090e+00 2.213127573145962685e+02 3.643400000000000000e+04
1.686043534699749769e+00 2.174669205456185921e+02 3.768200000000000000e+04
1.716490578110202225e+00 2.103837227057566110e+02 3.929400000000000000e+04
1.747331588627294874e+00 2.092009366098585588e+02 4.142600000000000000e+04
1.778105141829419589e+00 2.057601150572909319e+02 4.206600000000000000e+04
1.808604007799013091e+00 1.966628190388595101e+02 4.349000000000000000e+04
1.839287024270282567e+00 1.938905955975668576e+02 4.570200000000000000e+04
1.870041864274240018e+00 1.877969292790668021e+02 4.663400000000000000e+04
1.900737122550122393e+00 1.865321909626395325e+02 4.855400000000000000e+04
1.931106014629314860e+00 1.800182115817474937e+02 4.887000000000000000e+04
1.961523677526103127e+00 1.781508321371765362e+02 5.155400000000000000e+04
1.992455947436605701e+00 1.728363098539471139e+02 5.409000000000000000e+04
2.023265045582995914e+00 1.721773575873623656e+02 5.431400000000000000e+04
2.053922539849919016e+00 1.687803022315937369e+02 5.691000000000000000e+04
2.084529483730196198e+00 1.628381058418287353e+02 5.748200000000000000e+04
2.115224791136270266e+00 1.620708606868340098e+02 6.062600000000000000e+04
2.145940900281321451e+00 1.571010358461588794e+02 6.120600000000000000e+04
2.176332471415279191e+00 1.550481061211443148e+02 6.257000000000000000e+04
2.206919797950731787e+00 1.509506770120188719e+02 6.573000000000000000e+04
2.237635070960208417e+00 1.478438502834178223e+02 6.668600000000000000e+04
2.268416329433683210e+00 1.442187580705328855e+02 6.969800000000000000e+04
2.299091711246687986e+00 1.430190500671179450e+02 7.002600000000000000e+04
2.329659180150480235e+00 1.402142935694058963e+02 7.274600000000000000e+04
2.360394721737119283e+00 1.371494860499265940e+02 7.491000000000000000e+04
2.390975199166128995e+00 1.361684847204247149e+02 7.572200000000000000e+04
2.421460073556194192e+00 1.321538824670188035e+02 7.837800000000000000e+04
2.452028836611731322e+00 1.299975759090341114e+02 8.003000000000000000e+04
2.482752885913177110e+00 1.269963335176592238e+02 8.318600000000000000e+04
2.513535292349708072e+00 1.243148961802848760e+02 8.466600000000000000e+04
2.544225237245184790e+00 1.218907864026067074e+02 8.654600000000000000e+04
2.574773866485851048e+00 1.195173826219166244e+02 8.813400000000000000e+04
2.605444086916172797e+00 1.167361205182547081e+02 9.153800000000000000e+04
2.636246016268779524e+00 1.154190448581674389e+02 9.313800000000000000e+04
2.666818018924998590e+00 1.134513855077372568e+02 9.447800000000000000e+04
2.697363618359566839e+00 1.107526471616259300e+02 9.727400000000000000e+04
2.728019604504508866e+00 1.101295014545089828e+02 9.969000000000000000e+04
2.758802868025683530e+00 1.076698996003509166e+02 1.025900000000000000e+05
2.789534229339404092e+00 1.053366965404259474e+02 1.037700000000000000e+05
2.820110463944515811e+00 1.036597239200345939e+02 1.063460000000000000e+05
2.850758474967378220e+00 1.017023289665210939e+02 1.085460000000000000e+05
2.881313531403897787e+00 1.004108881382873051e+02 1.107260000000000000e+05
2.911785445579514686e+00 9.893681558376810870e+01 1.123220000000000000e+05
2.942296885913312732e+00 9.658723789800673387e+01 1.158900000000000000e+05
2.973018636090491551e+00 9.512606301466749414e+01 1.187660000000000000e+05
3.003960234284211772e+00 9.404165235735662520e+01 1.222980000000000000e+05
3.034645244098625572e+00 9.236174952903596136e+01 1.220900000000000000e+05
3.065200286165120414e+00 9.045445513075272004e+01 1.258100000000000000e+05
3.095834962651569544e+00 8.880122474451984260e+01 1.281900000000000000e+05
3.126534896692137799e+00 8.771625417958074422e+01 1.309940000000000000e+05
3.157254587660618839e+00 8.603114670734807135e+01 1.337220000000000000e+05
3.187691458898155972e+00 8.473944251079277024e+01 1.338860000000000000e+05
3.218359550987105244e+00 8.417011057507578187e+01 1.405380000000000000e+05
3.249147146635412042e+00 8.285763972858016757e+01 1.405940000000000000e+05
3.279708286755456559e+00 8.076586069055809958e+01 1.435940000000000000e+05
3.310282650626811485e+00 7.942280773699678775e+01 1.463100000000000000e+05
3.341041738096756752e+00 7.919233322270162034e+01 1.506500000000000000e+05
3.371829763035033789e+00 7.737608120383902133e+01 1.519140000000000000e+05
3.402297796942758357e+00 7.629754625223276321e+01 1.533980000000000000e+05
3.432832982060985749e+00 7.508305144869699177e+01 1.578660000000000000e+05
3.463520961645436547e+00 7.407155572707242186e+01 1.606580000000000000e+05
3.494268698776064941e+00 7.290881281154403837e+01 1.641020000000000000e+05
3.524882682212484575e+00 7.207443907051165866e+01 1.649940000000000000e+05
3.555471568173579122e+00 7.120475713865174328e+01 1.698500000000000000e+05
3.586282686546968357e+00 7.002076468615956628e+01 1.729860000000000000e+05
3.616919594142721461e+00 6.913819338217534494e+01 1.738940000000000000e+05
3.647368063767713497e+00 6.767777664641528190e+01 1.767780000000000000e+05
3.677992804816497596e+00 6.701273363329336519e+01 1.818020000000000000e+05
3.708738931120072024e+00 6.639619367781814674e+01 1.844300000000000000e+05
3.739459730643931668e+00 6.520646542976469107e+01 1.872420000000000000e+05
3.770116200383169858e+00 6.425438633377136455e+01 1.902500000000000000e+05
3.800728857439862107e+00 6.373796541517370429e+01 1.925700000000000000e+05
3.831471188539541384e+00 6.270734512292312246e+01 1.982540000000000000e+05
3.862151110977656732e+00 6.179541484495693737e+01 1.980740000000000000e+05
3.892653862982213830e+00 6.074064340509774951e+01 2.020500000000000000e+05
3.923205785510675891e+00 5.985639069206138885e+01 2.055020000000000000e+05
3.953960730198294637e+00 5.920834401374687417e+01 2.106660000000000000e+05
3.984703376546768538e+00 5.833856025156995884e+01 2.124260000000000000e+05
4.015247109978196782e+00 5.749992520498508952e+01 2.139180000000000000e+05
4.045907609536984140e+00 5.667953881100844171e+01 2.209940000000000000e+05
4.076640767458163062e+00 5.583749243867426060e+01 2.215220000000000000e+05
4.107291653286554656e+00 5.531161130111261315e+01 2.263140000000000000e+05
4.137850364426196137e+00 5.447728492613091333e+01 2.272940000000000000e+05
4.168439512608713038e+00 5.371536130356023619e+01 2.329620000000000000e+05
4.199236749561098492e+00 5.312291752516630794e+01 2.378180000000000000e+05
4.229947929265353679e+00 5.243275111368383534e+01 2.383980000000000000e+05
4.260462426058084340e+00 5.146768260858760158e+01 2.414180000000000000e+05
4.291046899785903257e+00 5.104692526476998893e+01 2.468180000000000000e+05
4.321739014984441241e+00 5.042536393684024887e+01 2.499060000000000000e+05
4.352456027103726477e+00 4.968274689637301123e+01 2.547020000000000000e+05
4.383033077269767652e+00 4.920169563474281915e+01 2.544180000000000000e+05
4.413534074271517227e+00 4.860462677738771475e+01 2.603540000000000000e+05
4.444200357558366399e+00 4.782003139930710489e+01 2.649740000000000000e+05
4.474952179323342882e+00 4.744434024754207258e+01 2.687220000000000000e+05
4.505641422859886447e+00 4.682470669681325148e+01 2.715620000000000000e+05
4.536316088749490660e+00 4.619383785823662691e+01 2.755860000000000000e+05
4.567046341728766556e+00 4.552607516328205861e+01 2.801900000000000000e+05
4.597751251862217892e+00 4.501960867505320607e+01 2.828340000000000000e+05
4.628349450743415083e+00 4.455948030999053344e+01 2.851700000000000000e+05
4.658885037465664958e+00 4.383254796713190871e+01 2.898860000000000000e+05
4.689537847550620420e+00 4.347896928081935641e+01 2.944740000000000000e+05
4.720267580499146298e+00 4.291347855411387968e+01 2.994980000000000000e+05
4.750887740307660145e+00 4.249504597310289711e+01 2.999580000000000000e+05
4.781458163146202089e+00 4.191362658488579740e+01 3.058580000000000000e+05
4.812139804037513180e+00 4.148697851309870543e+01 3.107940000000000000e+05
4.842826296526053120e+00 4.095679087267872376e+01 3.130820000000000000e+05
4.873346903503020577e+00 4.061326515760364231e+01 3.160460000000000000e+05
4.903952058997482766e+00 4.014205910284341172e+01 3.222180000000000000e+05
4.934760029521842561e+00 3.967715073562980876e+01 3.285620000000000000e+05
4.965452501381958150e+00 3.907566389219184089e+01 3.279900000000000000e+05
4.996086282036240611e+00 3.878798146038260342e+01 3.352820000000000000e+05
5.026695485686597742e+00 3.828675774622733741e+01 3.359700000000000000e+05
5.057355002192011284e+00 3.801630791766696404e+01 3.440660000000000000e+05
5.087967611864264939e+00 3.758735358637022017e+01 3.437180000000000000e+05
5.118544807508640382e+00 3.720950617073212641e+01 3.514980000000000000e+05
5.149234444935959054e+00 3.685719323586997120e+01 3.544580000000000000e+05
5.179860758536608323e+00 3.636987611764640604e+01 3.585660000000000000e+05
5.210624402206279093e+00 3.613380239373760361e+01 3.661220000000000000e+05
5.241317970278694283e+00 3.564629452447992009e+01 3.658100000000000000e+05
5.271888078465520877e+00 3.542212247929347768e+01 3.716220000000000000e+05
5.302538962989003402e+00 3.501264142813828073e+01 3.759860000000000000e+05
5.333241296744681392e+00 3.448797917157286008e+01 3.821700000000000000e+05
5.363843287577101826e+00 3.415359150171023828e+01 3.818180000000000000e+05
5.394377881285376652e+00 3.376642691760743986e+01 3.895740000000000000e+05
5.425045278876105215e+00 3.338675583823133053e+01 3.936980000000000000e+05
5.455748191050116880e+00 3.304964476866153689e+01 3.994580000000000000e+05
5.486417791867136629e+00 3.270741779415347850e+01 4.022220000000000000e+05
5.517054280059129567e+00 3.246386285332324206e+01 4.069220000000000000e+05
5.547729067425179572e+00 3.206961743233488704e+01 4.128420000000000000e+05
5.578396539675297916e+00 3.178560766204562071e+01 4.153460000000000000e+05
5.609013027442932398e+00 3.132648356292529002e+01 4.211820000000000000e+05
5.639660721036475977e+00 3.118791674705541794e+01 4.250180000000000000e+05
5.670338352606606236e+00 3.093139319660989983e+01 4.311380000000000000e+05
5.701002224415820052e+00 3.059776878415772217e+01 4.343820000000000000e+05
5.731652461074824068e+00 3.016006316067292303e+01 4.395140000000000000e+05
5.762312139234633257e+00 2.982636293727992438e+01 4.447380000000000000e+05
5.792988623860222397e+00 2.960440622841994696e+01 4.489100000000000000e+05
5.823527921889432690e+00 2.936343865535775421e+01 4.506180000000000000e+05
5.854115639221332934e+00 2.907483560147447221e+01 4.595540000000000000e+05
5.884803383516547193e+00 2.876313198274261396e+01 4.631060000000000000e+05
5.915403549749584933e+00 2.848914565376562180e+01 4.670940000000000000e+05
5.946097918579516417e+00 2.811524662166430133e+01 4.749380000000000000e+05
5.976784376694718404e+00 2.797258720918048880e+01 4.771860000000000000e+05
6.007474398726609266e+00 2.764397425052097645e+01 4.846700000000000000e+05
6.038161603080837381e+00 2.735447526744830782e+01 4.870100000000000000e+05
6.068803116216009208e+00 2.704958505130606383e+01 4.933140000000000000e+05
6.099443541903901256e+00 2.690841429555812425e+01 4.963220000000000000e+05
6.130013467858260512e+00 2.659617262837301865e+01 5.017020000000000000e+05
6.160659038280898336e+00 2.634188555181079394e+01 5.085620000000000000e+05
6.191382862441213497e+00 2.613829092139498655e+01 5.142420000000000000e+05
6.222022549110604928e+00 2.578184199411807853e+01 5.161580000000000000e+05
6.252618937652392184e+00 2.565111691114844561e+01 5.226020000000000000e+05
6.283314506372367880e+00 2.536783201233185991e+01 5.306580000000000000e+05
6.313956888688901259e+00 2.519690137762668058e+01 5.300420000000000000e+05
6.344526529636881129e+00 2.490411187689977979e+01 5.388780000000000000e+05
6.375193447856655204e+00 2.486071710804403523e+01 5.441300000000000000e+05
6.405923794226229262e+00 2.436018479203637810e+01 5.511060000000000000e+05
6.436615537335857340e+00 2.424012332530659819e+01 5.539820000000000000e+05
6.467240689922951979e+00 2.407724427757137775e+01 5.582420000000000000e+05
6.497840343194827284e+00 2.385084652092123392e+01 5.645460000000000000e+05
6.528490514375480558e+00 2.362881993500369759e+01 5.704940000000000000e+05
6.559189482379200520e+00 2.337277074425846379e+01 5.767620000000000000e+05
6.589792657935158005e+00 2.319150378566462578e+01 5.782340000000000000e+05
6.620368275030441119e+00 2.307172518124664862e+01 5.856660000000000000e+05
6.651059279332403484e+00 2.275713185049609422e+01 5.944460000000000000e+05
6.681735101215181771e+00 2.258951868962620679e+01 5.952500000000000000e+05
6.712352184571596325e+00 2.237163284178706846e+01 6.034020000000000000e+05
6.742994392514953361e+00 2.223071477258134010e+01 6.073820000000000000e+05
6.773707641956070447e+00 2.204247256932626797e+01 6.170100000000000000e+05
6.804368332827349874e+00 2.182356860977531809e+01 6.167780000000000000e+05
6.834957329072475218e+00 2.161919724175905344e+01 6.247460000000000000e+05
6.865533884427167166e+00 2.148495371476064264e+01 6.280620000000000000e+05
6.896209472882897096e+00 2.127755899970285114e+01 6.394100000000000000e+05
6.926963358802590953e+00 2.113922302373109119e+01 6.429540000000000000e+05
6.957595884588287483e+00 2.094178558270147050e+01 6.459740000000000000e+05
6.988217027338134990e+00 2.075510260294725029e+01 6.534900000000000000e+05
7.018912144628523642e+00 2.057383018588080859e+01 6.607460000000000000e+05
7.049598360905487304e+00 2.033440809092358847e+01 6.646460000000000000e+05
7.080168728874950190e+00 2.020791260171739268e+01 6.672900000000000000e+05
7.110800747994752591e+00 2.011353481563515189e+01 6.790340000000000000e+05
7.141530300546490295e+00 1.985738851245455550e+01 6.827220000000000000e+05
7.172250636009499303e+00 1.977323439972918351e+01 6.912380000000000000e+05
7.202854517584712291e+00 1.959255418950278838e+01 6.886020000000000000e+05
7.233403056127952091e+00 1.944715236021494675e+01 7.008260000000000000e+05
7.264069579203881410e+00 1.931042765516635384e+01 7.056620000000000000e+05
7.294683413182806220e+00 1.911255601465746068e+01 7.100820000000000000e+05
7.325311269352252630e+00 1.899018579958340425e+01 7.191620000000000000e+05
7.355966981418407435e+00 1.884964485981308258e+01 7.222500000000000000e+05
7.386612648734541153e+00 1.869548058126341417e+01 7.315100000000000000e+05
7.417310529501340177e+00 1.853996648751700960e+01 7.364420000000000000e+05
7.447945213101880846e+00 1.840457390895912937e+01 7.408980000000000000e+05
7.478607010838381974e+00 1.823147123672612935e+01 7.501580000000000000e+05
7.509321067315616105e+00 1.808821168260327283e+01 7.548660000000000000e+05
7.539974932446685152e+00 1.789428200403245839e+01 7.608260000000000000e+05
7.570585192452028878e+00 1.781005949996989912e+01 7.640340000000000000e+05
7.601198673865714461e+00 1.761639137502810470e+01 7.738460000000000000e+05
7.631877298250918429e+00 1.754885509302128455e+01 7.797140000000000000e+05
7.662521884307726516e+00 1.736797634620827679e+01 7.843140000000000000e+05
7.693137071617793588e+00 1.728943996401050498e+01 7.913420000000000000e+05
7.723811426513647049e+00 1.709106919938258073e+01 7.994580000000000000e+05
7.754494077568185872e+00 1.693236326683743798e+01 8.049620000000000000e+05
7.785135803531300525e+00 1.683141127787041924e+01 8.095500000000000000e+05
7.815694237908749287e+00 1.673612651175598742e+01 8.134580000000000000e+05
7.846343679982115127e+00 1.659209912473017923e+01 8.274020000000000000e+05
7.877043316447378984e+00 1.648798360643867156e+01 8.286180000000000000e+05
7.907673669198284294e+00 1.633447482310095111e+01 8.369180000000000000e+05
7.938328804946242379e+00 1.621274472815628442e+01 8.428740000000000000e+05
7.968975407284135670e+00 1.609844490650365145e+01 8.493380000000000000e+05
7.999667994830390150e+00 1.597450118867164370e+01 8.589420000000000000e+05
8.030349243530407577e+00 1.583867880480105050e+01 8.609780000000000000e+05
8.060946961497052143e+00 1.574553231085304716e+01 8.683460000000000000e+05
8.091572720963124965e+00 1.556705334146904463e+01 8.751540000000000000e+05
8.122271484065059610e+00 1.546999596034366320e+01 8.862140000000000000e+05
8.152953690965352607e+00 1.539306651520376334e+01 8.873460000000000000e+05
8.183566695722484852e+00 1.524966312322203876e+01 8.949860000000000000e+05
8.214194695410645508e+00 1.514341795399512947e+01 9.027740000000000000e+05
8.244899107337827715e+00 1.507863929289540650e+01 9.121140000000000000e+05
8.275572896457878969e+00 1.489429152832815895e+01 9.150260000000000000e+05
8.306162294726084028e+00 1.482348267984724011e+01 9.201420000000000000e+05
8.336764679477866480e+00 1.468600351487800104e+01 9.297620000000000000e+05
8.367430340319790716e+00 1.462316012191558379e+01 9.376980000000000000e+05
8.398127428085201629e+00 1.453399903891138756e+01 9.447620000000000000e+05
8.428757837489422755e+00 1.444428391549099722e+01 9.482540000000000000e+05
8.459372296062671381e+00 1.435549256795031781e+01 9.568020000000000000e+05
8.490063465610685256e+00 1.419407786635360935e+01 9.676580000000000000e+05
8.520744025357005924e+00 1.410429699020936312e+01 9.697020000000000000e+05
8.551309344016351233e+00 1.400442258928846506e+01 9.740900000000000000e+05
8.581943800972473113e+00 1.390485107467814352e+01 9.884820000000000000e+05
8.612642412703635841e+00 1.380149779131728494e+01 9.919940000000000000e+05
8.643308537119485990e+00 1.374142333396601323e+01 1.001030000000000000e+06
8.673970834036897060e+00 1.366875528370381510e+01 1.005450000000000000e+06
8.704610753383335009e+00 1.354777664445843044e+01 1.013738000000000000e+06
8.735274622149603374e+00 1.344582709379373853e+01 1.021710000000000000e+06
8.765876554462561643e+00 1.338359420335161509e+01 1.023626000000000000e+06
8.796472033298300630e+00 1.325791294744138504e+01 1.035834000000000000e+06
8.827113104195804638e+00 1.317266469764197367e+01 1.040786000000000000e+06
8.857794945353973048e+00 1.310891791349460611e+01 1.053206000000000000e+06
8.888492903056484096e+00 1.300186849220720475e+01 1.057002000000000000e+06
8.919147318144009517e+00 1.290621375357412148e+01 1.063898000000000000e+06
8.949810470249602190e+00 1.282189018831412142e+01 1.072782000000000000e+06
8.980482087512241307e+00 1.272919544022854588e+01 1.078826000000000000e+06
9.011149622969513828e+00 1.263807056020560360e+01 1.087922000000000000e+06
9.041778006101507614e+00 1.257369504096308610e+01 1.090494000000000000e+06
9.072395809677630041e+00 1.249679215371512697e+01 1.101362000000000000e+06
9.103062344101488179e+00 1.240260424832537645e+01 1.109802000000000000e+06
9.133716582676932205e+00 1.229780245021596841e+01 1.114514000000000000e+06
9.164343279595041025e+00 1.219550842315241468e+01 1.123926000000000000e+06
9.194939762742391665e+00 1.216206418197029038e+01 1.125986000000000000e+06
9.225588868133300480e+00 1.205772005519634504e+01 1.143554000000000000e+06
9.256279045055194388e+00 1.196353312192607632e+01 1.144710000000000000e+06
9.286922908321361803e+00 1.190894162829349234e+01 1.154018000000000000e+06
9.317551510994961816e+00 1.185441592052153581e+01 1.159962000000000000e+06
9.348218920250847219e+00 1.174664855087934434e+01 1.170986000000000000e+06
9.378902337186493909e+00 1.167799891693870507e+01 1.178142000000000000e+06
9.409551722439367438e+00 1.162437408787205939e+01 1.182674000000000000e+06
9.440170036212245819e+00 1.151927200793953432e+01 1.191002000000000000e+06
9.470808264249194863e+00 1.144352977829758800e+01 1.200438000000000000e+06
9.501473313875692384e+00 1.138904054257624310e+01 1.208162000000000000e+06
9.532125831626755641e+00 1.132422991661030132e+01 1.215258000000000000e+06
9.562784141325121112e+00 1.122701272899862346e+01 1.224134000000000000e+06
9.593416274997863979e+00 1.116483224032775468e+01 1.228722000000000000e+06
9.624083196782743599e+00 1.113282746948487478e+01 1.243154000000000000e+06
9.654771367964533724e+00 1.102429996290449665e+01 1.245434000000000000e+06
9.685402552280704569e+00 1.095141408491998725e+01 1.255158000000000000e+06
9.715969395840117429e+00 1.087906276630482338e+01 1.255610000000000000e+06
9.746617449311713699e+00 1.081802996645172676e+01 1.277562000000000000e+06
9.777290304407999955e+00 1.076298439910421578e+01 1.274414000000000000e+06
9.807885176827742413e+00 1.070292629670122864e+01 1.285994000000000000e+06
9.838572910167970420e+00 1.060481697792346623e+01 1.299570000000000000e+06
9.869276202679451160e+00 1.055402028381365120e+01 1.302122000000000000e+06
9.899918968135150266e+00 1.050579395836097696e+01 1.311366000000000000e+06
9.930567900523143976e+00 1.042662293262663553e+01 1.319186000000000000e+06
9.961220892975154229e+00 1.036607319083284118e+01 1.327434000000000000e+06
9.991891019630978477e+00 1.027946509892364624e+01 1.337294000000000000e+06
1.002255517125434281e+01 1.022920170101211745e+01 1.342730000000000000e+06
1.005316914398451544e+01 1.016415883663934494e+01 1.350570000000000000e+06
1.008383306751157882e+01 1.011855950799580306e+01 1.362590000000000000e+06
1.011452669049533171e+01 1.003770028137589421e+01 1.369698000000000000e+06
1.014516461762413080e+01 1.001007408463365778e+01 1.374914000000000000e+06
1.017577620860668830e+01 9.916714007964902322e+00 1.383570000000000000e+06
1.020642519374937507e+01 9.880040046611158644e+00 1.395374000000000000e+06
1.023705093164075741e+01 9.800845243429820997e+00 1.396994000000000000e+06
1.026765629299071136e+01 9.749799862560484698e+00 1.411530000000000000e+06
1.029830666316376231e+01 9.685303201102730242e+00 1.417574000000000000e+06
1.032896362286516911e+01 9.624975329534430912e+00 1.428834000000000000e+06
1.035966663242073871e+01 9.563781690013607673e+00 1.439018000000000000e+06
1.039031911060697233e+01 9.523853021243869676e+00 1.440698000000000000e+06
1.042093797488244000e+01 9.480497895624631965e+00 1.453638000000000000e+06
1.045161990055933643e+01 9.411499454020907152e+00 1.463426000000000000e+06
1.048230905031899418e+01 9.344578362394209137e+00 1.471050000000000000e+06
1.051294965218652244e+01 9.299038085163729761e+00 1.476638000000000000e+06
1.054355485794442338e+01 9.224356772064837173e+00 1.484466000000000000e+06
1.057423043832554121e+01 9.180936799289080241e+00 1.501154000000000000e+06
1.060491061368286125e+01 9.130495583023575890e+00 1.501706000000000000e+06
1.063551747879349385e+01 9.073000895797690646e+00 1.511502000000000000e+06
1.066612943100288469e+01 9.007804719536597560e+00 1.520234000000000000e+06
1.069681502375580706e+01 8.962209366714223080e+00 1.535010000000000000e+06
1.072753921292190249e+01 8.916863099812227134e+00 1.543358000000000000e+06
1.075810936250636551e+01 8.864553177136441420e+00 1.535754000000000000e+06
1.078871245727466643e+01 8.804468552570869022e+00 1.564802000000000000e+06
1.081940715839958322e+01 8.768424056228958818e+00 1.563038000000000000e+06
1.085006912710444915e+01 8.726834200653057039e+00 1.578426000000000000e+06
1.088072708694015844e+01 8.672084159035637896e+00 1.581482000000000000e+06
1.091135924400057711e+01 8.634735123253257427e+00 1.592250000000000000e+06
1.094200406382756974e+01 8.580736223887956982e+00 1.602230000000000000e+06
1.097260696004568814e+01 8.509780315238348436e+00 1.604754000000000000e+06
1.100323988183271950e+01 8.492510431437091611e+00 1.623458000000000000e+06
1.103388999676240978e+01 8.423194515388544801e+00 1.624910000000000000e+06
1.106457698538006440e+01 8.376204925835287085e+00 1.645122000000000000e+06
1.109527667386575978e+01 8.326977807224961836e+00 1.645130000000000000e+06
1.112591330354135621e+01 8.280705028549755653e+00 1.655706000000000000e+06
1.115654526125968005e+01 8.229838016425588876e+00 1.663502000000000000e+06
1.118719498215796371e+01 8.180631734500575902e+00 1.675514000000000000e+06
1.121787429068015562e+01 8.128145289438425181e+00 1.685298000000000000e+06
1.124851237891747147e+01 8.097020181514068327e+00 1.689566000000000000e+06
1.127910286336602752e+01 8.067729775893040411e+00 1.697850000000000000e+06
1.130978165659318968e+01 8.011114628296246210e+00 1.718546000000000000e+06
1.134049191158932857e+01 7.955253508793351358e+00 1.719822000000000000e+06
1.137111294866358691e+01 7.907673872022593642e+00 1.726586000000000000e+06
1.140173420596685006e+01 7.874035899553009088e+00 1.739186000000000000e+06
1.143241645198721024e+01 7.818397317100743038e+00 1.751538000000000000e+06
1.146309378911906585e+01 7.799462135010028163e+00 1.758062000000000000e+06
1.149371033408863774e+01 7.728003244451251419e+00 1.763010000000000000e+06
1.152434210102386203e+01 7.706700954998250808e+00 1.778642000000000000e+06
1.155502891721602587e+01 7.648240896978723669e+00 1.788582000000000000e+06
1.158569884908570913e+01 7.626281379092082702e+00 1.794746000000000000e+06
1.161631920000943374e+01 7.571547005750600690e+00 1.803290000000000000e+06
1.164692839895572440e+01 7.522484094932354814e+00 1.811058000000000000e+06
1.167758201264465789e+01 7.483796389984894049e+00 1.828358000000000000e+06
1.170824671228167269e+01 7.474310922690325931e+00 1.831362000000000000e+06
1.173887056645718729e+01 7.404727271937813882e+00 1.842458000000000000e+06
1.176945759162609839e+01 7.364622484702203487e+00 1.846998000000000000e+06
1.180012033129267301e+01 7.323708136761537979e+00 1.869122000000000000e+06
1.183084921812949553e+01 7.291154723062803988e+00 1.876346000000000000e+06
1.186151413816298650e+01 7.241631577659235042e+00 1.879506000000000000e+06
1.189215148075095030e+01 7.200230705118928043e+00 1.893326000000000000e+06
1.192281647950092704e+01 7.175526572883113907e+00 1.901826000000000000e+06
1.195347780224454937e+01 7.131533994922492958e+00 1.911962000000000000e+06
1.198410945486709878e+01 7.085562823637790331e+00 1.919198000000000000e+06
1.201473998051305792e+01 7.061480373963472168e+00 1.930242000000000000e+06
1.204539491969681819e+01 7.015262746583939446e+00 1.942442000000000000e+06
1.207606591889535608e+01 6.979406517486502537e+00 1.951734000000000000e+06
1.210668159911830344e+01 6.948020918460756867e+00 1.955402000000000000e+06
1.213729590584212836e+01 6.930133914308231446e+00 1.971858000000000000e+06
1.216799463550970195e+01 6.875973475715125183e+00 1.984898000000000000e+06
1.219864337641968355e+01 6.846514990268935286e+00 1.986422000000000000e+06
1.222922477881376047e+01 6.816381166507860634e+00 1.996146000000000000e+06
1.225989282685840820e+01 6.767563033375539661e+00 2.017106000000000000e+06
1.229058821881884178e+01 6.729464159339772600e+00 2.020638000000000000e+06
1.232123136247960460e+01 6.696644633295652405e+00 2.029346000000000000e+06
1.235186527658106037e+01 6.680103694165905104e+00 2.041002000000000000e+06
1.238252216979992326e+01 6.647134953325696927e+00 2.051450000000000000e+06
1.241320937502392674e+01 6.599373827984699403e+00 2.065886000000000000e+06
1.244383941472429633e+01 6.574718606415163258e+00 2.064546000000000000e+06
1.247445220519574072e+01 6.524078457734137082e+00 2.082650000000000000e+06
1.250512629307856827e+01 6.497985855166758640e+00 2.095182000000000000e+06
1.253580287130877480e+01 6.470982408418223919e+00 2.101346000000000000e+06
1.256646238438352015e+01 6.435235404059645781e+00 2.115554000000000000e+06
1.259708474717591109e+01 6.402672648741240202e+00 2.115654000000000000e+06
1.262774588521747354e+01 6.368014811313616796e+00 2.141066000000000000e+06
1.265841835076503408e+01 6.336300452475154721e+00 2.139786000000000000e+06
1.268903676420887017e+01 6.288410195697244021e+00 2.152202000000000000e+06
1.271964770975900549e+01 6.265709462742343305e+00 2.161086000000000000e+06
1.275028968623544934e+01 6.240815272387041368e+00 2.176058000000000000e+06
1.278098460469567499e+01 6.195350321204226240e+00 2.190818000000000000e+06
1.281164046729207939e+01 6.186019447251179137e+00 2.191158000000000000e+06
1.284225815563851825e+01 6.147856042268810661e+00 2.205314000000000000e+06
1.287289056249479380e+01 6.115598626799437554e+00 2.215554000000000000e+06
1.290355625633802639e+01 6.085969365567959422e+00 2.230562000000000000e+06
1.293423770049094124e+01 6.046041416065446761e+00 2.239614000000000000e+06
1.296488169854081285e+01 6.017476463971686229e+00 2.245706000000000000e+06
1.299551871653742019e+01 5.990515446033366054e+00 2.259674000000000000e+06
1.302618975751721919e+01 5.955763073780119043e+00 2.273214000000000000e+06
1.305685244694570457e+01 5.935832950822405252e+00 2.278802000000000000e+06
1.308750998994310244e+01 5.900326237536147822e+00 2.294034000000000000e+06
1.311813220161915972e+01 5.875386393207322477e+00 2.294942000000000000e+06
1.314876333796909336e+01 5.849044690446904227e+00 2.317050000000000000e+06
1.317943307318251733e+01 5.824876164629364084e+00 2.322842000000000000e+06
1.321006023701692200e+01 5.789654240371373106e+00 2.330810000000000000e+06
1.324068959969416603e+01 5.767532070054110171e+00 2.345958000000000000e+06
1.327132733229817774e+01 5.740881361462890631e+00 2.353586000000000000e+06
1.330202137818103125e+01 5.707385290020662971e+00 2.376210000000000000e+06
1.333270765674768299e+01 5.673647358477692748e+00 2.374502000000000000e+06
1.336332360429498145e+01 5.650326482412860507e+00 2.386346000000000000e+06
1.339396115374925600e+01 5.630198299764212599e+00 2.401314000000000000e+06
1.342462950449915837e+01 5.585456053411848032e+00 2.411450000000000000e+06
1.345527227069447385e+01 5.573496788969222848e+00 2.420718000000000000e+06
1.348587288323711597e+01 5.545744127392967293e+00 2.425754000000000000e+06
1.351655033488228952e+01 5.516580605062361364e+00 2.455218000000000000e+06
1.354723943126051466e+01 5.481723761721003285e+00 2.450942000000000000e+06
1.357787602620414091e+01 5.462353017473744465e+00 2.467130000000000000e+06
1.360850969175125869e+01 5.433879866207329989e+00 2.474874000000000000e+06
1.363916260858142593e+01 5.402093350284014939e+00 2.490362000000000000e+06
1.366981104919095991e+01 5.377377667082175350e+00 2.498142000000000000e+06
1.370042868629872679e+01 5.353458790869095374e+00 2.507090000000000000e+06
1.373107732768572298e+01 5.319864647947664338e+00 2.525562000000000000e+06
1.376175426428364190e+01 5.291579050358894420e+00 2.534726000000000000e+06
1.379244642300857926e+01 5.270033875758556974e+00 2.549906000000000000e+06
1.382309257737347785e+01 5.251240065948694635e+00 2.551074000000000000e+06
1.385373333418663933e+01 5.228238045483296403e+00 2.570702000000000000e+06
1.388438231685893065e+01 5.201528212466043577e+00 2.574642000000000000e+06
1.391502673172247206e+01 5.183450613824011732e+00 2.594066000000000000e+06
1.394566139702082808e+01 5.161148326538980591e+00 2.594802000000000000e+06
1.397626403373048554e+01 5.132124822456097135e+00 2.612030000000000000e+06
1.400692990380277614e+01 5.120176000036530617e+00 2.627954000000000000e+06
1.403762665833372836e+01 5.094694671493204652e+00 2.640402000000000000e+06
1.406826249291076536e+01 5.061831097569747584e+00 2.641454000000000000e+06
1.409889778741170652e+01 5.035659248473045579e+00 2.661834000000000000e+06
1.412955070116482226e+01 5.019254156210731566e+00 2.669138000000000000e+06
1.416021112645075775e+01 4.996371130242269309e+00 2.684858000000000000e+06
1.419087385297501669e+01 4.972225872430779070e+00 2.693910000000000000e+06
1.422149875684323916e+01 4.936788637596874807e+00 2.701682000000000000e+06
1.425216427801141883e+01 4.919714195257792078e+00 2.722698000000000000e+06
1.428282043751237218e+01 4.895424366537969973e+00 2.725262000000000000e+06
1.431346230054741042e+01 4.879150030082589851e+00 2.742450000000000000e+06
1.434410509664010824e+01 4.852738876665999790e+00 2.749850000000000000e+06
1.437474217852985525e+01 4.835676156390494640e+00 2.763902000000000000e+06
1.440540590632776841e+01 4.814695565733716265e+00 2.778498000000000000e+06
1.443604895983575531e+01 4.784200924392985499e+00 2.784530000000000000e+06
1.446670970857448424e+01 4.759215949753682118e+00 2.804106000000000000e+06
1.449736904962689010e+01 4.746096327483548372e+00 2.809790000000000000e+06
1.452802375701152648e+01 4.724676449120690513e+00 2.825058000000000000e+06
1.455867443991712307e+01 4.700171469094988730e+00 2.834330000000000000e+06
1.458929057279699038e+01 4.680265318143209008e+00 2.842022000000000000e+06
1.461994280853970452e+01 4.656941922412884516e+00 2.864754000000000000e+06
1.465058249564759585e+01 4.640405336804243497e+00 2.864186000000000000e+06
1.468117988573594168e+01 4.617340003847838936e+00 2.879538000000000000e+06
1.471182673337874292e+01 4.587676852262529970e+00 2.899454000000000000e+06
1.474248363238804060e+01 4.575594179305007003e+00 2.904258000000000000e+06
1.477317496500613103e+01 4.550662506816861352e+00 2.930234000000000000e+06
1.480386910161793779e+01 4.537671964679610426e+00 2.929526000000000000e+06
1.483450217940607452e+01 4.517904516044835894e+00 2.942442000000000000e+06
1.486516698446851059e+01 4.492101147996662824e+00 2.960810000000000000e+06
1.489582703702377664e+01 4.473081875806505181e+00 2.964954000000000000e+06
1.492646528006037521e+01 4.455285131050585434e+00 2.980910000000000000e+06
1.495710544900555306e+01 4.435611696241162250e+00 2.990978000000000000e+06
1.498776269392421945e+01 4.422751698515706487e+00 3.007626000000000000e+06
1.501843370546180267e+01 4.404875054899267006e+00 3.019166000000000000e+06
1.504905569365952722e+01 4.376331721332366698e+00 3.021090000000000000e+06
1.507968813668374430e+01 4.362503010334552123e+00 3.047834000000000000e+06
1.511037332515695297e+01 4.337011510052068530e+00 3.055590000000000000e+06
1.514104424704462026e+01 4.319621736157776226e+00 3.068546000000000000e+06
1.517163880420388011e+01 4.301655802513892901e+00 3.067274000000000000e+06
1.520226772397046489e+01 4.277609069939942721e+00 3.098058000000000000e+06
1.523296937728429157e+01 4.263299341891552352e+00 3.109214000000000000e+06
1.526361904753517074e+01 4.242279774156027194e+00 3.110466000000000000e+06
1.529421425129691947e+01 4.223973152987642088e+00 3.124370000000000000e+06
1.532485231670361081e+01 4.202987493694687160e+00 3.144174000000000000e+06
1.535555551766698201e+01 4.188364753815781327e+00 3.161738000000000000e+06
1.538620301937812407e+01 4.171052473345591594e+00 3.159890000000000000e+06
1.541679818315905770e+01 4.153053521932569048e+00 3.174138000000000000e+06
1.544743875163359270e+01 4.131702986865152916e+00 3.195926000000000000e+06
1.547813884141497276e+01 4.116506081797703942e+00 3.211386000000000000e+06
1.550883091269481717e+01 4.097943847664439865e+00 3.219314000000000000e+06
1.553946294611858292e+01 4.076877836387232001e+00 3.225494000000000000e+06
1.557009342916842165e+01 4.066682148251906881e+00 3.242562000000000000e+06
1.560074559370220371e+01 4.053336505548818636e+00 3.257450000000000000e+06
1.563140821530218894e+01 4.029922138020102018e+00 3.269118000000000000e+06
1.566204787145430899e+01 4.016650553686720748e+00 3.278930000000000000e+06
1.569265004490419813e+01 3.994571372065780945e+00 3.286650000000000000e+06
1.572331415106903485e+01 3.982201404446106263e+00 3.316610000000000000e+06
1.575400933951588378e+01 3.964496610309308000e+00 3.321542000000000000e+06
1.578464652652455058e+01 3.943555776670998547e+00 3.328578000000000000e+06
1.581527512713691763e+01 3.926019274909912316e+00 3.345074000000000000e+06
1.584593159202205293e+01 3.917063937559902786e+00 3.361686000000000000e+06
1.587658751981395078e+01 3.898525160235770226e+00 3.369722000000000000e+06
1.590722339945609676e+01 3.881882202115623404e+00 3.385290000000000000e+06
1.593785107536400147e+01 3.863790149703512089e+00 3.391370000000000000e+06
1.596852352225685401e+01 3.845596479778063959e+00 3.422966000000000000e+06
1.599920243251385621e+01 3.829715885596241431e+00 3.419538000000000000e+06
1.602985553152441156e+01 3.816339859786338273e+00 3.441890000000000000e+06
1.606050898189369747e+01 3.801621832345104757e+00 3.447582000000000000e+06
1.609116293617333326e+01 3.784472367926819736e+00 3.466298000000000000e+06
1.612177218423172320e+01 3.760672945599697670e+00 3.466194000000000000e+06
1.615238659316504766e+01 3.750461475197175876e+00 3.492062000000000000e+06
1.618304433395858055e+01 3.739236290911457594e+00 3.503114000000000000e+06
1.621369564724469114e+01 3.719385262937620951e+00 3.517146000000000000e+06
1.624437349555979182e+01 3.702616676839081133e+00 3.535706000000000000e+06
1.627503011624142815e+01 3.691230886318833448e+00 3.539742000000000000e+06
1.630567747321957484e+01 3.670424127026232775e+00 3.558698000000000000e+06
1.633633444718754291e+01 3.659059830448371020e+00 3.570122000000000000e+06
1.636699228812523543e+01 3.641023001951927629e+00 3.585174000000000000e+06
1.639764059090457948e+01 3.628294856821078884e+00 3.594314000000000000e+06
1.642828590068688399e+01 3.615161486250427991e+00 3.612258000000000000e+06
1.645893007191645907e+01 3.599356072261774120e+00 3.620282000000000000e+06
1.648957199783176364e+01 3.576906018502489015e+00 3.639078000000000000e+06
1.652022897904334187e+01 3.566367434151954008e+00 3.650450000000000000e+06
1.655086391605456342e+01 3.553720990064505258e+00 3.661418000000000000e+06
1.658149960773415188e+01 3.536294210448177822e+00 3.677694000000000000e+06
1.661216865362178652e+01 3.527969322328217139e+00 3.695978000000000000e+06
1.664282501558284721e+01 3.512902363340273837e+00 3.702810000000000000e+06
1.667345451826077252e+01 3.503054495471403129e+00 3.716162000000000000e+06
1.670412303906892859e+01 3.485447424583446363e+00 3.740094000000000000e+06
1.673478210225302121e+01 3.474083616104341576e+00 3.740954000000000000e+06
1.676541740863294194e+01 3.456191873002164794e+00 3.760946000000000000e+06
1.679608408952596577e+01 3.437419903988006897e+00 3.778278000000000000e+06
1.682674466654829359e+01 3.431321966476455820e+00 3.784922000000000000e+06
1.685739723155478487e+01 3.415739924620250001e+00 3.805266000000000000e+06
1.688803548841513802e+01 3.399088317681657756e+00 3.807686000000000000e+06
1.691867153120264078e+01 3.383003968036565112e+00 3.833130000000000000e+06
1.694932872530407053e+01 3.368936395500349068e+00 3.841898000000000000e+06
1.697998566510549878e+01 3.354393409768708256e+00 3.858074000000000000e+06
1.701062828430612228e+01 3.341447370801664540e+00 3.868974000000000000e+06
1.704127533600995648e+01 3.328315353884657490e+00 3.885362000000000000e+06
1.707192414656785573e+01 3.316682186291938450e+00 3.898290000000000000e+06
1.710255181072696473e+01 3.302418477662774521e+00 3.907334000000000000e+06
1.713319071172596608e+01 3.291319586736681124e+00 3.928730000000000000e+06
1.716382735984657515e+01 3.275825025541917679e+00 3.936666000000000000e+06
1.719448998954597485e+01 3.266706316489395245e+00 3.961346000000000000e+06
1.722518713228848242e+01 3.248510101429306296e+00 3.975774000000000000e+06
1.725581491968389614e+01 3.242148698296720699e+00 3.970106000000000000e+06
1.728643657196136019e+01 3.225030413397382834e+00 4.003170000000000000e+06
1.731713759204037117e+01 3.208181844869510524e+00 4.019558000000000000e+06
1.734781987893603983e+01 3.200271658532974683e+00 4.025642000000000000e+06
1.737842365147297841e+01 3.191043148912974026e+00 4.028514000000000000e+06
1.740905079503025732e+01 3.175916231914190480e+00 4.059398000000000000e+06
1.743972443769684233e+01 3.162920420652858056e+00 4.069674000000000000e+06
1.747038028370268492e+01 3.151150256458729260e+00 4.083698000000000000e+06
1.750102745774862356e+01 3.138078144954715487e+00 4.095210000000000000e+06
1.753166500950241513e+01 3.123759098001760215e+00 4.110518000000000000e+06
1.756231498081562137e+01 3.116744005718647514e+00 4.126850000000000000e+06
1.759296617687713393e+01 3.100442886355303074e+00 4.140114000000000000e+06
1.762357382681691220e+01 3.091367665121486752e+00 4.144070000000000000e+06
1.765421428885442268e+01 3.077874621449963488e+00 4.175802000000000000e+06
1.768489852398702311e+01 3.064344458606999666e+00 4.187882000000000000e+06
1.771556950276492870e+01 3.051761624099541770e+00 4.199250000000000000e+06
1.774620783297953963e+01 3.043367512993766510e+00 4.209326000000000000e+06
1.777682774493507267e+01 3.029879468419967914e+00 4.222130000000000000e+06
1.780750401021129292e+01 3.014525212152154410e+00 4.254258000000000000e+06
1.783817993206895025e+01 3.005674338585643479e+00 4.252478000000000000e+06
1.786881799063985099e+01 2.994745823750590841e+00 4.270698000000000000e+06
1.789943445534976263e+01 2.983482238234440143e+00 4.278122000000000000e+06
1.793009336077801663e+01 2.975114492268726707e+00 4.309898000000000000e+06
1.796077930716451831e+01 2.962770577811750794e+00 4.317150000000000000e+06
1.799143485791619668e+01 2.949961868010193999e+00 4.329698000000000000e+06
1.802207283970281892e+01 2.937693194797487806e+00 4.340826000000000000e+06
1.805270571152597725e+01 2.926000839528487774e+00 4.359590000000000000e+06
1.808336667793345498e+01 2.915776414544706707e+00 4.376850000000000000e+06
1.811401323573930355e+01 2.902028963173465925e+00 4.386674000000000000e+06
1.814464766537982499e+01 2.895933964926023396e+00 4.401782000000000000e+06
1.817529082465190982e+01 2.882700980491988751e+00 4.419210000000000000e+06
1.820598375993449736e+01 2.873286341876566841e+00 4.446482000000000000e+06
1.823663229521417861e+01 2.862186549865022744e+00 4.435554000000000000e+06
1.826725204091361476e+01 2.851600627800723764e+00 4.468934000000000000e+06
1.829791582036300213e+01 2.836760354203656131e+00 4.477650000000000000e+06
1.832855470139352150e+01 2.828584807061247375e+00 4.491218000000000000e+06
1.835919789777245015e+01 2.819613653727708780e+00 4.510358000000000000e+06
1.838983691066674098e+01 2.809140409605288546e+00 4.518594000000000000e+06
1.842048618686847306e+01 2.797655790307084889e+00 4.544474000000000000e+06
1.845114961348761540e+01 2.782121782088171180e+00 4.552098000000000000e+06
1.848180953853236019e+01 2.776096341194188355e+00 4.574990000000000000e+06
1.851245222260127932e+01 2.766374494506478765e+00 4.577210000000000000e+06
1.854311068981073518e+01 2.758903828968709337e+00 4.608186000000000000e+06
1.857377018063706586e+01 2.744673005367665564e+00 4.610198000000000000e+06
1.860440390017229007e+01 2.735222076615211773e+00 4.628898000000000000e+06
1.863503114498546864e+01 2.726090619391230874e+00 4.641170000000000000e+06
1.866567550024189615e+01 2.715346527221026207e+00 4.662462000000000000e+06
1.869635147958381793e+01 2.704876403467136647e+00 4.681442000000000000e+06
1.872700405237336696e+01 2.692390541506234136e+00 4.687850000000000000e+06
1.875765137982478592e+01 2.683979079250886191e+00 4.708818000000000000e+06
1.878830446025693490e+01 2.675106861456467477e+00 4.721534000000000000e+06
1.881894131346886212e+01 2.661302366267534580e+00 4.732770000000000000e+06
1.884957303362655523e+01 2.658590390853095897e+00 4.753346000000000000e+06
1.888023809980736090e+01 2.645177781325596555e+00 4.772886000000000000e+06
1.891090871260763606e+01 2.636229184856819785e+00 4.785098000000000000e+06
1.894154790414986422e+01 2.623206977362027015e+00 4.795394000000000000e+06
1.897218362658022173e+01 2.613928873079398141e+00 4.813986000000000000e+06
1.900283385206392595e+01 2.605390123108337619e+00 4.832654000000000000e+06
1.903350235720601091e+01 2.595722282642541678e+00 4.849362000000000000e+06
1.906415148299372575e+01 2.587194097056555897e+00 4.858322000000000000e+06
1.909476996524363557e+01 2.577248800419437824e+00 4.871286000000000000e+06
1.912540633843168436e+01 2.568728150916256947e+00 4.894370000000000000e+06
1.915607775651777800e+01 2.557407953770868936e+00 4.914650000000000000e+06
1.918673093358846060e+01 2.551016757668927326e+00 4.919658000000000000e+06
1.921737109038362945e+01 2.540127180501687842e+00 4.941638000000000000e+06
1.924805333354893122e+01 2.530707292093322014e+00 4.965954000000000000e+06
1.927873600716220892e+01 2.520620825178960356e+00 4.971770000000000000e+06
1.930937881190103056e+01 2.512690289150855794e+00 4.985702000000000000e+06
1.934000064256855111e+01 2.502528864278746212e+00 4.996314000000000000e+06
1.937063530033629988e+01 2.492215297441398469e+00 5.021258000000000000e+06
1.940129903902628072e+01 2.485583718867036662e+00 5.038470000000000000e+06
1.943195223680148231e+01 2.477216122585207181e+00 5.048570000000000000e+06
1.946259388837266968e+01 2.468336271500019663e+00 5.067786000000000000e+06
1.949325378056333591e+01 2.458155354356323485e+00 5.084402000000000000e+06
1.952391920669563774e+01 2.449904569496955453e+00 5.104238000000000000e+06
1.955454529668766028e+01 2.443449192358126076e+00 5.101890000000000000e+06
1.958515229432341798e+01 2.433282049222608823e+00 5.129594000000000000e+06
1.961580259908011215e+01 2.422926321292750096e+00 5.149086000000000000e+06
1.964647598754564939e+01 2.412140339581422044e+00 5.168834000000000000e+06
1.967711671408318352e+01 2.406546325758761817e+00 5.172306000000000000e+06
1.970776054518702480e+01 2.397996006322489215e+00 5.199218000000000000e+06
1.973843058927628391e+01 2.388413611149991400e+00 5.215430000000000000e+06
1.976909383957853095e+01 2.379571609920394959e+00 5.229066000000000000e+06
1.979974730224805413e+01 2.371169771171105722e+00 5.244530000000000000e+06
1.983040459772927377e+01 2.366340038800122336e+00 5.262870000000000000e+06
1.986105281425653857e+01 2.355585387141962528e+00 5.272562000000000000e+06
1.989167915855331970e+01 2.344159030702266833e+00 5.290098000000000000e+06
1.992233512457928057e+01 2.338585018171527086e+00 5.314358000000000000e+06
1.995299022425723834e+01 2.326663282036520286e+00 5.322098000000000000e+06
1.998362696967681629e+01 2.318481692468825184e+00 5.341026000000000000e+06
2.001429805344872292e+01 2.315780294541051720e+00 5.366858000000000000e+06
2.004496752307381513e+01 2.302962811628860074e+00 5.374422000000000000e+06
2.007558003312327344e+01 2.297320988595560110e+00 5.377730000000000000e+06
2.010619663165178039e+01 2.288488208510724764e+00 5.409410000000000000e+06
2.013687553158347754e+01 2.279410763387801353e+00 5.434014000000000000e+06
2.016755016454825267e+01 2.272246943397558283e+00 5.438882000000000000e+06
2.019818861724741410e+01 2.264528943153980567e+00 5.456178000000000000e+06
2.022882364752918605e+01 2.258348780324586080e+00 5.469242000000000000e+06
2.025947582076963727e+01 2.246403589114900790e+00 5.496174000000000000e+06
2.029013497277836109e+01 2.240496192010578369e+00 5.505530000000000000e+06
2.032077646713278085e+01 2.233263698738064740e+00 5.521202000000000000e+06
2.035142410046669426e+01 2.226223213541683510e+00 5.544126000000000000e+06
2.038209715392332910e+01 2.218323355705808630e+00 5.560106000000000000e+06
2.041276704522988084e+01 2.210378091937386547e+00 5.579754000000000000e+06
2.044339434596270522e+01 2.203780125424342984e+00 5.576270000000000000e+06
2.047400433812566689e+01 2.192783020499941227e+00 5.607138000000000000e+06
2.050465414558887645e+01 2.190582230197691604e+00 5.625026000000000000e+06
2.053532389370018763e+01 2.180103309934407818e+00 5.646698000000000000e+06
2.056596192186154326e+01 2.170756856901403964e+00 5.649126000000000000e+06
2.059659481650145807e+01 2.164268799742937510e+00 5.676434000000000000e+06
2.062723563822306616e+01 2.160144726482210231e+00 5.687418000000000000e+06
2.065789501103831682e+01 2.152014668035963307e+00 5.715830000000000000e+06
2.068857363042259578e+01 2.143295847071410964e+00 5.729210000000000000e+06
2.071923747383037551e+01 2.135960473485422284e+00 5.744802000000000000e+06
2.074987498351558557e+01 2.128994634010146658e+00 5.752154000000000000e+06
2.078053041960519209e+01 2.120229186389699372e+00 5.786382000000000000e+06
2.081118017348725502e+01 2.112939922332527587e+00 5.784146000000000000e+06
2.084180966840007443e+01 2.104442489916805048e+00 5.812146000000000000e+06
2.087246873484020426e+01 2.095969308592585456e+00 5.830166000000000000e+06
2.090312912726902539e+01 2.090298416825611127e+00 5.845850000000000000e+06
2.093378037566929351e+01 2.083857056160894228e+00 5.862834000000000000e+06
2.096442457626876177e+01 2.076682937189609390e+00 5.876066000000000000e+06
2.099509039179685033e+01 2.067546200769609044e+00 5.905854000000000000e+06
2.102573351815310332e+01 2.061983228836885562e+00 5.902274000000000000e+06
2.105635720643528686e+01 2.056186899979734140e+00 5.931258000000000000e+06
2.108702218704524967e+01 2.047746872106406713e+00 5.954966000000000000e+06
2.111769024571999509e+01 2.041225270084920496e+00 5.965346000000000000e+06
2.114832577809379899e+01 2.035051920282618276e+00 5.977818000000000000e+06
2.117897364467428645e+01 2.026350446432288788e+00 6.004718000000000000e+06
2.120962225056029737e+01 2.022739468630036175e+00 6.011706000000000000e+06
2.124028003416142241e+01 2.012437125461272736e+00 6.045770000000000000e+06
2.127093375519878649e+01 2.006092771004170050e+00 6.041586000000000000e+06
2.130156165599708373e+01 1.997136090138158515e+00 6.073166000000000000e+06
2.133219920491698574e+01 1.993541989569930006e+00 6.078962000000000000e+06
2.136285116966709907e+01 1.986343723146782647e+00 6.114258000000000000e+06
2.139352427845574667e+01 1.978833712281682811e+00 6.123086000000000000e+06
2.142417268630640592e+01 1.974093537805718501e+00 6.136770000000000000e+06
2.145480354384202215e+01 1.965797646037351187e+00 6.154898000000000000e+06
2.148545706546140721e+01 1.958584212306651473e+00 6.178610000000000000e+06
2.151612653279159915e+01 1.950750260326667540e+00 6.197982000000000000e+06
2.154677833320419822e+01 1.942582995693051817e+00 6.205322000000000000e+06
2.157739246519214760e+01 1.938897545366104813e+00 6.218850000000000000e+06
2.160802636633691876e+01 1.933357836462255896e+00 6.249542000000000000e+06
2.163871370337264111e+01 1.925504283770253178e+00 6.274146000000000000e+06
2.166936190194067180e+01 1.917647038184491226e+00 6.270242000000000000e+06
2.169999864745664908e+01 1.913479652262838560e+00 6.305222000000000000e+06
2.173068313923396389e+01 1.906210504114923543e+00 6.325026000000000000e+06
2.176134463504373429e+01 1.900367692463678315e+00 6.331922000000000000e+06
2.179196928002131983e+01 1.893222533607369140e+00 6.343698000000000000e+06
2.182260671813147823e+01 1.886011138861185765e+00 6.375158000000000000e+06
2.185327640589686382e+01 1.879986133051989361e+00 6.392178000000000000e+06
2.188395164505502422e+01 1.872910632535484510e+00 6.412826000000000000e+06
2.191457418339750873e+01 1.869608423683932097e+00 6.407078000000000000e+06
2.194519964934411504e+01 1.862014834473074698e+00 6.447954000000000000e+06
2.197584874950450384e+01 1.856629759545578073e+00 6.456026000000000000e+06
2.200650103817257985e+01 1.850009734598738742e+00 6.482034000000000000e+06
2.203714959817343200e+01 1.842005193998716761e+00 6.492878000000000000e+06
2.206776146081951495e+01 1.837434332491448163e+00 6.502074000000000000e+06
2.209840900715284917e+01 1.830746928363898185e+00 6.542930000000000000e+06
2.212909435360047894e+01 1.824105122809115409e+00 6.556598000000000000e+06
2.215976446255987753e+01 1.820131256725308955e+00 6.570330000000000000e+06
2.219040287241333331e+01 1.813196894140612025e+00 6.581882000000000000e+06
2.222105997311332359e+01 1.806865766982944210e+00 6.612546000000000000e+06
2.225173735653976692e+01 1.799386508990858058e+00 6.628622000000000000e+06
2.228236906003313322e+01 1.793549074153125922e+00 6.629498000000000000e+06
2.231299123139654839e+01 1.787537785786687872e+00 6.659250000000000000e+06
2.234365539181282045e+01 1.783886374017612297e+00 6.686006000000000000e+06
2.237431906113462787e+01 1.777024243081568367e+00 6.693786000000000000e+06
2.240495119889733289e+01 1.770259912979914807e+00 6.711554000000000000e+06
2.243559874147591060e+01 1.763106549927119460e+00 6.735678000000000000e+06
2.246626223308657444e+01 1.757685476036581207e+00 6.754754000000000000e+06
2.249693164364150988e+01 1.752228634840339527e+00 6.776570000000000000e+06
2.252754695231501358e+01 1.746152063852052905e+00 6.767394000000000000e+06
2.255817384037303697e+01 1.741927762653327605e+00 6.818246000000000000e+06
2.258886124968342557e+01 1.734432540104313691e+00 6.830562000000000000e+06
2.261950951352502059e+01 1.730247430030416034e+00 6.839186000000000000e+06
2.265014298397850823e+01 1.724851933888142064e+00 6.861462000000000000e+06
2.268078975948035492e+01 1.718096376457511010e+00 6.880394000000000000e+06
2.271145371109907174e+01 1.713395398236443379e+00 6.907178000000000000e+06
2.274211585654432000e+01 1.707652008071667726e+00 6.917034000000000000e+06
2.277276196539026643e+01 1.702623864683636246e+00 6.937934000000000000e+06
2.280339367570849163e+01 1.696377559465975793e+00 6.947250000000000000e+06
2.283404335172724586e+01 1.691682280389326554e+00 6.982106000000000000e+06
2.286471099297079590e+01 1.684834637416774195e+00 6.995718000000000000e+06
2.289535670710002435e+01 1.680013307297234304e+00 7.006682000000000000e+06
2.292600245201877840e+01 1.672128633490177485e+00 7.035866000000000000e+06
2.295667389567964989e+01 1.669350350363121516e+00 7.054110000000000000e+06
2.298731368920699225e+01 1.663303204303494320e+00 7.059194000000000000e+06
2.301794844000150775e+01 1.659579046341113306e+00 7.091802000000000000e+06
2.304859935862412001e+01 1.653863313666633417e+00 7.100666000000000000e+06
2.307924172520139550e+01 1.645997303996173278e+00 7.129070000000000000e+06
2.310990061408635654e+01 1.641227379795449970e+00 7.143282000000000000e+06
2.314054307017327616e+01 1.634763028099490922e+00 7.161482000000000000e+06
2.317119382566526298e+01 1.630714683186228919e+00 7.184694000000000000e+06
2.320185734324556392e+01 1.624619894129774256e+00 7.203914000000000000e+06
2.323250807215323377e+01 1.618937563731466467e+00 7.219746000000000000e+06
2.326313843972289419e+01 1.614654580657977512e+00 7.228634000000000000e+06
2.329379144080670727e+01 1.609534941604705116e+00 7.271990000000000000e+06
2.332444777960088445e+01 1.604289709370827710e+00 7.266786000000000000e+06
2.335507087774779578e+01 1.600434898850370047e+00 7.293650000000000000e+06
2.338572972711217801e+01 1.594306784491607454e+00 7.324086000000000000e+06
2.341640604770795875e+01 1.587324371648736410e+00 7.338650000000000000e+06
2.344705630354619430e+01 1.585046821515127435e+00 7.351962000000000000e+06
2.347766959470004267e+01 1.577206107223002363e+00 7.357190000000000000e+06
2.350831446175642370e+01 1.573802849079170896e+00 7.406042000000000000e+06
2.353898224311427256e+01 1.568421863919166714e+00 7.408626000000000000e+06
2.356963575235109332e+01 1.564826557605899060e+00 7.435610000000000000e+06
2.360029901858758095e+01 1.559131215736089038e+00 7.453542000000000000e+06
2.363094388425705006e+01 1.553781604024221830e+00 7.464002000000000000e+06
2.366159032137904816e+01 1.548068030809445883e+00 7.493546000000000000e+06
2.369224972351527114e+01 1.543557908432197312e+00 7.510806000000000000e+06
2.372291508578891595e+01 1.539176252510251253e+00 7.532114000000000000e+06
2.375354632645621322e+01 1.533627405943074562e+00 7.536234000000000000e+06
2.378417204300768972e+01 1.529844561749570397e+00 7.565834000000000000e+06
2.381484989613622716e+01 1.523590495513517995e+00 7.603062000000000000e+06
2.384550834037956690e+01 1.519537285896951584e+00 7.593890000000000000e+06
2.387612970652009281e+01 1.513758138956455612e+00 7.622906000000000000e+06
2.390677281995975534e+01 1.510277740942340241e+00 7.646622000000000000e+06
2.393744201491479373e+01 1.504080261124199014e+00 7.672058000000000000e+06
2.396809205963029044e+01 1.499811312057042434e+00 7.679346000000000000e+06
2.399871140417699422e+01 1.494659080953243846e+00 7.693058000000000000e+06
2.402935365105090071e+01 1.490929957716849774e+00 7.732158000000000000e+06
2.406002599393818642e+01 1.485562985851744067e+00 7.746962000000000000e+06
2.409069744544645886e+01 1.480931634672871811e+00 7.770986000000000000e+06
2.412133809379787408e+01 1.477617486355671916e+00 7.772094000000000000e+06
2.415197098395899289e+01 1.471062882296845009e+00 7.803818000000000000e+06
2.418264178024068300e+01 1.466008231965483244e+00 7.834338000000000000e+06
2.421329665107611007e+01 1.462449082235620201e+00 7.833710000000000000e+06
2.424392248425750651e+01 1.457813756156478791e+00 7.858794000000000000e+06
2.427456797443234393e+01 1.453573625526204616e+00 7.884290000000000000e+06
2.430522057461229224e+01 1.449102464056924777e+00 7.901522000000000000e+06
2.433588276096136127e+01 1.444483449174861045e+00 7.930662000000000000e+06
2.436653439930566023e+01 1.440366826787470078e+00 7.934426000000000000e+06
2.439717972712892902e+01 1.435419705642623667e+00 7.967322000000000000e+06
2.442783693810555690e+01 1.429860983566138000e+00 7.981934000000000000e+06
2.445848909686699457e+01 1.426391073062276194e+00 8.003282000000000000e+06
2.448913290943420407e+01 1.421049455176811582e+00 8.019666000000000000e+06
2.451976455905877472e+01 1.416946605891954203e+00 8.034482000000000000e+06
2.455040989797941720e+01 1.413490070448911506e+00 8.068542000000000000e+06
2.458107931780205035e+01 1.406969952857773487e+00 8.088290000000000000e+06
2.461173000312667725e+01 1.403875611666630663e+00 8.096322000000000000e+06
2.464236413023569838e+01 1.400460761185456260e+00 8.122646000000000000e+06
2.467302878003126310e+01 1.394719696770778672e+00 8.150138000000000000e+06
2.470369018584469600e+01 1.390512707275965543e+00 8.165322000000000000e+06
2.473434237152199699e+01 1.386025473157957544e+00 8.182574000000000000e+06
2.476499023106570618e+01 1.380876648555322106e+00 8.203698000000000000e+06
2.479564135983178019e+01 1.377399836682381862e+00 8.226914000000000000e+06
2.482630207602976569e+01 1.373878760232029261e+00 8.246898000000000000e+06
2.485694583618992226e+01 1.368597591752086284e+00 8.261774000000000000e+06
2.488758109348702163e+01 1.364525994918005081e+00 8.279426000000000000e+06
2.491822262853785119e+01 1.361594478669523323e+00 8.308722000000000000e+06
2.494887711239730166e+01 1.356976892498799492e+00 8.326214000000000000e+06
2.497951933488113241e+01 1.351403661316588511e+00 8.342682000000000000e+06
2.501014765446522503e+01 1.349256067038288265e+00 8.360834000000000000e+06
2.504079700598459723e+01 1.343109431343800342e+00 8.393226000000000000e+06
2.507147561161312765e+01 1.340854735366947104e+00 8.420150000000000000e+06
2.510213539337122413e+01 1.336185194323524117e+00 8.421986000000000000e+06
2.513276479637716321e+01 1.331208823789202356e+00 8.445714000000000000e+06
2.516340977761215569e+01 1.328053169101774067e+00 8.472590000000000000e+06
2.519407509340153695e+01 1.323923972705132401e+00 8.495370000000000000e+06
2.522473298638924888e+01 1.319144859706592454e+00 8.512802000000000000e+06
2.525536838388270056e+01 1.315907472349292284e+00 8.523290000000000000e+06
2.528603429285023196e+01 1.310988869186751282e+00 8.570982000000000000e+06
2.531670644975507045e+01 1.307951559078658121e+00 8.568458000000000000e+06
2.534733422191522578e+01 1.302962395146426422e+00 8.586498000000000000e+06
2.537795494299703947e+01 1.299938853536330985e+00 8.608838000000000000e+06
2.540861203384896783e+01 1.295199182012605199e+00 8.645610000000000000e+06
2.543928143685350562e+01 1.291244580687439969e+00 8.658386000000000000e+06
2.546991579144467366e+01 1.287997205545810209e+00 8.668598000000000000e+06
2.550054781656812253e+01 1.283246100627932984e+00 8.697426000000000000e+06
2.553119796550166498e+01 1.280005117762418987e+00 8.722562000000000000e+06
2.556185165324095010e+01 1.275741757631813966e+00 8.737962000000000000e+06
2.559251151955053771e+01 1.271547898012692634e+00 8.771366000000000000e+06
2.562315821371235458e+01 1.268344922648589002e+00 8.771010000000000000e+06
2.565382090549665151e+01 1.264546645904877753e+00 8.822618000000000000e+06
2.568447372340733637e+01 1.259929748041662467e+00 8.807726000000000000e+06
2.571509458014751104e+01 1.256100941838302010e+00 8.844618000000000000e+06
2.574574125894481469e+01 1.252701009232220830e+00 8.868722000000000000e+06
2.577640368018757400e+01 1.248250836707944789e+00 8.891394000000000000e+06
2.580706250709014782e+01 1.244907222158512239e+00 8.911934000000000000e+06
2.583770659642837231e+01 1.241562189248737402e+00 8.923938000000000000e+06
2.586834877557267376e+01 1.237805184503983913e+00 8.953682000000000000e+06
2.589901831076717187e+01 1.234042190763135816e+00 8.981966000000000000e+06
2.592967863857695932e+01 1.231747226665830253e+00 8.990442000000000000e+06
2.596030767966076525e+01 1.227785712810814278e+00 9.007874000000000000e+06
2.599095072903341830e+01 1.223457243304611142e+00 9.038982000000000000e+06
2.602162160336631658e+01 1.219007186359040151e+00 9.068570000000000000e+06
2.605229920594178594e+01 1.216108417489887517e+00 9.085250000000000000e+06
2.608293390061188077e+01 1.212207681274760196e+00 9.084690000000000000e+06
2.611356639902281529e+01 1.208499632037757232e+00 9.128654000000000000e+06
2.614421138741144901e+01 1.205607582033401348e+00 9.133170000000000000e+06
2.617487839855810350e+01 1.201459805383957580e+00 9.185882000000000000e+06
2.620552331238325294e+01 1.197210292326285064e+00 9.163254000000000000e+06
2.623615766102391333e+01 1.194823608777750401e+00 9.220130000000000000e+06
2.626683121971889179e+01 1.190755840538720411e+00 9.233138000000000000e+06
2.629748622418595616e+01 1.187586667989998901e+00 9.249378000000000000e+06
2.632813025222741032e+01 1.183011254860298456e+00 9.271550000000000000e+06
2.635876646472280527e+01 1.180449278536712221e+00 9.286266000000000000e+06
2.638941311560349590e+01 1.176491256830718424e+00 9.320762000000000000e+06
2.642004936527652958e+01 1.172654089037537206e+00 9.326718000000000000e+06
2.645067839992656289e+01 1.169346060901361728e+00 9.354602000000000000e+06
2.648132402671914321e+01 1.165353135860765610e+00 9.384122000000000000e+06
2.651197738732207654e+01 1.162401991727658235e+00 9.400482000000000000e+06
2.654263638111005719e+01 1.160095828971704268e+00 9.432638000000000000e+06
2.657329775687598072e+01 1.155041960489614272e+00 9.445314000000000000e+06
2.660396500218634941e+01 1.152054015441122958e+00 9.477290000000000000e+06
2.663462571825092340e+01 1.148529346365155579e+00 9.489182000000000000e+06
2.666526895415609388e+01 1.145316158930338224e+00 9.506706000000000000e+06
2.669591010301247636e+01 1.142104481466183374e+00 9.533978000000000000e+06
2.672655940300148814e+01 1.137931297967208932e+00 9.553662000000000000e+06
2.675721084773019953e+01 1.135427025151401370e+00 9.579506000000000000e+06
2.678787623421603570e+01 1.132077299995649433e+00 9.607866000000000000e+06
2.681852027510272052e+01 1.128185951516773811e+00 9.608354000000000000e+06
2.684915022005877461e+01 1.126022852670434338e+00 9.643862000000000000e+06
2.687981047524921863e+01 1.123022326069858412e+00 9.670578000000000000e+06
2.691046933508355110e+01 1.118873356324235679e+00 9.687890000000000000e+06
2.694109434462116326e+01 1.116425128547633205e+00 9.693294000000000000e+06
2.697172682553225798e+01 1.112638369997475341e+00 9.736034000000000000e+06
2.700239153870817432e+01 1.109231468234376905e+00 9.758946000000000000e+06
2.703305525052747527e+01 1.105404400493547712e+00 9.778994000000000000e+06
2.706370879858033973e+01 1.103446181585156172e+00 9.796814000000000000e+06
2.709435032875686744e+01 1.099407632688260916e+00 9.816882000000000000e+06
2.712501002342743917e+01 1.096373549644211520e+00 9.850514000000000000e+06
2.715565776732351821e+01 1.093698477140261582e+00 9.856062000000000000e+06
2.718629451122674467e+01 1.090244010492473326e+00 9.886706000000000000e+06
2.721695369136173071e+01 1.086809213292922571e+00 9.916194000000000000e+06
2.724760474761749407e+01 1.083701785436843590e+00 9.924854000000000000e+06
2.727825760225054097e+01 1.081361422839354214e+00 9.961490000000000000e+06
2.730892049079471917e+01 1.078399470573392582e+00 9.979098000000000000e+06
2.733956427726085892e+01 1.074783394155871319e+00 9.990266000000000000e+06
2.737018573225796914e+01 1.072239936926199011e+00 1.001239800000000000e+07
2.740081756735755647e+01 1.069029640740573273e+00 1.003881800000000000e+07
2.743146802938129625e+01 1.065984470738026157e+00 1.007208200000000000e+07
2.746211675527639429e+01 1.062881855698936784e+00 1.008267000000000000e+07
2.749277891738845980e+01 1.059404976239787688e+00 1.012322600000000000e+07
2.752344693109558449e+01 1.055476290978224263e+00 1.013483400000000000e+07
2.755409288101080278e+01 1.053618350087918376e+00 1.015145000000000000e+07
2.758474131651236760e+01 1.050417326272142571e+00 1.018411800000000000e+07
2.761539820084842489e+01 1.047335293500565312e+00 1.019981000000000000e+07
2.764605597842055928e+01 1.044766639303736921e+00 1.023038600000000000e+07
2.767670042623675997e+01 1.041689009168874414e+00 1.023833400000000000e+07
2.770734211947352676e+01 1.038674231088183575e+00 1.027159400000000000e+07
2.773800306428746509e+01 1.036274891930003106e+00 1.029841800000000000e+07
2.776865049495845383e+01 1.033580018034671033e+00 1.030681400000000000e+07
2.779929326773324405e+01 1.030228000215833495e+00 1.034130600000000000e+07
2.782995170379088989e+01 1.027348578700707726e+00 1.036284200000000000e+07
2.786061320752148163e+01 1.025078464050922289e+00 1.038883400000000000e+07
2.789125443722943132e+01 1.022154790041584826e+00 1.039563000000000000e+07
2.792188445130166841e+01 1.017961870292849236e+00 1.042536200000000000e+07
2.795253094588477083e+01 1.015359364026617195e+00 1.045427400000000000e+07
2.798318763838284440e+01 1.012826038284476482e+00 1.047829400000000000e+07
2.801384997205349237e+01 1.010096347127706906e+00 1.050181800000000000e+07
2.804449546843089891e+01 1.007531091859957373e+00 1.051481000000000000e+07
2.807514459055270706e+01 1.004816168447683511e+00 1.054884200000000000e+07
2.810579893174551813e+01 1.001839877908045295e+00 1.056646200000000000e+07
2.813644319397282700e+01 9.988939066631024044e-01 1.058681000000000000e+07
2.816709334499659789e+01 9.963134084236257015e-01 1.061495400000000000e+07
2.819773627008090600e+01 9.929698409960102667e-01 1.063105400000000000e+07
2.822838440275558369e+01 9.910789935663411043e-01 1.066236200000000000e+07
2.825903669354339343e+01 9.884328460893460067e-01 1.068335400000000000e+07
2.828968213955753441e+01 9.849433112340640895e-01 1.069929800000000000e+07
2.832033557002852930e+01 9.821512346558483042e-01 1.073878200000000000e+07
2.835098683749683346e+01 9.796576795559129858e-01 1.074420200000000000e+07
2.838163630947162730e+01 9.771353415717368707e-01 1.078218600000000000e+07
2.841227563085324093e+01 9.734962539520292113e-01 1.078496600000000000e+07
2.844292475750595273e+01 9.717854209614269489e-01 1.083393800000000000e+07
2.847359150819448459e+01 9.680827253488110129e-01 1.084813800000000000e+07
2.850425483773282664e+01 9.657395607004969351e-01 1.087376600000000000e+07
2.853490447676422903e+01 9.635509237189042731e-01 1.088697000000000000e+07
2.856554225700441307e+01 9.603393081035390688e-01 1.091244200000000000e+07
2.859618507886883876e+01 9.584464159109082892e-01 1.093669800000000000e+07
2.862683629450151912e+01 9.548317904327703332e-01 1.096614200000000000e+07
2.865746767483001278e+01 9.532745128750360619e-01 1.096874600000000000e+07
2.868810162725141666e+01 9.509151578967628415e-01 1.101460200000000000e+07
2.871877066728239924e+01 9.482855485406112006e-01 1.104277400000000000e+07
2.874944211863178012e+01 9.459698589898597465e-01 1.106147400000000000e+07
2.878008769129001720e+01 9.420341478173304139e-01 1.107245000000000000e+07
2.881071843644816255e+01 9.398919808573945600e-01 1.109692200000000000e+07
2.884138462527048929e+01 9.377047162497086363e-01 1.114652600000000000e+07
2.887205280920166572e+01 9.357704500842574102e-01 1.114560200000000000e+07
2.890268823669603648e+01 9.329222464512060276e-01 1.116844200000000000e+07
2.893330357639574046e+01 9.293954093546905604e-01 1.118108600000000000e+07
2.896397035628928762e+01 9.278907751512561752e-01 1.125011400000000000e+07
2.899465187815729905e+01 9.251593962910508173e-01 1.124210600000000000e+07
2.902529004403753632e+01 9.226813567789504678e-01 1.126544600000000000e+07
2.905592397674332972e+01 9.202483897464797113e-01 1.128549000000000000e+07
2.908658740450306013e+01 9.177293210027379633e-01 1.133592200000000000e+07
2.911724974944597477e+01 9.154006176451638943e-01 1.133013000000000000e+07
2.914787047086730354e+01 9.130139549381144359e-01 1.135727000000000000e+07
2.917851218588677753e+01 9.118834520521291731e-01 1.138909800000000000e+07
2.920917994379766469e+01 9.082034774520808540e-01 1.142664200000000000e+07
2.923984020518843607e+01 9.061540194961963390e-01 1.143135800000000000e+07
2.927048529662244292e+01 9.040405335823584743e-01 1.146229800000000000e+07
2.930112725521218664e+01 9.015789599311868630e-01 1.147920200000000000e+07
2.933177374858156128e+01 8.996284540075862868e-01 1.150974600000000000e+07
2.936240891911117856e+01 8.968597929959936099e-01 1.152306200000000000e+07
2.939304480459886548e+01 8.949354502903633657e-01 1.155621000000000000e+07
2.942370281367375640e+01 8.925047733563956642e-01 1.158828200000000000e+07
2.945435442424784256e+01 8.902527715069925573e-01 1.159964600000000000e+07
2.948501885409245915e+01 8.876062512569475871e-01 1.164527400000000000e+07
2.951568131644257065e+01 8.859212429066783967e-01 1.164933800000000000e+07
2.954630943029124168e+01 8.833597962382041535e-01 1.166538600000000000e+07
2.957696687066465202e+01 8.805665293943676364e-01 1.171928600000000000e+07
2.960762973599409165e+01 8.789506258053033649e-01 1.172073800000000000e+07
2.963827910425833423e+01 8.769161300047961793e-01 1.175507400000000000e+07
2.966892245050443577e+01 8.743530940245084482e-01 1.176716600000000000e+07
2.969958171988989903e+01 8.722580376465736141e-01 1.181334600000000000e+07
2.973025161634517843e+01 8.705588370844238311e-01 1.182545000000000000e+07
2.976087689384098667e+01 8.677697527410609402e-01 1.182881400000000000e+07
2.979151934159806103e+01 8.659047502368227844e-01 1.188441800000000000e+07
2.982218666376524396e+01 8.642101116451930132e-01 1.190037800000000000e+07
2.985282577868301601e+01 8.612358311663030896e-01 1.190800200000000000e+07
2.988344557129535062e+01 8.591964629021057176e-01 1.193747000000000000e+07
2.991409824346948909e+01 8.570355951660189042e-01 1.198134600000000000e+07
2.994476759374305530e+01 8.555739491258405049e-01 1.199815400000000000e+07
2.997541468366090101e+01 8.531192851277958900e-01 1.201579800000000000e+07
3.000606450866456854e+01 8.511991696236593796e-01 1.204658600000000000e+07
3.003672118713024020e+01 8.491030483484695024e-01 1.207322600000000000e+07
3.006737261500484948e+01 8.468606718133369071e-01 1.208937000000000000e+07
3.009802353665422459e+01 8.453424386130197199e-01 1.212366200000000000e+07
3.012866380509269604e+01 8.421367665543905145e-01 1.212901800000000000e+07
3.015929791586058428e+01 8.404114392517588739e-01 1.216869800000000000e+07
3.018994583799627307e+01 8.382299502832810667e-01 1.219107000000000000e+07
3.022062124794907234e+01 8.363319819992824922e-01 1.223729000000000000e+07
3.025129018624486932e+01 8.343022728457616388e-01 1.223743400000000000e+07
3.028193817926301890e+01 8.323590419440838328e-01 1.226943000000000000e+07
3.031258695709031059e+01 8.306651343707526225e-01 1.228831400000000000e+07
3.034322731892392966e+01 8.285020583979763042e-01 1.231200200000000000e+07
3.037386370818878234e+01 8.269772963467989513e-01 1.233378600000000000e+07
3.040449885904552829e+01 8.251037358159502011e-01 1.236265400000000000e+07
3.043516156591327615e+01 8.222766721465905038e-01 1.240528200000000000e+07
3.046582747350058895e+01 8.211368296108801923e-01 1.241484200000000000e+07
3.049646593130319516e+01 8.187752256484572833e-01 1.243327800000000000e+07
3.052711147469950248e+01 8.167031852748503074e-01 1.246944200000000000e+07
3.055777100155219017e+01 8.146084381455994672e-01 1.249710600000000000e+07
3.058842537388453309e+01 8.133302016754636599e-01 1.251307400000000000e+07
3.061905924361232323e+01 8.115267738289048127e-01 1.253190200000000000e+07
3.064969867554323457e+01 8.106243868204896508e-01 1.256769000000000000e+07
3.068036610992051294e+01 8.074963950026572412e-01 1.260333800000000000e+07
3.071102250832555924e+01 8.065179565464277722e-01 1.261272600000000000e+07
3.074166164535376566e+01 8.042200423876844084e-01 1.263480200000000000e+07
3.077229526260031278e+01 8.027871556923348306e-01 1.266273000000000000e+07
3.080294880836461502e+01 8.014068886532463853e-01 1.269908600000000000e+07
3.083359880383601137e+01 7.990484517673329679e-01 1.271107400000000000e+07
3.086423437926716673e+01 7.971418384566943960e-01 1.273909800000000000e+07
3.089488408063505887e+01 7.957868325203277804e-01 1.276949000000000000e+07
3.092554030516775043e+01 7.935450135261131743e-01 1.279968600000000000e+07
3.095620964309912893e+01 7.921450824117874934e-01 1.282862600000000000e+07
3.098685566491367638e+01 7.896761998984788145e-01 1.283279400000000000e+07
3.101749998811832043e+01 7.880457212373276343e-01 1.287594200000000000e+07
3.104817099201691377e+01 7.869579184265933502e-01 1.290631400000000000e+07
3.107882289023607214e+01 7.844862768275557841e-01 1.291312200000000000e+07
3.110945493689143859e+01 7.832144243494763014e-01 1.293734600000000000e+07
3.114009460761812065e+01 7.816191840303069460e-01 1.297337400000000000e+07
3.117076037718583592e+01 7.796741586249257283e-01 1.300817000000000000e+07
3.120142550401457626e+01 7.780270094527711455e-01 1.302581000000000000e+07
3.123206007488744973e+01 7.765153729709158847e-01 1.303359000000000000e+07
3.126270582930477815e+01 7.747837805488937413e-01 1.308369800000000000e+07
3.129336027402579745e+01 7.731063988760038530e-01 1.309470600000000000e+07
3.132399628986673790e+01 7.709855521022102032e-01 1.311900200000000000e+07
3.135463242066359157e+01 7.696726946662936220e-01 1.314631800000000000e+07
