# k_mean_over_bin [h Mpc^-1] P_bin [h^-3 Mpc^3] N_modes
3.911336014668146538e-02 4.578454861111110404e+03 1.800000000000000000e+01
6.837341045179674837e-02 3.919491179435483900e+03 6.200000000000000000e+01
9.606098566128283556e-02 1.652926498724489647e+03 9.800000000000000000e+01
1.244554894311087484e-01 1.558253720238095411e+03 2.100000000000000000e+02
1.562393171446664064e-01 1.145283303571428632e+03 3.500000000000000000e+02
1.876351697577370581e-01 8.745557638888889187e+02 4.500000000000000000e+02
2.167467008100395498e-01 7.195500415282392623e+02 6.020000000000000000e+02
2.459661192468458046e-01 5.498781988188976584e+02 7.620000000000000000e+02
2.776061288634031343e-01 4.594301116462347068e+02 1.142000000000000000e+03
3.093581660270691147e-01 3.894006249999999909e+02 1.250000000000000000e+03
3.390238072074162612e-01 3.400434027777777715e+02 1.458000000000000000e+03
3.686891987081925004e-01 2.997717061742006877e+02 1.814000000000000000e+03
3.998179640432800719e-01 2.730875516528925573e+02 2.178000000000000000e+03
4.307427349283372564e-01 2.386760158126500926e+02 2.498000000000000000e+03
4.602541775534300106e-01 2.122588911136537035e+02 2.622000000000000000e+03
4.905365640492836410e-01 1.988951655182744105e+02 3.338000000000000000e+03
5.220185972105617633e-01 1.789603036002149565e+02 3.722000000000000000e+03
5.533037531861869640e-01 1.654714928057553891e+02 4.170000000000000000e+03
5.834579143079938746e-01 1.543600275355667861e+02 4.358000000000000000e+03
6.135626871243894387e-01 1.417830130115216605e+02 5.034000000000000000e+03
6.446289557821482941e-01 1.375051299439971899e+02 5.714000000000000000e+03
6.753962663893156027e-01 1.261306314777666273e+02 5.982000000000000000e+03
7.056079657646209258e-01 1.244178373977582481e+02 6.602000000000000000e+03
7.358702805567255423e-01 1.146247107293127669e+02 7.130000000000000000e+03
7.666965816517745669e-01 1.098269152974856837e+02 8.034000000000000000e+03
7.977642657007141258e-01 1.049843786311875391e+02 8.606000000000000000e+03
8.284170882817059045e-01 9.746875689388924968e+01 9.066000000000000000e+03
8.590304504147353581e-01 9.534125301144348441e+01 9.962000000000000000e+03
8.897547830450591722e-01 9.226185426540284595e+01 1.055000000000000000e+04
9.202467144416993650e-01 8.804319771067166300e+01 1.122600000000000000e+04
9.507708295887784544e-01 8.303647291289313159e+01 1.214600000000000000e+04
9.811824151074982625e-01 8.131012513882278370e+01 1.260600000000000000e+04
1.011684221748752277e+00 7.623123460368063320e+01 1.380200000000000000e+04
1.042628223097419760e+00 7.602264640097600079e+01 1.475400000000000000e+04
1.073331423130289064e+00 7.235571607213373113e+01 1.519400000000000000e+04
1.103867755953996443e+00 7.151481402698432532e+01 1.645400000000000000e+04
1.134626123126019959e+00 6.851322577824413429e+01 1.715400000000000000e+04
1.165311979605310189e+00 6.644571197853936440e+01 1.826600000000000000e+04
1.195715701344807869e+00 6.608547333333333995e+01 1.875000000000000000e+04
1.226212543355766904e+00 6.345826331916575924e+01 2.023400000000000000e+04
1.257106684237927041e+00 6.091554195804195615e+01 2.145000000000000000e+04
1.287903710180657191e+00 6.033133366724342039e+01 2.196200000000000000e+04
1.318485981586206890e+00 5.837159555877589412e+01 2.346200000000000000e+04
1.349079736575599542e+00 5.621893457283088225e+01 2.404200000000000000e+04
1.379852114035814425e+00 5.533054709781854541e+01 2.594600000000000000e+04
1.410480275290311170e+00 5.325449881307910971e+01 2.611800000000000000e+04
1.440742128148283729e+00 5.262021013597033203e+01 2.750600000000000000e+04
1.471255328685920905e+00 5.077680967453382266e+01 2.906600000000000000e+04
1.502136784696030958e+00 5.028868226600985025e+01 3.045000000000000000e+04
1.533052783826297283e+00 4.942460698758742410e+01 3.174200000000000000e+04
1.563639454531115192e+00 4.787711240310077443e+01 3.225000000000000000e+04
1.594207740129345519e+00 4.741659124087591692e+01 3.425000000000000000e+04
1.624993071443384896e+00 4.527211668641056264e+01 3.545400000000000000e+04
1.655631361837712090e+00 4.433053603776691887e+01 3.643400000000000000e+04
1.686043534699749769e+00 4.414110848681067978e+01 3.768200000000000000e+04
1.716490578110202225e+00 4.289151651651651775e+01 3.929400000000000000e+04
1.747331588627294874e+00 4.197398976488196354e+01 4.142600000000000000e+04
1.778105141829419589e+00 4.169250701278942728e+01 4.206600000000000000e+04
1.808604007799013091e+00 4.049659117038400069e+01 4.349000000000000000e+04
1.839287024270282567e+00 3.989540118594372586e+01 4.570200000000000000e+04
1.870041864274240018e+00 3.896038566282111759e+01 4.663400000000000000e+04
1.900737122550122393e+00 3.811352308769617281e+01 4.855400000000000000e+04
1.931106014629314860e+00 3.746020820544300989e+01 4.887000000000000000e+04
1.961523677526103127e+00 3.663521744190557428e+01 5.155400000000000000e+04
1.992455947436605701e+00 3.616507672397855089e+01 5.409000000000000000e+04
2.023265045582995914e+00 3.511871939094892525e+01 5.431400000000000000e+04
2.053922539849919016e+00 3.489746090318045901e+01 5.691000000000000000e+04
2.084529483730196198e+00 3.425121777252009281e+01 5.748200000000000000e+04
2.115224791136270266e+00 3.355159708705835442e+01 6.062600000000000000e+04
2.145940900281321451e+00 3.276423675783420464e+01 6.120600000000000000e+04
2.176332471415279191e+00 3.210425123861275409e+01 6.257000000000000000e+04
2.206919797950731787e+00 3.161934809067397012e+01 6.573000000000000000e+04
2.237635070960208417e+00 3.136521346309570291e+01 6.668600000000000000e+04
2.268416329433683210e+00 3.049667494045740312e+01 6.969800000000000000e+04
2.299091711246687986e+00 3.009907391540285104e+01 7.002600000000000000e+04
2.329659180150480235e+00 2.986945673988947902e+01 7.274600000000000000e+04
2.360394721737119283e+00 2.913304298491523170e+01 7.491000000000000000e+04
2.390975199166128995e+00 2.832441694619793537e+01 7.572200000000000000e+04
2.421460073556194192e+00 2.800528209446528649e+01 7.837800000000000000e+04
2.452028836611731322e+00 2.766030863426215092e+01 8.003000000000000000e+04
2.482752885913177110e+00 2.742433822999062443e+01 8.318600000000000000e+04
2.513535292349708072e+00 2.691793340892447617e+01 8.466600000000000000e+04
2.544225237245184790e+00 2.641182145910845236e+01 8.654600000000000000e+04
2.574773866485851048e+00 2.625852678875348900e+01 8.813400000000000000e+04
2.605444086916172797e+00 2.569844490812558391e+01 9.153800000000000000e+04
2.636246016268779524e+00 2.519905677596684157e+01 9.313800000000000000e+04
2.666818018924998590e+00 2.493640847604733679e+01 9.447800000000000000e+04
2.697363618359566839e+00 2.438772693628308019e+01 9.727400000000000000e+04
2.728019604504508866e+00 2.410819289798375209e+01 9.969000000000000000e+04
2.758802868025683530e+00 2.371415830002924352e+01 1.025900000000000000e+05
2.789534229339404092e+00 2.326627156210851055e+01 1.037700000000000000e+05
2.820110463944515811e+00 2.307858311549094310e+01 1.063460000000000000e+05
2.850758474967378220e+00 2.251085714812153427e+01 1.085460000000000000e+05
2.881313531403897787e+00 2.233263867564980032e+01 1.107260000000000000e+05
2.911785445579514686e+00 2.205644486387350867e+01 1.123220000000000000e+05
2.942296885913312732e+00 2.171303391146777173e+01 1.158900000000000000e+05
2.973018636090491551e+00 2.133577581125911138e+01 1.187660000000000000e+05
3.003960234284211772e+00 2.105340030090434666e+01 1.222980000000000000e+05
3.034645244098625572e+00 2.092143705463183068e+01 1.220900000000000000e+05
3.065200286165120414e+00 2.056623082425880256e+01 1.258100000000000000e+05
3.095834962651569544e+00 2.032045206334347398e+01 1.281900000000000000e+05
3.126534896692137799e+00 1.997052345908972981e+01 1.309940000000000000e+05
3.157254587660618839e+00 1.963600791193670503e+01 1.337220000000000000e+05
3.187691458898155972e+00 1.921316082338706011e+01 1.338860000000000000e+05
3.218359550987105244e+00 1.914182996769557121e+01 1.405380000000000000e+05
3.249147146635412042e+00 1.878022177333314247e+01 1.405940000000000000e+05
3.279708286755456559e+00 1.853273465465130698e+01 1.435940000000000000e+05
3.310282650626811485e+00 1.821564828104709122e+01 1.463100000000000000e+05
3.341041738096756752e+00 1.804953202787919153e+01 1.506500000000000000e+05
3.371829763035033789e+00 1.770880399436523334e+01 1.519140000000000000e+05
3.402297796942758357e+00 1.754278087067628178e+01 1.533980000000000000e+05
3.432832982060985749e+00 1.726262146377307261e+01 1.578660000000000000e+05
3.463520961645436547e+00 1.700219565785706521e+01 1.606580000000000000e+05
3.494268698776064941e+00 1.690073247126786882e+01 1.641020000000000000e+05
3.524882682212484575e+00 1.664925088185025004e+01 1.649940000000000000e+05
3.555471568173579122e+00 1.645690167795113368e+01 1.698500000000000000e+05
3.586282686546968357e+00 1.616318517105430530e+01 1.729860000000000000e+05
3.616919594142721461e+00 1.589797664094218277e+01 1.738940000000000000e+05
3.647368063767713497e+00 1.578036718369932956e+01 1.767780000000000000e+05
3.677992804816497596e+00 1.545657501017590718e+01 1.818020000000000000e+05
3.708738931120072024e+00 1.542574011820202884e+01 1.844300000000000000e+05
3.739459730643931668e+00 1.516970150927676464e+01 1.872420000000000000e+05
3.770116200383169858e+00 1.491047043363994895e+01 1.902500000000000000e+05
3.800728857439862107e+00 1.476513735265098326e+01 1.925700000000000000e+05
3.831471188539541384e+00 1.464146498935708784e+01 1.982540000000000000e+05
3.862151110977656732e+00 1.432167523248886809e+01 1.980740000000000000e+05
3.892653862982213830e+00 1.419859811927740623e+01 2.020500000000000000e+05
3.923205785510675891e+00 1.409669127307763326e+01 2.055020000000000000e+05
3.953960730198294637e+00 1.386085438561514316e+01 2.106660000000000000e+05
3.984703376546768538e+00 1.371022732622183860e+01 2.124260000000000000e+05
4.015247109978196782e+00 1.349484498733159477e+01 2.139180000000000000e+05
4.045907609536984140e+00 1.336707670796492131e+01 2.209940000000000000e+05
4.076640767458163062e+00 1.315032254132772316e+01 2.215220000000000000e+05
4.107291653286554656e+00 1.287292434405295261e+01 2.263140000000000000e+05
4.137850364426196137e+00 1.281590583121419691e+01 2.272940000000000000e+05
4.168439512608713038e+00 1.264943638876726695e+01 2.329620000000000000e+05
4.199236749561098492e+00 1.254484101287539310e+01 2.378180000000000000e+05
4.229947929265353679e+00 1.247299683722178898e+01 2.383980000000000000e+05
4.260462426058084340e+00 1.220077935365217314e+01 2.414180000000000000e+05
4.291046899785903257e+00 1.213262505165749516e+01 2.468180000000000000e+05
4.321739014984441241e+00 1.191241806919401647e+01 2.499060000000000000e+05
4.352456027103726477e+00 1.178333896082480514e+01 2.547020000000000000e+05
4.383033077269767652e+00 1.171434804141216368e+01 2.544180000000000000e+05
4.413534074271517227e+00 1.157341638691934804e+01 2.603540000000000000e+05
4.444200357558366399e+00 1.141095447100470217e+01 2.649740000000000000e+05
4.474952179323342882e+00 1.128149630473128440e+01 2.687220000000000000e+05
4.505641422859886447e+00 1.115256368711380830e+01 2.715620000000000000e+05
4.536316088749490660e+00 1.105116098060133645e+01 2.755860000000000000e+05
4.567046341728766556e+00 1.090660712373746399e+01 2.801900000000000000e+05
4.597751251862217892e+00 1.078702436765028239e+01 2.828340000000000000e+05
4.628349450743415083e+00 1.066966195602623024e+01 2.851700000000000000e+05
4.658885037465664958e+00 1.054043054856046879e+01 2.898860000000000000e+05
4.689537847550620420e+00 1.035638460441329300e+01 2.944740000000000000e+05
4.720267580499146298e+00 1.029982170164742250e+01 2.994980000000000000e+05
4.750887740307660145e+00 1.022597163602904402e+01 2.999580000000000000e+05
4.781458163146202089e+00 1.004759888575744320e+01 3.058580000000000000e+05
4.812139804037513180e+00 9.899704466624195121e+00 3.107940000000000000e+05
4.842826296526053120e+00 9.818073220434262893e+00 3.130820000000000000e+05
4.873346903503020577e+00 9.756369325984191931e+00 3.160460000000000000e+05
4.903952058997482766e+00 9.622263498625153844e+00 3.222180000000000000e+05
4.934760029521842561e+00 9.511895015248263974e+00 3.285620000000000000e+05
4.965452501381958150e+00 9.422405408701484575e+00 3.279900000000000000e+05
4.996086282036240611e+00 9.306006585501160444e+00 3.352820000000000000e+05
5.026695485686597742e+00 9.258803613417864398e+00 3.359700000000000000e+05
5.057355002192011284e+00 9.089511169368668320e+00 3.440660000000000000e+05
5.087967611864264939e+00 9.009559435351071954e+00 3.437180000000000000e+05
5.118544807508640382e+00 8.924601277958908341e+00 3.514980000000000000e+05
5.149234444935959054e+00 8.802033668304847680e+00 3.544580000000000000e+05
5.179860758536608323e+00 8.768084536738006918e+00 3.585660000000000000e+05
5.210624402206279093e+00 8.671022227563488727e+00 3.661220000000000000e+05
5.241317970278694283e+00 8.551323774637106467e+00 3.658100000000000000e+05
5.271888078465520877e+00 8.470976556823870851e+00 3.716220000000000000e+05
5.302538962989003402e+00 8.376853792428441636e+00 3.759860000000000000e+05
5.333241296744681392e+00 8.266508360153858703e+00 3.821700000000000000e+05
5.363843287577101826e+00 8.221466772127033806e+00 3.818180000000000000e+05
5.394377881285376652e+00 8.096371934472012200e+00 3.895740000000000000e+05
5.425045278876105215e+00 8.043373982087793195e+00 3.936980000000000000e+05
5.455748191050116880e+00 7.972271177445438894e+00 3.994580000000000000e+05
5.486417791867136629e+00 7.906671564459427870e+00 4.022220000000000000e+05
5.517054280059129567e+00 7.784099286841213328e+00 4.069220000000000000e+05
5.547729067425179572e+00 7.718721690138115932e+00 4.128420000000000000e+05
5.578396539675297916e+00 7.663089929841626180e+00 4.153460000000000000e+05
5.609013027442932398e+00 7.559200654348951609e+00 4.211820000000000000e+05
5.639660721036475977e+00 7.501596402975874156e+00 4.250180000000000000e+05
5.670338352606606236e+00 7.413907495975766260e+00 4.311380000000000000e+05
5.701002224415820052e+00 7.344708689586584960e+00 4.343820000000000000e+05
5.731652461074824068e+00 7.267213331088429484e+00 4.395140000000000000e+05
5.762312139234633257e+00 7.201054890744662984e+00 4.447380000000000000e+05
5.792988623860222397e+00 7.133892651088190817e+00 4.489100000000000000e+05
5.823527921889432690e+00 7.074226395749837693e+00 4.506180000000000000e+05
5.854115639221332934e+00 6.992036844418718644e+00 4.595540000000000000e+05
5.884803383516547193e+00 6.911212011936791910e+00 4.631060000000000000e+05
5.915403549749584933e+00 6.851074409005467380e+00 4.670940000000000000e+05
5.946097918579516417e+00 6.791045883883790601e+00 4.749380000000000000e+05
5.976784376694718404e+00 6.714139769398096647e+00 4.771860000000000000e+05
6.007474398726609266e+00 6.637802525429674638e+00 4.846700000000000000e+05
6.038161603080837381e+00 6.580500913738938529e+00 4.870100000000000000e+05
6.068803116216009208e+00 6.522500375014696594e+00 4.933140000000000000e+05
6.099443541903901256e+00 6.466454237370093949e+00 4.963220000000000000e+05
6.130013467858260512e+00 6.412284583278520245e+00 5.017020000000000000e+05
6.160659038280898336e+00 6.343020614988930106e+00 5.085620000000000000e+05
6.191382862441213497e+00 6.278125862920570732e+00 5.142420000000000000e+05
6.222022549110604928e+00 6.224030723150662858e+00 5.161580000000000000e+05
6.252618937652392184e+00 6.175780039111981701e+00 5.226020000000000000e+05
6.283314506372367880e+00 6.110479348280813738e+00 5.306580000000000000e+05
6.313956888688901259e+00 6.042658883635636968e+00 5.300420000000000000e+05
6.344526529636881129e+00 6.004409161257279415e+00 5.388780000000000000e+05
6.375193447856655204e+00 5.955796408946391729e+00 5.441300000000000000e+05
6.405923794226229262e+00 5.886184781149180090e+00 5.511060000000000000e+05
6.436615537335857340e+00 5.846040575325551991e+00 5.539820000000000000e+05
6.467240689922951979e+00 5.800645598145607096e+00 5.582420000000000000e+05
6.497840343194827284e+00 5.737341155547997396e+00 5.645460000000000000e+05
6.528490514375480558e+00 5.689366145831507460e+00 5.704940000000000000e+05
6.559189482379200520e+00 5.648620228101019158e+00 5.767620000000000000e+05
6.589792657935158005e+00 5.581415568783572034e+00 5.782340000000000000e+05
6.620368275030441119e+00 5.509723545502043685e+00 5.856660000000000000e+05
6.651059279332403484e+00 5.508457033944210046e+00 5.944460000000000000e+05
6.681735101215181771e+00 5.447350692986139720e+00 5.952500000000000000e+05
6.712352184571596325e+00 5.399303035124178862e+00 6.034020000000000000e+05
6.742994392514953361e+00 5.348027271140732175e+00 6.073820000000000000e+05
6.773707641956070447e+00 5.287595419847328060e+00 6.170100000000000000e+05
6.804368332827349874e+00 5.254431497232391557e+00 6.167780000000000000e+05
6.834957329072475218e+00 5.215740076767198197e+00 6.247460000000000000e+05
6.865533884427167166e+00 5.167486251357350291e+00 6.280620000000000000e+05
6.896209472882897096e+00 5.127664565771570260e+00 6.394100000000000000e+05
6.926963358802590953e+00 5.059864313776724742e+00 6.429540000000000000e+05
6.957595884588287483e+00 5.031962973741977763e+00 6.459740000000000000e+05
6.988217027338134990e+00 4.986534223936097021e+00 6.534900000000000000e+05
7.018912144628523642e+00 4.980055497876643145e+00 6.607460000000000000e+05
7.049598360905487304e+00 4.905065628921260412e+00 6.646460000000000000e+05
7.080168728874950190e+00 4.868544785625440241e+00 6.672900000000000000e+05
7.110800747994752591e+00 4.829886279626646406e+00 6.790340000000000000e+05
7.141530300546490295e+00 4.786824651908096584e+00 6.827220000000000000e+05
7.172250636009499303e+00 4.747539559457090164e+00 6.912380000000000000e+05
7.202854517584712291e+00 4.709452630111442772e+00 6.886020000000000000e+05
7.233403056127952091e+00 4.677644665009574432e+00 7.008260000000000000e+05
7.264069579203881410e+00 4.626955964753664219e+00 7.056620000000000000e+05
7.294683413182806220e+00 4.588206714154139831e+00 7.100820000000000000e+05
7.325311269352252630e+00 4.563147454954516569e+00 7.191620000000000000e+05
7.355966981418407435e+00 4.523145032883350680e+00 7.222500000000000000e+05
7.386612648734541153e+00 4.483754494128583623e+00 7.315100000000000000e+05
7.417310529501340177e+00 4.447899495140147152e+00 7.364420000000000000e+05
7.447945213101880846e+00 4.414086014539113201e+00 7.408980000000000000e+05
7.478607010838381974e+00 4.360550377387163223e+00 7.501580000000000000e+05
7.509321067315616105e+00 4.333515484867513479e+00 7.548660000000000000e+05
7.539974932446685152e+00 4.299771564063267881e+00 7.608260000000000000e+05
7.570585192452028878e+00 4.266831384467183241e+00 7.640340000000000000e+05
7.601198673865714461e+00 4.237238416946007113e+00 7.738460000000000000e+05
7.631877298250918429e+00 4.200813054530250668e+00 7.797140000000000000e+05
7.662521884307726516e+00 4.187484859380298907e+00 7.843140000000000000e+05
7.693137071617793588e+00 4.131645040955743475e+00 7.913420000000000000e+05
7.723811426513647049e+00 4.093619990043253942e+00 7.994580000000000000e+05
7.754494077568185872e+00 4.075965697759645678e+00 8.049620000000000000e+05
7.785135803531300525e+00 4.044724847137298518e+00 8.095500000000000000e+05
7.815694237908749287e+00 4.016857047321435559e+00 8.134580000000000000e+05
7.846343679982115127e+00 3.968796002426873137e+00 8.274020000000000000e+05
7.877043316447378984e+00 3.942156699468271519e+00 8.286180000000000000e+05
7.907673669198284294e+00 3.911445625497360634e+00 8.369180000000000000e+05
7.938328804946242379e+00 3.889685469002484020e+00 8.428740000000000000e+05
7.968975407284135670e+00 3.866621121391012661e+00 8.493380000000000000e+05
7.999667994830390150e+00 3.831866703456111800e+00 8.589420000000000000e+05
8.030349243530407577e+00 3.802670625730273812e+00 8.609780000000000000e+05
8.060946961497052143e+00 3.775849430987187283e+00 8.683460000000000000e+05
8.091572720963124965e+00 3.737002001933374284e+00 8.751540000000000000e+05
8.122271484065059610e+00 3.714531140334049741e+00 8.862140000000000000e+05
8.152953690965352607e+00 3.689359900196766517e+00 8.873460000000000000e+05
8.183566695722484852e+00 3.660485191947136396e+00 8.949860000000000000e+05
8.214194695410645508e+00 3.622658328662544669e+00 9.027740000000000000e+05
8.244899107337827715e+00 3.610979000431963737e+00 9.121140000000000000e+05
8.275572896457878969e+00 3.577832214603738237e+00 9.150260000000000000e+05
8.306162294726084028e+00 3.558338821616663594e+00 9.201420000000000000e+05
8.336764679477866480e+00 3.524035183197420373e+00 9.297620000000000000e+05
8.367430340319790716e+00 3.495880336739547012e+00 9.376980000000000000e+05
8.398127428085201629e+00 3.475797872903440222e+00 9.447620000000000000e+05
8.428757837489422755e+00 3.453077709137003293e+00 9.482540000000000000e+05
8.459372296062671381e+00 3.428512116404438981e+00 9.568020000000000000e+05
8.490063465610685256e+00 3.397840197673144935e+00 9.676580000000000000e+05
8.520744025357005924e+00 3.381177928889493867e+00 9.697020000000000000e+05
8.551309344016351233e+00 3.349350419365767273e+00 9.740900000000000000e+05
8.581943800972473113e+00 3.330089470521466755e+00 9.884820000000000000e+05
8.612642412703635841e+00 3.307528825779187720e+00 9.919940000000000000e+05
8.643308537119485990e+00 3.280116729768338235e+00 1.001030000000000000e+06
8.673970834036897060e+00 3.260446317569247743e+00 1.005450000000000000e+06
8.704610753383335009e+00 3.238969783119504342e+00 1.013738000000000000e+06
8.735274622149603374e+00 3.213680251734837068e+00 1.021710000000000000e+06
8.765876554462561643e+00 3.197413654987271148e+00 1.023626000000000000e+06
8.796472033298300630e+00 3.169302224101545384e+00 1.035834000000000000e+06
8.827113104195804638e+00 3.141555036289880753e+00 1.040786000000000000e+06
8.857794945353973048e+00 3.115278017785694242e+00 1.053206000000000000e+06
8.888492903056484096e+00 3.103124450095648079e+00 1.057002000000000000e+06
8.919147318144009517e+00 3.073580597012119497e+00 1.063898000000000000e+06
8.949810470249602190e+00 3.061137071651090391e+00 1.072782000000000000e+06
8.980482087512241307e+00 3.034553533192563268e+00 1.078826000000000000e+06
9.011149622969513828e+00 3.014798395473205161e+00 1.087922000000000000e+06
9.041778006101507614e+00 3.001236824778494849e+00 1.090494000000000000e+06
9.072395809677630041e+00 2.973064260433899264e+00 1.101362000000000000e+06
9.103062344101488179e+00 2.951813251372767510e+00 1.109802000000000000e+06
9.133716582676932205e+00 2.936358583203082073e+00 1.114514000000000000e+06
9.164343279595041025e+00 2.917628028891582126e+00 1.123926000000000000e+06
9.194939762742391665e+00 2.896032455110454151e+00 1.125986000000000000e+06
9.225588868133300480e+00 2.874647808498767887e+00 1.143554000000000000e+06
9.256279045055194388e+00 2.852020162311851958e+00 1.144710000000000000e+06
9.286922908321361803e+00 2.840280654201234434e+00 1.154018000000000000e+06
9.317551510994961816e+00 2.823421370700074817e+00 1.159962000000000000e+06
9.348218920250847219e+00 2.792163612545325080e+00 1.170986000000000000e+06
9.378902337186493909e+00 2.782892045271283088e+00 1.178142000000000000e+06
9.409551722439367438e+00 2.762226319340748137e+00 1.182674000000000000e+06
9.440170036212245819e+00 2.749374266374028153e+00 1.191002000000000000e+06
9.470808264249194863e+00 2.729071388943035803e+00 1.200438000000000000e+06
9.501473313875692384e+00 2.705951685287237840e+00 1.208162000000000000e+06
9.532125831626755641e+00 2.690146660215361862e+00 1.215258000000000000e+06
9.562784141325121112e+00 2.674740878041129477e+00 1.224134000000000000e+06
9.593416274997863979e+00 2.650554193706957218e+00 1.228722000000000000e+06
9.624083196782743599e+00 2.640271237513614810e+00 1.243154000000000000e+06
9.654771367964533724e+00 2.618462720625902129e+00 1.245434000000000000e+06
9.685402552280704569e+00 2.603491751636048956e+00 1.255158000000000000e+06
9.715969395840117429e+00 2.591953512635292611e+00 1.255610000000000000e+06
9.746617449311713699e+00 2.573088820738250071e+00 1.277562000000000000e+06
9.777290304407999955e+00 2.559290976087833513e+00 1.274414000000000000e+06
9.807885176827742413e+00 2.541985810198181372e+00 1.285994000000000000e+06
9.838572910167970420e+00 2.526431435013119398e+00 1.299570000000000000e+06
9.869276202679451160e+00 2.510469257104940954e+00 1.302122000000000000e+06
9.899918968135150266e+00 2.497558461939687557e+00 1.311366000000000000e+06
9.930567900523143976e+00 2.474614838241157688e+00 1.319186000000000000e+06
9.961220892975154229e+00 2.467146765865572355e+00 1.327434000000000000e+06
9.991891019630978477e+00 2.442583493233350111e+00 1.337294000000000000e+06
1.002255517125434281e+01 2.427840854080865363e+00 1.342730000000000000e+06
1.005316914398451544e+01 2.407795967628482803e+00 1.350570000000000000e+06
1.008383306751157882e+01 2.399781482324103266e+00 1.362590000000000000e+06
1.011452669049533171e+01 2.382734734226084949e+00 1.369698000000000000e+06
1.014516461762413080e+01 2.373800470429423104e+00 1.374914000000000000e+06
1.017577620860668830e+01 2.356373186756000937e+00 1.383570000000000000e+06
1.020642519374937507e+01 2.339656249865627480e+00 1.395374000000000000e+06
1.023705093164075741e+01 2.320121453635448638e+00 1.396994000000000000e+06
1.026765629299071136e+01 2.309179401075428739e+00 1.411530000000000000e+06
1.029830666316376231e+01 2.300376558825147910e+00 1.417574000000000000e+06
1.032896362286516911e+01 2.279805771699161543e+00 1.428834000000000000e+06
1.035966663242073871e+01 2.271682320860475723e+00 1.439018000000000000e+06
1.039031911060697233e+01 2.257021596476152858e+00 1.440698000000000000e+06
1.042093797488244000e+01 2.243571473778203096e+00 1.453638000000000000e+06
1.045161990055933643e+01 2.229555508785548312e+00 1.463426000000000000e+06
1.048230905031899418e+01 2.211804833282349225e+00 1.471050000000000000e+06
1.051294965218652244e+01 2.202651733193917494e+00 1.476638000000000000e+06
1.054355485794442338e+01 2.188603679707046279e+00 1.484466000000000000e+06
1.057423043832554121e+01 2.176472900182126580e+00 1.501154000000000000e+06
1.060491061368286125e+01 2.161479677113895992e+00 1.501706000000000000e+06
1.063551747879349385e+01 2.146682571376022253e+00 1.511502000000000000e+06
1.066612943100288469e+01 2.142090296625387857e+00 1.520234000000000000e+06
1.069681502375580706e+01 2.127401450153419304e+00 1.535010000000000000e+06
1.072753921292190249e+01 2.110431442348437603e+00 1.543358000000000000e+06
1.075810936250636551e+01 2.100010646236311285e+00 1.535754000000000000e+06
1.078871245727466643e+01 2.090462243785475849e+00 1.564802000000000000e+06
1.081940715839958322e+01 2.072277993241367078e+00 1.563038000000000000e+06
1.085006912710444915e+01 2.060878527089645029e+00 1.578426000000000000e+06
1.088072708694015844e+01 2.051362898850571437e+00 1.581482000000000000e+06
1.091135924400057711e+01 2.036976605432563758e+00 1.592250000000000000e+06
1.094200406382756974e+01 2.024250575760034643e+00 1.602230000000000000e+06
1.097260696004568814e+01 2.011149839788528570e+00 1.604754000000000000e+06
1.100323988183271950e+01 2.001229320376627818e+00 1.623458000000000000e+06
1.103388999676240978e+01 1.990830107513646974e+00 1.624910000000000000e+06
1.106457698538006440e+01 1.979891005044002839e+00 1.645122000000000000e+06
1.109527667386575978e+01 1.970883000127649609e+00 1.645130000000000000e+06
1.112591330354135621e+01 1.955795594145337546e+00 1.655706000000000000e+06
1.115654526125968005e+01 1.944172895493963882e+00 1.663502000000000000e+06
1.118719498215796371e+01 1.933465342575472201e+00 1.675514000000000000e+06
1.121787429068015562e+01 1.922536251748948599e+00 1.685298000000000000e+06
1.124851237891747147e+01 1.909561538288530702e+00 1.689566000000000000e+06
1.127910286336602752e+01 1.905252819742615733e+00 1.697850000000000000e+06
1.130978165659318968e+01 1.891891022992692628e+00 1.718546000000000000e+06
1.134049191158932857e+01 1.881623795950976286e+00 1.719822000000000000e+06
1.137111294866358691e+01 1.867590290897760186e+00 1.726586000000000000e+06
1.140173420596685006e+01 1.855770889370084609e+00 1.739186000000000000e+06
1.143241645198721024e+01 1.850401475731614287e+00 1.751538000000000000e+06
1.146309378911906585e+01 1.835301883551319513e+00 1.758062000000000000e+06
1.149371033408863774e+01 1.824925128048054290e+00 1.763010000000000000e+06
1.152434210102386203e+01 1.822165449820705829e+00 1.778642000000000000e+06
1.155502891721602587e+01 1.809339465565458882e+00 1.788582000000000000e+06
1.158569884908570913e+01 1.797489449760578895e+00 1.794746000000000000e+06
1.161631920000943374e+01 1.785204265536880053e+00 1.803290000000000000e+06
1.164692839895572440e+01 1.777320218347507419e+00 1.811058000000000000e+06
1.167758201264465789e+01 1.769613363466017164e+00 1.828358000000000000e+06
1.170824671228167269e+01 1.760723439713175242e+00 1.831362000000000000e+06
1.173887056645718729e+01 1.749543137482645561e+00 1.842458000000000000e+06
1.176945759162609839e+01 1.739002018410415351e+00 1.846998000000000000e+06
1.180012033129267301e+01 1.732117673431696758e+00 1.869122000000000000e+06
1.183084921812949553e+01 1.721591593448116742e+00 1.876346000000000000e+06
1.186151413816298650e+01 1.713592827051363399e+00 1.879506000000000000e+06
1.189215148075095030e+01 1.704211002225712868e+00 1.893326000000000000e+06
1.192281647950092704e+01 1.694104639435994875e+00 1.901826000000000000e+06
1.195347780224454937e+01 1.680527646469961001e+00 1.911962000000000000e+06
1.198410945486709878e+01 1.671895109311285266e+00 1.919198000000000000e+06
1.201473998051305792e+01 1.668463332576951563e+00 1.930242000000000000e+06
1.204539491969681819e+01 1.657447429575760856e+00 1.942442000000000000e+06
1.207606591889535608e+01 1.648082166934633497e+00 1.951734000000000000e+06
1.210668159911830344e+01 1.639141721241974770e+00 1.955402000000000000e+06
1.213729590584212836e+01 1.628086302360514992e+00 1.971858000000000000e+06
1.216799463550970195e+01 1.624959695661943426e+00 1.984898000000000000e+06
1.219864337641968355e+01 1.616730860814066695e+00 1.986422000000000000e+06
1.222922477881376047e+01 1.604585912052525210e+00 1.996146000000000000e+06
1.225989282685840820e+01 1.596850264686139553e+00 2.017106000000000000e+06
1.229058821881884178e+01 1.591458118673408917e+00 2.020638000000000000e+06
1.232123136247960460e+01 1.580857576775966056e+00 2.029346000000000000e+06
1.235186527658106037e+01 1.572719796452918706e+00 2.041002000000000000e+06
1.238252216979992326e+01 1.564613687879304882e+00 2.051450000000000000e+06
1.241320937502392674e+01 1.555894178091143276e+00 2.065886000000000000e+06
1.244383941472429633e+01 1.546758342996474633e+00 2.064546000000000000e+06
1.247445220519574072e+01 1.539959906849446725e+00 2.082650000000000000e+06
1.250512629307856827e+01 1.533081135672223150e+00 2.095182000000000000e+06
1.253580287130877480e+01 1.527573993050168832e+00 2.101346000000000000e+06
1.256646238438352015e+01 1.517484545419308661e+00 2.115554000000000000e+06
1.259708474717591109e+01 1.507857499383169486e+00 2.115654000000000000e+06
1.262774588521747354e+01 1.501070494790912591e+00 2.141066000000000000e+06
1.265841835076503408e+01 1.492410572832984395e+00 2.139786000000000000e+06
1.268903676420887017e+01 1.484632134901835432e+00 2.152202000000000000e+06
1.271964770975900549e+01 1.479607706495715602e+00 2.161086000000000000e+06
1.275028968623544934e+01 1.471828875884741983e+00 2.176058000000000000e+06
1.278098460469567499e+01 1.461596992538859885e+00 2.190818000000000000e+06
1.281164046729207939e+01 1.456695158450463268e+00 2.191158000000000000e+06
1.284225815563851825e+01 1.448307134494226212e+00 2.205314000000000000e+06
1.287289056249479380e+01 1.443186557402798664e+00 2.215554000000000000e+06
1.290355625633802639e+01 1.434295706642541246e+00 2.230562000000000000e+06
1.293423770049094124e+01 1.426869429285582358e+00 2.239614000000000000e+06
1.296488169854081285e+01 1.420323052082507642e+00 2.245706000000000000e+06
1.299551871653742019e+01 1.411729745087123344e+00 2.259674000000000000e+06
1.302618975751721919e+01 1.406239359778709730e+00 2.273214000000000000e+06
1.305685244694570457e+01 1.398862538298632385e+00 2.278802000000000000e+06
1.308750998994310244e+01 1.392507042179845556e+00 2.294034000000000000e+06
1.311813220161915972e+01 1.384593052896325949e+00 2.294942000000000000e+06
1.314876333796909336e+01 1.377315659998705089e+00 2.317050000000000000e+06
1.317943307318251733e+01 1.371655067370058045e+00 2.322842000000000000e+06
1.321006023701692200e+01 1.365541271060275230e+00 2.330810000000000000e+06
1.324068959969416603e+01 1.360169278392878267e+00 2.345958000000000000e+06
1.327132733229817774e+01 1.352689151787952460e+00 2.353586000000000000e+06
1.330202137818103125e+01 1.344729316853308321e+00 2.376210000000000000e+06
1.333270765674768299e+01 1.336802411621468289e+00 2.374502000000000000e+06
1.336332360429498145e+01 1.330011238940203899e+00 2.386346000000000000e+06
1.339396115374925600e+01 1.324993628488402519e+00 2.401314000000000000e+06
1.342462950449915837e+01 1.317862593045677988e+00 2.411450000000000000e+06
1.345527227069447385e+01 1.311675399612842075e+00 2.420718000000000000e+06
1.348587288323711597e+01 1.304624768216397834e+00 2.425754000000000000e+06
1.351655033488228952e+01 1.298741191209904722e+00 2.455218000000000000e+06
1.354723943126051466e+01 1.293622105296657443e+00 2.450942000000000000e+06
1.357787602620414091e+01 1.284492304823823483e+00 2.467130000000000000e+06
1.360850969175125869e+01 1.280834499049244402e+00 2.474874000000000000e+06
1.363916260858142593e+01 1.273515055240964866e+00 2.490362000000000000e+06
1.366981104919095991e+01 1.268525768351038474e+00 2.498142000000000000e+06
1.370042868629872679e+01 1.260844644587948649e+00 2.507090000000000000e+06
1.373107732768572298e+01 1.254464847823969498e+00 2.525562000000000000e+06
1.376175426428364190e+01 1.249475485713248624e+00 2.534726000000000000e+06
1.379244642300857926e+01 1.245193646354022521e+00 2.549906000000000000e+06
1.382309257737347785e+01 1.237657649288103734e+00 2.551074000000000000e+06
1.385373333418663933e+01 1.230746018013756604e+00 2.570702000000000000e+06
1.388438231685893065e+01 1.226961360064816597e+00 2.574642000000000000e+06
1.391502673172247206e+01 1.219057938387072548e+00 2.594066000000000000e+06
1.394566139702082808e+01 1.214558471128047490e+00 2.594802000000000000e+06
1.397626403373048554e+01 1.208751048035435982e+00 2.612030000000000000e+06
1.400692990380277614e+01 1.202499358816782937e+00 2.627954000000000000e+06
1.403762665833372836e+01 1.199241346582830881e+00 2.640402000000000000e+06
1.406826249291076536e+01 1.191938417250499205e+00 2.641454000000000000e+06
1.409889778741170652e+01 1.185558152762343553e+00 2.661834000000000000e+06
1.412955070116482226e+01 1.180136714549790966e+00 2.669138000000000000e+06
1.416021112645075775e+01 1.175030020209634873e+00 2.684858000000000000e+06
1.419087385297501669e+01 1.169878448055057474e+00 2.693910000000000000e+06
1.422149875684323916e+01 1.166217008515435971e+00 2.701682000000000000e+06
1.425216427801141883e+01 1.157834434814290825e+00 2.722698000000000000e+06
1.428282043751237218e+01 1.154201962967230433e+00 2.725262000000000000e+06
1.431346230054741042e+01 1.148031322357745854e+00 2.742450000000000000e+06
1.434410509664010824e+01 1.143841118606469420e+00 2.749850000000000000e+06
1.437474217852985525e+01 1.138295876626595371e+00 2.763902000000000000e+06
1.440540590632776841e+01 1.132075135558852308e+00 2.778498000000000000e+06
1.443604895983575531e+01 1.128211134374562441e+00 2.784530000000000000e+06
1.446670970857448424e+01 1.121754223984400056e+00 2.804106000000000000e+06
1.449736904962689010e+01 1.116461728456574987e+00 2.809790000000000000e+06
1.452802375701152648e+01 1.112945026261407788e+00 2.825058000000000000e+06
1.455867443991712307e+01 1.106097119954274843e+00 2.834330000000000000e+06
1.458929057279699038e+01 1.103135109439687733e+00 2.842022000000000000e+06
1.461994280853970452e+01 1.096204246507728186e+00 2.864754000000000000e+06
1.465058249564759585e+01 1.093555813065212989e+00 2.864186000000000000e+06
1.468117988573594168e+01 1.087064574247674331e+00 2.879538000000000000e+06
1.471182673337874292e+01 1.081592861966425456e+00 2.899454000000000000e+06
1.474248363238804060e+01 1.076879447349374574e+00 2.904258000000000000e+06
1.477317496500613103e+01 1.072242182706227620e+00 2.930234000000000000e+06
1.480386910161793779e+01 1.069504588796958977e+00 2.929526000000000000e+06
1.483450217940607452e+01 1.060916918668235454e+00 2.942442000000000000e+06
1.486516698446851059e+01 1.057354828577314887e+00 2.960810000000000000e+06
1.489582703702377664e+01 1.053866518671116026e+00 2.964954000000000000e+06
1.492646528006037521e+01 1.048198536688460969e+00 2.980910000000000000e+06
1.495710544900555306e+01 1.044133056144177507e+00 2.990978000000000000e+06
1.498776269392421945e+01 1.039015988025106862e+00 3.007626000000000000e+06
1.501843370546180267e+01 1.033358218792872041e+00 3.019166000000000000e+06
1.504905569365952722e+01 1.029862731663075293e+00 3.021090000000000000e+06
1.507968813668374430e+01 1.025250554984293849e+00 3.047834000000000000e+06
1.511037332515695297e+01 1.021720682421398241e+00 3.055590000000000000e+06
1.514104424704462026e+01 1.017348933338460659e+00 3.068546000000000000e+06
1.517163880420388011e+01 1.013518681408964284e+00 3.067274000000000000e+06
1.520226772397046489e+01 1.006756732766139306e+00 3.098058000000000000e+06
1.523296937728429157e+01 1.003366284855272239e+00 3.109214000000000000e+06
1.526361904753517074e+01 9.970784120450119081e-01 3.110466000000000000e+06
1.529421425129691947e+01 9.943559821660046261e-01 3.124370000000000000e+06
1.532485231670361081e+01 9.906972387660479828e-01 3.144174000000000000e+06
1.535555551766698201e+01 9.849866592361542494e-01 3.161738000000000000e+06
1.538620301937812407e+01 9.812940482105390050e-01 3.159890000000000000e+06
1.541679818315905770e+01 9.770562117967145355e-01 3.174138000000000000e+06
1.544743875163359270e+01 9.726633219918108253e-01 3.195926000000000000e+06
1.547813884141497276e+01 9.689822400670613511e-01 3.211386000000000000e+06
1.550883091269481717e+01 9.658535948963039575e-01 3.219314000000000000e+06
1.553946294611858292e+01 9.611197540593781063e-01 3.225494000000000000e+06
1.557009342916842165e+01 9.564460910847656372e-01 3.242562000000000000e+06
1.560074559370220371e+01 9.529090239297610676e-01 3.257450000000000000e+06
1.563140821530218894e+01 9.488486649915971460e-01 3.269118000000000000e+06
1.566204787145430899e+01 9.435993601571244227e-01 3.278930000000000000e+06
1.569265004490419813e+01 9.397804755602208182e-01 3.286650000000000000e+06
1.572331415106903485e+01 9.360411685425781281e-01 3.316610000000000000e+06
1.575400933951588378e+01 9.324966386094168946e-01 3.321542000000000000e+06
1.578464652652455058e+01 9.286022439612350299e-01 3.328578000000000000e+06
1.581527512713691763e+01 9.243357546051297335e-01 3.345074000000000000e+06
1.584593159202205293e+01 9.215417501813077950e-01 3.361686000000000000e+06
1.587658751981395078e+01 9.159760805194018252e-01 3.369722000000000000e+06
1.590722339945609676e+01 9.132170360589491054e-01 3.385290000000000000e+06
1.593785107536400147e+01 9.093216753111573736e-01 3.391370000000000000e+06
1.596852352225685401e+01 9.044412798724849045e-01 3.422966000000000000e+06
1.599920243251385621e+01 9.004195157357515189e-01 3.419538000000000000e+06
1.602985553152441156e+01 8.967971085653522190e-01 3.441890000000000000e+06
1.606050898189369747e+01 8.937813516835858563e-01 3.447582000000000000e+06
1.609116293617333326e+01 8.883147813604023169e-01 3.466298000000000000e+06
1.612177218423172320e+01 8.851339538410140095e-01 3.466194000000000000e+06
1.615238659316504766e+01 8.801522567468733627e-01 3.492062000000000000e+06
1.618304433395858055e+01 8.774927821361223623e-01 3.503114000000000000e+06
1.621369564724469114e+01 8.737810429251444688e-01 3.517146000000000000e+06
1.624437349555979182e+01 8.714140117984922052e-01 3.535706000000000000e+06
1.627503011624142815e+01 8.668188246488021109e-01 3.539742000000000000e+06
1.630567747321957484e+01 8.634508322987789475e-01 3.558698000000000000e+06
1.633633444718754291e+01 8.594608251482722672e-01 3.570122000000000000e+06
1.636699228812523543e+01 8.550645659039142199e-01 3.585174000000000000e+06
1.639764059090457948e+01 8.525930121853571020e-01 3.594314000000000000e+06
1.642828590068688399e+01 8.495259059568833759e-01 3.612258000000000000e+06
1.645893007191645907e+01 8.458446745308790815e-01 3.620282000000000000e+06
1.648957199783176364e+01 8.424944450215137159e-01 3.639078000000000000e+06
1.652022897904334187e+01 8.383151392294100335e-01 3.650450000000000000e+06
1.655086391605456342e+01 8.359729072179139520e-01 3.661418000000000000e+06
1.658149960773415188e+01 8.322190481317912614e-01 3.677694000000000000e+06
1.661216865362178652e+01 8.288426635656380714e-01 3.695978000000000000e+06
1.664282501558284721e+01 8.240402559137519622e-01 3.702810000000000000e+06
1.667345451826077252e+01 8.220263271622711976e-01 3.716162000000000000e+06
1.670412303906892859e+01 8.184048315363195991e-01 3.740094000000000000e+06
1.673478210225302121e+01 8.144765345951862079e-01 3.740954000000000000e+06
1.676541740863294194e+01 8.112617809455386908e-01 3.760946000000000000e+06
1.679608408952596577e+01 8.078647865509102077e-01 3.778278000000000000e+06
1.682674466654829359e+01 8.043869199946523940e-01 3.784922000000000000e+06
1.685739723155478487e+01 8.026049952881085803e-01 3.805266000000000000e+06
1.688803548841513802e+01 7.981770949600361931e-01 3.807686000000000000e+06
1.691867153120264078e+01 7.947103281130563079e-01 3.833130000000000000e+06
1.694932872530407053e+01 7.920343668676264048e-01 3.841898000000000000e+06
1.697998566510549878e+01 7.877859522653012370e-01 3.858074000000000000e+06
1.701062828430612228e+01 7.850349343262580382e-01 3.868974000000000000e+06
1.704127533600995648e+01 7.819766858274724841e-01 3.885362000000000000e+06
1.707192414656785573e+01 7.786706478994636083e-01 3.898290000000000000e+06
1.710255181072696473e+01 7.763524950772060507e-01 3.907334000000000000e+06
1.713319071172596608e+01 7.728290058110381944e-01 3.928730000000000000e+06
1.716382735984657515e+01 7.706841271268631832e-01 3.936666000000000000e+06
1.719448998954597485e+01 7.663717711101226682e-01 3.961346000000000000e+06
1.722518713228848242e+01 7.645525751715263052e-01 3.975774000000000000e+06
1.725581491968389614e+01 7.605041905682116132e-01 3.970106000000000000e+06
1.728643657196136019e+01 7.574492214919676947e-01 4.003170000000000000e+06
1.731713759204037117e+01 7.546203463166846204e-01 4.019558000000000000e+06
1.734781987893603983e+01 7.506915667115953150e-01 4.025642000000000000e+06
1.737842365147297841e+01 7.478915302267784559e-01 4.028514000000000000e+06
1.740905079503025732e+01 7.461272582781979246e-01 4.059398000000000000e+06
1.743972443769684233e+01 7.415826795954663098e-01 4.069674000000000000e+06
1.747038028370268492e+01 7.397835858577201940e-01 4.083698000000000000e+06
1.750102745774862356e+01 7.359050573719052579e-01 4.095210000000000000e+06
1.753166500950241513e+01 7.334075048448881473e-01 4.110518000000000000e+06
1.756231498081562137e+01 7.314194240158959914e-01 4.126850000000000000e+06
1.759296617687713393e+01 7.275840109716784632e-01 4.140114000000000000e+06
1.762357382681691220e+01 7.244685176650007552e-01 4.144070000000000000e+06
1.765421428885442268e+01 7.213327523670902686e-01 4.175802000000000000e+06
1.768489852398702311e+01 7.187396278118628468e-01 4.187882000000000000e+06
1.771556950276492870e+01 7.161965827231053794e-01 4.199250000000000000e+06
1.774620783297953963e+01 7.139338340627453539e-01 4.209326000000000000e+06
1.777682774493507267e+01 7.108342826961746574e-01 4.222130000000000000e+06
1.780750401021129292e+01 7.090772938547685866e-01 4.254258000000000000e+06
1.783817993206895025e+01 7.056315752838697719e-01 4.252478000000000000e+06
1.786881799063985099e+01 7.028982147648932255e-01 4.270698000000000000e+06
1.789943445534976263e+01 6.995182699324610232e-01 4.278122000000000000e+06
1.793009336077801663e+01 6.963964112375745641e-01 4.309898000000000000e+06
1.796077930716451831e+01 6.948867887379406305e-01 4.317150000000000000e+06
1.799143485791619668e+01 6.920300214934159699e-01 4.329698000000000000e+06
1.802207283970281892e+01 6.888358920629391591e-01 4.340826000000000000e+06
1.805270571152597725e+01 6.867477790342669808e-01 4.359590000000000000e+06
1.808336667793345498e+01 6.835827135953939093e-01 4.376850000000000000e+06
1.811401323573930355e+01 6.815087581160578223e-01 4.386674000000000000e+06
1.814464766537982499e+01 6.786019275829653363e-01 4.401782000000000000e+06
1.817529082465190982e+01 6.751720895816221146e-01 4.419210000000000000e+06
1.820598375993449736e+01 6.740037967093985838e-01 4.446482000000000000e+06
1.823663229521417861e+01 6.708721165383174645e-01 4.435554000000000000e+06
1.826725204091361476e+01 6.684085623103854790e-01 4.468934000000000000e+06
1.829791582036300213e+01 6.660217971480576482e-01 4.477650000000000000e+06
1.832855470139352150e+01 6.637197860357703094e-01 4.491218000000000000e+06
1.835919789777245015e+01 6.609883849574690329e-01 4.510358000000000000e+06
1.838983691066674098e+01 6.578803052453926492e-01 4.518594000000000000e+06
1.842048618686847306e+01 6.555550763410682436e-01 4.544474000000000000e+06
1.845114961348761540e+01 6.536205393644863859e-01 4.552098000000000000e+06
1.848180953853236019e+01 6.508367231403784370e-01 4.574990000000000000e+06
1.851245222260127932e+01 6.487602709947762891e-01 4.577210000000000000e+06
1.854311068981073518e+01 6.456219432114936874e-01 4.608186000000000000e+06
1.857377018063706586e+01 6.435933445808618147e-01 4.610198000000000000e+06
1.860440390017229007e+01 6.414783821116818441e-01 4.628898000000000000e+06
1.863503114498546864e+01 6.389628585033515495e-01 4.641170000000000000e+06
1.866567550024189615e+01 6.357816428316198643e-01 4.662462000000000000e+06
1.869635147958381793e+01 6.342947322641185881e-01 4.681442000000000000e+06
1.872700405237336696e+01 6.322388728308286909e-01 4.687850000000000000e+06
1.875765137982478592e+01 6.294647616450668171e-01 4.708818000000000000e+06
1.878830446025693490e+01 6.275153901253279765e-01 4.721534000000000000e+06
1.881894131346886212e+01 6.248866414383120738e-01 4.732770000000000000e+06
1.884957303362655523e+01 6.229948335341041199e-01 4.753346000000000000e+06
1.888023809980736090e+01 6.201160052848527782e-01 4.772886000000000000e+06
1.891090871260763606e+01 6.180859305284864824e-01 4.785098000000000000e+06
1.894154790414986422e+01 6.151330839551453211e-01 4.795394000000000000e+06
1.897218362658022173e+01 6.129528627627915949e-01 4.813986000000000000e+06
1.900283385206392595e+01 6.106563805312774651e-01 4.832654000000000000e+06
1.903350235720601091e+01 6.080824652809998510e-01 4.849362000000000000e+06
1.906415148299372575e+01 6.061235751767791724e-01 4.858322000000000000e+06
1.909476996524363557e+01 6.039783437063642735e-01 4.871286000000000000e+06
1.912540633843168436e+01 6.013407752172393872e-01 4.894370000000000000e+06
1.915607775651777800e+01 5.986944645091716311e-01 4.914650000000000000e+06
1.918673093358846060e+01 5.970625905296669256e-01 4.919658000000000000e+06
1.921737109038362945e+01 5.950177856006448884e-01 4.941638000000000000e+06
1.924805333354893122e+01 5.926278213612128365e-01 4.965954000000000000e+06
1.927873600716220892e+01 5.903513235728925501e-01 4.971770000000000000e+06
1.930937881190103056e+01 5.877091129794761448e-01 4.985702000000000000e+06
1.934000064256855111e+01 5.865937369028447756e-01 4.996314000000000000e+06
1.937063530033629988e+01 5.844030021958640519e-01 5.021258000000000000e+06
1.940129903902628072e+01 5.821097972201878523e-01 5.038470000000000000e+06
1.943195223680148231e+01 5.797005389644988016e-01 5.048570000000000000e+06
1.946259388837266968e+01 5.775975938999792225e-01 5.067786000000000000e+06
1.949325378056333591e+01 5.757745945344211469e-01 5.084402000000000000e+06
1.952391920669563774e+01 5.740207940930653896e-01 5.104238000000000000e+06
1.955454529668766028e+01 5.718209330267802759e-01 5.101890000000000000e+06
1.958515229432341798e+01 5.694205525817442881e-01 5.129594000000000000e+06
1.961580259908011215e+01 5.679366687602421804e-01 5.149086000000000000e+06
1.964647598754564939e+01 5.660740894368052611e-01 5.168834000000000000e+06
1.967711671408318352e+01 5.639284972698830334e-01 5.172306000000000000e+06
1.970776054518702480e+01 5.614754949686664443e-01 5.199218000000000000e+06
1.973843058927628391e+01 5.596953654828077385e-01 5.215430000000000000e+06
1.976909383957853095e+01 5.577612713245538867e-01 5.229066000000000000e+06
1.979974730224805413e+01 5.558367003334903078e-01 5.244530000000000000e+06
1.983040459772927377e+01 5.537588806107694994e-01 5.262870000000000000e+06
1.986105281425653857e+01 5.520180227373333581e-01 5.272562000000000000e+06
1.989167915855331970e+01 5.492465829555520651e-01 5.290098000000000000e+06
1.992233512457928057e+01 5.475214503802716681e-01 5.314358000000000000e+06
1.995299022425723834e+01 5.451363353324196748e-01 5.322098000000000000e+06
1.998362696967681629e+01 5.441732543522536103e-01 5.341026000000000000e+06
2.001429805344872292e+01 5.414421249826248950e-01 5.366858000000000000e+06
2.004496752307381513e+01 5.401912521941895085e-01 5.374422000000000000e+06
2.007558003312327344e+01 5.380827040405524730e-01 5.377730000000000000e+06
2.010619663165178039e+01 5.362314004669640477e-01 5.409410000000000000e+06
2.013687553158347754e+01 5.340835062257844879e-01 5.434014000000000000e+06
2.016755016454825267e+01 5.320601733959294810e-01 5.438882000000000000e+06
2.019818861724741410e+01 5.295433451767885824e-01 5.456178000000000000e+06
2.022882364752918605e+01 5.288440793075164237e-01 5.469242000000000000e+06
2.025947582076963727e+01 5.261920838022958735e-01 5.496174000000000000e+06
2.029013497277836109e+01 5.251652429466373562e-01 5.505530000000000000e+06
2.032077646713278085e+01 5.233809141560117340e-01 5.521202000000000000e+06
2.035142410046669426e+01 5.208132445041833147e-01 5.544126000000000000e+06
2.038209715392332910e+01 5.192636615201221550e-01 5.560106000000000000e+06
2.041276704522988084e+01 5.170054091990435863e-01 5.579754000000000000e+06
2.044339434596270522e+01 5.155491036122713533e-01 5.576270000000000000e+06
2.047400433812566689e+01 5.133571708062116823e-01 5.607138000000000000e+06
2.050465414558887645e+01 5.116458128371317304e-01 5.625026000000000000e+06
2.053532389370018763e+01 5.099930083032597761e-01 5.646698000000000000e+06
2.056596192186154326e+01 5.082477360214660012e-01 5.649126000000000000e+06
2.059659481650145807e+01 5.065380395508870537e-01 5.676434000000000000e+06
2.062723563822306616e+01 5.048511468648866352e-01 5.687418000000000000e+06
2.065789501103831682e+01 5.031931495513337627e-01 5.715830000000000000e+06
2.068857363042259578e+01 5.012903175132348288e-01 5.729210000000000000e+06
2.071923747383037551e+01 4.993172958789528493e-01 5.744802000000000000e+06
2.074987498351558557e+01 4.974259207941929550e-01 5.752154000000000000e+06
2.078053041960519209e+01 4.961981424662250673e-01 5.786382000000000000e+06
2.081118017348725502e+01 4.945736155346009411e-01 5.784146000000000000e+06
2.084180966840007443e+01 4.927814528403106076e-01 5.812146000000000000e+06
2.087246873484020426e+01 4.909019314372867204e-01 5.830166000000000000e+06
2.090312912726902539e+01 4.892012282217299557e-01 5.845850000000000000e+06
2.093378037566929351e+01 4.874855743826279619e-01 5.862834000000000000e+06
2.096442457626876177e+01 4.859275321277875537e-01 5.876066000000000000e+06
2.099509039179685033e+01 4.839127838243207358e-01 5.905854000000000000e+06
2.102573351815310332e+01 4.824402848800309895e-01 5.902274000000000000e+06
2.105635720643528686e+01 4.811022383447153827e-01 5.931258000000000000e+06
2.108702218704524967e+01 4.796269617660285922e-01 5.954966000000000000e+06
2.111769024571999509e+01 4.770698547913230780e-01 5.965346000000000000e+06
2.114832577809379899e+01 4.760565644521128070e-01 5.977818000000000000e+06
2.117897364467428645e+01 4.746918589682313505e-01 6.004718000000000000e+06
2.120962225056029737e+01 4.733027945811055792e-01 6.011706000000000000e+06
2.124028003416142241e+01 4.711356452527965533e-01 6.045770000000000000e+06
2.127093375519878649e+01 4.692660586144101753e-01 6.041586000000000000e+06
2.130156165599708373e+01 4.679104770065564134e-01 6.073166000000000000e+06
2.133219920491698574e+01 4.665581064662026600e-01 6.078962000000000000e+06
2.136285116966709907e+01 4.646271469080958116e-01 6.114258000000000000e+06
2.139352427845574667e+01 4.633606322040879077e-01 6.123086000000000000e+06
2.142417268630640592e+01 4.616309149601500184e-01 6.136770000000000000e+06
2.145480354384202215e+01 4.600426359624480988e-01 6.154898000000000000e+06
2.148545706546140721e+01 4.580279383226971701e-01 6.178610000000000000e+06
2.151612653279159915e+01 4.571018841293827406e-01 6.197982000000000000e+06
2.154677833320419822e+01 4.556465401795426473e-01 6.205322000000000000e+06
2.157739246519214760e+01 4.534569092356304232e-01 6.218850000000000000e+06
2.160802636633691876e+01 4.521608543474065489e-01 6.249542000000000000e+06
2.163871370337264111e+01 4.502457784692928677e-01 6.274146000000000000e+06
2.166936190194067180e+01 4.492224143820924831e-01 6.270242000000000000e+06
2.169999864745664908e+01 4.477975160906308982e-01 6.305222000000000000e+06
2.173068313923396389e+01 4.461911302815197433e-01 6.325026000000000000e+06
2.176134463504373429e+01 4.447139430965826312e-01 6.331922000000000000e+06
2.179196928002131983e+01 4.429503895046706385e-01 6.343698000000000000e+06
2.182260671813147823e+01 4.417167386282818131e-01 6.375158000000000000e+06
2.185327640589686382e+01 4.407702272996777970e-01 6.392178000000000000e+06
2.188395164505502422e+01 4.394183235285036848e-01 6.412826000000000000e+06
2.191457418339750873e+01 4.375278403041136799e-01 6.407078000000000000e+06
2.194519964934411504e+01 4.355233458551348025e-01 6.447954000000000000e+06
2.197584874950450384e+01 4.346645676457932539e-01 6.456026000000000000e+06
2.200650103817257985e+01 4.330289689933746189e-01 6.482034000000000000e+06
2.203714959817343200e+01 4.316563471545283859e-01 6.492878000000000000e+06
2.206776146081951495e+01 4.300507422708508276e-01 6.502074000000000000e+06
2.209840900715284917e+01 4.288386472115703341e-01 6.542930000000000000e+06
2.212909435360047894e+01 4.274953260822152434e-01 6.556598000000000000e+06
2.215976446255987753e+01 4.259223281022413987e-01 6.570330000000000000e+06
2.219040287241333331e+01 4.238577962959530487e-01 6.581882000000000000e+06
2.222105997311332359e+01 4.228623513545312074e-01 6.612546000000000000e+06
2.225173735653976692e+01 4.223173760700187351e-01 6.628622000000000000e+06
2.228236906003313322e+01 4.203981960625073344e-01 6.629498000000000000e+06
2.231299123139654839e+01 4.190468145812216161e-01 6.659250000000000000e+06
2.234365539181282045e+01 4.174783869473045472e-01 6.686006000000000000e+06
2.237431906113462787e+01 4.155234795375890022e-01 6.693786000000000000e+06
2.240495119889733289e+01 4.144591178138475329e-01 6.711554000000000000e+06
2.243559874147591060e+01 4.130155865526826120e-01 6.735678000000000000e+06
2.246626223308657444e+01 4.118364266115390748e-01 6.754754000000000000e+06
2.249693164364150988e+01 4.106348787070744910e-01 6.776570000000000000e+06
2.252754695231501358e+01 4.095673312356277740e-01 6.767394000000000000e+06
2.255817384037303697e+01 4.078818804718984947e-01 6.818246000000000000e+06
2.258886124968342557e+01 4.064555010261234891e-01 6.830562000000000000e+06
2.261950951352502059e+01 4.051449982497917768e-01 6.839186000000000000e+06
2.265014298397850823e+01 4.039944766873298510e-01 6.861462000000000000e+06
2.268078975948035492e+01 4.026536852395371513e-01 6.880394000000000000e+06
2.271145371109907174e+01 4.013684749401275065e-01 6.907178000000000000e+06
2.274211585654432000e+01 4.003571472975266388e-01 6.917034000000000000e+06
2.277276196539026643e+01 3.982738953700049600e-01 6.937934000000000000e+06
2.280339367570849163e+01 3.975584223973515074e-01 6.947250000000000000e+06
2.283404335172724586e+01 3.961581577249042030e-01 6.982106000000000000e+06
2.286471099297079590e+01 3.945509596012875542e-01 6.995718000000000000e+06
2.289535670710002435e+01 3.937091407887499672e-01 7.006682000000000000e+06
2.292600245201877840e+01 3.923474736443247068e-01 7.035866000000000000e+06
2.295667389567964989e+01 3.911455165853665039e-01 7.054110000000000000e+06
2.298731368920699225e+01 3.900586596713449539e-01 7.059194000000000000e+06
2.301794844000150775e+01 3.887820049121506472e-01 7.091802000000000000e+06
2.304859935862412001e+01 3.872966634397392860e-01 7.100666000000000000e+06
2.307924172520139550e+01 3.860142697434588155e-01 7.129070000000000000e+06
2.310990061408635654e+01 3.848283604091228827e-01 7.143282000000000000e+06
2.314054307017327616e+01 3.836822462166349923e-01 7.161482000000000000e+06
2.317119382566526298e+01 3.819762887605234192e-01 7.184694000000000000e+06
2.320185734324556392e+01 3.810351567217487023e-01 7.203914000000000000e+06
2.323250807215323377e+01 3.801078320483851081e-01 7.219746000000000000e+06
2.326313843972289419e+01 3.785219309761705953e-01 7.228634000000000000e+06
2.329379144080670727e+01 3.772817344358284086e-01 7.271990000000000000e+06
2.332444777960088445e+01 3.761479283964052067e-01 7.266786000000000000e+06
2.335507087774779578e+01 3.749864608255126242e-01 7.293650000000000000e+06
2.338572972711217801e+01 3.736716089898453053e-01 7.324086000000000000e+06
2.341640604770795875e+01 3.727083319139078421e-01 7.338650000000000000e+06
2.344705630354619430e+01 3.715821368500000221e-01 7.351962000000000000e+06
2.347766959470004267e+01 3.701369680543794560e-01 7.357190000000000000e+06
2.350831446175642370e+01 3.689070356338783885e-01 7.406042000000000000e+06
2.353898224311427256e+01 3.675567169944872203e-01 7.408626000000000000e+06
2.356963575235109332e+01 3.666943599785357222e-01 7.435610000000000000e+06
2.360029901858758095e+01 3.653857790027881802e-01 7.453542000000000000e+06
2.363094388425705006e+01 3.640620340133884913e-01 7.464002000000000000e+06
2.366159032137904816e+01 3.632517569118812184e-01 7.493546000000000000e+06
2.369224972351527114e+01 3.617296199635564591e-01 7.510806000000000000e+06
2.372291508578891595e+01 3.608136772757289390e-01 7.532114000000000000e+06
2.375354632645621322e+01 3.594588490750154630e-01 7.536234000000000000e+06
2.378417204300768972e+01 3.582640724076155969e-01 7.565834000000000000e+06
2.381484989613622716e+01 3.572874981158906671e-01 7.603062000000000000e+06
2.384550834037956690e+01 3.563249533506542832e-01 7.593890000000000000e+06
2.387612970652009281e+01 3.549483294166292935e-01 7.622906000000000000e+06
2.390677281995975534e+01 3.536172573981034017e-01 7.646622000000000000e+06
2.393744201491479373e+01 3.528359339827722985e-01 7.672058000000000000e+06
2.396809205963029044e+01 3.519121940852776298e-01 7.679346000000000000e+06
2.399871140417699422e+01 3.506966280508999056e-01 7.693058000000000000e+06
2.402935365105090071e+01 3.495950289686268753e-01 7.732158000000000000e+06
2.406002599393818642e+01 3.484959652570904232e-01 7.746962000000000000e+06
2.409069744544645886e+01 3.476556900244062165e-01 7.770986000000000000e+06
2.412133809379787408e+01 3.462588074719631370e-01 7.772094000000000000e+06
2.415197098395899289e+01 3.451524945866241700e-01 7.803818000000000000e+06
2.418264178024068300e+01 3.440032201827391001e-01 7.834338000000000000e+06
2.421329665107611007e+01 3.431876786350273600e-01 7.833710000000000000e+06
2.424392248425750651e+01 3.415075837335855846e-01 7.858794000000000000e+06
2.427456797443234393e+01 3.407745339149118036e-01 7.884290000000000000e+06
2.430522057461229224e+01 3.397804562209660317e-01 7.901522000000000000e+06
2.433588276096136127e+01 3.386143237475005563e-01 7.930662000000000000e+06
2.436653439930566023e+01 3.374790753609649974e-01 7.934426000000000000e+06
2.439717972712892902e+01 3.364385486114405688e-01 7.967322000000000000e+06
2.442783693810555690e+01 3.352175049305092802e-01 7.981934000000000000e+06
2.445848909686699457e+01 3.344772494584097311e-01 8.003282000000000000e+06
2.448913290943420407e+01 3.334700908990473889e-01 8.019666000000000000e+06
2.451976455905877472e+01 3.323807309544037913e-01 8.034482000000000000e+06
2.455040989797941720e+01 3.309153314192329054e-01 8.068542000000000000e+06
2.458107931780205035e+01 3.302699643558774656e-01 8.088290000000000000e+06
2.461173000312667725e+01 3.292540118834206275e-01 8.096322000000000000e+06
2.464236413023569838e+01 3.282018261044492569e-01 8.122646000000000000e+06
2.467302878003126310e+01 3.273504080544403227e-01 8.150138000000000000e+06
2.470369018584469600e+01 3.262558414720203581e-01 8.165322000000000000e+06
2.473434237152199699e+01 3.250163396016950146e-01 8.182574000000000000e+06
2.476499023106570618e+01 3.241702400551556007e-01 8.203698000000000000e+06
2.479564135983178019e+01 3.232569952718601369e-01 8.226914000000000000e+06
2.482630207602976569e+01 3.222307345137529477e-01 8.246898000000000000e+06
2.485694583618992226e+01 3.210549271863403775e-01 8.261774000000000000e+06
2.488758109348702163e+01 3.201236716168487928e-01 8.279426000000000000e+06
2.491822262853785119e+01 3.192633897246772712e-01 8.308722000000000000e+06
2.494887711239730166e+01 3.181406038807073622e-01 8.326214000000000000e+06
2.497951933488113241e+01 3.171750403527306417e-01 8.342682000000000000e+06
2.501014765446522503e+01 3.161732430042266118e-01 8.360834000000000000e+06
2.504079700598459723e+01 3.153651230170615993e-01 8.393226000000000000e+06
2.507147561161312765e+01 3.143507538464279105e-01 8.420150000000000000e+06
2.510213539337122413e+01 3.134440024003839476e-01 8.421986000000000000e+06
2.513276479637716321e+01 3.121786979762752878e-01 8.445714000000000000e+06
2.516340977761215569e+01 3.112740024006826478e-01 8.472590000000000000e+06
2.519407509340153695e+01 3.103818315152842011e-01 8.495370000000000000e+06
2.522473298638924888e+01 3.094842039084193530e-01 8.512802000000000000e+06
2.525536838388270056e+01 3.082946549982459872e-01 8.523290000000000000e+06
2.528603429285023196e+01 3.075999051217235269e-01 8.570982000000000000e+06
2.531670644975507045e+01 3.065263901626173459e-01 8.568458000000000000e+06
2.534733422191522578e+01 3.058108497783380564e-01 8.586498000000000000e+06
2.537795494299703947e+01 3.049372342701767713e-01 8.608838000000000000e+06
2.540861203384896783e+01 3.039205446463580929e-01 8.645610000000000000e+06
2.543928143685350562e+01 3.030140952366873197e-01 8.658386000000000000e+06
2.546991579144467366e+01 3.023208020489587811e-01 8.668598000000000000e+06
2.550054781656812253e+01 3.009774386122974765e-01 8.697426000000000000e+06
2.553119796550166498e+01 3.001344387119289081e-01 8.722562000000000000e+06
2.556185165324095010e+01 2.993326132569585352e-01 8.737962000000000000e+06
2.559251151955053771e+01 2.985217467837962824e-01 8.771366000000000000e+06
2.562315821371235458e+01 2.972901068406033076e-01 8.771010000000000000e+06
2.565382090549665151e+01 2.964973945375397602e-01 8.822618000000000000e+06
2.568447372340733637e+01 2.955074045218936130e-01 8.807726000000000000e+06
2.571509458014751104e+01 2.947047571754936035e-01 8.844618000000000000e+06
2.574574125894481469e+01 2.939228166132617504e-01 8.868722000000000000e+06
2.577640368018757400e+01 2.929040429430975756e-01 8.891394000000000000e+06
2.580706250709014782e+01 2.920376486181338049e-01 8.911934000000000000e+06
2.583770659642837231e+01 2.910980836038977171e-01 8.923938000000000000e+06
2.586834877557267376e+01 2.900889823873575302e-01 8.953682000000000000e+06
2.589901831076717187e+01 2.892933462451316440e-01 8.981966000000000000e+06
2.592967863857695932e+01 2.885201027936112328e-01 8.990442000000000000e+06
2.596030767966076525e+01 2.873582323642626668e-01 9.007874000000000000e+06
2.599095072903341830e+01 2.868922628676547903e-01 9.038982000000000000e+06
2.602162160336631658e+01 2.861176293506032531e-01 9.068570000000000000e+06
2.605229920594178594e+01 2.848900415508653916e-01 9.085250000000000000e+06
2.608293390061188077e+01 2.841610996082419849e-01 9.084690000000000000e+06
2.611356639902281529e+01 2.832760996308985035e-01 9.128654000000000000e+06
2.614421138741144901e+01 2.824361913771450960e-01 9.133170000000000000e+06
2.617487839855810350e+01 2.818934534538980463e-01 9.185882000000000000e+06
2.620552331238325294e+01 2.809130359149707989e-01 9.163254000000000000e+06
2.623615766102391333e+01 2.798098291455760611e-01 9.220130000000000000e+06
2.626683121971889179e+01 2.792833541532683816e-01 9.233138000000000000e+06
2.629748622418595616e+01 2.784533457276802682e-01 9.249378000000000000e+06
2.632813025222741032e+01 2.773827461427700869e-01 9.271550000000000000e+06
2.635876646472280527e+01 2.767767475107863473e-01 9.286266000000000000e+06
2.638941311560349590e+01 2.755585058389002917e-01 9.320762000000000000e+06
2.642004936527652958e+01 2.750167315019066971e-01 9.326718000000000000e+06
2.645067839992656289e+01 2.740663632723230880e-01 9.354602000000000000e+06
2.648132402671914321e+01 2.735108303152921638e-01 9.384122000000000000e+06
2.651197738732207654e+01 2.725723532048676123e-01 9.400482000000000000e+06
2.654263638111005719e+01 2.718689882936247137e-01 9.432638000000000000e+06
2.657329775687598072e+01 2.710066600221019417e-01 9.445314000000000000e+06
2.660396500218634941e+01 2.702138480514999497e-01 9.477290000000000000e+06
2.663462571825092340e+01 2.694028579070356089e-01 9.489182000000000000e+06
2.666526895415609388e+01 2.686052613807558553e-01 9.506706000000000000e+06
2.669591010301247636e+01 2.679404127007635195e-01 9.533978000000000000e+06
2.672655940300148814e+01 2.670577261368468069e-01 9.553662000000000000e+06
2.675721084773019953e+01 2.661289632262874294e-01 9.579506000000000000e+06
2.678787623421603570e+01 2.654193969815982213e-01 9.607866000000000000e+06
2.681852027510272052e+01 2.645925618477420471e-01 9.608354000000000000e+06
2.684915022005877461e+01 2.639099097436276020e-01 9.643862000000000000e+06
2.687981047524921863e+01 2.631296702224003581e-01 9.670578000000000000e+06
2.691046933508355110e+01 2.623773855813804623e-01 9.687890000000000000e+06
2.694109434462116326e+01 2.616460668581805371e-01 9.693294000000000000e+06
2.697172682553225798e+01 2.607324758726191627e-01 9.736034000000000000e+06
2.700239153870817432e+01 2.598568790113194860e-01 9.758946000000000000e+06
2.703305525052747527e+01 2.591295178215672901e-01 9.778994000000000000e+06
2.706370879858033973e+01 2.586177251094080032e-01 9.796814000000000000e+06
2.709435032875686744e+01 2.579419055867229749e-01 9.816882000000000000e+06
2.712501002342743917e+01 2.569702200311577700e-01 9.850514000000000000e+06
2.715565776732351821e+01 2.560195694791692622e-01 9.856062000000000000e+06
2.718629451122674467e+01 2.555827239122919203e-01 9.886706000000000000e+06
2.721695369136173071e+01 2.546476500963978373e-01 9.916194000000000000e+06
2.724760474761749407e+01 2.540679691610576718e-01 9.924854000000000000e+06
2.727825760225054097e+01 2.532337280868625085e-01 9.961490000000000000e+06
2.730892049079471917e+01 2.527133213843575921e-01 9.979098000000000000e+06
2.733956427726085892e+01 2.518087606476144269e-01 9.990266000000000000e+06
2.737018573225796914e+01 2.511780144976258344e-01 1.001239800000000000e+07
2.740081756735755647e+01 2.503575122091066807e-01 1.003881800000000000e+07
2.743146802938129625e+01 2.496473668502698917e-01 1.007208200000000000e+07
2.746211675527639429e+01 2.489983307992823247e-01 1.008267000000000000e+07
2.749277891738845980e+01 2.484235015596806817e-01 1.012322600000000000e+07
2.752344693109558449e+01 2.473067146437721575e-01 1.013483400000000000e+07
2.755409288101080278e+01 2.468347625216102126e-01 1.015145000000000000e+07
2.758474131651236760e+01 2.460826013602748774e-01 1.018411800000000000e+07
2.761539820084842489e+01 2.453577076435737581e-01 1.019981000000000000e+07
2.764605597842055928e+01 2.445921150971233915e-01 1.023038600000000000e+07
2.767670042623675997e+01 2.438502934168781666e-01 1.023833400000000000e+07
2.770734211947352676e+01 2.434346850157823594e-01 1.027159400000000000e+07
2.773800306428746509e+01 2.428027052310364475e-01 1.029841800000000000e+07
2.776865049495845383e+01 2.416025456557186479e-01 1.030681400000000000e+07
2.779929326773324405e+01 2.411893139996050817e-01 1.034130600000000000e+07
2.782995170379088989e+01 2.405570788399552795e-01 1.036284200000000000e+07
2.786061320752148163e+01 2.399898294649813468e-01 1.038883400000000000e+07
2.789125443722943132e+01 2.390420782578833447e-01 1.039563000000000000e+07
2.792188445130166841e+01 2.384449575947578670e-01 1.042536200000000000e+07
2.795253094588477083e+01 2.378616869999772565e-01 1.045427400000000000e+07
2.798318763838284440e+01 2.371203270303352817e-01 1.047829400000000000e+07
2.801384997205349237e+01 2.363977836980225844e-01 1.050181800000000000e+07
2.804449546843089891e+01 2.361162255903815621e-01 1.051481000000000000e+07
2.807514459055270706e+01 2.353454056852875287e-01 1.054884200000000000e+07
2.810579893174551813e+01 2.346010424302855668e-01 1.056646200000000000e+07
2.813644319397282700e+01 2.341135337273456130e-01 1.058681000000000000e+07
2.816709334499659789e+01 2.333976199991069089e-01 1.061495400000000000e+07
2.819773627008090600e+01 2.325757163871051691e-01 1.063105400000000000e+07
2.822838440275558369e+01 2.320175398284169965e-01 1.066236200000000000e+07
2.825903669354339343e+01 2.314087645134664528e-01 1.068335400000000000e+07
2.828968213955753441e+01 2.307185013446676480e-01 1.069929800000000000e+07
2.832033557002852930e+01 2.299681891298286929e-01 1.073878200000000000e+07
2.835098683749683346e+01 2.294857496163977550e-01 1.074420200000000000e+07
2.838163630947162730e+01 2.286709299950863139e-01 1.078218600000000000e+07
2.841227563085324093e+01 2.283808776031375776e-01 1.078496600000000000e+07
2.844292475750595273e+01 2.275969965860982491e-01 1.083393800000000000e+07
2.847359150819448459e+01 2.269489012768827196e-01 1.084813800000000000e+07
2.850425483773282664e+01 2.262606625892078227e-01 1.087376600000000000e+07
2.853490447676422903e+01 2.257056371056409549e-01 1.088697000000000000e+07
2.856554225700441307e+01 2.250468089544026828e-01 1.091244200000000000e+07
2.859618507886883876e+01 2.246021605424232959e-01 1.093669800000000000e+07
2.862683629450151912e+01 2.239630856503591061e-01 1.096614200000000000e+07
2.865746767483001278e+01 2.231926739847927832e-01 1.096874600000000000e+07
2.868810162725141666e+01 2.225910886294393543e-01 1.101460200000000000e+07
2.871877066728239924e+01 2.218700437045981189e-01 1.104277400000000000e+07
2.874944211863178012e+01 2.215539719209212166e-01 1.106147400000000000e+07
2.878008769129001720e+01 2.207736318520291396e-01 1.107245000000000000e+07
2.881071843644816255e+01 2.202326915517654471e-01 1.109692200000000000e+07
2.884138462527048929e+01 2.197687422969273052e-01 1.114652600000000000e+07
2.887205280920166572e+01 2.191661114401896038e-01 1.114560200000000000e+07
2.890268823669603648e+01 2.185149459521748827e-01 1.116844200000000000e+07
2.893330357639574046e+01 2.179563103262062151e-01 1.118108600000000000e+07
2.896397035628928762e+01 2.173742861627890877e-01 1.125011400000000000e+07
2.899465187815729905e+01 2.168087989919326442e-01 1.124210600000000000e+07
2.902529004403753632e+01 2.163406135895551696e-01 1.126544600000000000e+07
2.905592397674332972e+01 2.155844806029689475e-01 1.128549000000000000e+07
2.908658740450306013e+01 2.150888785226292010e-01 1.133592200000000000e+07
2.911724974944597477e+01 2.147024791418986334e-01 1.133013000000000000e+07
2.914787047086730354e+01 2.139561267804674927e-01 1.135727000000000000e+07
2.917851218588677753e+01 2.133119980177534680e-01 1.138909800000000000e+07
2.920917994379766469e+01 2.130332778431318630e-01 1.142664200000000000e+07
2.923984020518843607e+01 2.121455517358480092e-01 1.143135800000000000e+07
2.927048529662244292e+01 2.116870238411180938e-01 1.146229800000000000e+07
2.930112725521218664e+01 2.112648597001777484e-01 1.147920200000000000e+07
2.933177374858156128e+01 2.107003925195221339e-01 1.150974600000000000e+07
2.936240891911117856e+01 2.101911800873760838e-01 1.152306200000000000e+07
2.939304480459886548e+01 2.094584210567305427e-01 1.155621000000000000e+07
2.942370281367375640e+01 2.090777778794130071e-01 1.158828200000000000e+07
2.945435442424784256e+01 2.083926095675678325e-01 1.159964600000000000e+07
2.948501885409245915e+01 2.080479815245223074e-01 1.164527400000000000e+07
2.951568131644257065e+01 2.074841291410721988e-01 1.164933800000000000e+07
2.954630943029124168e+01 2.069476097919091540e-01 1.166538600000000000e+07
2.957696687066465202e+01 2.064650738961401055e-01 1.171928600000000000e+07
2.960762973599409165e+01 2.057831170699319367e-01 1.172073800000000000e+07
2.963827910425833423e+01 2.053828202187412688e-01 1.175507400000000000e+07
2.966892245050443577e+01 2.049106598819120661e-01 1.176716600000000000e+07
2.969958171988989903e+01 2.043682628105534249e-01 1.181334600000000000e+07
2.973025161634517843e+01 2.037296043702353787e-01 1.182545000000000000e+07
2.976087689384098667e+01 2.032864199234175051e-01 1.182881400000000000e+07
2.979151934159806103e+01 2.027105366034752387e-01 1.188441800000000000e+07
2.982218666376524396e+01 2.023067460546210949e-01 1.190037800000000000e+07
2.985282577868301601e+01 2.016711325711903480e-01 1.190800200000000000e+07
2.988344557129535062e+01 2.012803801810601201e-01 1.193747000000000000e+07
2.991409824346948909e+01 2.007435558575806078e-01 1.198134600000000000e+07
2.994476759374305530e+01 2.003090225379670908e-01 1.199815400000000000e+07
2.997541468366090101e+01 1.997965719796554462e-01 1.201579800000000000e+07
3.000606450866456854e+01 1.992570550693781584e-01 1.204658600000000000e+07
3.003672118713024020e+01 1.990515418165782757e-01 1.207322600000000000e+07
3.006737261500484948e+01 1.983348594674494980e-01 1.208937000000000000e+07
3.009802353665422459e+01 1.977281080584397666e-01 1.212366200000000000e+07
3.012866380509269604e+01 1.974205578720387710e-01 1.212901800000000000e+07
3.015929791586058428e+01 1.969183350593465276e-01 1.216869800000000000e+07
3.018994583799627307e+01 1.964200435236611586e-01 1.219107000000000000e+07
3.022062124794907234e+01 1.960090428518078687e-01 1.223729000000000000e+07
3.025129018624486932e+01 1.953313496930810800e-01 1.223743400000000000e+07
3.028193817926301890e+01 1.951197814405396247e-01 1.226943000000000000e+07
3.031258695709031059e+01 1.945146014335245588e-01 1.228831400000000000e+07
3.034322731892392966e+01 1.941850724195788858e-01 1.231200200000000000e+07
3.037386370818878234e+01 1.935814355786617258e-01 1.233378600000000000e+07
3.040449885904552829e+01 1.931912637852681303e-01 1.236265400000000000e+07
3.043516156591327615e+01 1.926609568408037820e-01 1.240528200000000000e+07
3.046582747350058895e+01 1.921326505806517648e-01 1.241484200000000000e+07
3.049646593130319516e+01 1.917908736537540515e-01 1.243327800000000000e+07
3.052711147469950248e+01 1.913110666860634301e-01 1.246944200000000000e+07
3.055777100155219017e+01 1.909201218266052824e-01 1.249710600000000000e+07
3.058842537388453309e+01 1.904851477742399712e-01 1.251307400000000000e+07
3.061905924361232323e+01 1.900195197823921767e-01 1.253190200000000000e+07
3.064969867554323457e+01 1.894719315960212425e-01 1.256769000000000000e+07
3.068036610992051294e+01 1.890660037840768692e-01 1.260333800000000000e+07
3.071102250832555924e+01 1.887115838400041379e-01 1.261272600000000000e+07
3.074166164535376566e+01 1.881860317241219882e-01 1.263480200000000000e+07
3.077229526260031278e+01 1.877875071173435717e-01 1.266273000000000000e+07
3.080294880836461502e+01 1.873755126943781602e-01 1.269908600000000000e+07
3.083359880383601137e+01 1.868713454110958738e-01 1.271107400000000000e+07
3.086423437926716673e+01 1.866684948965774415e-01 1.273909800000000000e+07
3.089488408063505887e+01 1.860838412497288485e-01 1.276949000000000000e+07
3.092554030516775043e+01 1.857366461958520065e-01 1.279968600000000000e+07
3.095620964309912893e+01 1.853200218012435452e-01 1.282862600000000000e+07
3.098685566491367638e+01 1.847669338415313112e-01 1.283279400000000000e+07
3.101749998811832043e+01 1.845375662611714040e-01 1.287594200000000000e+07
3.104817099201691377e+01 1.839499255945578338e-01 1.290631400000000000e+07
3.107882289023607214e+01 1.836562838947854714e-01 1.291312200000000000e+07
3.110945493689143859e+01 1.832353018926756727e-01 1.293734600000000000e+07
3.114009460761812065e+01 1.828753453033883092e-01 1.297337400000000000e+07
3.117076037718583592e+01 1.824853534355716511e-01 1.300817000000000000e+07
3.120142550401457626e+01 1.822153478363341961e-01 1.302581000000000000e+07
3.123206007488744973e+01 1.815703309679067567e-01 1.303359000000000000e+07
3.126270582930477815e+01 1.812095479427910938e-01 1.308369800000000000e+07
3.129336027402579745e+01 1.809792636810631794e-01 1.309470600000000000e+07
3.132399628986673790e+01 1.805006203978015977e-01 1.311900200000000000e+07
3.135463242066359157e+01 1.800210142490087373e-01 1.314631800000000000e+07
