# k_mean_over_bin [h Mpc^-1] P_bin [h^-3 Mpc^3] N_modes
1.069098562002182007e-01 3.382331163194444343e+03 1.800000000000000000e+01
1.868873286631799469e-01 2.592816784274193651e+03 6.200000000000000000e+01
2.625667106132117956e-01 1.309890146683673265e+03 9.800000000000000000e+01
3.401783364159720047e-01 1.061833630952381100e+03 2.100000000000000000e+02
4.270541402271815778e-01 8.793131250000000136e+02 3.500000000000000000e+02
5.128694812456766616e-01 6.172327777777777555e+02 4.500000000000000000e+02
5.924409924947542372e-01 5.251592607973421991e+02 6.020000000000000000e+02
6.723074055719250319e-01 5.232992536089238911e+02 7.620000000000000000e+02
7.587901043808397139e-01 4.336382169439579570e+02 1.142000000000000000e+03
8.455790008544922243e-01 3.864762750000000437e+02 1.250000000000000000e+03
9.266650900755726283e-01 3.600856052812071084e+02 1.458000000000000000e+03
1.007750481597118108e+00 3.212671582138919462e+02 1.814000000000000000e+03
1.092835777828297106e+00 2.836255452249770315e+02 2.178000000000000000e+03
1.177363493043580345e+00 2.679698759007205808e+02 2.498000000000000000e+03
1.258028102048383667e+00 2.473725448131197595e+02 2.622000000000000000e+03
1.340799984066267880e+00 2.499101445476333083e+02 3.338000000000000000e+03
1.426850896250618783e+00 2.293675779150994174e+02 3.722000000000000000e+03
1.512363651158998401e+00 2.150871852517985587e+02 4.170000000000000000e+03
1.594785008970998508e+00 2.035506109453878025e+02 4.358000000000000000e+03
1.677071395354181815e+00 1.854848405840286034e+02 5.034000000000000000e+03
1.761985857460855120e+00 1.801903329541476921e+02 5.714000000000000000e+03
1.846083158874384234e+00 1.721578798896690046e+02 5.982000000000000000e+03
1.928661813341607134e+00 1.623280634656164807e+02 6.602000000000000000e+03
2.011378788847742793e+00 1.528090112201963677e+02 7.130000000000000000e+03
2.095637332393009089e+00 1.432734939009210962e+02 8.034000000000000000e+03
2.180555667263281983e+00 1.367596153846153868e+02 8.606000000000000000e+03
2.264340071811755895e+00 1.314297650562541264e+02 9.066000000000000000e+03
2.348016592997236973e+00 1.205594007227464317e+02 9.962000000000000000e+03
2.431996440706659879e+00 1.134972867298578194e+02 1.055000000000000000e+04
2.515341052179898895e+00 1.108747216283627353e+02 1.122600000000000000e+04
2.598773628370227406e+00 1.043942244360283240e+02 1.214600000000000000e+04
2.681898646405362463e+00 9.808109233698239393e+01 1.260600000000000000e+04
2.765270270259289287e+00 9.400368605999130978e+01 1.380200000000000000e+04
2.849850551988659220e+00 8.947178731191540635e+01 1.475400000000000000e+04
2.933772609879409909e+00 8.333220350138211074e+01 1.519400000000000000e+04
3.017238585326163403e+00 7.946289656010696945e+01 1.645400000000000000e+04
3.101311446264710892e+00 7.611048443511717210e+01 1.715400000000000000e+04
3.185186132992604779e+00 7.100077329464579634e+01 1.826600000000000000e+04
3.268289649175008194e+00 6.918303333333332716e+01 1.875000000000000000e+04
3.351647662541441530e+00 6.588047346051200748e+01 2.023400000000000000e+04
3.436091650782765239e+00 6.340155594405594286e+01 2.145000000000000000e+04
3.520270179566676205e+00 6.103704125307348960e+01 2.196200000000000000e+04
3.603861709535706392e+00 5.805863737106811584e+01 2.346200000000000000e+04
3.687484650452812929e+00 5.517364403959737018e+01 2.404200000000000000e+04
3.771595824668082741e+00 5.264442014183303797e+01 2.594600000000000000e+04
3.855312792317719062e+00 5.121704380120989697e+01 2.611800000000000000e+04
3.938028496533734213e+00 4.850119973823893105e+01 2.750600000000000000e+04
4.021431216072791415e+00 4.736295413885639505e+01 2.906600000000000000e+04
4.105840509662095350e+00 4.535135057471264020e+01 3.045000000000000000e+04
4.190344247210492590e+00 4.365141216684519065e+01 3.174200000000000000e+04
4.273947828100633117e+00 4.172308139534883509e+01 3.225000000000000000e+04
4.357501119655414534e+00 4.041672992700730305e+01 3.425000000000000000e+04
4.441647719320134691e+00 3.874207071134427594e+01 3.545400000000000000e+04
4.525392379562855893e+00 3.788782112861612461e+01 3.643400000000000000e+04
4.608518969537498400e+00 3.657990220795074521e+01 3.768200000000000000e+04
4.691740922213826437e+00 3.580382183030488363e+01 3.929400000000000000e+04
4.776039686402365980e+00 3.435080022208275352e+01 4.142600000000000000e+04
4.860154063182579698e+00 3.304911329815052312e+01 4.206600000000000000e+04
4.943517626628406880e+00 3.197238733042078707e+01 4.349000000000000000e+04
5.027384526744921089e+00 3.099635956850903895e+01 4.570200000000000000e+04
5.111447781105825428e+00 3.022075631513488148e+01 4.663400000000000000e+04
5.195348147294732932e+00 2.927322671664538589e+01 4.855400000000000000e+04
5.278356443076916982e+00 2.844246214446490484e+01 4.887000000000000000e+04
5.361498069859376159e+00 2.749194048958373671e+01 5.155400000000000000e+04
5.446046268496986364e+00 2.684353623590312310e+01 5.409000000000000000e+04
5.530257906132226786e+00 2.580598464484294752e+01 5.431400000000000000e+04
5.614055059061300312e+00 2.510609954313828851e+01 5.691000000000000000e+04
5.697714059662542851e+00 2.415569439128770668e+01 5.748200000000000000e+04
5.781614503695933216e+00 2.389946145218222995e+01 6.062600000000000000e+04
5.865571886738293550e+00 2.320461637747933281e+01 6.120600000000000000e+04
5.948642163157025209e+00 2.259798026210644295e+01 6.257000000000000000e+04
6.032247506670804782e+00 2.212437243267914155e+01 6.573000000000000000e+04
6.116202609789227473e+00 2.150719041477971416e+01 6.668600000000000000e+04
6.200338050909933507e+00 2.093166231455709081e+01 6.969800000000000000e+04
6.284184080576646458e+00 2.034717462085511031e+01 7.002600000000000000e+04
6.367735154784823770e+00 1.984232638220658274e+01 7.274600000000000000e+04
6.451745661739480830e+00 1.910707515685489355e+01 7.491000000000000000e+04
6.535332300795173133e+00 1.906154750270727050e+01 7.572200000000000000e+04
6.618657591294924813e+00 1.831725260915052900e+01 7.837800000000000000e+04
6.702212198046048286e+00 1.809558290641009393e+01 8.003000000000000000e+04
6.786191249900881850e+00 1.760408902940398690e+01 8.318600000000000000e+04
6.870329813067023395e+00 1.716702690572366663e+01 8.466600000000000000e+04
6.954215657456758848e+00 1.681500155986411826e+01 8.654600000000000000e+04
7.037715246920486223e+00 1.641661702634624476e+01 8.813400000000000000e+04
7.121547139301203089e+00 1.603420710524590831e+01 9.153800000000000000e+04
7.205739104639491188e+00 1.565120976400609720e+01 9.313800000000000000e+04
7.289302562894590665e+00 1.514708053726793580e+01 9.447800000000000000e+04
7.372793903598283016e+00 1.492598998704689883e+01 9.727400000000000000e+04
7.456586938722763236e+00 1.474198766175143049e+01 9.969000000000000000e+04
7.540727849410562733e+00 1.422237547519251422e+01 1.025900000000000000e+05
7.624726899722253037e+00 1.393420665895730970e+01 1.037700000000000000e+05
7.708301949249494633e+00 1.356154321742237556e+01 1.063460000000000000e+05
7.792073202214887750e+00 1.349826225747609243e+01 1.085460000000000000e+05
7.875590350490393909e+00 1.301102044686884796e+01 1.107260000000000000e+05
7.958880241426510516e+00 1.280776918146044530e+01 1.123220000000000000e+05
8.042278013378316714e+00 1.269277224091811185e+01 1.158900000000000000e+05
8.126250782754576463e+00 1.236651587996564494e+01 1.187660000000000000e+05
8.210824485795901850e+00 1.205266337143698152e+01 1.222980000000000000e+05
8.294696866383139522e+00 1.192721045949709335e+01 1.220900000000000000e+05
8.378213958279353335e+00 1.173530124791352058e+01 1.258100000000000000e+05
8.461948784979133720e+00 1.154909801856618934e+01 1.281900000000000000e+05
8.545861912066349930e+00 1.130450917599279315e+01 1.309940000000000000e+05
8.629829070974631477e+00 1.104906634659966080e+01 1.337220000000000000e+05
8.713023213538299672e+00 1.093980513272485489e+01 1.338860000000000000e+05
8.796849328478236529e+00 1.071098119369850110e+01 1.405380000000000000e+05
8.881002057237468605e+00 1.049762969970269033e+01 1.405940000000000000e+05
8.964535854632408984e+00 1.033234414390573441e+01 1.435940000000000000e+05
9.048105800131455823e+00 1.012797911967739672e+01 1.463100000000000000e+05
9.132180630417705558e+00 1.000085960836375776e+01 1.506500000000000000e+05
9.216334569657748332e+00 9.869851527838118699e+00 1.519140000000000000e+05
9.299613886090023485e+00 9.655451016310513168e+00 1.533980000000000000e+05
9.383076715811887070e+00 9.511139193999975205e+00 1.578660000000000000e+05
9.466957210946844725e+00 9.349192072601427483e+00 1.606580000000000000e+05
9.551001030929990421e+00 9.178005143142678790e+00 1.641020000000000000e+05
9.634679217300240239e+00 9.033669406160225179e+00 1.649940000000000000e+05
9.718288873285626295e+00 8.890493818074771681e+00 1.698500000000000000e+05
9.802505913321919451e+00 8.705224700264761140e+00 1.729860000000000000e+05
9.886246806166026246e+00 8.616441625357976974e+00 1.738940000000000000e+05
9.969472594688919997e+00 8.435766894070528821e+00 1.767780000000000000e+05
1.005318025662911374e+01 8.309335155828868835e+00 1.818020000000000000e+05
1.013721966898855698e+01 8.175077265087026035e+00 1.844300000000000000e+05
1.022118986876454727e+01 8.051375359160871881e+00 1.872420000000000000e+05
1.030498420635128198e+01 7.951379106438897004e+00 1.902500000000000000e+05
1.038865879785050694e+01 7.883316456353533397e+00 1.925700000000000000e+05
1.047268787066241202e+01 7.740671688843605125e+00 1.982540000000000000e+05
1.055654631656024378e+01 7.607196679018953134e+00 1.980740000000000000e+05
1.063992050874177231e+01 7.427313165058153643e+00 2.020500000000000000e+05
1.072342909671023747e+01 7.352908974121906027e+00 2.055020000000000000e+05
1.080749259245351190e+01 7.208418776641697612e+00 2.106660000000000000e+05
1.089152248600719375e+01 7.135879082598175494e+00 2.124260000000000000e+05
1.097500893551614531e+01 6.986071765816808110e+00 2.139180000000000000e+05
1.105881432508122764e+01 6.944243961374516161e+00 2.209940000000000000e+05
1.114281827806075675e+01 6.853137611614195990e+00 2.215220000000000000e+05
1.122659733627983947e+01 6.736434776461022622e+00 2.263140000000000000e+05
1.131012448294715078e+01 6.634952418453631928e+00 2.272940000000000000e+05
1.139373491340957045e+01 6.535572861668426548e+00 2.329620000000000000e+05
1.147791396342367420e+01 6.429941173502426999e+00 2.378180000000000000e+05
1.156185786192584786e+01 6.354567781608905896e+00 2.383980000000000000e+05
1.164526418449005440e+01 6.229945571581241737e+00 2.414180000000000000e+05
1.172886167625361331e+01 6.158372262152679077e+00 2.468180000000000000e+05
1.181275352276138690e+01 6.060548766336141924e+00 2.499060000000000000e+05
1.189671323999418817e+01 5.990473180422610788e+00 2.547020000000000000e+05
1.198029050867584644e+01 5.871831493840844018e+00 2.544180000000000000e+05
1.206365995307397831e+01 5.795216320855450576e+00 2.603540000000000000e+05
1.214748111162727895e+01 5.677843863926272050e+00 2.649740000000000000e+05
1.223153609351346027e+01 5.638426049969857523e+00 2.687220000000000000e+05
1.231542005092308401e+01 5.548569019229494970e+00 2.715620000000000000e+05
1.239926414254153109e+01 5.488770293120840194e+00 2.755860000000000000e+05
1.248326018835918916e+01 5.417178521717405992e+00 2.801900000000000000e+05
1.256718689365069075e+01 5.321598534829616867e+00 2.828340000000000000e+05
1.265082201539840945e+01 5.237255409054248467e+00 2.851700000000000000e+05
1.273428590217279144e+01 5.154531005291735468e+00 2.898860000000000000e+05
1.281807025163205793e+01 5.116402042285566942e+00 2.944740000000000000e+05
1.290206487994812434e+01 5.044670582107392498e+00 2.994980000000000000e+05
1.298575998115805419e+01 4.963536978510324715e+00 2.999580000000000000e+05
1.306931917580193137e+01 4.907071663974785558e+00 3.058580000000000000e+05
1.315318222821372096e+01 4.829490755934799040e+00 3.107940000000000000e+05
1.323705865044962771e+01 4.755786423365124804e+00 3.130820000000000000e+05
1.332048162954101578e+01 4.712718243546825114e+00 3.160460000000000000e+05
1.340413573615346365e+01 4.636815758275453447e+00 3.222180000000000000e+05
1.348834417846224731e+01 4.578328443337939646e+00 3.285620000000000000e+05
1.357223695452436729e+01 4.533246440440257707e+00 3.279900000000000000e+05
1.365596925306868847e+01 4.479774861161649468e+00 3.352820000000000000e+05
1.373963440686360471e+01 4.416738473673244236e+00 3.359700000000000000e+05
1.382343709261304809e+01 4.354039995233472737e+00 3.440660000000000000e+05
1.390711154340320732e+01 4.291723884114302834e+00 3.437180000000000000e+05
1.399068919637316455e+01 4.265301296166692069e+00 3.514980000000000000e+05
1.407457421522249952e+01 4.193726407642089704e+00 3.544580000000000000e+05
1.415828615108818589e+01 4.151960517728953803e+00 3.585660000000000000e+05
1.424237341329648920e+01 4.104352169495413705e+00 3.661220000000000000e+05
1.432626916020835672e+01 4.055142013613624030e+00 3.658100000000000000e+05
1.440982743915939146e+01 3.992872461802584816e+00 3.716220000000000000e+05
1.449360657137520469e+01 3.959843917060741347e+00 3.759860000000000000e+05
1.457752624362193217e+01 3.917752897925006916e+00 3.821700000000000000e+05
1.466117168697845941e+01 3.858143146734831497e+00 3.818180000000000000e+05
1.474463292325917685e+01 3.814353306432153978e+00 3.895740000000000000e+05
1.482845717927088813e+01 3.780177001153167904e+00 3.936980000000000000e+05
1.491237844591757877e+01 3.724143401809451692e+00 3.994580000000000000e+05
1.499620869344033025e+01 3.676072852802681368e+00 4.022220000000000000e+05
1.507994841028436639e+01 3.644988474449649019e+00 4.069220000000000000e+05
1.516379287905045814e+01 3.571251834842385620e+00 4.128420000000000000e+05
1.524761726947007823e+01 3.532513554963813363e+00 4.153460000000000000e+05
1.533130236314283046e+01 3.494776604888147897e+00 4.211820000000000000e+05
1.541507271489498443e+01 3.478808544579288231e+00 4.250180000000000000e+05
1.549892486087325949e+01 3.444106353418162847e+00 4.311380000000000000e+05
1.558273944082544205e+01 3.407684365374255453e+00 4.343820000000000000e+05
1.566651676212105748e+01 3.363677266253179532e+00 4.395140000000000000e+05
1.575031987626283225e+01 3.328196039016229513e+00 4.447380000000000000e+05
1.583416895458823603e+01 3.297667683945556760e+00 4.489100000000000000e+05
1.591764298541166056e+01 3.255385659250185526e+00 4.506180000000000000e+05
1.600124934657456777e+01 3.231111577747119767e+00 4.595540000000000000e+05
1.608512892540650085e+01 3.195622060608154680e+00 4.631060000000000000e+05
1.616876936376802121e+01 3.157375710242477762e+00 4.670940000000000000e+05
1.625266730092459966e+01 3.134149878510458009e+00 4.749380000000000000e+05
1.633654362034594953e+01 3.091340955099269650e+00 4.771860000000000000e+05
1.642042973451647470e+01 3.045906493077764399e+00 4.846700000000000000e+05
1.650430805090920217e+01 3.020734430504507184e+00 4.870100000000000000e+05
1.658806155565851981e+01 3.006646121942616823e+00 4.933140000000000000e+05
1.667181202155569864e+01 2.957787988442986293e+00 4.963220000000000000e+05
1.675536979785300673e+01 2.933065843867475042e+00 5.017020000000000000e+05
1.683913437464611107e+01 2.901947058569063653e+00 5.085620000000000000e+05
1.692311287467790493e+01 2.874106208749966029e+00 5.142420000000000000e+05
1.700686134416512019e+01 2.837383853393728117e+00 5.161580000000000000e+05
1.709049145912358725e+01 2.806236629404403438e+00 5.226020000000000000e+05
1.717439271307012660e+01 2.779012801088460272e+00 5.306580000000000000e+05
1.725814844798823344e+01 2.758056672867433168e+00 5.300420000000000000e+05
1.734170549116967663e+01 2.728649620136654352e+00 5.388780000000000000e+05
1.742552841692270604e+01 2.704146297759726369e+00 5.441300000000000000e+05
1.750952475613275183e+01 2.678590869995971957e+00 5.511060000000000000e+05
1.759341552867108760e+01 2.651911749840247801e+00 5.539820000000000000e+05
1.767712427740806902e+01 2.631696468556647517e+00 5.582420000000000000e+05
1.776076336549380486e+01 2.591900394299135879e+00 5.645460000000000000e+05
1.784454049115150198e+01 2.571082474136450191e+00 5.704940000000000000e+05
1.792845098480595212e+01 2.543398100082876478e+00 5.767620000000000000e+05
1.801209967098870024e+01 2.519522805646157160e+00 5.782340000000000000e+05
1.809567304656415843e+01 2.492487825825641323e+00 5.856660000000000000e+05
1.817956177579962329e+01 2.472665094895079019e+00 5.944460000000000000e+05
1.826340897759345694e+01 2.454988240235195018e+00 5.952500000000000000e+05
1.834709561527148480e+01 2.432158411805065423e+00 6.034020000000000000e+05
1.843085104599287050e+01 2.405924319456289595e+00 6.073820000000000000e+05
1.851480060957681317e+01 2.383042616813341841e+00 6.170100000000000000e+05
1.859860657464781752e+01 2.363178080281722160e+00 6.167780000000000000e+05
1.868221643305014013e+01 2.332945308973566778e+00 6.247460000000000000e+05
1.876579233005788794e+01 2.322196295907092090e+00 6.280620000000000000e+05
1.884963899569083878e+01 2.296870552540623223e+00 6.394100000000000000e+05
1.893369961008885838e+01 2.266142873362635424e+00 6.429540000000000000e+05
1.901742853382821963e+01 2.246218307547982018e+00 6.459740000000000000e+05
1.910112633018001560e+01 2.222856508898376493e+00 6.534900000000000000e+05
1.918502629066336240e+01 2.204406269580141409e+00 6.607460000000000000e+05
1.926890198512752406e+01 2.185943156206461957e+00 6.646460000000000000e+05
1.935246095562879987e+01 2.170707263708432588e+00 6.672900000000000000e+05
1.943618843304382438e+01 2.147056885222242251e+00 6.790340000000000000e+05
1.952018254288546828e+01 2.128069697475692745e+00 6.827220000000000000e+05
1.960415151947932699e+01 2.111613329996325561e+00 6.912380000000000000e+05
1.968780210242165651e+01 2.099312629065846370e+00 6.886020000000000000e+05
1.977130140774902145e+01 2.073116579578953900e+00 7.008260000000000000e+05
1.985512328577584995e+01 2.057397167482449163e+00 7.056620000000000000e+05
1.993880103532062975e+01 2.034628571066440017e+00 7.100820000000000000e+05
2.002251720567175752e+01 2.025298368100650670e+00 7.191620000000000000e+05
2.010630953640407981e+01 2.006351159570785470e+00 7.222500000000000000e+05
2.019007441105629752e+01 1.986760433897007738e+00 7.315100000000000000e+05
2.027398189270754258e+01 1.980212290988292434e+00 7.364420000000000000e+05
2.035771672240259988e+01 1.959300403024438086e+00 7.408980000000000000e+05
2.044152561001209278e+01 1.942998674945811466e+00 7.501580000000000000e+05
2.052547735138173479e+01 1.924330444078816704e+00 7.548660000000000000e+05
2.060926463402020303e+01 1.907054471061714551e+00 7.608260000000000000e+05
2.069293267341507203e+01 1.890577513566150225e+00 7.640340000000000000e+05
2.077660950204460377e+01 1.872357516870281513e+00 7.738460000000000000e+05
2.086046445382838144e+01 1.862033226285535248e+00 7.797140000000000000e+05
2.094422635366088770e+01 1.844965313637140225e+00 7.843140000000000000e+05
2.102790779658915099e+01 1.830614165556737838e+00 7.913420000000000000e+05
2.111175109708185005e+01 1.816987727935676533e+00 7.994580000000000000e+05
2.119561698133140482e+01 1.805705269317060768e+00 8.049620000000000000e+05
2.127937098747377220e+01 1.783606633314804402e+00 8.095500000000000000e+05
2.136289743529758312e+01 1.766239775132828038e+00 8.134580000000000000e+05
2.144667251561538279e+01 1.751986791184937831e+00 8.274020000000000000e+05
2.153058487447404801e+01 1.736718548233323611e+00 8.286180000000000000e+05
2.161430781897418285e+01 1.725648749339839805e+00 8.369180000000000000e+05
2.169809860621591113e+01 1.709231747568438209e+00 8.428740000000000000e+05
2.178186592258134979e+01 1.693186487593867140e+00 8.493380000000000000e+05
2.186575914903780316e+01 1.680238159270358134e+00 8.589420000000000000e+05
2.194962158415442133e+01 1.664528449042832481e+00 8.609780000000000000e+05
2.203325539668853494e+01 1.649796279363295426e+00 8.683460000000000000e+05
2.211696571376059239e+01 1.638802713579552872e+00 8.751540000000000000e+05
2.220087574207360248e+01 1.623117412949919514e+00 8.862140000000000000e+05
2.228474038685342151e+01 1.610390563545674336e+00 8.873460000000000000e+05
2.236841597704980344e+01 1.600122515882929974e+00 8.949860000000000000e+05
2.245213243389392943e+01 1.586177576004625722e+00 9.027740000000000000e+05
2.253605781739295466e+01 1.581175160122528567e+00 9.121140000000000000e+05
2.261989949900187824e+01 1.567139485653959774e+00 9.150260000000000000e+05
2.270351073009412346e+01 1.552665784194178666e+00 9.201420000000000000e+05
2.278715722706498781e+01 1.538439003745044387e+00 9.297620000000000000e+05
2.287097668523026428e+01 1.527654559357063624e+00 9.376980000000000000e+05
2.295488199422259967e+01 1.514354541143695387e+00 9.447620000000000000e+05
2.303860516955441540e+01 1.501215259835444904e+00 9.482540000000000000e+05
2.312228464582942422e+01 1.491314556198670260e+00 9.568020000000000000e+05
2.320617384356005175e+01 1.479218380874234517e+00 9.676580000000000000e+05
2.329003403044199771e+01 1.466466759891183136e+00 9.697020000000000000e+05
2.337357926991530377e+01 1.455748185485940871e+00 9.740900000000000000e+05
2.345731339274843563e+01 1.445100543054906650e+00 9.884820000000000000e+05
2.354122299663546514e+01 1.436004275227471094e+00 9.919940000000000000e+05
2.362504372012406506e+01 1.426217745721906294e+00 1.001030000000000000e+06
2.370885397094835767e+01 1.417332910637028265e+00 1.005450000000000000e+06
2.379260308853216443e+01 1.404895421696730207e+00 1.013738000000000000e+06
2.387641759766158600e+01 1.395698877372248514e+00 1.021710000000000000e+06
2.396006287668014423e+01 1.382524476713174577e+00 1.023626000000000000e+06
2.404369058312309448e+01 1.371045336414908222e+00 1.035834000000000000e+06
2.412744281115724831e+01 1.361269271492890898e+00 1.040786000000000000e+06
2.421130654323629017e+01 1.353282263868606838e+00 1.053206000000000000e+06
2.429521431171586343e+01 1.341082254338213264e+00 1.057002000000000000e+06
2.437900304005930963e+01 1.330669387478874865e+00 1.063898000000000000e+06
2.446281560559316759e+01 1.323276537078362569e+00 1.072782000000000000e+06
2.454665138918273826e+01 1.317386909473817092e+00 1.078826000000000000e+06
2.463047593346652420e+01 1.304647529878061096e+00 1.087922000000000000e+06
2.471419358613830752e+01 1.293626214357896487e+00 1.090494000000000000e+06
2.479788224447528933e+01 1.287372022096277213e+00 1.101362000000000000e+06
2.488170408610204021e+01 1.276796446573352783e+00 1.109802000000000000e+06
2.496549243986660471e+01 1.271427052508985911e+00 1.114514000000000000e+06
2.504920536425761668e+01 1.262083090879648761e+00 1.123926000000000000e+06
2.513283571770503499e+01 1.250140432474293739e+00 1.125986000000000000e+06
2.521660993392169203e+01 1.244930715995921533e+00 1.143554000000000000e+06
2.530049640187540660e+01 1.235722584759458620e+00 1.144710000000000000e+06
2.538425628289359182e+01 1.226028428499382095e+00 1.154018000000000000e+06
2.546797452488973690e+01 1.218952323438181606e+00 1.159962000000000000e+06
2.555179869471822229e+01 1.209791897597409349e+00 1.170986000000000000e+06
2.563566666461671772e+01 1.199427679345953290e+00 1.178142000000000000e+06
2.571944170984828659e+01 1.192037598695836698e+00 1.182674000000000000e+06
2.580313169207982682e+01 1.183366295774482380e+00 1.191002000000000000e+06
2.588687624829988820e+01 1.177601008965061036e+00 1.200438000000000000e+06
2.597069400893500202e+01 1.171606746446254732e+00 1.208162000000000000e+06
2.605447755360336259e+01 1.159814520867173959e+00 1.215258000000000000e+06
2.613827698295097690e+01 1.154427946613687750e+00 1.224134000000000000e+06
2.622200478464780105e+01 1.145196492778675745e+00 1.228722000000000000e+06
2.630582763864114426e+01 1.140100200779629924e+00 1.243154000000000000e+06
2.638970867910203921e+01 1.129762094980544918e+00 1.245434000000000000e+06
2.647343389639032196e+01 1.120177001620513257e+00 1.255158000000000000e+06
2.655698334590179499e+01 1.116908415033330382e+00 1.255610000000000000e+06
2.664075459217511366e+01 1.109521984060264810e+00 1.277562000000000000e+06
2.672459382145218143e+01 1.101183857835836832e+00 1.274414000000000000e+06
2.680821980594094356e+01 1.094491595606200462e+00 1.285994000000000000e+06
2.689209959394619531e+01 1.088705110151819477e+00 1.299570000000000000e+06
2.697602191334329902e+01 1.078674463683126472e+00 1.302122000000000000e+06
2.705977872814356644e+01 1.073705872349900892e+00 1.311366000000000000e+06
2.714355261554103649e+01 1.064651516162239409e+00 1.319186000000000000e+06
2.722733740409666225e+01 1.057377052267758799e+00 1.327434000000000000e+06
2.731116904834040326e+01 1.049206457218831545e+00 1.337294000000000000e+06
2.739498441427308961e+01 1.045969684895697638e+00 1.342730000000000000e+06
2.747866258082228796e+01 1.040288637390138993e+00 1.350570000000000000e+06
2.756247723469893529e+01 1.033224869549901337e+00 1.362590000000000000e+06
2.764637317716708864e+01 1.025993047372486533e+00 1.369698000000000000e+06
2.773011686037893142e+01 1.019488400729063882e+00 1.374914000000000000e+06
2.781378851120859963e+01 1.014858482042831245e+00 1.383570000000000000e+06
2.789756242253353236e+01 1.005895731180314279e+00 1.395374000000000000e+06
2.798127274786056873e+01 1.002359709490520334e+00 1.396994000000000000e+06
2.806492746953691508e+01 9.956833188100855381e-01 1.411530000000000000e+06
2.814870507983202330e+01 9.898878294889720264e-01 1.417574000000000000e+06
2.823250085536484733e+01 9.839479253713167006e-01 1.428834000000000000e+06
2.831642245547427450e+01 9.751472010774013821e-01 1.439018000000000000e+06
2.840020580335993117e+01 9.695708260856891192e-01 1.440698000000000000e+06
2.848389737328623639e+01 9.629318819403455132e-01 1.453638000000000000e+06
2.856776129641226092e+01 9.554155796056650329e-01 1.463426000000000000e+06
2.865164498472143961e+01 9.508556813160667920e-01 1.471050000000000000e+06
2.873539597999311468e+01 9.441097784291071493e-01 1.476638000000000000e+06
2.881905019890862363e+01 9.376575482362007330e-01 1.484466000000000000e+06
2.890289675093428912e+01 9.315124397630090147e-01 1.501154000000000000e+06
2.898675594616652873e+01 9.256617973158528523e-01 1.501706000000000000e+06
2.907041472198053711e+01 9.234911697106586992e-01 1.511502000000000000e+06
2.915408733972060062e+01 9.154239577591344323e-01 1.520234000000000000e+06
2.923796129814355282e+01 9.093129686451554283e-01 1.535010000000000000e+06
2.932194077207240568e+01 9.034478714595058912e-01 1.543358000000000000e+06
2.940549917698988835e+01 8.973841188106949085e-01 1.535754000000000000e+06
2.948914761948871543e+01 8.914031935030758413e-01 1.564802000000000000e+06
2.957304642502456460e+01 8.855757185685824151e-01 1.563038000000000000e+06
2.965685586864443124e+01 8.790625914677027142e-01 1.578426000000000000e+06
2.974065423044915946e+01 8.735306503646579346e-01 1.581482000000000000e+06
2.982438217008557402e+01 8.671322813628512538e-01 1.592250000000000000e+06
2.990814468646065549e+01 8.617905981038926910e-01 1.602230000000000000e+06
2.999179263215820157e+01 8.575343946798076322e-01 1.604754000000000000e+06
3.007552257970940346e+01 8.522960711025476810e-01 1.623458000000000000e+06
3.015929957087215385e+01 8.482215168840120390e-01 1.624910000000000000e+06
3.024317734005441238e+01 8.417478308599605219e-01 1.645122000000000000e+06
3.032708985436260107e+01 8.370074097487737452e-01 1.645130000000000000e+06
3.041082997219342587e+01 8.306674765930667226e-01 1.655706000000000000e+06
3.049455723219219649e+01 8.270597209982314402e-01 1.663502000000000000e+06
3.057833323294630645e+01 8.222921443807690300e-01 1.675514000000000000e+06
3.066218995697298411e+01 8.174982258330573126e-01 1.685298000000000000e+06
3.074593408191947930e+01 8.131062947526168649e-01 1.689566000000000000e+06
3.082954809468623125e+01 8.089837146980004556e-01 1.697850000000000000e+06
3.091340339641750390e+01 8.052913625820897758e-01 1.718546000000000000e+06
3.099734465130006811e+01 7.987349126828241497e-01 1.719822000000000000e+06
3.108104222338488043e+01 7.945090050539040938e-01 1.726586000000000000e+06
3.116474027426929894e+01 7.900397082313219688e-01 1.739186000000000000e+06
3.124860498828843447e+01 7.859691025829871336e-01 1.751538000000000000e+06
3.133245649887071949e+01 7.809883126988694801e-01 1.758062000000000000e+06
3.141614178307822414e+01 7.780769819796824471e-01 1.763010000000000000e+06
3.149986855610640646e+01 7.710682503842818392e-01 1.778642000000000000e+06
3.158374588400788952e+01 7.672850615739171820e-01 1.788582000000000000e+06
3.166757693376691307e+01 7.627539635134998885e-01 1.794746000000000000e+06
3.175127246931511493e+01 7.589584869876726536e-01 1.803290000000000000e+06
3.183493779085208786e+01 7.538910957020702464e-01 1.811058000000000000e+06
3.191872426101914328e+01 7.488664008908539893e-01 1.828358000000000000e+06
3.200254090967914777e+01 7.454755668185755191e-01 1.831362000000000000e+06
3.208624557094677954e+01 7.407008056628699988e-01 1.842458000000000000e+06
3.216985025736639159e+01 7.365546010336774252e-01 1.846998000000000000e+06
3.225366158768746061e+01 7.327599536038845729e-01 1.869122000000000000e+06
3.233765392466781208e+01 7.297735199158363883e-01 1.876346000000000000e+06
3.242147145466748981e+01 7.266557010193103183e-01 1.879506000000000000e+06
3.250521341167948464e+01 7.207212334273125354e-01 1.893326000000000000e+06
3.258903110732968855e+01 7.185218968507108839e-01 1.901826000000000000e+06
3.267283869534620777e+01 7.131226326673856253e-01 1.911962000000000000e+06
3.275656526575507854e+01 7.108946028497320491e-01 1.919198000000000000e+06
3.284028881372969266e+01 7.070493622043246829e-01 1.930242000000000000e+06
3.292407887898949781e+01 7.030883032800979704e-01 1.942442000000000000e+06
3.300791290112206156e+01 6.991201157534787658e-01 1.951734000000000000e+06
3.309159594029746643e+01 6.950138641568331943e-01 1.955402000000000000e+06
3.317527487811420173e+01 6.921802305236990360e-01 1.971858000000000000e+06
3.325918478063969275e+01 6.867717509917387053e-01 1.984898000000000000e+06
3.334295800125237008e+01 6.824087479901047582e-01 1.986422000000000000e+06
3.342654711354870045e+01 6.799046136905817495e-01 1.996146000000000000e+06
3.351037327631482299e+01 6.747162766855089311e-01 2.017106000000000000e+06
3.359427383821539337e+01 6.738821476187223380e-01 2.020638000000000000e+06
3.367803183712429416e+01 6.705492804085650960e-01 2.029346000000000000e+06
3.376176459220195625e+01 6.661854691960125141e-01 2.041002000000000000e+06
3.384556001022187388e+01 6.624630748982427431e-01 2.051450000000000000e+06
3.392943845922752644e+01 6.594608197160927165e-01 2.065886000000000000e+06
3.401316055039511355e+01 6.562422803851306607e-01 2.064546000000000000e+06
3.409683542659267630e+01 6.529352627661874076e-01 2.082650000000000000e+06
3.418067800810939616e+01 6.485209280148453992e-01 2.095182000000000000e+06
3.426452736710173497e+01 6.455517082860223743e-01 2.101346000000000000e+06
3.434832998306823271e+01 6.430021994238861449e-01 2.115554000000000000e+06
3.443203105705293865e+01 6.400894829683870801e-01 2.115654000000000000e+06
3.451583812868020118e+01 6.355215112472011318e-01 2.141066000000000000e+06
3.459967632687634875e+01 6.317069791091258768e-01 2.139786000000000000e+06
3.468336662819802285e+01 6.288431569155683576e-01 2.152202000000000000e+06
3.476703645977761425e+01 6.256249172869566832e-01 2.161086000000000000e+06
3.485079127028417645e+01 6.224037341835557680e-01 2.176058000000000000e+06
3.493469079655712051e+01 6.187674535264909847e-01 2.190818000000000000e+06
3.501848338903062796e+01 6.153972009321098113e-01 2.191158000000000000e+06
3.510217183339957359e+01 6.120637469312760759e-01 2.205314000000000000e+06
3.518590037953279648e+01 6.102956077802662582e-01 2.215554000000000000e+06
3.526971993052846699e+01 6.071898584302969359e-01 2.230562000000000000e+06
3.535358270636252342e+01 6.033149573989089465e-01 2.239614000000000000e+06
3.543734285600354639e+01 6.005408766775348628e-01 2.245706000000000000e+06
3.552108409358061891e+01 5.978464150138471656e-01 2.259674000000000000e+06
3.560491818170212497e+01 5.956806090407678056e-01 2.273214000000000000e+06
3.568872958243610327e+01 5.923143498206513424e-01 2.278802000000000000e+06
3.577252677462045227e+01 5.897013732141720421e-01 2.294034000000000000e+06
3.585622758416000266e+01 5.858761354317451042e-01 2.294942000000000000e+06
3.593995265006216755e+01 5.829083856628040072e-01 2.317050000000000000e+06
3.602378331164942438e+01 5.787458854282814258e-01 2.322842000000000000e+06
3.610749751390627438e+01 5.763783834804209194e-01 2.330810000000000000e+06
3.619121780725145499e+01 5.738972628665985898e-01 2.345958000000000000e+06
3.627496104714246883e+01 5.708403580748695472e-01 2.353586000000000000e+06
3.635885802177431714e+01 5.673866156610737344e-01 2.376210000000000000e+06
3.644273375320676678e+01 5.638425973109308931e-01 2.374502000000000000e+06
3.652641723315417011e+01 5.606613102207307353e-01 2.386346000000000000e+06
3.661016003667585750e+01 5.585637176146059923e-01 2.401314000000000000e+06
3.669398675014319622e+01 5.554642953409774098e-01 2.411450000000000000e+06
3.677774362791269880e+01 5.533252427585534372e-01 2.420718000000000000e+06
3.686138542781196037e+01 5.505957632142418623e-01 2.425754000000000000e+06
3.694523701027373619e+01 5.481548888937763930e-01 2.455218000000000000e+06
3.702912063015348565e+01 5.456272017044875300e-01 2.450942000000000000e+06
3.711286066480837320e+01 5.434711587958477308e-01 2.467130000000000000e+06
3.719659282330948713e+01 5.399857730130906974e-01 2.474874000000000000e+06
3.728037731851799208e+01 5.380933575118798107e-01 2.490362000000000000e+06
3.736414979091281197e+01 5.356350839944247211e-01 2.498142000000000000e+06
3.744783790554325975e+01 5.330517651939100654e-01 2.507090000000000000e+06
3.753161089290124863e+01 5.307280122206462503e-01 2.525562000000000000e+06
3.761546125363399540e+01 5.272332196852835828e-01 2.534726000000000000e+06
3.769935318534805191e+01 5.253289238897433933e-01 2.549906000000000000e+06
3.778311927771562750e+01 5.231185963245283954e-01 2.551074000000000000e+06
3.786687072097435447e+01 5.190575862157496001e-01 2.570702000000000000e+06
3.795064452686742129e+01 5.168525371682742842e-01 2.574642000000000000e+06
3.803440602811515703e+01 5.144830066004488778e-01 2.594066000000000000e+06
3.811814083290802557e+01 5.114885933493190651e-01 2.594802000000000000e+06
3.820178788957619531e+01 5.098388513914464681e-01 2.612030000000000000e+06
3.828560806097936364e+01 5.068668439401907699e-01 2.627954000000000000e+06
3.836951237816947469e+01 5.051905448488525074e-01 2.640402000000000000e+06
3.845325054821010724e+01 5.019087972003298814e-01 2.641454000000000000e+06
3.853698686701612530e+01 5.010873611953262641e-01 2.661834000000000000e+06
3.862077152240886591e+01 4.984561026818395968e-01 2.669138000000000000e+06
3.870457668857440581e+01 4.970938407170881757e-01 2.684858000000000000e+06
3.878838810440694118e+01 4.946100185232616964e-01 2.693910000000000000e+06
3.887209610060705955e+01 4.916520985815502898e-01 2.701682000000000000e+06
3.895591541384992951e+01 4.908665044746057249e-01 2.722698000000000000e+06
3.903970878692612700e+01 4.872859930531450168e-01 2.725262000000000000e+06
3.912346323929788383e+01 4.852192838520301144e-01 2.742450000000000000e+06
3.920722013046969323e+01 4.823558557739512920e-01 2.749850000000000000e+06
3.929096158370429492e+01 4.803735353134807595e-01 2.763902000000000000e+06
3.937477573634135553e+01 4.785904560665510399e-01 2.778498000000000000e+06
3.945853339307303997e+01 4.759067957608645316e-01 2.784530000000000000e+06
3.954233951365999644e+01 4.743588509136245079e-01 2.804106000000000000e+06
3.962614155532578053e+01 4.721445374921257598e-01 2.809790000000000000e+06
3.970993115735726064e+01 4.701979127508178480e-01 2.825058000000000000e+06
3.979370973670097555e+01 4.671602283432063074e-01 2.834330000000000000e+06
3.987739375837353606e+01 4.649307781572415421e-01 2.842022000000000000e+06
3.996117659102883124e+01 4.633826325052692319e-01 2.864754000000000000e+06
4.004492507367432097e+01 4.601744177926991863e-01 2.864186000000000000e+06
4.012855801902023956e+01 4.594752265814863179e-01 2.879538000000000000e+06
4.021232599228400773e+01 4.569320637609702307e-01 2.899454000000000000e+06
4.029612162727031688e+01 4.544869119754512132e-01 2.904258000000000000e+06
4.038001131135030874e+01 4.523802109319596809e-01 2.930234000000000000e+06
4.046390848166176823e+01 4.501759414321634400e-01 2.929526000000000000e+06
4.054763895091686976e+01 4.480434533628869787e-01 2.942442000000000000e+06
4.063145602871991713e+01 4.463103424400755026e-01 2.960810000000000000e+06
4.071526025477401589e+01 4.446989312481745005e-01 2.964954000000000000e+06
4.079900469843234134e+01 4.421010698075419909e-01 2.980910000000000000e+06
4.088275455494471800e+01 4.402798599655363687e-01 2.990978000000000000e+06
4.096655099355582053e+01 4.382217486482694047e-01 3.007626000000000000e+06
4.105038506696493528e+01 4.365751999061993072e-01 3.019166000000000000e+06
4.113408514747818856e+01 4.342745499141038579e-01 3.021090000000000000e+06
4.121781401966371305e+01 4.321946749724558390e-01 3.047834000000000000e+06
4.130168676574312769e+01 4.309810462136609011e-01 3.055590000000000000e+06
4.138552050109588976e+01 4.296078663966582112e-01 3.068546000000000000e+06
4.146914577407831359e+01 4.273649419647543302e-01 3.067274000000000000e+06
4.155286479481431883e+01 4.254461988768447611e-01 3.098058000000000000e+06
4.163678258255396258e+01 4.244008292771099256e-01 3.109214000000000000e+06
4.172055832134024200e+01 4.218953044334836089e-01 3.110466000000000000e+06
4.180418526461116357e+01 4.199256970205193507e-01 3.124370000000000000e+06
4.188792935761906477e+01 4.177945463578033314e-01 3.144174000000000000e+06
4.197185138929292947e+01 4.157918840840069685e-01 3.161738000000000000e+06
4.205562112114309059e+01 4.147310507644253463e-01 3.159890000000000000e+06
4.213924805322351830e+01 4.116473118055988811e-01 3.174138000000000000e+06
4.222299894826061717e+01 4.103983868838014248e-01 3.195926000000000000e+06
4.230691258081674988e+01 4.085229477241290597e-01 3.211386000000000000e+06
4.239080415901788967e+01 4.062543681666342388e-01 3.219314000000000000e+06
4.247453169083237157e+01 4.047574185535610658e-01 3.225494000000000000e+06
4.255825507974662258e+01 4.027614198279014790e-01 3.242562000000000000e+06
4.264203752623418353e+01 4.013365515971081821e-01 3.257450000000000000e+06
4.272584879897986099e+01 3.997906316015512607e-01 3.269118000000000000e+06
4.280959718026213068e+01 3.976955515976248745e-01 3.278930000000000000e+06
4.289324313363174213e+01 3.961132916495519463e-01 3.286650000000000000e+06
4.297705823947939763e+01 3.945793294960818764e-01 3.316610000000000000e+06
4.306095854823670521e+01 3.928403584841016483e-01 3.321542000000000000e+06
4.314470014373539897e+01 3.915525638876420911e-01 3.328578000000000000e+06
4.322841831305547800e+01 3.892291321507386770e-01 3.345074000000000000e+06
4.331221276153173960e+01 3.873230203534773763e-01 3.361686000000000000e+06
4.339600557191744912e+01 3.856508044283771808e-01 3.369722000000000000e+06
4.347974360653208947e+01 3.845160975869127418e-01 3.385290000000000000e+06
4.356345927572596111e+01 3.822981199338320035e-01 3.391370000000000000e+06
4.364729718140662129e+01 3.806329072506124955e-01 3.422966000000000000e+06
4.373115310142490841e+01 3.789851143634023201e-01 3.419538000000000000e+06
4.381493904908852244e+01 3.781229571543541779e-01 3.441890000000000000e+06
4.389872518355250719e+01 3.762055188244978754e-01 3.447582000000000000e+06
4.398251250846917060e+01 3.744328603599574867e-01 3.466298000000000000e+06
4.406617792640594899e+01 3.732325354553149288e-01 3.466194000000000000e+06
4.414985741111507167e+01 3.718753776422068502e-01 3.492062000000000000e+06
4.423365507571194399e+01 3.701919206740060253e-01 3.503114000000000000e+06
4.431743533444053895e+01 3.684007928587553771e-01 3.517146000000000000e+06
4.440128817701192787e+01 3.671551735353561496e-01 3.535706000000000000e+06
4.448508293520813339e+01 3.651208195399551770e-01 3.539742000000000000e+06
4.456885232151149978e+01 3.637043660349937313e-01 3.558698000000000000e+06
4.465264799184704714e+01 3.623507473974278970e-01 3.570122000000000000e+06
4.473644620586907905e+01 3.605575350038798810e-01 3.585174000000000000e+06
4.482021823753251510e+01 3.595523373862160588e-01 3.594314000000000000e+06
4.490398199496299014e+01 3.580371335602273719e-01 3.612258000000000000e+06
4.498774280066585618e+01 3.565102110830040139e-01 3.620282000000000000e+06
4.507149731418039096e+01 3.551204453435732877e-01 3.639078000000000000e+06
4.515529296565681960e+01 3.541503444780780274e-01 3.650450000000000000e+06
4.523902850959706967e+01 3.524506079338660669e-01 3.661418000000000000e+06
4.532276634990883224e+01 3.508704435442426828e-01 3.677694000000000000e+06
4.540659508440727876e+01 3.489142792516622404e-01 3.695978000000000000e+06
4.549038931088257698e+01 3.477853306002738343e-01 3.702810000000000000e+06
4.557410984910109875e+01 3.468956008914573785e-01 3.716162000000000000e+06
4.565793710884364032e+01 3.452061966891741274e-01 3.740094000000000000e+06
4.574173858314507868e+01 3.440051321133593687e-01 3.740954000000000000e+06
4.582547487248402263e+01 3.421791352494824023e-01 3.760946000000000000e+06
4.590929724167653347e+01 3.416792980823539216e-01 3.778278000000000000e+06
4.599310294070550498e+01 3.393961949546119850e-01 3.784922000000000000e+06
4.607688647938994819e+01 3.380083678775675504e-01 3.805266000000000000e+06
4.616063114034604098e+01 3.363767390483354269e-01 3.807686000000000000e+06
4.624436961981203353e+01 3.354034105287323486e-01 3.833130000000000000e+06
4.632816579644655519e+01 3.340424771818512606e-01 3.841898000000000000e+06
4.641196142457300766e+01 3.329362656081765182e-01 3.858074000000000000e+06
4.649571814796405533e+01 3.314827135049240314e-01 3.868974000000000000e+06
4.657948650465218066e+01 3.304824621232204662e-01 3.885362000000000000e+06
4.666326012374663890e+01 3.292181956704093304e-01 3.898290000000000000e+06
4.674697557759400013e+01 3.275420017843368448e-01 3.907334000000000000e+06
4.683072185148795086e+01 3.263201148971805465e-01 3.928730000000000000e+06
4.691446205725140572e+01 3.253750445173657080e-01 3.936666000000000000e+06
4.699827339304534490e+01 3.240716665497030413e-01 3.961346000000000000e+06
4.708217883775101598e+01 3.226014607470142903e-01 3.975774000000000000e+06
4.716589489477312469e+01 3.214589232630060689e-01 3.970106000000000000e+06
4.724959403662504087e+01 3.195879140780931160e-01 4.003170000000000000e+06
4.733350988050379016e+01 3.187148002342546360e-01 4.019558000000000000e+06
4.741737501115326126e+01 3.177391332860696749e-01 4.025642000000000000e+06
4.750102520144735507e+01 3.165093568000508784e-01 4.028514000000000000e+06
4.758473950277736009e+01 3.149462678948947714e-01 4.059398000000000000e+06
4.766858069315918556e+01 3.140664952524452325e-01 4.069674000000000000e+06
4.775237333775331194e+01 3.126645567326477027e-01 4.083698000000000000e+06
4.783614237112322343e+01 3.117949995238339378e-01 4.095210000000000000e+06
4.791988490245709897e+01 3.104967853200010230e-01 4.110518000000000000e+06
4.800366139183459069e+01 3.093303306395919772e-01 4.126850000000000000e+06
4.808744155042190727e+01 3.078881402782628340e-01 4.140114000000000000e+06
4.817110248164115660e+01 3.064681279515065748e-01 4.144070000000000000e+06
4.825485289941014599e+01 3.051800887589976585e-01 4.175802000000000000e+06
4.833872317014574804e+01 3.041504930177115762e-01 4.187882000000000000e+06
4.842255739313756635e+01 3.028745013990593593e-01 4.199250000000000000e+06
4.850630200152498617e+01 3.019384516666088203e-01 4.209326000000000000e+06
4.858999651144587517e+01 3.008583641432168165e-01 4.222130000000000000e+06
4.867384498554194749e+01 2.993369525308526291e-01 4.254258000000000000e+06
4.875769237889889496e+01 2.983036890490673998e-01 4.252478000000000000e+06
4.884143639731927777e+01 2.971008486200616416e-01 4.270698000000000000e+06
4.892512165045238959e+01 2.962523041652388445e-01 4.278122000000000000e+06
4.900892249802404876e+01 2.948618505588763705e-01 4.309898000000000000e+06
4.909279745527720706e+01 2.936643387419941575e-01 4.317150000000000000e+06
4.917658920170342185e+01 2.925422281184507645e-01 4.329698000000000000e+06
4.926033308118844189e+01 2.911852778710780076e-01 4.340826000000000000e+06
4.934406286064109537e+01 2.905135574675600241e-01 4.359590000000000000e+06
4.942786957825488514e+01 2.888380056433279552e-01 4.376850000000000000e+06
4.951163677893373460e+01 2.882233213591892107e-01 4.386674000000000000e+06
4.959537078523236886e+01 2.873602668192109522e-01 4.401782000000000000e+06
4.967912880843362444e+01 2.864146250121628046e-01 4.419210000000000000e+06
4.976302304379169783e+01 2.852140467452696226e-01 4.446482000000000000e+06
4.984679567254183752e+01 2.838967522433499813e-01 4.435554000000000000e+06
4.993048967360238777e+01 2.827767762960921027e-01 4.468934000000000000e+06
5.001430382430130805e+01 2.815100554978616221e-01 4.477650000000000000e+06
5.009805003277288193e+01 2.806396282701040246e-01 4.491218000000000000e+06
5.018180837416312556e+01 2.795309429983163230e-01 4.510358000000000000e+06
5.026555488397971772e+01 2.783862081877681582e-01 4.518594000000000000e+06
5.034932947116654134e+01 2.773528355536856171e-01 4.544474000000000000e+06
5.043314290484163820e+01 2.765368298309922035e-01 4.552098000000000000e+06
5.051694671432978367e+01 2.755555476623992583e-01 4.574990000000000000e+06
5.060070330614421863e+01 2.745090076706115934e-01 4.577210000000000000e+06
5.068450326170798093e+01 2.737453794182787004e-01 4.608186000000000000e+06
5.076830570006593746e+01 2.724631892166020086e-01 4.610198000000000000e+06
5.085203782795357341e+01 2.712875991218643978e-01 4.628898000000000000e+06
5.093575247787595117e+01 2.703404529461321260e-01 4.641170000000000000e+06
5.101951360832174487e+01 2.693462434653622894e-01 4.662462000000000000e+06
5.110336138272519690e+01 2.685475436841895935e-01 4.681442000000000000e+06
5.118714498866896889e+01 2.674681890418849073e-01 4.687850000000000000e+06
5.127091437680648056e+01 2.664496164430224523e-01 4.708818000000000000e+06
5.135469940961902324e+01 2.653766498345664915e-01 4.721534000000000000e+06
5.143844012238305652e+01 2.645864102840408405e-01 4.732770000000000000e+06
5.152216672994304503e+01 2.638175560962740529e-01 4.753346000000000000e+06
5.160598460354614758e+01 2.627051012741557501e-01 4.772886000000000000e+06
5.168981756623005452e+01 2.618900647384860281e-01 4.785098000000000000e+06
5.177356462271885107e+01 2.606724807179556236e-01 4.795394000000000000e+06
5.185730248904087603e+01 2.600499357497093045e-01 4.813986000000000000e+06
5.194107950576231758e+01 2.590169397602228307e-01 4.832654000000000000e+06
5.202490683524943194e+01 2.577654287306248015e-01 4.849362000000000000e+06
5.210868111161441618e+01 2.572834560986282937e-01 4.858322000000000000e+06
5.219237188700115837e+01 2.562190199877404373e-01 4.871286000000000000e+06
5.227611099451670640e+01 2.551663697268494180e-01 4.894370000000000000e+06
5.235994633095187112e+01 2.538363616941186063e-01 4.914650000000000000e+06
5.244373186833391998e+01 2.533231222576853847e-01 4.919658000000000000e+06
5.252748139865951060e+01 2.522730570308873155e-01 4.941638000000000000e+06
5.261134608608541186e+01 2.515492994900879187e-01 4.965954000000000000e+06
5.269521219925067612e+01 2.505079177033531224e-01 4.971770000000000000e+06
5.277896921030312427e+01 2.493905321657812757e-01 4.985702000000000000e+06
5.286266873731673144e+01 2.488714930646872825e-01 4.996314000000000000e+06
5.294640362710930503e+01 2.476673923148342560e-01 5.021258000000000000e+06
5.303021795299186181e+01 2.468939479643621759e-01 5.038470000000000000e+06
5.311400321458867069e+01 2.460370708933420636e-01 5.048570000000000000e+06
5.319775700266092855e+01 2.453171858480212020e-01 5.067786000000000000e+06
5.328156065547872799e+01 2.443973008035163208e-01 5.084402000000000000e+06
5.336537962353408915e+01 2.435848896544401121e-01 5.104238000000000000e+06
5.344909091783166133e+01 2.426578924673013227e-01 5.101890000000000000e+06
5.353274999593639194e+01 2.420890425246130517e-01 5.129594000000000000e+06
5.361652756373694473e+01 2.413528828223105993e-01 5.149086000000000000e+06
5.370036822863162485e+01 2.404712310358583793e-01 5.168834000000000000e+06
5.378411950541506314e+01 2.391404336866380098e-01 5.172306000000000000e+06
5.386787929501433325e+01 2.386746670364658929e-01 5.199218000000000000e+06
5.395171074936121158e+01 2.377483496087570980e-01 5.215430000000000000e+06
5.403552355469201984e+01 2.368079691478363336e-01 5.229066000000000000e+06
5.411930985166335262e+01 2.360082552678695600e-01 5.244530000000000000e+06
5.420310642373981125e+01 2.352904878896875940e-01 5.262870000000000000e+06
5.428687812998526852e+01 2.345250278707011748e-01 5.272562000000000000e+06
5.437059019332080112e+01 2.334629717634720547e-01 5.290098000000000000e+06
5.445438308715934994e+01 2.326853968061617373e-01 5.314358000000000000e+06
5.453817366229988295e+01 2.315649533323136666e-01 5.322098000000000000e+06
5.462191410682409298e+01 2.308995032040660200e-01 5.341026000000000000e+06
5.470574856213039538e+01 2.301909469190353275e-01 5.366858000000000000e+06
5.478957837144608334e+01 2.292100899408345827e-01 5.374422000000000000e+06
5.487325249086202206e+01 2.286165817175648540e-01 5.377730000000000000e+06
5.495693797161722927e+01 2.278731876489303032e-01 5.409410000000000000e+06
5.504079340903902562e+01 2.270266510170934338e-01 5.434014000000000000e+06
5.512463744441291880e+01 2.263665354387169870e-01 5.438882000000000000e+06
5.520838246356159118e+01 2.255199747882125627e-01 5.456178000000000000e+06
5.529211836524709867e+01 2.246631937295881232e-01 5.469242000000000000e+06
5.537590104604533536e+01 2.238349122498669019e-01 5.496174000000000000e+06
5.545970262891226810e+01 2.229694280114720983e-01 5.505530000000000000e+06
5.554345609431005926e+01 2.220421160102455937e-01 5.521202000000000000e+06
5.562722615507448864e+01 2.212797156846723901e-01 5.544126000000000000e+06
5.571106592766010124e+01 2.204343766108056157e-01 5.560106000000000000e+06
5.579489699651359302e+01 2.198010207976910935e-01 5.579754000000000000e+06
5.587861150379660558e+01 2.191644907796788944e-01 5.576270000000000000e+06
5.596227888762821578e+01 2.182376954160928639e-01 5.607138000000000000e+06
5.604605505562237511e+01 2.172606624396047070e-01 5.625026000000000000e+06
5.612988563474059589e+01 2.167038594945222829e-01 5.646698000000000000e+06
5.621362981395379421e+01 2.159100806036190479e-01 5.649126000000000000e+06
5.629735953290565220e+01 2.153964311044574975e-01 5.676434000000000000e+06
5.638111113221403770e+01 2.144713558947135557e-01 5.687418000000000000e+06
5.646491353105431443e+01 2.137404147779062569e-01 5.715830000000000000e+06
5.654876833880403098e+01 2.130007889394872900e-01 5.729210000000000000e+06
5.663258281598625388e+01 2.121200608828641976e-01 5.744802000000000000e+06
5.671632533067610638e+01 2.115352787842606497e-01 5.752154000000000000e+06
5.680011690917110911e+01 2.105210777650006748e-01 5.786382000000000000e+06
5.688389278969563634e+01 2.099744499879498127e-01 5.784146000000000000e+06
5.696761357142070636e+01 2.090664747582046123e-01 5.812146000000000000e+06
5.705141499197365818e+01 2.082944336404829733e-01 5.830166000000000000e+06
5.713521997423967491e+01 2.076181607465124868e-01 5.845850000000000000e+06
5.721900004074090873e+01 2.069605757215708386e-01 5.862834000000000000e+06
5.730276083164348933e+01 2.062654674062544546e-01 5.876066000000000000e+06
5.738658092066984295e+01 2.056174263705130290e-01 5.905854000000000000e+06
5.747033874630024286e+01 2.049159569684497750e-01 5.902274000000000000e+06
5.755404338958180688e+01 2.044957410384103946e-01 5.931258000000000000e+06
5.763786106901985562e+01 2.037194670800807350e-01 5.954966000000000000e+06
5.772168705776467590e+01 2.029737042914191159e-01 5.965346000000000000e+06
5.780542407686664319e+01 2.022372962843632938e-01 5.977818000000000000e+06
5.788919496618857607e+01 2.014682662866099649e-01 6.004718000000000000e+06
5.797296788463464878e+01 2.010451775253147833e-01 6.011706000000000000e+06
5.805676589856359726e+01 2.000013439148363159e-01 6.045770000000000000e+06
5.814055263107005089e+01 1.995797336990651205e-01 6.041586000000000000e+06
5.822426906686246895e+01 1.988549094492065572e-01 6.073166000000000000e+06
5.830801158641646253e+01 1.983723125757325123e-01 6.078962000000000000e+06
5.839179370373053501e+01 1.975017451013680037e-01 6.114258000000000000e+06
5.847563338611901429e+01 1.968206473010504776e-01 6.123086000000000000e+06
5.855940577164263061e+01 1.960959918654275602e-01 6.136770000000000000e+06
5.864313003931577839e+01 1.953295773544906910e-01 6.154898000000000000e+06
5.872691634067579969e+01 1.946539958016446914e-01 6.178610000000000000e+06
5.881074619570083684e+01 1.942024638019277938e-01 6.197982000000000000e+06
5.889452794754235043e+01 1.935637868590864563e-01 6.205322000000000000e+06
5.897820641443409073e+01 1.927831311255296387e-01 6.218850000000000000e+06
5.906193901280321512e+01 1.922922911790976019e-01 6.249542000000000000e+06
5.914581786000324826e+01 1.914339218437058898e-01 6.274146000000000000e+06
5.922958949112301497e+01 1.910711340965787486e-01 6.270242000000000000e+06
5.931333012199205257e+01 1.903359033195024530e-01 6.305222000000000000e+06
5.939720105247847926e+01 1.899206422234469838e-01 6.325026000000000000e+06
5.948100907207791010e+01 1.891658054221135310e-01 6.331922000000000000e+06
5.956471628696222353e+01 1.886897240379349916e-01 6.343698000000000000e+06
5.964845880386389609e+01 1.879642630033639961e-01 6.375158000000000000e+06
5.973228933048412159e+01 1.874481984074911345e-01 6.392178000000000000e+06
5.981613496168468203e+01 1.870169836200140379e-01 6.412826000000000000e+06
5.989983645289154879e+01 1.863137143015895780e-01 6.407078000000000000e+06
5.998354613160790194e+01 1.857345756498883227e-01 6.447954000000000000e+06
6.006732029307560339e+01 1.848378360000408893e-01 6.456026000000000000e+06
6.015110327404215695e+01 1.844172292215684184e-01 6.482034000000000000e+06
6.023487596160424573e+01 1.837898771546300491e-01 6.492878000000000000e+06
6.031854831072890022e+01 1.833710674470945823e-01 6.502074000000000000e+06
6.040231839065788222e+01 1.827023596462135635e-01 6.542930000000000000e+06
6.048619165671609466e+01 1.817918377792873685e-01 6.556598000000000000e+06
6.057002333107591596e+01 1.812761307270715494e-01 6.570330000000000000e+06
6.065376829395822256e+01 1.809270699474709587e-01 6.581882000000000000e+06
6.073756442394000743e+01 1.804227524466370247e-01 6.612546000000000000e+06
6.082141587353444123e+01 1.795960947841044320e-01 6.628622000000000000e+06
6.090514253860760618e+01 1.789977725311931722e-01 6.629498000000000000e+06
6.098884320245825563e+01 1.787443968915418402e-01 6.659250000000000000e+06
6.107265851032283877e+01 1.778173322010180579e-01 6.686006000000000000e+06
6.115647246835320061e+01 1.772718010405471556e-01 6.693786000000000000e+06
6.124020033801726015e+01 1.767448902295951085e-01 6.711554000000000000e+06
6.132397038132510403e+01 1.761434966160793369e-01 6.735678000000000000e+06
6.140778387575393538e+01 1.756628368701510234e-01 6.754754000000000000e+06
6.149161352937865388e+01 1.750297901445716509e-01 6.776570000000000000e+06
6.157529545988447239e+01 1.745296084430727757e-01 6.767394000000000000e+06
6.165900889953971387e+01 1.740317267813452362e-01 6.818246000000000000e+06
6.174288787705573611e+01 1.732354892613521546e-01 6.830562000000000000e+06
6.182665980957211360e+01 1.727257637093069509e-01 6.839186000000000000e+06
6.191039097988957707e+01 1.722256860126894218e-01 6.861462000000000000e+06
6.199415875786135643e+01 1.716513799936457141e-01 6.880394000000000000e+06
6.207797374072198693e+01 1.710032121656630266e-01 6.907178000000000000e+06
6.216178350871904001e+01 1.706743273200623245e-01 6.917034000000000000e+06
6.224554940092006916e+01 1.699643222319497382e-01 6.937934000000000000e+06
6.232927625716432374e+01 1.695089963654683451e-01 6.947250000000000000e+06
6.241305212971730754e+01 1.689059862454107552e-01 6.982106000000000000e+06
6.249687658401688850e+01 1.683594521677403422e-01 6.995718000000000000e+06
6.258064195304475419e+01 1.678032840651252633e-01 7.006682000000000000e+06
6.266440681033797944e+01 1.673687894283376054e-01 7.035866000000000000e+06
6.274824216199589699e+01 1.668187588512228814e-01 7.054110000000000000e+06
6.283199118762099999e+01 1.662895048641530593e-01 7.059194000000000000e+06
6.291572599321118986e+01 1.655953063833423278e-01 7.091802000000000000e+06
6.299950509521183051e+01 1.651912827613635226e-01 7.100666000000000000e+06
6.308326075680762557e+01 1.646087252614997498e-01 7.129070000000000000e+06
6.316706195378349520e+01 1.641247328608894385e-01 7.143282000000000000e+06
6.325081801455058894e+01 1.635990637133487025e-01 7.161482000000000000e+06
6.333459669546337523e+01 1.628863386526969714e-01 7.184694000000000000e+06
6.341841008120442780e+01 1.623906115481111856e-01 7.203914000000000000e+06
6.350218876580745331e+01 1.621204887263346939e-01 7.219746000000000000e+06
6.358591190700263951e+01 1.614392670869765900e-01 7.228634000000000000e+06
6.366969673610064717e+01 1.609650522071675027e-01 7.271990000000000000e+06
6.375349087092273948e+01 1.603744936207010807e-01 7.266786000000000000e+06
6.383719401333753751e+01 1.599828618044463469e-01 7.293650000000000000e+06
6.392099500043143223e+01 1.593450704975337417e-01 7.324086000000000000e+06
6.400484294296721544e+01 1.589361973932535144e-01 7.338650000000000000e+06
6.408861957019631461e+01 1.582851965230505920e-01 7.351962000000000000e+06
6.417229567069612983e+01 1.579649635254764539e-01 7.357190000000000000e+06
6.425605827522849722e+01 1.573203844914733140e-01 7.406042000000000000e+06
6.433988346718935247e+01 1.568178937632969949e-01 7.408626000000000000e+06
6.442366993893529070e+01 1.561729131839889317e-01 7.435610000000000000e+06
6.450748292497215175e+01 1.558511040791076274e-01 7.453542000000000000e+06
6.459124517573944502e+01 1.552912566207779732e-01 7.464002000000000000e+06
6.467501250428696835e+01 1.549311400770743141e-01 7.493546000000000000e+06
6.475881482306483861e+01 1.544215594171916839e-01 7.510806000000000000e+06
6.484263355878292145e+01 1.539251629754939954e-01 7.532114000000000000e+06
6.492635863913294259e+01 1.533495874730004260e-01 7.536234000000000000e+06
6.501006892041591811e+01 1.530430419171237288e-01 7.565834000000000000e+06
6.509392196997305291e+01 1.524448965429980596e-01 7.603062000000000000e+06
6.517772136341262978e+01 1.521988401201492258e-01 7.593890000000000000e+06
6.526142024031203448e+01 1.516884440133460799e-01 7.622906000000000000e+06
6.534517798747489792e+01 1.511761991111892356e-01 7.646622000000000000e+06
6.542900683024386410e+01 1.506790290167253632e-01 7.672058000000000000e+06
6.551278372258207128e+01 1.503342048919270035e-01 7.679346000000000000e+06
6.559647689529717240e+01 1.498528608519524852e-01 7.693058000000000000e+06
6.568023240704575016e+01 1.493444973576587564e-01 7.732158000000000000e+06
6.576407007540214522e+01 1.487815159026209255e-01 7.746962000000000000e+06
6.584790505033298302e+01 1.483371608184598511e-01 7.770986000000000000e+06
6.593165610578880376e+01 1.478869626383829128e-01 7.772094000000000000e+06
6.601538633341530726e+01 1.475016459891811960e-01 7.803818000000000000e+06
6.609921986930250171e+01 1.470534747160513189e-01 7.834338000000000000e+06
6.618300989442009552e+01 1.465542667522795883e-01 7.833710000000000000e+06
6.626672027527055775e+01 1.460878253075471866e-01 7.858794000000000000e+06
6.635048482494400446e+01 1.457867797861316650e-01 7.884290000000000000e+06
6.643426840268917033e+01 1.451492193529297370e-01 7.901522000000000000e+06
6.651807839369693909e+01 1.446921927828975774e-01 7.930662000000000000e+06
6.660185938569200914e+01 1.442906676551019562e-01 7.934426000000000000e+06
6.668562349459918437e+01 1.438836349277712034e-01 7.967322000000000000e+06
6.676941985144630110e+01 1.434485833884369121e-01 7.981934000000000000e+06
6.685320220952085890e+01 1.429877923831747999e-01 8.003282000000000000e+06
6.693696207061206849e+01 1.427040415398845574e-01 8.019666000000000000e+06
6.702068860837411535e+01 1.421804479741195504e-01 8.034482000000000000e+06
6.710445272740649614e+01 1.417184790015346141e-01 8.068542000000000000e+06
6.718828234859530824e+01 1.412853489427307874e-01 8.088290000000000000e+06
6.727206071729939652e+01 1.408463466497503203e-01 8.096322000000000000e+06
6.735579384931760671e+01 1.404038166873208537e-01 8.122646000000000000e+06
6.743961094632139464e+01 1.400389017952824999e-01 8.150138000000000000e+06
6.752341839406597046e+01 1.397045486999777819e-01 8.165322000000000000e+06
6.760720134506061640e+01 1.391978551003632825e-01 8.182574000000000000e+06
6.769097215349376029e+01 1.387725693949240779e-01 8.203698000000000000e+06
6.777475210174605991e+01 1.382957661888771506e-01 8.226914000000000000e+06
6.785855795495925236e+01 1.378998958153720422e-01 8.246898000000000000e+06
6.794231757399198557e+01 1.372583539564263266e-01 8.261774000000000000e+06
6.802605368830526800e+01 1.367786547038405687e-01 8.279426000000000000e+06
6.810980740395922339e+01 1.364802101935773115e-01 8.308722000000000000e+06
6.819359624676370402e+01 1.360694218284564938e-01 8.326214000000000000e+06
6.827735164047554406e+01 1.357512488190248667e-01 8.342682000000000000e+06
6.836106899917464830e+01 1.351656724676031096e-01 8.360834000000000000e+06
6.844484437189701964e+01 1.347457461529095180e-01 8.393226000000000000e+06
6.852869899063553305e+01 1.344121690231171729e-01 8.420150000000000000e+06
6.861250241461986832e+01 1.339120754890829879e-01 8.421986000000000000e+06
6.869622258997036113e+01 1.335612063112721903e-01 8.445714000000000000e+06
6.877998582885126666e+01 1.330463441521423651e-01 8.472590000000000000e+06
6.886380417121233677e+01 1.326240793514585070e-01 8.495370000000000000e+06
6.894760222040189035e+01 1.322361456310154892e-01 8.512802000000000000e+06
6.903133907390910906e+01 1.319651947780727808e-01 8.523290000000000000e+06
6.911515911696680803e+01 1.316425585773018658e-01 8.570982000000000000e+06
6.919899661482570252e+01 1.312581563683920816e-01 8.568458000000000000e+06
6.928271270688284744e+01 1.307881426164659855e-01 8.586498000000000000e+06
6.936640883580386685e+01 1.303544102003081073e-01 8.608838000000000000e+06
6.945020519724739927e+01 1.299551737818384067e-01 8.645610000000000000e+06
6.953403489536805182e+01 1.295083893233681116e-01 8.658386000000000000e+06
6.961776845906641142e+01 1.291538579825711186e-01 8.668598000000000000e+06
6.970149629909469979e+01 1.287168611724894274e-01 8.697426000000000000e+06
6.978527344513386765e+01 1.283642781788194853e-01 8.722562000000000000e+06
6.986906013590846953e+01 1.278708925490864012e-01 8.737962000000000000e+06
6.995286374627769987e+01 1.274485211311442157e-01 8.771366000000000000e+06
7.003663130607654352e+01 1.270810744714690743e-01 8.771010000000000000e+06
7.012044287898793016e+01 1.267092290519662157e-01 8.822618000000000000e+06
7.020422712516214858e+01 1.263756246504489367e-01 8.807726000000000000e+06
7.028792428421020588e+01 1.261084424448856989e-01 8.844618000000000000e+06
7.037169187076506205e+01 1.256914609568323404e-01 8.868722000000000000e+06
7.045550216092648554e+01 1.253169778552159497e-01 8.891394000000000000e+06
7.053930310811041693e+01 1.250258782212704811e-01 8.911934000000000000e+06
7.062306388634770826e+01 1.246311045639268145e-01 8.923938000000000000e+06
7.070681928787864479e+01 1.242985008848873640e-01 8.953682000000000000e+06
7.079064883602877956e+01 1.239784391301414490e-01 8.981966000000000000e+06
7.087445404086807343e+01 1.235008245423306200e-01 8.990442000000000000e+06
7.095817349518108585e+01 1.230970676321627016e-01 9.007874000000000000e+06
7.104193091703314167e+01 1.228703353983888885e-01 9.038982000000000000e+06
7.112576467725064333e+01 1.223231860149946448e-01 9.068570000000000000e+06
7.120961688916655419e+01 1.221185162763820525e-01 9.085250000000000000e+06
7.129335164196812968e+01 1.217535078247028862e-01 9.084690000000000000e+06
7.137708037180341591e+01 1.213733974362485452e-01 9.128654000000000000e+06
7.146084353628984331e+01 1.210267765737416540e-01 9.133170000000000000e+06
7.154466665793322022e+01 1.207325001562179895e-01 9.185882000000000000e+06
7.162842926759091711e+01 1.203069482740519863e-01 9.163254000000000000e+06
7.171216325434680527e+01 1.200456230009772224e-01 9.220130000000000000e+06
7.179600405083390058e+01 1.196263123111557525e-01 9.233138000000000000e+06
7.187979487849634097e+01 1.192915485776448875e-01 9.249378000000000000e+06
7.196355510905767972e+01 1.189642104071056139e-01 9.271550000000000000e+06
7.204729422001986450e+01 1.187503943996435218e-01 9.286266000000000000e+06
7.213106156089709486e+01 1.182637615894494426e-01 9.320762000000000000e+06
7.221480038490358311e+01 1.178692493972692268e-01 9.326718000000000000e+06
7.229852005323998299e+01 1.175865766389633665e-01 9.354602000000000000e+06
7.238228486066410028e+01 1.172663116485484769e-01 9.384122000000000000e+06
7.246607067066045715e+01 1.168379318209428058e-01 9.400482000000000000e+06
7.254987197439923818e+01 1.164772383929076754e-01 9.432638000000000000e+06
7.263367976569567475e+01 1.162128781531243937e-01 9.445314000000000000e+06
7.271750340333485951e+01 1.158378608230833939e-01 9.477290000000000000e+06
7.280130916047085066e+01 1.153567030329906151e-01 9.489182000000000000e+06
7.288506765200136783e+01 1.151059841337262329e-01 9.506706000000000000e+06
7.296881975889688476e+01 1.147491896876623729e-01 9.533978000000000000e+06
7.305259443485221027e+01 1.144049658654451018e-01 9.553662000000000000e+06
7.313637521480190173e+01 1.141478876885718280e-01 9.579506000000000000e+06
7.322019418653475498e+01 1.135896098051325936e-01 9.607866000000000000e+06
7.330395444861356680e+01 1.133272540749435259e-01 9.608354000000000000e+06
7.338767600840630223e+01 1.131036767220435085e-01 9.643862000000000000e+06
7.347148094131401308e+01 1.127670445344631928e-01 9.670578000000000000e+06
7.355528165751150027e+01 1.124821684597987759e-01 9.687890000000000000e+06
7.363898985402030917e+01 1.120975232980656600e-01 9.693294000000000000e+06
7.372271904442924040e+01 1.118151651894395554e-01 9.736034000000000000e+06
7.380653580168322492e+01 1.114455905381585288e-01 9.758946000000000000e+06
7.389034984429981989e+01 1.111941064694384612e-01 9.778994000000000000e+06
7.397413656457592879e+01 1.109092328383492893e-01 9.796814000000000000e+06
7.405788979529948790e+01 1.105483136091479912e-01 9.816882000000000000e+06
7.414169279296697823e+01 1.102927598498920914e-01 9.850514000000000000e+06
7.422546369344802031e+01 1.099416531673603481e-01 9.856062000000000000e+06
7.430920419509655517e+01 1.095587094427608044e-01 9.886706000000000000e+06
7.439300596308194713e+01 1.092243657193475576e-01 9.916194000000000000e+06
7.447678556559041851e+01 1.090850177745687766e-01 9.924854000000000000e+06
7.456056972198642541e+01 1.087245231386067684e-01 9.961490000000000000e+06
7.464438171105736330e+01 1.083996269001466922e-01 9.979098000000000000e+06
7.472814154131890518e+01 1.080964711049735849e-01 9.990266000000000000e+06
7.481183974796279301e+01 1.077010347571081411e-01 1.001239800000000000e+07
7.489556694343458787e+01 1.074735342348073358e-01 1.003881800000000000e+07
7.497934514550230745e+01 1.071627370587332484e-01 1.007208200000000000e+07
7.506311789232059084e+01 1.069348446393663526e-01 1.008267000000000000e+07
7.514692811902769165e+01 1.065987265324314648e-01 1.012322600000000000e+07
7.523075407192267505e+01 1.062430450266871607e-01 1.013483400000000000e+07
7.531451966247126961e+01 1.059815100305867563e-01 1.015145000000000000e+07
7.539829209775307106e+01 1.056578733671389159e-01 1.018411800000000000e+07
7.548208760826673824e+01 1.053626366569573314e-01 1.019981000000000000e+07
7.556588556111178434e+01 1.050224302387026132e-01 1.023038600000000000e+07
7.564964694677739487e+01 1.048180788007111314e-01 1.023833400000000000e+07
7.573340114101655729e+01 1.045301732136219575e-01 1.027159400000000000e+07
7.581720755260936073e+01 1.041013532369728933e-01 1.029841800000000000e+07
7.590097691415932957e+01 1.039415041350314484e-01 1.030681400000000000e+07
7.598473414840474049e+01 1.035899986906876208e-01 1.034130600000000000e+07
7.606853392840329775e+01 1.032216355320287604e-01 1.036284200000000000e+07
7.615234212784832835e+01 1.030758240048883223e-01 1.038883400000000000e+07
7.623609474757780902e+01 1.027376166716206657e-01 1.039563000000000000e+07
7.631981670052634570e+01 1.024342008459754177e-01 1.042536200000000000e+07
7.640358337833828273e+01 1.021074131977026817e-01 1.045427400000000000e+07
7.648737866504175997e+01 1.018506089827218020e-01 1.047829400000000000e+07
7.657118922665969762e+01 1.016652902383187451e-01 1.050181800000000000e+07
7.665495334176074493e+01 1.012992745470436412e-01 1.051481000000000000e+07
7.673872752945807463e+01 1.011146650030401439e-01 1.054884200000000000e+07
7.682251623133140583e+01 1.008264048079669517e-01 1.056646200000000000e+07
7.690627734628161249e+01 1.005456790100134057e-01 1.058681000000000000e+07
7.699005449515836119e+01 1.002656252679003657e-01 1.061495400000000000e+07
7.707381163172706806e+01 9.981266909188872549e-02 1.063105400000000000e+07
7.715758302708022143e+01 9.971003610644620097e-02 1.066236200000000000e+07
7.724136594782987686e+01 9.943912510996077980e-02 1.068335400000000000e+07
7.732513038906363079e+01 9.922275975489232291e-02 1.069929800000000000e+07
7.740891664711064379e+01 9.886960411339014432e-02 1.073878200000000000e+07
7.749269645330657852e+01 9.851827525208479985e-02 1.074420200000000000e+07
7.757647166278094630e+01 9.831321542774350275e-02 1.078218600000000000e+07
7.766021891602670735e+01 9.810674182932056786e-02 1.078496600000000000e+07
7.774399344085298935e+01 9.780598707505987199e-02 1.083393800000000000e+07
7.782781601101176250e+01 9.763139766474210335e-02 1.084813800000000000e+07
7.791162919578846413e+01 9.726597942240067241e-02 1.087376600000000000e+07
7.799540485219509378e+01 9.707554076111167551e-02 1.088697000000000000e+07
7.807914803163318140e+01 9.690430657042667373e-02 1.091244200000000000e+07
7.816290481905753040e+01 9.673576750496355736e-02 1.093669800000000000e+07
7.824668494094176197e+01 9.633586269446448025e-02 1.096614200000000000e+07
7.833041079278541474e+01 9.609495242209091515e-02 1.096874600000000000e+07
7.841414369597413270e+01 9.587014583005358526e-02 1.101460200000000000e+07
7.849797207299076263e+01 9.562494215674430253e-02 1.104277400000000000e+07
7.858180750484748955e+01 9.540031690170767964e-02 1.106147400000000000e+07
7.866557248062186147e+01 9.506461984474980087e-02 1.107245000000000000e+07
7.874929596355666206e+01 9.475793152371442263e-02 1.109692200000000000e+07
7.883311706336922953e+01 9.455978705831755149e-02 1.114652600000000000e+07
7.891694358971126633e+01 9.421929385240922217e-02 1.114560200000000000e+07
7.900068031277757541e+01 9.404645473379366627e-02 1.116844200000000000e+07
7.908436218738494006e+01 9.379191788704603627e-02 1.118108600000000000e+07
7.916818470584115630e+01 9.357414067093008936e-02 1.125011400000000000e+07
7.925204746494267738e+01 9.332410671096678934e-02 1.124210600000000000e+07
7.933579204504063398e+01 9.301909795670762482e-02 1.126544600000000000e+07
7.941952450138673214e+01 9.287071828516085814e-02 1.128549000000000000e+07
7.950333805121174180e+01 9.250181634983020706e-02 1.133592200000000000e+07
7.958714843508016656e+01 9.231224068038054731e-02 1.133013000000000000e+07
7.967084513754768693e+01 9.206194028142325458e-02 1.135727000000000000e+07
7.975459918129639902e+01 9.188650738627412995e-02 1.138909800000000000e+07
7.983842412182876558e+01 9.164660973888917594e-02 1.142664200000000000e+07
7.992222911930718965e+01 9.136568682391016383e-02 1.143135800000000000e+07
8.000599212589428078e+01 9.111081499538749295e-02 1.146229800000000000e+07
8.008974687846490781e+01 9.092521740622735993e-02 1.147920200000000000e+07
8.017351400530820626e+01 9.066728101558452213e-02 1.150974600000000000e+07
8.025725037950861918e+01 9.046188743061522874e-02 1.152306200000000000e+07
8.034098812717721216e+01 9.022754865133118807e-02 1.155621000000000000e+07
8.042478697546600586e+01 8.997744984977065763e-02 1.158828200000000000e+07
8.050856802239243848e+01 8.982017640883178944e-02 1.159964600000000000e+07
8.059238416169034736e+01 8.952954863921620821e-02 1.164527400000000000e+07
8.067619501003925109e+01 8.928152183411623699e-02 1.164933800000000000e+07
8.075991178803855064e+01 8.906445530392220755e-02 1.166538600000000000e+07
8.084370890131339138e+01 8.884126985210533123e-02 1.171928600000000000e+07
8.092752051805530300e+01 8.864314367405874695e-02 1.172073800000000000e+07
8.101129543325400562e+01 8.842775575041041114e-02 1.175507400000000000e+07
8.109505389589725155e+01 8.820700753265484084e-02 1.176716600000000000e+07
8.117885591153601865e+01 8.799364506889073567e-02 1.181334600000000000e+07
8.126268704922078712e+01 8.774635426136002947e-02 1.182545000000000000e+07
8.134639603648894024e+01 8.754436941015387996e-02 1.182881400000000000e+07
8.143015231506957718e+01 8.725283181725854154e-02 1.188441800000000000e+07
8.151397613354559724e+01 8.703797581051626875e-02 1.190037800000000000e+07
8.159772291543191614e+01 8.689692443786958820e-02 1.190800200000000000e+07
8.168141712941573473e+01 8.665335389324538284e-02 1.193747000000000000e+07
8.176520125845252096e+01 8.645141476592028973e-02 1.198134600000000000e+07
8.184903085960836222e+01 8.620633953356490742e-02 1.199815400000000000e+07
8.193279937551101000e+01 8.601109972055122344e-02 1.201579800000000000e+07
8.201657550601832725e+01 8.576648292719613043e-02 1.204658600000000000e+07
8.210037035575065545e+01 8.567477118377474221e-02 1.207322600000000000e+07
8.218415112950239632e+01 8.538381239055467531e-02 1.208937000000000000e+07
8.226793017110850315e+01 8.519595296371673676e-02 1.212366200000000000e+07
8.235168019795568739e+01 8.500091474841574291e-02 1.212901800000000000e+07
8.243541372022190217e+01 8.479322828950146274e-02 1.216869800000000000e+07
8.251918470186251398e+01 8.460340232645698066e-02 1.219107000000000000e+07
8.260303064827999719e+01 8.435334743231548416e-02 1.223729000000000000e+07
8.268685911029808722e+01 8.419002504936901055e-02 1.223743400000000000e+07
8.277063029603770872e+01 8.398240077167398732e-02 1.226943000000000000e+07
8.285440346682658230e+01 8.373712821791499950e-02 1.228831400000000000e+07
8.293815388297495872e+01 8.355441305397702523e-02 1.231201800000000000e+07
8.302189357408074954e+01 8.341935900377581148e-02 1.233377000000000000e+07
8.310562948947298878e+01 8.310502643687997515e-02 1.236265400000000000e+07
8.318944085122717524e+01 8.299037962216417041e-02 1.240528200000000000e+07
8.327326112930197155e+01 8.276208831332688975e-02 1.241484200000000000e+07
8.335700619223128172e+01 8.256626390079913058e-02 1.243327800000000000e+07
8.344077077200753934e+01 8.238012976041750313e-02 1.246944200000000000e+07
8.352457315314735808e+01 8.218400224019864475e-02 1.249710600000000000e+07
8.360836220932365848e+01 8.201582800517283334e-02 1.251307400000000000e+07
8.369209444132825126e+01 8.193642513323197429e-02 1.253190200000000000e+07
8.377584249260344507e+01 8.174679475703172660e-02 1.256769000000000000e+07
8.385966667689248766e+01 8.150980022117949864e-02 1.260333800000000000e+07
8.394346055007575558e+01 8.134390737617197553e-02 1.261269400000000000e+07
8.402720752589927145e+01 8.113271412984135456e-02 1.263483400000000000e+07
8.411093968200033544e+01 8.101054729114495756e-02 1.266273000000000000e+07
8.419472584613649246e+01 8.083411967601447645e-02 1.269908600000000000e+07
8.427850265596407553e+01 8.061055256575527794e-02 1.271099400000000000e+07
8.436223938424853941e+01 8.042098556123479514e-02 1.273917800000000000e+07
8.444601577921049795e+01 8.024964191992005336e-02 1.276949000000000000e+07
8.452980888818765948e+01 8.007146124004904664e-02 1.279952600000000000e+07
8.461363856796832295e+01 7.989723754843208736e-02 1.282878600000000000e+07
8.469740487481715263e+01 7.974631245541695390e-02 1.283279400000000000e+07
8.478116585803400085e+01 7.952250697463532358e-02 1.287594200000000000e+07
8.486500035405539677e+01 7.931400378915312577e-02 1.290631400000000000e+07
8.494878168161768883e+01 7.912381200301522866e-02 1.291312200000000000e+07
8.503250896829791827e+01 7.892261488927890256e-02 1.293728200000000000e+07
8.511625758727213054e+01 7.876977010760655151e-02 1.297337400000000000e+07
8.520007724156167228e+01 7.862145543479882870e-02 1.300815400000000000e+07
8.528389486690601018e+01 7.845004416610509845e-02 1.302582600000000000e+07
8.536762998882402087e+01 7.831160106751337835e-02 1.303365400000000000e+07
8.545139522308386404e+01 7.812643547305471448e-02 1.308366600000000000e+07
8.553518354504295473e+01 7.796695187352813139e-02 1.309470600000000000e+07
8.561892245915041144e+01 7.786143495778728718e-02 1.311903400000000000e+07
8.570266129864387494e+01 7.768312009491935843e-02 1.314631800000000000e+07
