# k_mean_over_bin [h Mpc^-1] P_bin [h^-3 Mpc^3] N_modes
1.069098562002182007e-01 1.396461805555555429e+03 1.800000000000000000e+01
1.868873286631799469e-01 1.067577368951612925e+03 6.200000000000000000e+01
2.625667106132117956e-01 4.677997847576530148e+02 9.800000000000000000e+01
3.401783364159720047e-01 3.256664062500000227e+02 2.100000000000000000e+02
4.270541402271815778e-01 2.639583482142857065e+02 3.500000000000000000e+02
5.128694812456766616e-01 1.591736284722222194e+02 4.500000000000000000e+02
5.924409924947542372e-01 1.426998286960132987e+02 6.020000000000000000e+02
6.723074055719250319e-01 1.186498318569553732e+02 7.620000000000000000e+02
7.587901043808397139e-01 9.527295178415060661e+01 1.142000000000000000e+03
8.455790008544922243e-01 8.347429999999999950e+01 1.250000000000000000e+03
9.266650900755726283e-01 7.551932227366255290e+01 1.458000000000000000e+03
1.007750481597118108e+00 7.155606997657110924e+01 1.814000000000000000e+03
1.092835777828297106e+00 6.237260387970615483e+01 2.178000000000000000e+03
1.177363493043580345e+00 5.816393114491592797e+01 2.498000000000000000e+03
1.258028102048383667e+00 5.908854166666667140e+01 2.622000000000000000e+03
1.340799984066267880e+00 4.957885522768124531e+01 3.338000000000000000e+03
1.426850896250618783e+00 4.760796027001612174e+01 3.722000000000000000e+03
1.512363651158998401e+00 4.408330335731415062e+01 4.170000000000000000e+03
1.594785008970998508e+00 4.140825421638366066e+01 4.358000000000000000e+03
1.677071395354181815e+00 3.859001601609058696e+01 5.034000000000000000e+03
1.761985857460855120e+00 3.771211060553027750e+01 5.714000000000000000e+03
1.846083158874384234e+00 3.572121311852222902e+01 5.982000000000000000e+03
1.928661813341607134e+00 3.474735402150863450e+01 6.602000000000000000e+03
2.011378788847742793e+00 3.260149456521739353e+01 7.130000000000000000e+03
2.095637332393009089e+00 3.107376073562360119e+01 8.034000000000000000e+03
2.180555667263281983e+00 2.962626365326516265e+01 8.606000000000000000e+03
2.264340071811755895e+00 2.849135333939995363e+01 9.066000000000000000e+03
2.348016592997236973e+00 2.747696245733788345e+01 9.962000000000000000e+03
2.431996440706659879e+00 2.597771030805687076e+01 1.055000000000000000e+04
2.515341052179898895e+00 2.475200149207197597e+01 1.122600000000000000e+04
2.598773628370227406e+00 2.322901829820517250e+01 1.214600000000000000e+04
2.681898646405362463e+00 2.330081161748373830e+01 1.260600000000000000e+04
2.765270270259289287e+00 2.260827914432691088e+01 1.380200000000000000e+04
2.849850551988659220e+00 2.134027212959197328e+01 1.475400000000000000e+04
2.933772609879409909e+00 2.058188470777938406e+01 1.519400000000000000e+04
3.017238585326163403e+00 1.965366134374620088e+01 1.645400000000000000e+04
3.101311446264710892e+00 1.903716516555905258e+01 1.715400000000000000e+04
3.185186132992604779e+00 1.860157704204533147e+01 1.826600000000000000e+04
3.268289649175008194e+00 1.783613499999999874e+01 1.875000000000000000e+04
3.351647662541441530e+00 1.707238435306908997e+01 2.023400000000000000e+04
3.436091650782765239e+00 1.644550699300699392e+01 2.145000000000000000e+04
3.520270179566676205e+00 1.594509408296147868e+01 2.196200000000000000e+04
3.603861709535706392e+00 1.527833704500895173e+01 2.346200000000000000e+04
3.687484650452812929e+00 1.493944061434156900e+01 2.404200000000000000e+04
3.771595824668082741e+00 1.434881821860787809e+01 2.594600000000000000e+04
3.855312792317719062e+00 1.374969609081859367e+01 2.611800000000000000e+04
3.938028496533734213e+00 1.333782515632952759e+01 2.750600000000000000e+04
4.021431216072791415e+00 1.303157684235877056e+01 2.906600000000000000e+04
4.105840509662095350e+00 1.242319068144499106e+01 3.045000000000000000e+04
4.190344247210492590e+00 1.219734696931510243e+01 3.174200000000000000e+04
4.273947828100633117e+00 1.159303488372093049e+01 3.225000000000000000e+04
4.357501119655414534e+00 1.132373722627737322e+01 3.425000000000000000e+04
4.441647719320134691e+00 1.098866312686861946e+01 3.545400000000000000e+04
4.525392379562855893e+00 1.064995436954493080e+01 3.643400000000000000e+04
4.608518969537498400e+00 1.031203392866620661e+01 3.768200000000000000e+04
4.691740922213826437e+00 9.752052635262380420e+00 3.929400000000000000e+04
4.776039686402365980e+00 9.592187726307150442e+00 4.142600000000000000e+04
4.860154063182579698e+00 9.347428000047544927e+00 4.206600000000000000e+04
4.943517626628406880e+00 9.044758852609795952e+00 4.349000000000000000e+04
5.027384526744921089e+00 8.720559959082754276e+00 4.570200000000000000e+04
5.111447781105825428e+00 8.517898019685208766e+00 4.663400000000000000e+04
5.195348147294732932e+00 8.217098488281088464e+00 4.855400000000000000e+04
5.278356443076916982e+00 7.953071925516676188e+00 4.887000000000000000e+04
5.361498069859376159e+00 7.755582738487798444e+00 5.155400000000000000e+04
5.446046268496986364e+00 7.581943866703642065e+00 5.409000000000000000e+04
5.530257906132226786e+00 7.277311673785764157e+00 5.431400000000000000e+04
5.614055059061300312e+00 7.075623791952205366e+00 5.691000000000000000e+04
5.697714059662542851e+00 6.945135542430674214e+00 5.748200000000000000e+04
5.781614503695933216e+00 6.790670463167617577e+00 6.062600000000000000e+04
5.865571886738293550e+00 6.605216400352906803e+00 6.120600000000000000e+04
5.948642163157025209e+00 6.451246603803739710e+00 6.257000000000000000e+04
6.032247506670804782e+00 6.309936958010041508e+00 6.573000000000000000e+04
6.116202609789227473e+00 6.101140513001229948e+00 6.668600000000000000e+04
6.200338050909933507e+00 5.969932781428448187e+00 6.969800000000000000e+04
6.284184080576646458e+00 5.809595275326307373e+00 7.002600000000000000e+04
6.367735154784823770e+00 5.658522891292991908e+00 7.274600000000000000e+04
6.451745661739480830e+00 5.544731177412895562e+00 7.491000000000000000e+04
6.535332300795173133e+00 5.382781341618024129e+00 7.572200000000000000e+04
6.618657591294924813e+00 5.254568006966240823e+00 7.837800000000000000e+04
6.702212198046048286e+00 5.137062664000999312e+00 8.003000000000000000e+04
6.786191249900881850e+00 5.027263076118577700e+00 8.318600000000000000e+04
6.870329813067023395e+00 4.881028836841234231e+00 8.466600000000000000e+04
6.954215657456758848e+00 4.712784602985695237e+00 8.654600000000000000e+04
7.037715246920486223e+00 4.646593893956929122e+00 8.813400000000000000e+04
7.121547139301203089e+00 4.566007081758395536e+00 9.153800000000000000e+04
7.205739104639491188e+00 4.474717623311645021e+00 9.313800000000000000e+04
7.289302562894590665e+00 4.336760277524926543e+00 9.447800000000000000e+04
7.372793903598283016e+00 4.258692263605897033e+00 9.727400000000000000e+04
7.456586938722763236e+00 4.159936741398334803e+00 9.969000000000000000e+04
7.540727849410562733e+00 4.085926990934789060e+00 1.025900000000000000e+05
7.624726899722253037e+00 3.969904596704250110e+00 1.037700000000000000e+05
7.708301949249494633e+00 3.906069868636337983e+00 1.063460000000000000e+05
7.792073202214887750e+00 3.831811225194848181e+00 1.085460000000000000e+05
7.875590350490393909e+00 3.734301338439029561e+00 1.107260000000000000e+05
7.958880241426510516e+00 3.648578417407097874e+00 1.123220000000000000e+05
8.042278013378316714e+00 3.600063098628009328e+00 1.158900000000000000e+05
8.126250782754576463e+00 3.542030652712055527e+00 1.187660000000000000e+05
8.210824485795901850e+00 3.430240324862221968e+00 1.222980000000000000e+05
8.294696866383139522e+00 3.352462578835285534e+00 1.220900000000000000e+05
8.378213958279353335e+00 3.327837612272474210e+00 1.258100000000000000e+05
8.461948784979133720e+00 3.215452160854980868e+00 1.281900000000000000e+05
8.545861912066349930e+00 3.165119442493549151e+00 1.309940000000000000e+05
8.629829070974631477e+00 3.114807445670869424e+00 1.337220000000000000e+05
8.713023213538299672e+00 3.013695186576639706e+00 1.338860000000000000e+05
8.796849328478236529e+00 2.995872557600079755e+00 1.405380000000000000e+05
8.881002057237468605e+00 2.944642018862825061e+00 1.405940000000000000e+05
8.964535854632408984e+00 2.899030643689847864e+00 1.435940000000000000e+05
9.048105800131455823e+00 2.843624837673432992e+00 1.463100000000000000e+05
9.132180630417705558e+00 2.782242158977763058e+00 1.506500000000000000e+05
9.216334569657748332e+00 2.721071831760074833e+00 1.519140000000000000e+05
9.299613886090023485e+00 2.693596274071369923e+00 1.533980000000000000e+05
9.383076715811887070e+00 2.643407225114970949e+00 1.578660000000000000e+05
9.466957210946844725e+00 2.585566272765750906e+00 1.606580000000000000e+05
9.551001030929990421e+00 2.537512873091126053e+00 1.641020000000000000e+05
9.634679217300240239e+00 2.505991695152550935e+00 1.649940000000000000e+05
9.718288873285626295e+00 2.458211841330585568e+00 1.698500000000000000e+05
9.802505913321919451e+00 2.442528586128357215e+00 1.729860000000000000e+05
9.886246806166026246e+00 2.381663721865044270e+00 1.738940000000000000e+05
9.969472594688919997e+00 2.336131864541967751e+00 1.767780000000000000e+05
1.005318025662911374e+01 2.288277734843401134e+00 1.818020000000000000e+05
1.013721966898855698e+01 2.254257374071463538e+00 1.844300000000000000e+05
1.022118986876454727e+01 2.218570419563986817e+00 1.872420000000000000e+05
1.030498420635128198e+01 2.196667214191852846e+00 1.902500000000000000e+05
1.038865879785050694e+01 2.148489185750636299e+00 1.925700000000000000e+05
1.047268787066241202e+01 2.119165943688399611e+00 1.982540000000000000e+05
1.055654631656024378e+01 2.088881869907206479e+00 1.980740000000000000e+05
1.063992050874177231e+01 2.048101490967582539e+00 2.020500000000000000e+05
1.072342909671023747e+01 2.019524749150859666e+00 2.055020000000000000e+05
1.080749259245351190e+01 2.001586041411523187e+00 2.106660000000000000e+05
1.089152248600719375e+01 1.964643569996139982e+00 2.124260000000000000e+05
1.097500893551614531e+01 1.932274136585046653e+00 2.139180000000000000e+05
1.105881432508122764e+01 1.893688148773269742e+00 2.209940000000000000e+05
1.114281827806075675e+01 1.860418067957132937e+00 2.215220000000000000e+05
1.122659733627983947e+01 1.835458284728297640e+00 2.263140000000000000e+05
1.131012448294715078e+01 1.808054766073895259e+00 2.272940000000000000e+05
1.139373491340957045e+01 1.789059347661850596e+00 2.329620000000000000e+05
1.147791396342367420e+01 1.751206805203979755e+00 2.378180000000000000e+05
1.156185786192584786e+01 1.723640194129145264e+00 2.383980000000000000e+05
1.164526418449005440e+01 1.702910123727311209e+00 2.414180000000000000e+05
1.172886167625361331e+01 1.674671341838925631e+00 2.468180000000000000e+05
1.181275352276138690e+01 1.641340018847086357e+00 2.499060000000000000e+05
1.189671323999418817e+01 1.618281609488735784e+00 2.547020000000000000e+05
1.198029050867584644e+01 1.616907264816168421e+00 2.544180000000000000e+05
1.206365995307397831e+01 1.584453642924633421e+00 2.603540000000000000e+05
1.214748111162727895e+01 1.557617209613018749e+00 2.649740000000000000e+05
1.223153609351346027e+01 1.536978038642165645e+00 2.687220000000000000e+05
1.231542005092308401e+01 1.512797837142162871e+00 2.715620000000000000e+05
1.239926414254153109e+01 1.481457693787057384e+00 2.755860000000000000e+05
1.248326018835918916e+01 1.469905465933830646e+00 2.801900000000000000e+05
1.256718689365069075e+01 1.453888477870411533e+00 2.828340000000000000e+05
1.265082201539840945e+01 1.424680892099449370e+00 2.851700000000000000e+05
1.273428590217279144e+01 1.411313951863836014e+00 2.898860000000000000e+05
1.281807025163205793e+01 1.396179713658930899e+00 2.944740000000000000e+05
1.290206487994812434e+01 1.363225714362032326e+00 2.994980000000000000e+05
1.298575998115805419e+01 1.351830402089625904e+00 2.999580000000000000e+05
1.306931917580193137e+01 1.336257756867565982e+00 3.058580000000000000e+05
1.315318222821372096e+01 1.316586911265983151e+00 3.107940000000000000e+05
1.323705865044962771e+01 1.300393247615640568e+00 3.130820000000000000e+05
1.332048162954101578e+01 1.282601365782196190e+00 3.160460000000000000e+05
1.340413573615346365e+01 1.271278974948637286e+00 3.222180000000000000e+05
1.348834417846224731e+01 1.249771352134452673e+00 3.285620000000000000e+05
1.357223695452436729e+01 1.234796602030549861e+00 3.279900000000000000e+05
1.365596925306868847e+01 1.223007516806747796e+00 3.352820000000000000e+05
1.373963440686360471e+01 1.202014409768729308e+00 3.359700000000000000e+05
1.382343709261304809e+01 1.184925548441287502e+00 3.440660000000000000e+05
1.390711154340320732e+01 1.172324132719263945e+00 3.437180000000000000e+05
1.399068919637316455e+01 1.161129295188023880e+00 3.514980000000000000e+05
1.407457421522249952e+01 1.149291136044326755e+00 3.544580000000000000e+05
1.415828615108818589e+01 1.131249198195032557e+00 3.585660000000000000e+05
1.424237341329648920e+01 1.115981831192881080e+00 3.661220000000000000e+05
1.432626916020835672e+01 1.100630962794893586e+00 3.658100000000000000e+05
1.440982743915939146e+01 1.086633141337165265e+00 3.716220000000000000e+05
1.449360657137520469e+01 1.076674231221375289e+00 3.759860000000000000e+05
1.457752624362193217e+01 1.066875506973336440e+00 3.821700000000000000e+05
1.466117168697845941e+01 1.050688089613375897e+00 3.818180000000000000e+05
1.474463292325917685e+01 1.035396356019652186e+00 3.895740000000000000e+05
1.482845717927088813e+01 1.021691436075367276e+00 3.936980000000000000e+05
1.491237844591757877e+01 1.011745289867770792e+00 3.994580000000000000e+05
1.499620869344033025e+01 1.002367085216621767e+00 4.022220000000000000e+05
1.507994841028436639e+01 9.880309524921239150e-01 4.069220000000000000e+05
1.516379287905045814e+01 9.767457950014776236e-01 4.128420000000000000e+05
1.524761726947007823e+01 9.621015520794711229e-01 4.153460000000000000e+05
1.533130236314283046e+01 9.549464364573984065e-01 4.211820000000000000e+05
1.541507271489498443e+01 9.421963452136145056e-01 4.250180000000000000e+05
1.549892486087325949e+01 9.350270389063362053e-01 4.311380000000000000e+05
1.558273944082544205e+01 9.176845639322070980e-01 4.343820000000000000e+05
1.566651676212105748e+01 9.112371136073026401e-01 4.395140000000000000e+05
1.575031987626283225e+01 8.974277411644608904e-01 4.447380000000000000e+05
1.583416895458823603e+01 8.923379686351383677e-01 4.489100000000000000e+05
1.591764298541166056e+01 8.804280316143607843e-01 4.506180000000000000e+05
1.600124934657456777e+01 8.730704117470416969e-01 4.595540000000000000e+05
1.608512892540650085e+01 8.608547503163422876e-01 4.631060000000000000e+05
1.616876936376802121e+01 8.473241601262272438e-01 4.670940000000000000e+05
1.625266730092459966e+01 8.410128006181859517e-01 4.749380000000000000e+05
1.633654362034594953e+01 8.308851920425158744e-01 4.771860000000000000e+05
1.642042973451647470e+01 8.232080590917532081e-01 4.846700000000000000e+05
1.650430805090920217e+01 8.119108822200776787e-01 4.870100000000000000e+05
1.658806155565851981e+01 8.028808096871363764e-01 4.933140000000000000e+05
1.667181202155569864e+01 7.933838818347765942e-01 4.963220000000000000e+05
1.675536979785300673e+01 7.835771409123344355e-01 5.017020000000000000e+05
1.683913437464611107e+01 7.791082380319410694e-01 5.085620000000000000e+05
1.692311287467790493e+01 7.654842588703373307e-01 5.142420000000000000e+05
1.700686134416512019e+01 7.584004074333827727e-01 5.161580000000000000e+05
1.709049145912358725e+01 7.522682174962973534e-01 5.226020000000000000e+05
1.717439271307012660e+01 7.435253732158942919e-01 5.306580000000000000e+05
1.725814844798823344e+01 7.355043916331158727e-01 5.300420000000000000e+05
1.734170549116967663e+01 7.286160434272692665e-01 5.388780000000000000e+05
1.742552841692270604e+01 7.158312926138974408e-01 5.441300000000000000e+05
1.750952475613275183e+01 7.100264626950170133e-01 5.511060000000000000e+05
1.759341552867108760e+01 7.035548988956320526e-01 5.539820000000000000e+05
1.767712427740806902e+01 6.982544084823427699e-01 5.582420000000000000e+05
1.776076336549380486e+01 6.922408669975519402e-01 5.645460000000000000e+05
1.784454049115150198e+01 6.836109363113371806e-01 5.704940000000000000e+05
1.792845098480595212e+01 6.778123493746120998e-01 5.767620000000000000e+05
1.801209967098870024e+01 6.691029280533485890e-01 5.782340000000000000e+05
1.809567304656415843e+01 6.610720209983164120e-01 5.856660000000000000e+05
1.817956177579962329e+01 6.559585521645363571e-01 5.944460000000000000e+05
1.826340897759345694e+01 6.501142377152456797e-01 5.952500000000000000e+05
1.834709561527148480e+01 6.434780420018495484e-01 6.034020000000000000e+05
1.843085104599287050e+01 6.348839671738708557e-01 6.073820000000000000e+05
1.851480060957681317e+01 6.320787446718854063e-01 6.170100000000000000e+05
1.859860657464781752e+01 6.254095882148844598e-01 6.167780000000000000e+05
1.868221643305014013e+01 6.176691207306649334e-01 6.247460000000000000e+05
1.876579233005788794e+01 6.123102695275306484e-01 6.280620000000000000e+05
1.884963899569083878e+01 6.089086521167951238e-01 6.394100000000000000e+05
1.893369961008885838e+01 6.025717333588406222e-01 6.429540000000000000e+05
1.901742853382821963e+01 5.956928994046200021e-01 6.459740000000000000e+05
1.910112633018001560e+01 5.893288822323218268e-01 6.534900000000000000e+05
1.918502629066336240e+01 5.824658321805958883e-01 6.607460000000000000e+05
1.926890198512752406e+01 5.766622382441179973e-01 6.646460000000000000e+05
1.935246095562879987e+01 5.717276690044807985e-01 6.672900000000000000e+05
1.943618843304382438e+01 5.670654930386401782e-01 6.790340000000000000e+05
1.952018254288546828e+01 5.639487045971859347e-01 6.827220000000000000e+05
1.960415151947932699e+01 5.557252440548696715e-01 6.912380000000000000e+05
1.968780210242165651e+01 5.503799273745937359e-01 6.886020000000000000e+05
1.977130140774902145e+01 5.463231511816056818e-01 7.008260000000000000e+05
1.985512328577584995e+01 5.416207139537059234e-01 7.056620000000000000e+05
1.993880103532062975e+01 5.351154866621037343e-01 7.100820000000000000e+05
2.002251720567175752e+01 5.302545271440927133e-01 7.191620000000000000e+05
2.010630953640407981e+01 5.254231568016614062e-01 7.222500000000000000e+05
2.019007441105629752e+01 5.218409949966508199e-01 7.315100000000000000e+05
2.027398189270754258e+01 5.178427153801657967e-01 7.364420000000000000e+05
2.035771672240259988e+01 5.117520394170317344e-01 7.408980000000000000e+05
2.044152561001209278e+01 5.059740331370191635e-01 7.501580000000000000e+05
2.052547735138173479e+01 5.035228520691089615e-01 7.548660000000000000e+05
2.060926463402020303e+01 4.973074083298940629e-01 7.608260000000000000e+05
2.069293267341507203e+01 4.927771129949714557e-01 7.640340000000000000e+05
2.077660950204460377e+01 4.886293590714431145e-01 7.738460000000000000e+05
2.086046445382838144e+01 4.849073265966751811e-01 7.797140000000000000e+05
2.094422635366088770e+01 4.793150447397342973e-01 7.843140000000000000e+05
2.102790779658915099e+01 4.738334926618326670e-01 7.913420000000000000e+05
2.111175109708185005e+01 4.727822240192730563e-01 7.994580000000000000e+05
2.119561698133140482e+01 4.675444694904852261e-01 8.049620000000000000e+05
2.127937098747377220e+01 4.640854101043789259e-01 8.095500000000000000e+05
2.136289743529758312e+01 4.591602685694897712e-01 8.134580000000000000e+05
2.144667251561538279e+01 4.556077336047048010e-01 8.274020000000000000e+05
2.153058487447404801e+01 4.514835243743196558e-01 8.286180000000000000e+05
2.161430781897418285e+01 4.486295625736332893e-01 8.369180000000000000e+05
2.169809860621591113e+01 4.428693523587154957e-01 8.428740000000000000e+05
2.178186592258134979e+01 4.411765030529659626e-01 8.493380000000000000e+05
2.186575914903780316e+01 4.374131926253460034e-01 8.589420000000000000e+05
2.194962158415442133e+01 4.342178676458631759e-01 8.609780000000000000e+05
2.203325539668853494e+01 4.296329242606058418e-01 8.683460000000000000e+05
2.211696571376059239e+01 4.251306055848456666e-01 8.751540000000000000e+05
2.220087574207360248e+01 4.221630935078885538e-01 8.862140000000000000e+05
2.228474038685342151e+01 4.188317606660761361e-01 8.873460000000000000e+05
2.236841597704980344e+01 4.150433288900607920e-01 8.949860000000000000e+05
2.245213243389392943e+01 4.118737427639697080e-01 9.027740000000000000e+05
2.253605781739295466e+01 4.070263215453331918e-01 9.121140000000000000e+05
2.261989949900187824e+01 4.054349958361839201e-01 9.150260000000000000e+05
2.270351073009412346e+01 4.019366711877079834e-01 9.201420000000000000e+05
2.278715722706498781e+01 3.979657562903194390e-01 9.297620000000000000e+05
2.287097668523026428e+01 3.950835583524759387e-01 9.376980000000000000e+05
2.295488199422259967e+01 3.923354506214263293e-01 9.447620000000000000e+05
2.303860516955441540e+01 3.882777254301062464e-01 9.482540000000000000e+05
2.312228464582942422e+01 3.854525609791785712e-01 9.568020000000000000e+05
2.320617384356005175e+01 3.819599422006535461e-01 9.676580000000000000e+05
2.329003403044199771e+01 3.795309345035897675e-01 9.697020000000000000e+05
2.337357926991530377e+01 3.770638814175281683e-01 9.740900000000000000e+05
2.345731339274843563e+01 3.732063090172608733e-01 9.884820000000000000e+05
2.354122299663546514e+01 3.709452249711187588e-01 9.919940000000000000e+05
2.362504372012406506e+01 3.688274514749807498e-01 1.001030000000000000e+06
2.370885397094835767e+01 3.645348475806852728e-01 1.005450000000000000e+06
2.379260308853216443e+01 3.612642332141046131e-01 1.013738000000000000e+06
2.387641759766158600e+01 3.596002657309804729e-01 1.021710000000000000e+06
2.396006287668014423e+01 3.554727263668566728e-01 1.023626000000000000e+06
2.404369058312309448e+01 3.525148877619386778e-01 1.035834000000000000e+06
2.412744281115724831e+01 3.507980687192179814e-01 1.040786000000000000e+06
2.421130654323629017e+01 3.473660126793808312e-01 1.053206000000000000e+06
2.429521431171586343e+01 3.451489152811442196e-01 1.057002000000000000e+06
2.437900304005930963e+01 3.429899412349680099e-01 1.063898000000000000e+06
2.446281560559316759e+01 3.399760505862328142e-01 1.072782000000000000e+06
2.454665138918273826e+01 3.367187746216721012e-01 1.078826000000000000e+06
2.463047593346652420e+01 3.351476484527383670e-01 1.087922000000000000e+06
2.471419358613830752e+01 3.317163482788534346e-01 1.090494000000000000e+06
2.479788224447528933e+01 3.295057335826004352e-01 1.101362000000000000e+06
2.488170408610204021e+01 3.275943591739787775e-01 1.109802000000000000e+06
2.496549243986660471e+01 3.241019460051645651e-01 1.114514000000000000e+06
2.504920536425761668e+01 3.229252303977308003e-01 1.123926000000000000e+06
2.513283571770503499e+01 3.193233530434659295e-01 1.125986000000000000e+06
2.521660993392169203e+01 3.176961090162773171e-01 1.143554000000000000e+06
2.530049640187540660e+01 3.151899553161935930e-01 1.144710000000000000e+06
2.538425628289359182e+01 3.120476944467070468e-01 1.154018000000000000e+06
2.546797452488973690e+01 3.094038317634543178e-01 1.159962000000000000e+06
2.555179869471822229e+01 3.071750003842915189e-01 1.170986000000000000e+06
2.563566666461671772e+01 3.048617547799840621e-01 1.178142000000000000e+06
2.571944170984828659e+01 3.034885088790317820e-01 1.182674000000000000e+06
2.580313169207982682e+01 3.009744368607273901e-01 1.191002000000000000e+06
2.588687624829988820e+01 2.980737811948638849e-01 1.200438000000000000e+06
2.597069400893500202e+01 2.953202623075382172e-01 1.208162000000000000e+06
2.605447755360336259e+01 2.939533981673027596e-01 1.215258000000000000e+06
2.613827698295097690e+01 2.918523421455494482e-01 1.224134000000000000e+06
2.622200478464780105e+01 2.900180024448166805e-01 1.228722000000000000e+06
2.630582763864114426e+01 2.882737426336560160e-01 1.243154000000000000e+06
2.638970867910203921e+01 2.854789474994258724e-01 1.245434000000000000e+06
2.647343389639032196e+01 2.840272399968769013e-01 1.255158000000000000e+06
2.655698334590179499e+01 2.818684742873981408e-01 1.255610000000000000e+06
2.664075459217511366e+01 2.793202991322534801e-01 1.277562000000000000e+06
2.672459382145218143e+01 2.778257546213396822e-01 1.274414000000000000e+06
2.680821980594094356e+01 2.753063972304692353e-01 1.285994000000000000e+06
2.689209959394619531e+01 2.736877630677839179e-01 1.299570000000000000e+06
2.697602191334329902e+01 2.720527051228686655e-01 1.302122000000000000e+06
2.705977872814356644e+01 2.692709596329324051e-01 1.311366000000000000e+06
2.714355261554103649e+01 2.679292144928766550e-01 1.319186000000000000e+06
2.722733740409666225e+01 2.659661186544867717e-01 1.327434000000000000e+06
2.731116904834040326e+01 2.635670194811313150e-01 1.337294000000000000e+06
2.739498441427308961e+01 2.628440984039978612e-01 1.342730000000000000e+06
2.747866258082228796e+01 2.603235809695165770e-01 1.350570000000000000e+06
2.756247723469893529e+01 2.591919845661571076e-01 1.362590000000000000e+06
2.764637317716708864e+01 2.575319294837256079e-01 1.369698000000000000e+06
2.773011686037893142e+01 2.557367451709707251e-01 1.374914000000000000e+06
2.781378851120859963e+01 2.532148490860600121e-01 1.383570000000000000e+06
2.789756242253353236e+01 2.515500772552735076e-01 1.395374000000000000e+06
2.798127274786056873e+01 2.499049969076459765e-01 1.396994000000000000e+06
2.806492746953691508e+01 2.484879439331789119e-01 1.411530000000000000e+06
2.814870507983202330e+01 2.467253252740244929e-01 1.417574000000000000e+06
2.823250085536484733e+01 2.445809616442497780e-01 1.428834000000000000e+06
2.831642245547427450e+01 2.430504474231733048e-01 1.439018000000000000e+06
2.840020580335993117e+01 2.417724342645023727e-01 1.440698000000000000e+06
2.848389737328623639e+01 2.401646764875436657e-01 1.453638000000000000e+06
2.856776129641226092e+01 2.381519034785496425e-01 1.463426000000000000e+06
2.865164498472143961e+01 2.367563984908738761e-01 1.471050000000000000e+06
2.873539597999311468e+01 2.350913443240658651e-01 1.476638000000000000e+06
2.881905019890862363e+01 2.330956468521340197e-01 1.484466000000000000e+06
2.890289675093428912e+01 2.317508938123603590e-01 1.501154000000000000e+06
2.898675594616652873e+01 2.307225290769298609e-01 1.501706000000000000e+06
2.907041472198053711e+01 2.288335129559868342e-01 1.511502000000000000e+06
2.915408733972060062e+01 2.273647921964644658e-01 1.520234000000000000e+06
2.923796129814355282e+01 2.261497278519358223e-01 1.535010000000000000e+06
2.932194077207240568e+01 2.238517003183966569e-01 1.543358000000000000e+06
2.940549917698988835e+01 2.229605132071933171e-01 1.535754000000000000e+06
2.948914761948871543e+01 2.212915955181550265e-01 1.564802000000000000e+06
2.957304642502456460e+01 2.203300559551335247e-01 1.563038000000000000e+06
2.965685586864443124e+01 2.185891395922267000e-01 1.578426000000000000e+06
2.974065423044915946e+01 2.168680429179718483e-01 1.581482000000000000e+06
2.982438217008557402e+01 2.157318260323441705e-01 1.592250000000000000e+06
2.990814468646065549e+01 2.142095899153055594e-01 1.602230000000000000e+06
2.999179263215820157e+01 2.131006917571166837e-01 1.604754000000000000e+06
3.007552257970940346e+01 2.117780379905115917e-01 1.623458000000000000e+06
3.015929957087215385e+01 2.102204699029484869e-01 1.624910000000000000e+06
3.024317734005441238e+01 2.097023807352889346e-01 1.645122000000000000e+06
3.032708985436260107e+01 2.079416976166017506e-01 1.645130000000000000e+06
3.041082997219342587e+01 2.065055631857346807e-01 1.655706000000000000e+06
3.049455723219219649e+01 2.050858482586735698e-01 1.663502000000000000e+06
3.057833323294630645e+01 2.034177459872015259e-01 1.675514000000000000e+06
3.066218995697298411e+01 2.027619336461563282e-01 1.685298000000000000e+06
3.074593408191947930e+01 2.012017250287943537e-01 1.689566000000000000e+06
3.082954809468623125e+01 2.001614541920664347e-01 1.697850000000000000e+06
3.091340339641750390e+01 1.986616520593571522e-01 1.718546000000000000e+06
3.099734465130006811e+01 1.976263204854920852e-01 1.719822000000000000e+06
3.108104222338488043e+01 1.962389398790445605e-01 1.726586000000000000e+06
3.116474027426929894e+01 1.952926721178758207e-01 1.739186000000000000e+06
3.124860498828843447e+01 1.942333323627577768e-01 1.751538000000000000e+06
3.133245649887071949e+01 1.927258182589692559e-01 1.758062000000000000e+06
3.141614178307822414e+01 1.916092542016210876e-01 1.763010000000000000e+06
3.149986855610640646e+01 1.903353794636582219e-01 1.778642000000000000e+06
3.158374588400788952e+01 1.893567606908712897e-01 1.788582000000000000e+06
3.166757693376691307e+01 1.883244725158880195e-01 1.794746000000000000e+06
3.175127246931511493e+01 1.869976022991310383e-01 1.803290000000000000e+06
3.183493779085208786e+01 1.859857953196418778e-01 1.811058000000000000e+06
3.191872426101914328e+01 1.846040784955681746e-01 1.828358000000000000e+06
3.200254090967914777e+01 1.838383126874970630e-01 1.831362000000000000e+06
3.208624557094677954e+01 1.826599303756178128e-01 1.842458000000000000e+06
3.216985025736639159e+01 1.812496548453219891e-01 1.846998000000000000e+06
3.225366158768746061e+01 1.798656835936872922e-01 1.869122000000000000e+06
3.233765392466781208e+01 1.788748750230501061e-01 1.876346000000000000e+06
3.242147145466748981e+01 1.779256756828656028e-01 1.879506000000000000e+06
3.250521341167948464e+01 1.768727031161036189e-01 1.893326000000000000e+06
3.258903110732968855e+01 1.757501902119331660e-01 1.901826000000000000e+06
3.267283869534620777e+01 1.747056655676210990e-01 1.911962000000000000e+06
3.275656526575507854e+01 1.737252845980456484e-01 1.919198000000000000e+06
3.284028881372969266e+01 1.728721709505854909e-01 1.930242000000000000e+06
3.292407887898949781e+01 1.716131035057932297e-01 1.942442000000000000e+06
3.300791290112206156e+01 1.708194162216777612e-01 1.951734000000000000e+06
3.309159594029746643e+01 1.698314464238044330e-01 1.955402000000000000e+06
3.317527487811420173e+01 1.687401869201534954e-01 1.971858000000000000e+06
3.325918478063969275e+01 1.679312677528014275e-01 1.984898000000000000e+06
3.334295800125237008e+01 1.670223365176181085e-01 1.986422000000000000e+06
3.342654711354870045e+01 1.657699856373231195e-01 1.996146000000000000e+06
3.351037327631482299e+01 1.649860926991442434e-01 2.017106000000000000e+06
3.359427383821539337e+01 1.635243732425105123e-01 2.020638000000000000e+06
3.367803183712429416e+01 1.627254236093795547e-01 2.029346000000000000e+06
3.376176459220195625e+01 1.617481572776508780e-01 2.041002000000000000e+06
3.384556001022187388e+01 1.606923761242048387e-01 2.051450000000000000e+06
3.392943845922752644e+01 1.598943655409833797e-01 2.065886000000000000e+06
3.401316055039511355e+01 1.592008303520483503e-01 2.064546000000000000e+06
3.409683542659267630e+01 1.579915762370057430e-01 2.082650000000000000e+06
3.418067800810939616e+01 1.571419571187610276e-01 2.095182000000000000e+06
3.426452736710173497e+01 1.560213519096807500e-01 2.101346000000000000e+06
3.434832998306823271e+01 1.553915073782091982e-01 2.115554000000000000e+06
3.443203105705293865e+01 1.543055805675219161e-01 2.115654000000000000e+06
3.451583812868020118e+01 1.537178355314595679e-01 2.141066000000000000e+06
3.459967632687634875e+01 1.526818715750079825e-01 2.139786000000000000e+06
3.468336662819802285e+01 1.521049284639638954e-01 2.152202000000000000e+06
3.476703645977761425e+01 1.512703422029479661e-01 2.161086000000000000e+06
3.485079127028417645e+01 1.504265683635270801e-01 2.176058000000000000e+06
3.493469079655712051e+01 1.492652516092162762e-01 2.190818000000000000e+06
3.501848338903062796e+01 1.483447336978894193e-01 2.191158000000000000e+06
3.510217183339957359e+01 1.475548805068121749e-01 2.205314000000000000e+06
3.518590037953279648e+01 1.467985687778316506e-01 2.215554000000000000e+06
3.526971993052846699e+01 1.460280385615822241e-01 2.230562000000000000e+06
3.535358270636252342e+01 1.452464855551001133e-01 2.239614000000000000e+06
3.543734285600354639e+01 1.445381903285648251e-01 2.245706000000000000e+06
3.552108409358061891e+01 1.436975394459554800e-01 2.259674000000000000e+06
3.560491818170212497e+01 1.431779795039094250e-01 2.273214000000000000e+06
3.568872958243610327e+01 1.420937541962838391e-01 2.278802000000000000e+06
3.577252677462045227e+01 1.411943436758129888e-01 2.294034000000000000e+06
3.585622758416000266e+01 1.405605920541782572e-01 2.294942000000000000e+06
3.593995265006216755e+01 1.395702105047366137e-01 2.317050000000000000e+06
3.602378331164942438e+01 1.389640362969155885e-01 2.322842000000000000e+06
3.610749751390627438e+01 1.382217448011635319e-01 2.330810000000000000e+06
3.619121780725145499e+01 1.374532813460428438e-01 2.345958000000000000e+06
3.627496104714246883e+01 1.367370764229562941e-01 2.353586000000000000e+06
3.635885802177431714e+01 1.360182023053518041e-01 2.376210000000000000e+06
3.644273375320676678e+01 1.352141285835935236e-01 2.374502000000000000e+06
3.652641723315417011e+01 1.345527455993389132e-01 2.386346000000000000e+06
3.661016003667585750e+01 1.339204025379438223e-01 2.401314000000000000e+06
3.669398675014319622e+01 1.331353801654606150e-01 2.411450000000000000e+06
3.677774362791269880e+01 1.324898103579185971e-01 2.420718000000000000e+06
3.686138542781196037e+01 1.315391137147459977e-01 2.425754000000000000e+06
3.694523701027373619e+01 1.308338251430219146e-01 2.455218000000000000e+06
3.702912063015348565e+01 1.304672218885636614e-01 2.450942000000000000e+06
3.711286066480837320e+01 1.295321385577573869e-01 2.467130000000000000e+06
3.719659282330948713e+01 1.289127244457697608e-01 2.474874000000000000e+06
3.728037731851799208e+01 1.282117067719472092e-01 2.490362000000000000e+06
3.736414979091281197e+01 1.277527333314119051e-01 2.498142000000000000e+06
3.744783790554325975e+01 1.267828313901774584e-01 2.507090000000000000e+06
3.753161089290124863e+01 1.261297856675068774e-01 2.525562000000000000e+06
3.761546125363399540e+01 1.256934797883479393e-01 2.534726000000000000e+06
3.769935318534805191e+01 1.252233293109628331e-01 2.549906000000000000e+06
3.778311927771562750e+01 1.243637238668890005e-01 2.551074000000000000e+06
3.786687072097435447e+01 1.237118061525606660e-01 2.570702000000000000e+06
3.795064452686742129e+01 1.231122982340845801e-01 2.574642000000000000e+06
3.803440602811515703e+01 1.226380708894839189e-01 2.594066000000000000e+06
3.811814083290802557e+01 1.220021676991153853e-01 2.594802000000000000e+06
3.820178788957619531e+01 1.211859765201777905e-01 2.612030000000000000e+06
3.828560806097936364e+01 1.205162480964278721e-01 2.627954000000000000e+06
3.836951237816947469e+01 1.199139018414620145e-01 2.640402000000000000e+06
3.845325054821010724e+01 1.193003455672519836e-01 2.641454000000000000e+06
3.853698686701612530e+01 1.185616876371704681e-01 2.661834000000000000e+06
3.862077152240886591e+01 1.181028879923031322e-01 2.669138000000000000e+06
3.870457668857440581e+01 1.176318030599756148e-01 2.684858000000000000e+06
3.878838810440694118e+01 1.168682208202946604e-01 2.693910000000000000e+06
3.887209610060705955e+01 1.163790626543020207e-01 2.701682000000000000e+06
3.895591541384992951e+01 1.157608303418153628e-01 2.722698000000000000e+06
3.903970878692612700e+01 1.150491104158058997e-01 2.725262000000000000e+06
3.912346323929788383e+01 1.144012766869040437e-01 2.742450000000000000e+06
3.920722013046969323e+01 1.138782569958361329e-01 2.749850000000000000e+06
3.929096158370429492e+01 1.134523650802380240e-01 2.763902000000000000e+06
3.937477573634135553e+01 1.128234796282019947e-01 2.778498000000000000e+06
3.945853339307303997e+01 1.122769708891626222e-01 2.784530000000000000e+06
3.954233951365999644e+01 1.115582381693131370e-01 2.804106000000000000e+06
3.962614155532578053e+01 1.111071467974474869e-01 2.809790000000000000e+06
3.970993115735726064e+01 1.105812362967415197e-01 2.825058000000000000e+06
3.979370973670097555e+01 1.098905208638372988e-01 2.834330000000000000e+06
3.987739375837353606e+01 1.094022033432534985e-01 2.842022000000000000e+06
3.996117659102883124e+01 1.087943000515925601e-01 2.864754000000000000e+06
4.004492507367432097e+01 1.083477666080345375e-01 2.864186000000000000e+06
4.012855801902023956e+01 1.077990635997857910e-01 2.879538000000000000e+06
4.021232599228400773e+01 1.071502061250152738e-01 2.899454000000000000e+06
4.029612162727031688e+01 1.066416426329892253e-01 2.904258000000000000e+06
4.038001131135030874e+01 1.061365534288387924e-01 2.930234000000000000e+06
4.046390848166176823e+01 1.054645231003240730e-01 2.929526000000000000e+06
4.054763895091686976e+01 1.051005529590727655e-01 2.942442000000000000e+06
4.063145602871991713e+01 1.044649099401852854e-01 2.960810000000000000e+06
4.071526025477401589e+01 1.041114697732241356e-01 2.964954000000000000e+06
4.079900469843234134e+01 1.035519774162923373e-01 2.980910000000000000e+06
4.088275455494471800e+01 1.030472411532281363e-01 2.990978000000000000e+06
4.096655099355582053e+01 1.024691276441951210e-01 3.007626000000000000e+06
4.105038506696493528e+01 1.019445746772453115e-01 3.019166000000000000e+06
4.113408514747818856e+01 1.014835601554405914e-01 3.021090000000000000e+06
4.121781401966371305e+01 1.010051420943529066e-01 3.047834000000000000e+06
4.130168676574312769e+01 1.005141907945765051e-01 3.055590000000000000e+06
4.138552050109588976e+01 1.000311711149189237e-01 3.068546000000000000e+06
4.146914577407831359e+01 9.955673384575358664e-02 3.067274000000000000e+06
4.155286479481431883e+01 9.906096819362322781e-02 3.098058000000000000e+06
4.163678258255396258e+01 9.849803479271609929e-02 3.109214000000000000e+06
4.172055832134024200e+01 9.803576256740952066e-02 3.110466000000000000e+06
4.180418526461116357e+01 9.757696151544151264e-02 3.124370000000000000e+06
4.188792935761906477e+01 9.716543398997638803e-02 3.144174000000000000e+06
4.197185138929292947e+01 9.663992557258065108e-02 3.161738000000000000e+06
4.205562112114309059e+01 9.604946691182288110e-02 3.159890000000000000e+06
4.213924805322351830e+01 9.578599567819673366e-02 3.174138000000000000e+06
4.222299894826061717e+01 9.537076460781632181e-02 3.195926000000000000e+06
4.230691258081674988e+01 9.484742335552312498e-02 3.211386000000000000e+06
4.239080415901788967e+01 9.454458892484547683e-02 3.219314000000000000e+06
4.247453169083237157e+01 9.408477430123880769e-02 3.225494000000000000e+06
4.255825507974662258e+01 9.351126131127175667e-02 3.242562000000000000e+06
4.264203752623418353e+01 9.308094713656388242e-02 3.257450000000000000e+06
4.272584879897986099e+01 9.265959694633231492e-02 3.269118000000000000e+06
4.280959718026213068e+01 9.214330208330157035e-02 3.278930000000000000e+06
4.289324313363174213e+01 9.172831758781738176e-02 3.286650000000000000e+06
4.297705823947939763e+01 9.149121768914644792e-02 3.316610000000000000e+06
4.306095854823670521e+01 9.100198228714252713e-02 3.321542000000000000e+06
4.314470014373539897e+01 9.061246461702264499e-02 3.328578000000000000e+06
4.322841831305547800e+01 9.009438206748190958e-02 3.345074000000000000e+06
4.331221276153173960e+01 8.970324897982738521e-02 3.361686000000000000e+06
4.339600557191744912e+01 8.932900288213686812e-02 3.369722000000000000e+06
4.347974360653208947e+01 8.890081241193516226e-02 3.385290000000000000e+06
4.356345927572596111e+01 8.833589928259080737e-02 3.391370000000000000e+06
4.364729718140662129e+01 8.790474949210713707e-02 3.422966000000000000e+06
4.373115310142490841e+01 8.757965805614677246e-02 3.419538000000000000e+06
4.381493904908852244e+01 8.723696319464015192e-02 3.441890000000000000e+06
4.389872518355250719e+01 8.687055884385057325e-02 3.447582000000000000e+06
4.398251250846917060e+01 8.638878747586041518e-02 3.466298000000000000e+06
4.406617792640594899e+01 8.585537191513227528e-02 3.466194000000000000e+06
4.414985741111507167e+01 8.557267704582564860e-02 3.492062000000000000e+06
4.423365507571194399e+01 8.516003547129782913e-02 3.503114000000000000e+06
4.431743533444053895e+01 8.475199067653149676e-02 3.517146000000000000e+06
4.440128817701192787e+01 8.444263854234486388e-02 3.535706000000000000e+06
4.448508293520813339e+01 8.407605165856719964e-02 3.539742000000000000e+06
4.456885232151149978e+01 8.365803659091049227e-02 3.558698000000000000e+06
4.465264799184704714e+01 8.358527383658037602e-02 3.570122000000000000e+06
4.473644620586907905e+01 8.301387533771024951e-02 3.585174000000000000e+06
4.482021823753251510e+01 8.273213782936048033e-02 3.594314000000000000e+06
4.490398199496299014e+01 8.230544440624118496e-02 3.612258000000000000e+06
4.498774280066585618e+01 8.193312012710611547e-02 3.620282000000000000e+06
4.507149731418039096e+01 8.149498135241949048e-02 3.639078000000000000e+06
4.515529296565681960e+01 8.113533091810598563e-02 3.650450000000000000e+06
4.523902850959706967e+01 8.075070744449282245e-02 3.661418000000000000e+06
4.532276634990883224e+01 8.045960661762506516e-02 3.677694000000000000e+06
4.540659508440727876e+01 8.004738529287783178e-02 3.695978000000000000e+06
4.549038931088257698e+01 7.965318062498480400e-02 3.702810000000000000e+06
4.557410984910109875e+01 7.931769558216246463e-02 3.716162000000000000e+06
4.565793710884364032e+01 7.896374897261940196e-02 3.740094000000000000e+06
4.574173858314507868e+01 7.868039810166070624e-02 3.740954000000000000e+06
4.582547487248402263e+01 7.827650775895213242e-02 3.760946000000000000e+06
4.590929724167653347e+01 7.793072333481018688e-02 3.778278000000000000e+06
4.599310294070550498e+01 7.768359394196233669e-02 3.784922000000000000e+06
4.607688647938994819e+01 7.738611440041247291e-02 3.805266000000000000e+06
4.616063114034604098e+01 7.719142774640556925e-02 3.807686000000000000e+06
4.624436961981203353e+01 7.667067285742981686e-02 3.833130000000000000e+06
4.632816579644655519e+01 7.632281459580655958e-02 3.841898000000000000e+06
4.641196142457300766e+01 7.597096213032719647e-02 3.858074000000000000e+06
4.649571814796405533e+01 7.560428972900824773e-02 3.868974000000000000e+06
4.657948650465218066e+01 7.541330769179294125e-02 3.885362000000000000e+06
4.666326012374663890e+01 7.492959252646673451e-02 3.898290000000000000e+06
4.674697557759400013e+01 7.471331475630185737e-02 3.907334000000000000e+06
4.683072185148795086e+01 7.437082085050385205e-02 3.928730000000000000e+06
4.691446205725140572e+01 7.395768875236050088e-02 3.936666000000000000e+06
4.699827339304534490e+01 7.364396312515998633e-02 3.961346000000000000e+06
4.708217883775101598e+01 7.331140112591912061e-02 3.975774000000000000e+06
4.716589489477312469e+01 7.305244179878321586e-02 3.970106000000000000e+06
4.724959403662504087e+01 7.268314860473075456e-02 4.003170000000000000e+06
4.733350988050379016e+01 7.238361158117385952e-02 4.019558000000000000e+06
4.741737501115326126e+01 7.217015012760698289e-02 4.025642000000000000e+06
4.750102520144735507e+01 7.184211566597510645e-02 4.028514000000000000e+06
4.758473950277736009e+01 7.149330547288046400e-02 4.059398000000000000e+06
4.766858069315918556e+01 7.108255169824412301e-02 4.069674000000000000e+06
4.775237333775331194e+01 7.079488676684711490e-02 4.083698000000000000e+06
4.783614237112322343e+01 7.048477062226357615e-02 4.095210000000000000e+06
4.791988490245709897e+01 7.021970071655202206e-02 4.110518000000000000e+06
4.800366139183459069e+01 6.986166810036711916e-02 4.126850000000000000e+06
4.808744155042190727e+01 6.963018560600021944e-02 4.140114000000000000e+06
4.817110248164115660e+01 6.939120236868584479e-02 4.144070000000000000e+06
4.825485289941014599e+01 6.893950401623448465e-02 4.175802000000000000e+06
4.833872317014574804e+01 6.875560098159402833e-02 4.187882000000000000e+06
4.842255739313756635e+01 6.841107042924332582e-02 4.199250000000000000e+06
4.850630200152498617e+01 6.818852947003867238e-02 4.209326000000000000e+06
4.858999651144587517e+01 6.786658925708113910e-02 4.222130000000000000e+06
4.867384498554194749e+01 6.753082000433448251e-02 4.254258000000000000e+06
4.875769237889889496e+01 6.731813192214045061e-02 4.252478000000000000e+06
4.884143639731927777e+01 6.703843405691528590e-02 4.270698000000000000e+06
4.892512165045238959e+01 6.668460483361624003e-02 4.278122000000000000e+06
4.900892249802404876e+01 6.638903490291417353e-02 4.309898000000000000e+06
4.909279745527720706e+01 6.611001326106343001e-02 4.317150000000000000e+06
4.917658920170342185e+01 6.589491056882026965e-02 4.329698000000000000e+06
4.926033308118844189e+01 6.563976821462090550e-02 4.340826000000000000e+06
4.934406286064109537e+01 6.527582725669156538e-02 4.359590000000000000e+06
4.942786957825488514e+01 6.508789140591977884e-02 4.376850000000000000e+06
4.951163677893373460e+01 6.477468037287475999e-02 4.386674000000000000e+06
4.959537078523236886e+01 6.450590635792503857e-02 4.401782000000000000e+06
4.967912880843362444e+01 6.425717209637016314e-02 4.419210000000000000e+06
4.976302304379169783e+01 6.389951229983614756e-02 4.446482000000000000e+06
4.984679567254183752e+01 6.378098429192835539e-02 4.435554000000000000e+06
4.993048967360238777e+01 6.346862445272183351e-02 4.468934000000000000e+06
5.001430382430130805e+01 6.329017453351647171e-02 4.477650000000000000e+06
5.009805003277288193e+01 6.292171188305711871e-02 4.491218000000000000e+06
5.018180837416312556e+01 6.266799525669580762e-02 4.510358000000000000e+06
5.026555488397971772e+01 6.242940973453246778e-02 4.518594000000000000e+06
5.034932947116654134e+01 6.213107666585835492e-02 4.544474000000000000e+06
5.043314290484163820e+01 6.187125831869173115e-02 4.552098000000000000e+06
5.051694671432978367e+01 6.164053773888029941e-02 4.574990000000000000e+06
5.060070330614421863e+01 6.129698823082183057e-02 4.577210000000000000e+06
5.068450326170798093e+01 6.099610020081654843e-02 4.608186000000000000e+06
5.076830570006593746e+01 6.081148792307836115e-02 4.610198000000000000e+06
5.085203782795357341e+01 6.057743117260307175e-02 4.628898000000000000e+06
5.093575247787595117e+01 6.033145332965609425e-02 4.641170000000000000e+06
5.101951360832174487e+01 6.011751409448484740e-02 4.662462000000000000e+06
5.110336138272519690e+01 5.985024886562730073e-02 4.681442000000000000e+06
5.118714498866896889e+01 5.961003578399479835e-02 4.687850000000000000e+06
5.127091437680648056e+01 5.934023676430050936e-02 4.708818000000000000e+06
5.135469940961902324e+01 5.920998080284924775e-02 4.721534000000000000e+06
5.143844012238305652e+01 5.883729295951419663e-02 4.732770000000000000e+06
5.152216672994304503e+01 5.863921304066650741e-02 4.753346000000000000e+06
5.160598460354614758e+01 5.851976272846240446e-02 4.772886000000000000e+06
5.168981756623005452e+01 5.817906576834998983e-02 4.785098000000000000e+06
5.177356462271885107e+01 5.794222800045210203e-02 4.795394000000000000e+06
5.185730248904087603e+01 5.780666998200659212e-02 4.813986000000000000e+06
5.194107950576231758e+01 5.747591023483162448e-02 4.832654000000000000e+06
5.202490683524943194e+01 5.727417725259529441e-02 4.849362000000000000e+06
5.210868111161441618e+01 5.698951330315282088e-02 4.858322000000000000e+06
5.219237188700115837e+01 5.682047435728471152e-02 4.871286000000000000e+06
5.227611099451670640e+01 5.660329495931038651e-02 4.894370000000000000e+06
5.235994633095187112e+01 5.628354129999084410e-02 4.914650000000000000e+06
5.244373186833391998e+01 5.611362492067537705e-02 4.919658000000000000e+06
5.252748139865951060e+01 5.582534703068091353e-02 4.941638000000000000e+06
5.261134608608541186e+01 5.563656550181495658e-02 4.965954000000000000e+06
5.269521219925067612e+01 5.541282330035379733e-02 4.971770000000000000e+06
5.277896921030312427e+01 5.521103146557897190e-02 4.985702000000000000e+06
5.286266873731673144e+01 5.498418434069596294e-02 4.996314000000000000e+06
5.294640362710930503e+01 5.477722166437175993e-02 5.021258000000000000e+06
5.303021795299186181e+01 5.445484938880255227e-02 5.038470000000000000e+06
5.311400321458867069e+01 5.428303212592872767e-02 5.048570000000000000e+06
5.319775700266092855e+01 5.401638901090140277e-02 5.067786000000000000e+06
5.328156065547872799e+01 5.388846613623391596e-02 5.084402000000000000e+06
5.336537962353408915e+01 5.368100488260931641e-02 5.104238000000000000e+06
5.344909091783166133e+01 5.342439272504895253e-02 5.101890000000000000e+06
5.353274999593639194e+01 5.326323096915661776e-02 5.129594000000000000e+06
5.361652756373694473e+01 5.298154492855625119e-02 5.149086000000000000e+06
5.370036822863162485e+01 5.279480705900015114e-02 5.168834000000000000e+06
5.378411950541506314e+01 5.263248998609131035e-02 5.172306000000000000e+06
5.386787929501433325e+01 5.241012927328687204e-02 5.199218000000000000e+06
5.395171074936121158e+01 5.217764882281997890e-02 5.215430000000000000e+06
5.403552355469201984e+01 5.197888112332106625e-02 5.229066000000000000e+06
5.411930985166335262e+01 5.180438595069529473e-02 5.244530000000000000e+06
5.420310642373981125e+01 5.157915856747364441e-02 5.262870000000000000e+06
5.428687812998526852e+01 5.141666067653637845e-02 5.272562000000000000e+06
5.437059019332080112e+01 5.114134345904366996e-02 5.290098000000000000e+06
5.445438308715934994e+01 5.098712652591338296e-02 5.314358000000000000e+06
5.453817366229988295e+01 5.081569218567565105e-02 5.322098000000000000e+06
5.462191410682409298e+01 5.056479901988868153e-02 5.341026000000000000e+06
5.470574856213039538e+01 5.046949141378438003e-02 5.366858000000000000e+06
5.478957837144608334e+01 5.020578840850235119e-02 5.374422000000000000e+06
5.487325249086202206e+01 5.003062398075024120e-02 5.377730000000000000e+06
5.495693797161722927e+01 4.984378495066930231e-02 5.409410000000000000e+06
5.504079340903902562e+01 4.964397059889797542e-02 5.434014000000000000e+06
5.512463744441291880e+01 4.943625132885765688e-02 5.438882000000000000e+06
5.520838246356159118e+01 4.923834161018940392e-02 5.456178000000000000e+06
5.529211836524709867e+01 4.907385932090772146e-02 5.469242000000000000e+06
5.537590104604533536e+01 4.884790651642396953e-02 5.496174000000000000e+06
5.545970262891226810e+01 4.871629071133933009e-02 5.505530000000000000e+06
5.554345609431005926e+01 4.842752651505958378e-02 5.521202000000000000e+06
5.562722615507448864e+01 4.827032249988546381e-02 5.544126000000000000e+06
5.571106592766010124e+01 4.808743754165838158e-02 5.560106000000000000e+06
5.579489699651359302e+01 4.791795032540861060e-02 5.579754000000000000e+06
5.587861150379660558e+01 4.772095078789227035e-02 5.576270000000000000e+06
5.596227888762821578e+01 4.748683174018546171e-02 5.607138000000000000e+06
5.604605505562237511e+01 4.734010340574425213e-02 5.625026000000000000e+06
5.612988563474059589e+01 4.715933652729435710e-02 5.646698000000000000e+06
5.621362981395379421e+01 4.704524204275139371e-02 5.649126000000000000e+06
5.629735953290565220e+01 4.683070502537332869e-02 5.676434000000000000e+06
5.638111113221403770e+01 4.664574394742922181e-02 5.687418000000000000e+06
5.646491353105431443e+01 4.650797653184227110e-02 5.715830000000000000e+06
5.654876833880403098e+01 4.630915518893529564e-02 5.729210000000000000e+06
5.663258281598625388e+01 4.612908112411881478e-02 5.744802000000000000e+06
5.671632533067610638e+01 4.589611669819688294e-02 5.752154000000000000e+06
5.680011690917110911e+01 4.583546873504031061e-02 5.786382000000000000e+06
5.688389278969563634e+01 4.557014012958870292e-02 5.784146000000000000e+06
5.696761357142070636e+01 4.536520374746264017e-02 5.812146000000000000e+06
5.705141499197365818e+01 4.524671231488091444e-02 5.830166000000000000e+06
5.713521997423967491e+01 4.503973438422128467e-02 5.845850000000000000e+06
5.721900004074090873e+01 4.485067503190436761e-02 5.862834000000000000e+06
5.730276083164348933e+01 4.467902079384404590e-02 5.876066000000000000e+06
5.738658092066984295e+01 4.451239185729954917e-02 5.905854000000000000e+06
5.747033874630024286e+01 4.433421550744678918e-02 5.902274000000000000e+06
5.755404338958180688e+01 4.419348096137446641e-02 5.931258000000000000e+06
5.763786106901985562e+01 4.403537946312371942e-02 5.954966000000000000e+06
5.772168705776467590e+01 4.386474397293970567e-02 5.965346000000000000e+06
5.780542407686664319e+01 4.367329349940062000e-02 5.977818000000000000e+06
5.788919496618857607e+01 4.351772066981330483e-02 6.004718000000000000e+06
5.797296788463464878e+01 4.337079243811989282e-02 6.011706000000000000e+06
5.805676589856359726e+01 4.321788984281572238e-02 6.045770000000000000e+06
5.814055263107005089e+01 4.307438632422016384e-02 6.041586000000000000e+06
5.822426906686246895e+01 4.285990669858192464e-02 6.073166000000000000e+06
5.830801158641646253e+01 4.274769946332943049e-02 6.078962000000000000e+06
5.839179370373053501e+01 4.260047785029680290e-02 6.114258000000000000e+06
5.847563338611901429e+01 4.241149805833202557e-02 6.123086000000000000e+06
5.855940577164263061e+01 4.226298759363639190e-02 6.136770000000000000e+06
5.864313003931577839e+01 4.211630009953049036e-02 6.154898000000000000e+06
5.872691634067579969e+01 4.194273165809138393e-02 6.178610000000000000e+06
5.881074619570083684e+01 4.182033311406841564e-02 6.197982000000000000e+06
5.889452794754235043e+01 4.162848791327831283e-02 6.205322000000000000e+06
5.897820641443409073e+01 4.151819669231449766e-02 6.218850000000000000e+06
5.906193901280321512e+01 4.133548406427222516e-02 6.249542000000000000e+06
5.914581786000324826e+01 4.118768215626476825e-02 6.274146000000000000e+06
5.922958949112301497e+01 4.103733904927433368e-02 6.270242000000000000e+06
5.931333012199205257e+01 4.087417044950994449e-02 6.305222000000000000e+06
5.939720105247847926e+01 4.077144554425546352e-02 6.325026000000000000e+06
5.948100907207791010e+01 4.059047454311660863e-02 6.331922000000000000e+06
5.956471628696222353e+01 4.047191303085361652e-02 6.343698000000000000e+06
5.964845880386389609e+01 4.030677063219452461e-02 6.375158000000000000e+06
5.973228933048412159e+01 4.016345005958844860e-02 6.392178000000000000e+06
5.981613496168468203e+01 3.998087680064919824e-02 6.412826000000000000e+06
5.989983645289154879e+01 3.982870096945909100e-02 6.407078000000000000e+06
5.998354613160790194e+01 3.969661587613683429e-02 6.447954000000000000e+06
6.006732029307560339e+01 3.956613799650125773e-02 6.456026000000000000e+06
6.015110327404215695e+01 3.941927699700433635e-02 6.482034000000000000e+06
6.023487596160424573e+01 3.929308438030099798e-02 6.492878000000000000e+06
6.031854831072890022e+01 3.915510266416531021e-02 6.502074000000000000e+06
6.040231839065788222e+01 3.902318275222262794e-02 6.542930000000000000e+06
6.048619165671609466e+01 3.886996732146762862e-02 6.556598000000000000e+06
6.057002333107591596e+01 3.871165907952872631e-02 6.570330000000000000e+06
6.065376829395822256e+01 3.857268473895460181e-02 6.581882000000000000e+06
6.073756442394000743e+01 3.841947280971656081e-02 6.612546000000000000e+06
6.082141587353444123e+01 3.828199275430096971e-02 6.628622000000000000e+06
6.090514253860760618e+01 3.815839921061896234e-02 6.629498000000000000e+06
6.098884320245825563e+01 3.805199299846078603e-02 6.659250000000000000e+06
6.107265851032283877e+01 3.790556864217591027e-02 6.686006000000000000e+06
6.115647246835320061e+01 3.779507917865913141e-02 6.693786000000000000e+06
6.124020033801726015e+01 3.764026278414805277e-02 6.711554000000000000e+06
6.132397038132510403e+01 3.745678283982696588e-02 6.735678000000000000e+06
6.140778387575393538e+01 3.735853805704841823e-02 6.754754000000000000e+06
6.149161352937865388e+01 3.720594913798573600e-02 6.776570000000000000e+06
6.157529545988447239e+01 3.707838598949610154e-02 6.767394000000000000e+06
6.165900889953971387e+01 3.693526210773269425e-02 6.818246000000000000e+06
6.174288787705573611e+01 3.678798455749322099e-02 6.830562000000000000e+06
6.182665980957211360e+01 3.667453306943253832e-02 6.839186000000000000e+06
6.191039097988957707e+01 3.649798641674325411e-02 6.861462000000000000e+06
6.199415875786135643e+01 3.639856053301598893e-02 6.880394000000000000e+06
6.207797374072198693e+01 3.625310600798184457e-02 6.907178000000000000e+06
6.216178350871904001e+01 3.613024608885831435e-02 6.917034000000000000e+06
6.224554940092006916e+01 3.601259620299068764e-02 6.937934000000000000e+06
6.232927625716432374e+01 3.589789799920831831e-02 6.947250000000000000e+06
6.241305212971730754e+01 3.575986555847190246e-02 6.982106000000000000e+06
6.249687658401688850e+01 3.565032343713683133e-02 6.995718000000000000e+06
6.258064195304475419e+01 3.548450027773488585e-02 7.006682000000000000e+06
6.266440681033797944e+01 3.536921574401786367e-02 7.035866000000000000e+06
6.274824216199589699e+01 3.523178109995449281e-02 7.054110000000000000e+06
6.283199118762099999e+01 3.511231018371219204e-02 7.059194000000000000e+06
6.291572599321118986e+01 3.502530985777662503e-02 7.091802000000000000e+06
6.299950509521183051e+01 3.485643327330140845e-02 7.100666000000000000e+06
6.308326075680762557e+01 3.476575924349178254e-02 7.129070000000000000e+06
6.316706195378349520e+01 3.458998477520557058e-02 7.143282000000000000e+06
6.325081801455058894e+01 3.448331513295711109e-02 7.161482000000000000e+06
6.333459669546337523e+01 3.437216237045029321e-02 7.184694000000000000e+06
6.341841008120442780e+01 3.423847959595297669e-02 7.203914000000000000e+06
6.350218876580745331e+01 3.409941637836012840e-02 7.219746000000000000e+06
6.358591190700263951e+01 3.397641630839242505e-02 7.228634000000000000e+06
6.366969673610064717e+01 3.386175070372758611e-02 7.271990000000000000e+06
6.375349087092273948e+01 3.375378270737572350e-02 7.266786000000000000e+06
6.383719401333753751e+01 3.364980796651882711e-02 7.293650000000000000e+06
6.392099500043143223e+01 3.353431233603756251e-02 7.324086000000000000e+06
6.400484294296721544e+01 3.340052112786411759e-02 7.338650000000000000e+06
6.408861957019631461e+01 3.328541117663556814e-02 7.351962000000000000e+06
6.417229567069612983e+01 3.317627042389825753e-02 7.357190000000000000e+06
6.425605827522849722e+01 3.308668660331658823e-02 7.406042000000000000e+06
6.433988346718935247e+01 3.298581865922237122e-02 7.408626000000000000e+06
6.442366993893529070e+01 3.286176461984961078e-02 7.435610000000000000e+06
6.450748292497215175e+01 3.274118071985104850e-02 7.453542000000000000e+06
6.459124517573944502e+01 3.260652345082436926e-02 7.464002000000000000e+06
6.467501250428696835e+01 3.250118084949368130e-02 7.493546000000000000e+06
6.475881482306483861e+01 3.240562247913206240e-02 7.510806000000000000e+06
6.484263355878292145e+01 3.227094719025760949e-02 7.532114000000000000e+06
6.492635863913294259e+01 3.214982982548047347e-02 7.536234000000000000e+06
6.501006892041591811e+01 3.204181827475992284e-02 7.565834000000000000e+06
6.509392196997305291e+01 3.193449190273602717e-02 7.603062000000000000e+06
6.517772136341262978e+01 3.185118644726220999e-02 7.593890000000000000e+06
6.526142024031203448e+01 3.170773021141806008e-02 7.622906000000000000e+06
6.534517798747489792e+01 3.161491399404861569e-02 7.646622000000000000e+06
6.542900683024386410e+01 3.149045251287203862e-02 7.672058000000000000e+06
6.551278372258207128e+01 3.137348870593928418e-02 7.679346000000000000e+06
6.559647689529717240e+01 3.126767015145342360e-02 7.693058000000000000e+06
6.568023240704575016e+01 3.114995718207000039e-02 7.732158000000000000e+06
6.576407007540214522e+01 3.103879825730395878e-02 7.746962000000000000e+06
6.584790505033298302e+01 3.095691058380493910e-02 7.770986000000000000e+06
6.593165610578880376e+01 3.086489424536038861e-02 7.772094000000000000e+06
6.601538633341530726e+01 3.073467331952129192e-02 7.803818000000000000e+06
6.609921986930250171e+01 3.062170824133449501e-02 7.834338000000000000e+06
6.618300989442009552e+01 3.052349238100466114e-02 7.833710000000000000e+06
6.626672027527055775e+01 3.043399534330585438e-02 7.858794000000000000e+06
6.635048482494400446e+01 3.030912976945292214e-02 7.884290000000000000e+06
6.643426840268917033e+01 3.019762956744283244e-02 7.901522000000000000e+06
6.651807839369693909e+01 3.011226986788744994e-02 7.930662000000000000e+06
6.660185938569200914e+01 2.999348779294179479e-02 7.934426000000000000e+06
6.668562349459918437e+01 2.988840502178774505e-02 7.967322000000000000e+06
6.676941985144630110e+01 2.981518365411189517e-02 7.981934000000000000e+06
6.685320220952085890e+01 2.971786098190717582e-02 8.003282000000000000e+06
6.693696207061206849e+01 2.960335255857288531e-02 8.019666000000000000e+06
6.702068860837411535e+01 2.950990065383182065e-02 8.034482000000000000e+06
6.710445272740649614e+01 2.939358692375896795e-02 8.068542000000000000e+06
6.718828234859530824e+01 2.931653353180956739e-02 8.088290000000000000e+06
6.727206071729939652e+01 2.917987405268713044e-02 8.096322000000000000e+06
6.735579384931760671e+01 2.907476401470654101e-02 8.122646000000000000e+06
6.743961094632139464e+01 2.898301576304597796e-02 8.150138000000000000e+06
6.752341839406597046e+01 2.890840335200497990e-02 8.165322000000000000e+06
6.760720134506061640e+01 2.880129773345160155e-02 8.182574000000000000e+06
6.769097215349376029e+01 2.865870862445204365e-02 8.203698000000000000e+06
6.777475210174605991e+01 2.860736837348731507e-02 8.226914000000000000e+06
6.785855795495925236e+01 2.849687770480488838e-02 8.246898000000000000e+06
6.794231757399198557e+01 2.838647872418199880e-02 8.261774000000000000e+06
6.802605368830526800e+01 2.832135872100312313e-02 8.279426000000000000e+06
6.810980740395922339e+01 2.819346231887406851e-02 8.308722000000000000e+06
6.819359624676370402e+01 2.812970051574461075e-02 8.326214000000000000e+06
6.827735164047554406e+01 2.802519771219854489e-02 8.342682000000000000e+06
6.836106899917464830e+01 2.791596321311964890e-02 8.360834000000000000e+06
6.844484437189701964e+01 2.783123296394020632e-02 8.393226000000000000e+06
6.852869899063553305e+01 2.777001263338539291e-02 8.420150000000000000e+06
6.861250241461986832e+01 2.764589351312149099e-02 8.421986000000000000e+06
6.869622258997036113e+01 2.755363363890844450e-02 8.445714000000000000e+06
6.877998582885126666e+01 2.747017514715098876e-02 8.472590000000000000e+06
6.886380417121233677e+01 2.737203102984331685e-02 8.495370000000000000e+06
6.894760222040189035e+01 2.726859756341096577e-02 8.512802000000000000e+06
6.903133907390910906e+01 2.719495824089054881e-02 8.523290000000000000e+06
6.911515911696680803e+01 2.708917462724808045e-02 8.570982000000000000e+06
6.919899661482570252e+01 2.699262114898619974e-02 8.568458000000000000e+06
6.928271270688284744e+01 2.691252883305859933e-02 8.586498000000000000e+06
6.936640883580386685e+01 2.680490423039671652e-02 8.608838000000000000e+06
6.945020519724739927e+01 2.675506521517857089e-02 8.645610000000000000e+06
6.953403489536805182e+01 2.662941092600861273e-02 8.658386000000000000e+06
6.961776845906641142e+01 2.659078528327187343e-02 8.668598000000000000e+06
6.970149629909469979e+01 2.649088362464940838e-02 8.697426000000000000e+06
6.978527344513386765e+01 2.638406833622965533e-02 8.722562000000000000e+06
6.986906013590846953e+01 2.629964479989727738e-02 8.737962000000000000e+06
6.995286374627769987e+01 2.620038208700902274e-02 8.771366000000000000e+06
7.003663130607654352e+01 2.613337147033237967e-02 8.771010000000000000e+06
7.012044287898793016e+01 2.603946824513993577e-02 8.822618000000000000e+06
7.020422712516214858e+01 2.593611066579500773e-02 8.807726000000000000e+06
7.028792428421020588e+01 2.585656999262150174e-02 8.844618000000000000e+06
7.037169187076506205e+01 2.578615434952183372e-02 8.868722000000000000e+06
7.045550216092648554e+01 2.569482144757053929e-02 8.891394000000000000e+06
7.053930310811041693e+01 2.558586574754705134e-02 8.911934000000000000e+06
7.062306388634770826e+01 2.552854538545651017e-02 8.923938000000000000e+06
7.070681928787864479e+01 2.543171450303908718e-02 8.953682000000000000e+06
7.079064883602877956e+01 2.536015291641050690e-02 8.981966000000000000e+06
7.087445404086807343e+01 2.525466941725445710e-02 8.990442000000000000e+06
7.095817349518108585e+01 2.517511866562520753e-02 9.007874000000000000e+06
7.104193091703314167e+01 2.510742498436217829e-02 9.038982000000000000e+06
7.112576467725064333e+01 2.503002299425377900e-02 9.068570000000000000e+06
7.120961688916655419e+01 2.494048216890014033e-02 9.085250000000000000e+06
7.129335164196812968e+01 2.485643428669552860e-02 9.084690000000000000e+06
7.137708037180341591e+01 2.477315350926872703e-02 9.128654000000000000e+06
7.146084353628984331e+01 2.471212589659450148e-02 9.133170000000000000e+06
7.154466665793322022e+01 2.463939363688756254e-02 9.185882000000000000e+06
7.162842926759091711e+01 2.454821180336155817e-02 9.163254000000000000e+06
7.171216325434680527e+01 2.445444946275161097e-02 9.220130000000000000e+06
7.179600405083390058e+01 2.442417531829373795e-02 9.233138000000000000e+06
7.187979487849634097e+01 2.432630976645131990e-02 9.249378000000000000e+06
7.196355510905767972e+01 2.424578751665040083e-02 9.271550000000000000e+06
7.204729422001986450e+01 2.418691989600556258e-02 9.286266000000000000e+06
7.213106156089709486e+01 2.407582294505535014e-02 9.320762000000000000e+06
7.221480038490358311e+01 2.402835629049790075e-02 9.326718000000000000e+06
7.229852005323998299e+01 2.394581431684640258e-02 9.354602000000000000e+06
7.238228486066410028e+01 2.387639794644613386e-02 9.384122000000000000e+06
7.246607067066045715e+01 2.378618225373975437e-02 9.400482000000000000e+06
7.254987197439923818e+01 2.368680724575670041e-02 9.432638000000000000e+06
7.263367976569567475e+01 2.361247433118687095e-02 9.445314000000000000e+06
7.271750340333485951e+01 2.355043939248456161e-02 9.477290000000000000e+06
7.280130916047085066e+01 2.347619208642009320e-02 9.489182000000000000e+06
7.288506765200136783e+01 2.339651905980894009e-02 9.506706000000000000e+06
7.296881975889688476e+01 2.331354531392876989e-02 9.533978000000000000e+06
7.305259443485221027e+01 2.324656372603510837e-02 9.553662000000000000e+06
7.313637521480190173e+01 2.318844455549168987e-02 9.579506000000000000e+06
7.322019418653475498e+01 2.311055109688249162e-02 9.607866000000000000e+06
7.330395444861356680e+01 2.303449783126225447e-02 9.608354000000000000e+06
7.338767600840630223e+01 2.296750383819262317e-02 9.643862000000000000e+06
7.347148094131401308e+01 2.288448561451032065e-02 9.670578000000000000e+06
7.355528165751150027e+01 2.282839065059574443e-02 9.687890000000000000e+06
7.363898985402030917e+01 2.275975535251484327e-02 9.693294000000000000e+06
7.372271904442924040e+01 2.268522050405739898e-02 9.736034000000000000e+06
7.380653580168322492e+01 2.260302687913223404e-02 9.758946000000000000e+06
7.389034984429981989e+01 2.254203148350433436e-02 9.778994000000000000e+06
7.397413656457592879e+01 2.245268366072888586e-02 9.796814000000000000e+06
7.405788979529948790e+01 2.238467239394341390e-02 9.816882000000000000e+06
7.414169279296697823e+01 2.231595478164895632e-02 9.850514000000000000e+06
7.422546369344802031e+01 2.224717926135204998e-02 9.856062000000000000e+06
7.430920419509655517e+01 2.217335139226351073e-02 9.886706000000000000e+06
7.439300596308194713e+01 2.209118267805167818e-02 9.916194000000000000e+06
7.447678556559041851e+01 2.205069433515092353e-02 9.924854000000000000e+06
7.456056972198642541e+01 2.196387820747699310e-02 9.961490000000000000e+06
7.464438171105736330e+01 2.188514746022135471e-02 9.979098000000000000e+06
7.472814154131890518e+01 2.183424720623054760e-02 9.990266000000000000e+06
7.481183974796279301e+01 2.175196784776234349e-02 1.001239800000000000e+07
7.489556694343458787e+01 2.169084578732277321e-02 1.003881800000000000e+07
7.497934514550230745e+01 2.163475703186292648e-02 1.007208200000000000e+07
7.506311789232059084e+01 2.155220293830899941e-02 1.008267000000000000e+07
7.514692811902769165e+01 2.147954274902091551e-02 1.012322600000000000e+07
7.523075407192267505e+01 2.141237741289102325e-02 1.013483400000000000e+07
7.531451966247126961e+01 2.135101389456678378e-02 1.015145000000000000e+07
7.539829209775307106e+01 2.130265784921188052e-02 1.018411800000000000e+07
7.548208760826673824e+01 2.122928637886391939e-02 1.019981000000000000e+07
7.556588556111178434e+01 2.117751990247484020e-02 1.023038600000000000e+07
7.564964694677739487e+01 2.110014157332628509e-02 1.023833400000000000e+07
7.573340114101655729e+01 2.105075992830324205e-02 1.027159400000000000e+07
7.581720755260936073e+01 2.096184063173586395e-02 1.029841800000000000e+07
7.590097691415932957e+01 2.090795831767217408e-02 1.030681400000000000e+07
7.598473414840474049e+01 2.085859458901999364e-02 1.034130600000000000e+07
7.606853392840329775e+01 2.078837753919243400e-02 1.036284200000000000e+07
7.615234212784832835e+01 2.072649436645151999e-02 1.038883400000000000e+07
7.623609474757780902e+01 2.066181144144222173e-02 1.039563000000000000e+07
7.631981670052634570e+01 2.059508221393175839e-02 1.042536200000000000e+07
7.640358337833828273e+01 2.052656436257553618e-02 1.045427400000000000e+07
7.648737866504175997e+01 2.047997985168196339e-02 1.047829400000000000e+07
7.657118922665969762e+01 2.041711373211762062e-02 1.050181800000000000e+07
7.665495334176074493e+01 2.033678122809636987e-02 1.051481000000000000e+07
7.673872752945807463e+01 2.027424550486204777e-02 1.054884200000000000e+07
7.682251623133140583e+01 2.022724558844767734e-02 1.056646200000000000e+07
7.690627734628161249e+01 2.016731344238727186e-02 1.058681000000000000e+07
7.699005449515836119e+01 2.010703043319829811e-02 1.061495400000000000e+07
7.707381163172706806e+01 2.005562989097788365e-02 1.063105400000000000e+07
7.715758302708022143e+01 1.997464451357025550e-02 1.066236200000000000e+07
7.724136594782987686e+01 1.990349162585083181e-02 1.068335400000000000e+07
7.732513038906363079e+01 1.985258314377260844e-02 1.069929800000000000e+07
7.740891664711064379e+01 1.979773084368413594e-02 1.073878200000000000e+07
7.749269645330657852e+01 1.975975623876021631e-02 1.074420200000000000e+07
7.757647166278094630e+01 1.969239615463877144e-02 1.078218600000000000e+07
7.766021891602670735e+01 1.963798495053206694e-02 1.078496600000000000e+07
7.774399344085298935e+01 1.958823455976949415e-02 1.083393800000000000e+07
7.782781601101176250e+01 1.952053027441207067e-02 1.084813800000000000e+07
7.791162919578846413e+01 1.947539955338380493e-02 1.087376600000000000e+07
7.799540485219509378e+01 1.941039236582814062e-02 1.088697000000000000e+07
7.807914803163318140e+01 1.934834166816190235e-02 1.091244200000000000e+07
7.816290481905753040e+01 1.930978304649172764e-02 1.093669800000000000e+07
7.824668494094176197e+01 1.923314137050204445e-02 1.096614200000000000e+07
7.833041079278541474e+01 1.919559674369340080e-02 1.096874600000000000e+07
7.841414369597413270e+01 1.913809930445058149e-02 1.101460200000000000e+07
7.849797207299076263e+01 1.907525822995200307e-02 1.104277400000000000e+07
7.858180750484748955e+01 1.902646942667857860e-02 1.106147400000000000e+07
7.866557248062186147e+01 1.896209172315070288e-02 1.107245000000000000e+07
7.874929596355666206e+01 1.889891601247625438e-02 1.109692200000000000e+07
7.883311706336922953e+01 1.885295500364867274e-02 1.114652600000000000e+07
7.891694358971126633e+01 1.878497960451126769e-02 1.114560200000000000e+07
7.900068031277757541e+01 1.873233387208350295e-02 1.116844200000000000e+07
7.908436218738494006e+01 1.868977944092371779e-02 1.118108600000000000e+07
7.916818470584115630e+01 1.863000427151226962e-02 1.125011400000000000e+07
7.925204746494267738e+01 1.857746059768516575e-02 1.124210600000000000e+07
7.933579204504063398e+01 1.853103230444671373e-02 1.126544600000000000e+07
7.941952450138673214e+01 1.848691605326839918e-02 1.128549000000000000e+07
7.950333805121174180e+01 1.843883017411375794e-02 1.133592200000000000e+07
7.958714843508016656e+01 1.836463372441446071e-02 1.133013000000000000e+07
7.967084513754768693e+01 1.831774658434641434e-02 1.135727000000000000e+07
7.975459918129639902e+01 1.826126973575958184e-02 1.138909800000000000e+07
7.983842412182876558e+01 1.822469748767835754e-02 1.142664200000000000e+07
7.992222911930718965e+01 1.815188974048402570e-02 1.143135800000000000e+07
8.000599212589428078e+01 1.810601973094749448e-02 1.146229800000000000e+07
8.008974687846490781e+01 1.804735506658041236e-02 1.147920200000000000e+07
8.017351400530820626e+01 1.798565021547825563e-02 1.150974600000000000e+07
8.025725037950861918e+01 1.794668650138305302e-02 1.152306200000000000e+07
8.034098812717721216e+01 1.789481721299630151e-02 1.155621000000000000e+07
8.042478697546600586e+01 1.784906376760593202e-02 1.158828200000000000e+07
8.050856802239243848e+01 1.779458937798619050e-02 1.159964600000000000e+07
8.059238416169034736e+01 1.774414024092520192e-02 1.164527400000000000e+07
8.067619501003925109e+01 1.771079583020082268e-02 1.164933800000000000e+07
8.075991178803855064e+01 1.764911058236735483e-02 1.166538600000000000e+07
8.084370890131339138e+01 1.761650091140364721e-02 1.171928600000000000e+07
8.092752051805530300e+01 1.755144385959313963e-02 1.172073800000000000e+07
8.101129543325400562e+01 1.751266224483146589e-02 1.175507400000000000e+07
8.109505389589725155e+01 1.746495954293497688e-02 1.176716600000000000e+07
8.117885591153601865e+01 1.741204661659787392e-02 1.181334600000000000e+07
8.126268704922078712e+01 1.737215999179735071e-02 1.182545000000000000e+07
8.134639603648894024e+01 1.731434545128530955e-02 1.182881400000000000e+07
8.143015231506957718e+01 1.727677945609116042e-02 1.188441800000000000e+07
8.151397613354559724e+01 1.722098002895370086e-02 1.190037800000000000e+07
8.159772291543191614e+01 1.717430089237472271e-02 1.190800200000000000e+07
8.168141712941573473e+01 1.714914911828050587e-02 1.193747000000000000e+07
8.176520125845252096e+01 1.708104336733118345e-02 1.198134600000000000e+07
8.184903085960836222e+01 1.703963688914144486e-02 1.199815400000000000e+07
8.193279937551101000e+01 1.699842235821540787e-02 1.201579800000000000e+07
8.201657550601832725e+01 1.695332888297149121e-02 1.204658600000000000e+07
8.210037035575065545e+01 1.690525537664912259e-02 1.207322600000000000e+07
8.218415112950239632e+01 1.685384039863119590e-02 1.208937000000000000e+07
8.226793017110850315e+01 1.680711498308019511e-02 1.212366200000000000e+07
8.235168019795568739e+01 1.676592475375994831e-02 1.212901800000000000e+07
8.243541372022190217e+01 1.672561461587755705e-02 1.216869800000000000e+07
8.251918470186251398e+01 1.666928641210328396e-02 1.219107000000000000e+07
8.260303064827999719e+01 1.663015259097398030e-02 1.223729000000000000e+07
8.268685911029808722e+01 1.657680927022773046e-02 1.223743400000000000e+07
8.277063029603770872e+01 1.654095407243857258e-02 1.226943000000000000e+07
8.285440346682658230e+01 1.649765963622023407e-02 1.228831400000000000e+07
8.293815388297495872e+01 1.645208567758754334e-02 1.231201800000000000e+07
8.302189357408074954e+01 1.642374705787443684e-02 1.233377000000000000e+07
8.310562948947298878e+01 1.637505764336686861e-02 1.236265400000000000e+07
8.318944085122717524e+01 1.633384372076346347e-02 1.240528200000000000e+07
8.327326112930197155e+01 1.629991293888395643e-02 1.241484200000000000e+07
8.335700619223128172e+01 1.625086823442699335e-02 1.243327800000000000e+07
8.344077077200753934e+01 1.620893501088500888e-02 1.246944200000000000e+07
8.352457315314735808e+01 1.615528527164608943e-02 1.249710600000000000e+07
8.360836220932365848e+01 1.613350689247102648e-02 1.251307400000000000e+07
8.369209444132825126e+01 1.607924569231390655e-02 1.253190200000000000e+07
8.377584249260344507e+01 1.604120491713274463e-02 1.256769000000000000e+07
8.385966667689248766e+01 1.601751754178139253e-02 1.260333800000000000e+07
8.394346055007575558e+01 1.597328502935217720e-02 1.261269400000000000e+07
8.402720752589927145e+01 1.591565231486222892e-02 1.263483400000000000e+07
8.411093968200033544e+01 1.588727682537651592e-02 1.266273000000000000e+07
8.419472584613649246e+01 1.584837975740931160e-02 1.269908600000000000e+07
8.427850265596407553e+01 1.580645094514245008e-02 1.271099400000000000e+07
8.436223938424853941e+01 1.577762586997371458e-02 1.273917800000000000e+07
8.444601577921049795e+01 1.574572844138645913e-02 1.276949000000000000e+07
8.452980888818765948e+01 1.568869010266473948e-02 1.279952600000000000e+07
8.461363856796832295e+01 1.566843990538153639e-02 1.282878600000000000e+07
8.469740487481715263e+01 1.562412090461360106e-02 1.283279400000000000e+07
8.478116585803400085e+01 1.559031200396832940e-02 1.287594200000000000e+07
8.486500035405539677e+01 1.554898705974455501e-02 1.290631400000000000e+07
8.494878168161768883e+01 1.551082471574263821e-02 1.291312200000000000e+07
8.503250896829791827e+01 1.548074877706151833e-02 1.293728200000000000e+07
8.511625758727213054e+01 1.544308293470919753e-02 1.297337400000000000e+07
8.520007724156167228e+01 1.540797867053234592e-02 1.300815400000000000e+07
8.528389486690601018e+01 1.537667721609362916e-02 1.302582600000000000e+07
8.536762998882402087e+01 1.532412025438146565e-02 1.303365400000000000e+07
8.545139522308386404e+01 1.530435090784188455e-02 1.308366600000000000e+07
8.553518354504295473e+01 1.527052588084070080e-02 1.309470600000000000e+07
8.561892245915041144e+01 1.522771465109397544e-02 1.311903400000000000e+07
8.570266129864387494e+01 1.517957466303492681e-02 1.314631800000000000e+07
