# k_mean_over_bin [h Mpc^-1] P_bin [h^-3 Mpc^3] N_modes
1.069098562002182007e-01 6.831471354166666288e+02 1.800000000000000000e+01
1.868873286631799469e-01 5.163731413810484128e+02 6.200000000000000000e+01
2.625667106132117956e-01 2.145234972895407850e+02 9.800000000000000000e+01
3.401783364159720047e-01 1.345687779017857224e+02 2.100000000000000000e+02
4.270541402271815778e-01 1.118578571428571422e+02 3.500000000000000000e+02
5.128694812456766616e-01 6.588475260416666401e+01 4.500000000000000000e+02
5.924409924947542372e-01 5.507992888289036415e+01 6.020000000000000000e+02
6.723074055719250319e-01 4.268786909448818534e+01 7.620000000000000000e+02
7.587901043808397139e-01 3.381769237084063207e+01 1.142000000000000000e+03
8.455790008544922243e-01 2.865731249999999974e+01 1.250000000000000000e+03
9.266650900755726283e-01 2.617026481052811704e+01 1.458000000000000000e+03
1.007750481597118108e+00 2.430688180471334192e+01 1.814000000000000000e+03
1.092835777828297106e+00 2.015409241563360965e+01 2.178000000000000000e+03
1.177363493043580345e+00 1.859591110388310398e+01 2.498000000000000000e+03
1.258028102048383667e+00 1.662876173960717097e+01 2.622000000000000000e+03
1.340799984066267880e+00 1.552863920199221148e+01 3.338000000000000000e+03
1.426850896250618783e+00 1.344877271124395612e+01 3.722000000000000000e+03
1.512363651158998401e+00 1.321184989508393315e+01 4.170000000000000000e+03
1.594785008970998508e+00 1.175409896311381353e+01 4.358000000000000000e+03
1.677071395354181815e+00 1.102699145808502124e+01 5.034000000000000000e+03
1.761985857460855120e+00 1.053825240090129434e+01 5.714000000000000000e+03
1.846083158874384234e+00 1.008188628385155461e+01 5.982000000000000000e+03
1.928661813341607134e+00 9.363354026242047823e+00 6.602000000000000000e+03
2.011378788847742793e+00 8.768970240182328624e+00 7.130000000000000000e+03
2.095637332393009089e+00 8.279533661625590568e+00 8.034000000000000000e+03
2.180555667263281983e+00 7.961070946142226212e+00 8.606000000000000000e+03
2.264340071811755895e+00 7.579815726340171977e+00 9.066000000000000000e+03
2.348016592997236973e+00 7.311892221692431804e+00 9.962000000000000000e+03
2.431996440706659879e+00 7.140667950236966988e+00 1.055000000000000000e+04
2.515341052179898895e+00 6.720176654641011993e+00 1.122600000000000000e+04
2.598773628370227406e+00 6.607844789436851940e+00 1.214600000000000000e+04
2.681898646405362463e+00 6.386762751864192289e+00 1.260600000000000000e+04
2.765270270259289287e+00 6.191848328140849844e+00 1.380200000000000000e+04
2.849850551988659220e+00 5.888686966246440946e+00 1.475400000000000000e+04
2.933772609879409909e+00 5.663069612182439982e+00 1.519400000000000000e+04
3.017238585326163403e+00 5.518914473684210620e+00 1.645400000000000000e+04
3.101311446264710892e+00 5.256508594934126144e+00 1.715400000000000000e+04
3.185186132992604779e+00 5.145269044946895853e+00 1.826600000000000000e+04
3.268289649175008194e+00 5.001425833333333237e+00 1.875000000000000000e+04
3.351647662541441530e+00 4.923668083423939912e+00 2.023400000000000000e+04
3.436091650782765239e+00 4.697917395104894922e+00 2.145000000000000000e+04
3.520270179566676205e+00 4.614579301748475082e+00 2.196200000000000000e+04
3.603861709535706392e+00 4.405005301125224371e+00 2.346200000000000000e+04
3.687484650452812929e+00 4.302891489372764333e+00 2.404200000000000000e+04
3.771595824668082741e+00 4.235579424574114960e+00 2.594600000000000000e+04
3.855312792317719062e+00 4.060627488705107702e+00 2.611800000000000000e+04
3.938028496533734213e+00 3.969016703173852800e+00 2.750600000000000000e+04
4.021431216072791415e+00 3.857972480733503406e+00 2.906600000000000000e+04
4.105840509662095350e+00 3.765102370689655142e+00 3.045000000000000000e+04
4.190344247210492590e+00 3.662238959816646489e+00 3.174200000000000000e+04
4.273947828100633117e+00 3.551462209302325590e+00 3.225000000000000000e+04
4.357501119655414534e+00 3.466165602189781314e+00 3.425000000000000000e+04
4.441647719320134691e+00 3.404088087733401213e+00 3.545400000000000000e+04
4.525392379562855893e+00 3.332866664722511807e+00 3.643400000000000000e+04
4.608518969537498400e+00 3.176007651199511894e+00 3.768200000000000000e+04
4.691740922213826437e+00 3.163131219142871764e+00 3.929400000000000000e+04
4.776039686402365980e+00 3.073394614795056601e+00 4.142600000000000000e+04
4.860154063182579698e+00 2.998657801133932210e+00 4.206600000000000000e+04
4.943517626628406880e+00 2.929691990974936822e+00 4.349000000000000000e+04
5.027384526744921089e+00 2.872851912935976859e+00 4.570200000000000000e+04
5.111447781105825428e+00 2.845395794913582410e+00 4.663400000000000000e+04
5.195348147294732932e+00 2.753606487107138623e+00 4.855400000000000000e+04
5.278356443076916982e+00 2.692860842541436206e+00 4.887000000000000000e+04
5.361498069859376159e+00 2.612823144178919144e+00 5.155400000000000000e+04
5.446046268496986364e+00 2.578813667036421009e+00 5.409000000000000000e+04
5.530257906132226786e+00 2.501146401019994858e+00 5.431400000000000000e+04
5.614055059061300312e+00 2.445328424266385525e+00 5.691000000000000000e+04
5.697714059662542851e+00 2.409694012908388583e+00 5.748200000000000000e+04
5.781614503695933216e+00 2.358035331375976984e+00 6.062600000000000000e+04
5.865571886738293550e+00 2.310950672728163902e+00 6.120600000000000000e+04
5.948642163157025209e+00 2.228586982579511044e+00 6.257000000000000000e+04
6.032247506670804782e+00 2.190262722501141290e+00 6.573000000000000000e+04
6.116202609789227473e+00 2.169841214797708862e+00 6.668600000000000000e+04
6.200338050909933507e+00 2.115157985164567211e+00 6.969800000000000000e+04
6.284184080576646458e+00 2.051101108873846890e+00 7.002600000000000000e+04
6.367735154784823770e+00 2.036118609614274266e+00 7.274600000000000000e+04
6.451745661739480830e+00 1.974359022493659133e+00 7.491000000000000000e+04
6.535332300795173133e+00 1.936428440545680418e+00 7.572200000000000000e+04
6.618657591294924813e+00 1.913199494756181673e+00 7.837800000000000000e+04
6.702212198046048286e+00 1.862026935211795520e+00 8.003000000000000000e+04
6.786191249900881850e+00 1.830276804390161827e+00 8.318600000000000000e+04
6.870329813067023395e+00 1.799735135709729983e+00 8.466600000000000000e+04
6.954215657456758848e+00 1.772887034062810674e+00 8.654600000000000000e+04
7.037715246920486223e+00 1.720958816971883687e+00 8.813400000000000000e+04
7.121547139301203089e+00 1.674924450774541551e+00 9.153800000000000000e+04
7.205739104639491188e+00 1.639446641005819272e+00 9.313800000000000000e+04
7.289302562894590665e+00 1.614142975084146725e+00 9.447800000000000000e+04
7.372793903598283016e+00 1.595054947879186669e+00 9.727400000000000000e+04
7.456586938722763236e+00 1.558323145501053331e+00 9.969000000000000000e+04
7.540727849410562733e+00 1.518524435861195121e+00 1.025900000000000000e+05
7.624726899722253037e+00 1.504508016526934666e+00 1.037700000000000000e+05
7.708301949249494633e+00 1.479034825005171694e+00 1.063460000000000000e+05
7.792073202214887750e+00 1.442119297348589457e+00 1.085460000000000000e+05
7.875590350490393909e+00 1.418472597899318899e+00 1.107260000000000000e+05
7.958880241426510516e+00 1.398287262290557553e+00 1.123220000000000000e+05
8.042278013378316714e+00 1.383886524937440798e+00 1.158900000000000000e+05
8.126250782754576463e+00 1.350341217183368858e+00 1.187660000000000000e+05
8.210824485795901850e+00 1.321945038962207164e+00 1.222980000000000000e+05
8.294696866383139522e+00 1.298230941313784914e+00 1.220900000000000000e+05
8.378213958279353335e+00 1.283155030402988617e+00 1.258100000000000000e+05
8.461948784979133720e+00 1.252614649153600102e+00 1.281900000000000000e+05
8.545861912066349930e+00 1.236163965525138408e+00 1.309940000000000000e+05
8.629829070974631477e+00 1.213949579164236292e+00 1.337220000000000000e+05
8.713023213538299672e+00 1.201379111706974534e+00 1.338860000000000000e+05
8.796849328478236529e+00 1.175059636895359194e+00 1.405380000000000000e+05
8.881002057237468605e+00 1.148229898679886896e+00 1.405940000000000000e+05
8.964535854632408984e+00 1.140278210614649623e+00 1.435940000000000000e+05
9.048105800131455823e+00 1.119167884115918277e+00 1.463100000000000000e+05
9.132180630417705558e+00 1.104686047958844952e+00 1.506500000000000000e+05
9.216334569657748332e+00 1.085388361178035055e+00 1.519140000000000000e+05
9.299613886090023485e+00 1.072678791444477753e+00 1.533980000000000000e+05
9.383076715811887070e+00 1.056319520986152893e+00 1.578660000000000000e+05
9.466957210946844725e+00 1.039785794980642164e+00 1.606580000000000000e+05
9.551001030929990421e+00 1.022395560383176250e+00 1.641020000000000000e+05
9.634679217300240239e+00 1.011533752742524106e+00 1.649940000000000000e+05
9.718288873285626295e+00 9.875253900500441384e-01 1.698500000000000000e+05
9.802505913321919451e+00 9.775191344964332396e-01 1.729860000000000000e+05
9.886246806166026246e+00 9.556092720277871155e-01 1.738940000000000000e+05
9.969472594688919997e+00 9.421620089886750815e-01 1.767780000000000000e+05
1.005318025662911374e+01 9.376773907877802294e-01 1.818020000000000000e+05
1.013721966898855698e+01 9.215904238735563858e-01 1.844300000000000000e+05
1.022118986876454727e+01 9.072738254504865152e-01 1.872420000000000000e+05
1.030498420635128198e+01 8.954885840998686453e-01 1.902500000000000000e+05
1.038865879785050694e+01 8.806193040193176502e-01 1.925700000000000000e+05
1.047268787066241202e+01 8.685007616491975391e-01 1.982540000000000000e+05
1.055654631656024378e+01 8.600804655078405636e-01 1.980740000000000000e+05
1.063992050874177231e+01 8.417606254639941055e-01 2.020500000000000000e+05
1.072342909671023747e+01 8.375913768479138488e-01 2.055020000000000000e+05
1.080749259245351190e+01 8.212965814369664885e-01 2.106660000000000000e+05
1.089152248600719375e+01 8.090847665775375841e-01 2.124260000000000000e+05
1.097500893551614531e+01 8.014395410858365931e-01 2.139180000000000000e+05
1.105881432508122764e+01 7.820929244685375092e-01 2.209940000000000000e+05
1.114281827806075675e+01 7.739114230189326760e-01 2.215220000000000000e+05
1.122659733627983947e+01 7.622611725302013141e-01 2.263140000000000000e+05
1.131012448294715078e+01 7.544906734229674949e-01 2.272940000000000000e+05
1.139373491340957045e+01 7.455071132845700888e-01 2.329620000000000000e+05
1.147791396342367420e+01 7.315349211371722227e-01 2.378180000000000000e+05
1.156185786192584786e+01 7.223220858606196337e-01 2.383980000000000000e+05
1.164526418449005440e+01 7.148757549147123358e-01 2.414180000000000000e+05
1.172886167625361331e+01 7.048431182085584945e-01 2.468180000000000000e+05
1.181275352276138690e+01 6.955058852128399582e-01 2.499060000000000000e+05
1.189671323999418817e+01 6.866058177792085937e-01 2.547020000000000000e+05
1.198029050867584644e+01 6.772061626928911338e-01 2.544180000000000000e+05
1.206365995307397831e+01 6.672816146477488219e-01 2.603540000000000000e+05
1.214748111162727895e+01 6.565060982398273071e-01 2.649740000000000000e+05
1.223153609351346027e+01 6.507434960665670065e-01 2.687220000000000000e+05
1.231542005092308401e+01 6.443444544892142911e-01 2.715620000000000000e+05
1.239926414254153109e+01 6.345673401406457526e-01 2.755860000000000000e+05
1.248326018835918916e+01 6.276350422927299277e-01 2.801900000000000000e+05
1.256718689365069075e+01 6.176851969706611545e-01 2.828340000000000000e+05
1.265082201539840945e+01 6.123103105165340621e-01 2.851700000000000000e+05
1.273428590217279144e+01 6.014621372712031233e-01 2.898860000000000000e+05
1.281807025163205793e+01 5.957857803235599992e-01 2.944740000000000000e+05
1.290206487994812434e+01 5.888504994190277841e-01 2.994980000000000000e+05
1.298575998115805419e+01 5.824499804972695927e-01 2.999580000000000000e+05
1.306931917580193137e+01 5.724251531756566758e-01 3.058580000000000000e+05
1.315318222821372096e+01 5.676394070509727108e-01 3.107940000000000000e+05
1.323705865044962771e+01 5.573727988993298910e-01 3.130820000000000000e+05
1.332048162954101578e+01 5.564393217284825388e-01 3.160460000000000000e+05
1.340413573615346365e+01 5.477739449689340567e-01 3.222180000000000000e+05
1.348834417846224731e+01 5.396118160347209702e-01 3.285620000000000000e+05
1.357223695452436729e+01 5.353691232964420399e-01 3.279900000000000000e+05
1.365596925306868847e+01 5.261525652286731525e-01 3.352820000000000000e+05
1.373963440686360471e+01 5.225293087924517410e-01 3.359700000000000000e+05
1.382343709261304809e+01 5.150302739881301717e-01 3.440660000000000000e+05
1.390711154340320732e+01 5.092577254464415448e-01 3.437180000000000000e+05
1.399068919637316455e+01 5.022239635787401069e-01 3.514980000000000000e+05
1.407457421522249952e+01 4.981282602593254949e-01 3.544580000000000000e+05
1.415828615108818589e+01 4.940283396222731604e-01 3.585660000000000000e+05
1.424237341329648920e+01 4.852710469460999043e-01 3.661220000000000000e+05
1.432626916020835672e+01 4.792159864410486247e-01 3.658100000000000000e+05
1.440982743915939146e+01 4.760936516137365682e-01 3.716220000000000000e+05
1.449360657137520469e+01 4.691494081561547458e-01 3.759860000000000000e+05
1.457752624362193217e+01 4.661522113849857485e-01 3.821700000000000000e+05
1.466117168697845941e+01 4.595938870089937844e-01 3.818180000000000000e+05
1.474463292325917685e+01 4.537532904531616507e-01 3.895740000000000000e+05
1.482845717927088813e+01 4.505946261474531034e-01 3.936980000000000000e+05
1.491237844591757877e+01 4.458005832277736613e-01 3.994580000000000000e+05
1.499620869344033025e+01 4.415566838710960895e-01 4.022220000000000000e+05
1.507994841028436639e+01 4.362597054840977040e-01 4.069220000000000000e+05
1.516379287905045814e+01 4.333241439824436769e-01 4.128420000000000000e+05
1.524761726947007823e+01 4.285466589903357826e-01 4.153460000000000000e+05
1.533130236314283046e+01 4.231927572284665540e-01 4.211820000000000000e+05
1.541507271489498443e+01 4.162234746528382101e-01 4.250180000000000000e+05
1.549892486087325949e+01 4.139585599622394585e-01 4.311380000000000000e+05
1.558273944082544205e+01 4.097057356773530779e-01 4.343820000000000000e+05
1.566651676212105748e+01 4.052962832241976399e-01 4.395140000000000000e+05
1.575031987626283225e+01 3.995452448969954995e-01 4.447380000000000000e+05
1.583416895458823603e+01 3.964734370475150316e-01 4.489100000000000000e+05
1.591764298541166056e+01 3.929072823322637409e-01 4.506180000000000000e+05
1.600124934657456777e+01 3.871087850938083608e-01 4.595540000000000000e+05
1.608512892540650085e+01 3.836873672010295833e-01 4.631060000000000000e+05
1.616876936376802121e+01 3.814627984409990069e-01 4.670940000000000000e+05
1.625266730092459966e+01 3.787931595808294860e-01 4.749380000000000000e+05
1.633654362034594953e+01 3.723694088887771203e-01 4.771860000000000000e+05
1.642042973451647470e+01 3.689556811851363305e-01 4.846700000000000000e+05
1.650430805090920217e+01 3.649757576846471840e-01 4.870100000000000000e+05
1.658806155565851981e+01 3.618648251924737602e-01 4.933140000000000000e+05
1.667181202155569864e+01 3.567783049612952562e-01 4.963220000000000000e+05
1.675536979785300673e+01 3.545997237902180910e-01 5.017020000000000000e+05
1.683913437464611107e+01 3.504591131464797060e-01 5.085620000000000000e+05
1.692311287467790493e+01 3.481096023370320314e-01 5.142420000000000000e+05
1.700686134416512019e+01 3.439659585824495491e-01 5.161580000000000000e+05
1.709049145912358725e+01 3.406190023670020439e-01 5.226020000000000000e+05
1.717439271307012660e+01 3.377729865563131040e-01 5.306580000000000000e+05
1.725814844798823344e+01 3.351018940480188224e-01 5.300420000000000000e+05
1.734170549116967663e+01 3.313358090792349886e-01 5.388780000000000000e+05
1.742552841692270604e+01 3.279306530608494530e-01 5.441300000000000000e+05
1.750952475613275183e+01 3.250312213076976264e-01 5.511060000000000000e+05
1.759341552867108760e+01 3.217787310779050558e-01 5.539820000000000000e+05
1.767712427740806902e+01 3.202306582539471980e-01 5.582420000000000000e+05
1.776076336549380486e+01 3.154124896376911402e-01 5.645460000000000000e+05
1.784454049115150198e+01 3.126494866729536137e-01 5.704940000000000000e+05
1.792845098480595212e+01 3.100808099788127659e-01 5.767620000000000000e+05
1.801209967098870024e+01 3.080678356426637121e-01 5.782340000000000000e+05
1.809567304656415843e+01 3.042578876014656597e-01 5.856660000000000000e+05
1.817956177579962329e+01 3.018730885564037680e-01 5.944460000000000000e+05
1.826340897759345694e+01 2.988233935321293333e-01 5.952500000000000000e+05
1.834709561527148480e+01 2.967620208003950988e-01 6.034020000000000000e+05
1.843085104599287050e+01 2.939246069606936129e-01 6.073820000000000000e+05
1.851480060957681317e+01 2.909675542130597536e-01 6.170100000000000000e+05
1.859860657464781752e+01 2.885550240524143439e-01 6.167780000000000000e+05
1.868221643305014013e+01 2.853417128721112417e-01 6.247460000000000000e+05
1.876579233005788794e+01 2.840293832456031176e-01 6.280620000000000000e+05
1.884963899569083878e+01 2.822777296648472656e-01 6.394100000000000000e+05
1.893369961008885838e+01 2.784944568351701566e-01 6.429540000000000000e+05
1.901742853382821963e+01 2.759402613340475319e-01 6.459740000000000000e+05
1.910112633018001560e+01 2.746095244380173939e-01 6.534900000000000000e+05
1.918502629066336240e+01 2.715196393546082665e-01 6.607460000000000000e+05
1.926890198512752406e+01 2.690982304866049168e-01 6.646460000000000000e+05
1.935246095562879987e+01 2.669872731496051310e-01 6.672900000000000000e+05
1.943618843304382438e+01 2.649837857898131865e-01 6.790340000000000000e+05
1.952018254288546828e+01 2.624713325848588297e-01 6.827220000000000000e+05
1.960415151947932699e+01 2.606394478095822587e-01 6.912380000000000000e+05
1.968780210242165651e+01 2.586318457541511573e-01 6.886020000000000000e+05
1.977130140774902145e+01 2.550485070473983429e-01 7.008260000000000000e+05
1.985512328577584995e+01 2.538519680810359946e-01 7.056620000000000000e+05
1.993880103532062975e+01 2.514015106705985714e-01 7.100820000000000000e+05
2.002251720567175752e+01 2.490057003846143091e-01 7.191620000000000000e+05
2.010630953640407981e+01 2.465973736587054321e-01 7.222500000000000000e+05
2.019007441105629752e+01 2.445493525379010546e-01 7.315100000000000000e+05
2.027398189270754258e+01 2.425206686337824380e-01 7.364420000000000000e+05
2.035771672240259988e+01 2.411889862032290666e-01 7.408980000000000000e+05
2.044152561001209278e+01 2.378150669592272448e-01 7.501580000000000000e+05
2.052547735138173479e+01 2.358367453627531474e-01 7.548660000000000000e+05
2.060926463402020303e+01 2.339568278423713177e-01 7.608260000000000000e+05
2.069293267341507203e+01 2.327182101843635331e-01 7.640340000000000000e+05
2.077660950204460377e+01 2.314784894216678768e-01 7.738460000000000000e+05
2.086046445382838144e+01 2.289934594607766216e-01 7.797140000000000000e+05
2.094422635366088770e+01 2.274835875682443553e-01 7.843140000000000000e+05
2.102790779658915099e+01 2.255398305978957296e-01 7.913420000000000000e+05
2.111175109708185005e+01 2.231428589744551827e-01 7.994580000000000000e+05
2.119561698133140482e+01 2.227568079300637494e-01 8.049620000000000000e+05
2.127937098747377220e+01 2.200056937496139842e-01 8.095500000000000000e+05
2.136289743529758312e+01 2.182930964167787424e-01 8.134580000000000000e+05
2.144667251561538279e+01 2.164512194495541442e-01 8.274020000000000000e+05
2.153058487447404801e+01 2.145676030752409480e-01 8.286180000000000000e+05
2.161430781897418285e+01 2.133058062438614177e-01 8.369180000000000000e+05
2.169809860621591113e+01 2.114821024554084938e-01 8.428740000000000000e+05
2.178186592258134979e+01 2.095516596455121450e-01 8.493380000000000000e+05
2.186575914903780316e+01 2.082238781838587349e-01 8.589420000000000000e+05
2.194962158415442133e+01 2.063366819477384928e-01 8.609780000000000000e+05
2.203325539668853494e+01 2.042787919504437388e-01 8.683460000000000000e+05
2.211696571376059239e+01 2.035904359404173414e-01 8.751540000000000000e+05
2.220087574207360248e+01 2.016300168469466469e-01 8.862140000000000000e+05
2.228474038685342151e+01 2.003351673135394528e-01 8.873460000000000000e+05
2.236841597704980344e+01 1.984331493732862661e-01 8.949860000000000000e+05
2.245213243389392943e+01 1.975709209890847418e-01 9.027740000000000000e+05
2.253605781739295466e+01 1.958443688234146329e-01 9.121140000000000000e+05
2.261989949900187824e+01 1.936215815179022359e-01 9.150260000000000000e+05
2.270351073009412346e+01 1.930825792377698358e-01 9.201420000000000000e+05
2.278715722706498781e+01 1.910834607404905683e-01 9.297620000000000000e+05
2.287097668523026428e+01 1.899116073351974632e-01 9.376980000000000000e+05
2.295488199422259967e+01 1.890722875179145779e-01 9.447620000000000000e+05
2.303860516955441540e+01 1.868971980344928674e-01 9.482540000000000000e+05
2.312228464582942422e+01 1.858749903323780595e-01 9.568020000000000000e+05
2.320617384356005175e+01 1.844611390336255152e-01 9.676580000000000000e+05
2.329003403044199771e+01 1.830670498513976563e-01 9.697020000000000000e+05
2.337357926991530377e+01 1.816583619070106514e-01 9.740900000000000000e+05
2.345731339274843563e+01 1.804917002788113678e-01 9.884820000000000000e+05
2.354122299663546514e+01 1.791122854573717060e-01 9.919940000000000000e+05
2.362504372012406506e+01 1.776845318072385327e-01 1.001030000000000000e+06
2.370885397094835767e+01 1.766321982694316062e-01 1.005450000000000000e+06
2.379260308853216443e+01 1.755724697850923888e-01 1.013738000000000000e+06
2.387641759766158600e+01 1.743712593348406281e-01 1.021710000000000000e+06
2.396006287668014423e+01 1.728508355346581871e-01 1.023626000000000000e+06
2.404369058312309448e+01 1.712030776649540453e-01 1.035834000000000000e+06
2.412744281115724831e+01 1.702557910559903687e-01 1.040786000000000000e+06
2.421130654323629017e+01 1.690773961836525840e-01 1.053206000000000000e+06
2.429521431171586343e+01 1.680710957737071576e-01 1.057002000000000000e+06
2.437900304005930963e+01 1.670313143271253409e-01 1.063898000000000000e+06
2.446281560559316759e+01 1.654382017968235863e-01 1.072782000000000000e+06
2.454665138918273826e+01 1.649451579772827359e-01 1.078826000000000000e+06
2.463047593346652420e+01 1.637494174674287428e-01 1.087922000000000000e+06
2.471419358613830752e+01 1.619006644007211504e-01 1.090494000000000000e+06
2.479788224447528933e+01 1.612078101931971597e-01 1.101362000000000000e+06
2.488170408610204021e+01 1.600036397258249588e-01 1.109802000000000000e+06
2.496549243986660471e+01 1.588744623216935825e-01 1.114514000000000000e+06
2.504920536425761668e+01 1.579519720381946934e-01 1.123926000000000000e+06
2.513283571770503499e+01 1.568468796459281112e-01 1.125986000000000000e+06
2.521660993392169203e+01 1.554815759684282650e-01 1.143554000000000000e+06
2.530049640187540660e+01 1.540912927728420312e-01 1.144710000000000000e+06
2.538425628289359182e+01 1.534330757839132420e-01 1.154018000000000000e+06
2.546797452488973690e+01 1.522062791712142371e-01 1.159962000000000000e+06
2.555179869471822229e+01 1.512070943845613968e-01 1.170986000000000000e+06
2.563566666461671772e+01 1.501006457625651269e-01 1.178142000000000000e+06
2.571944170984828659e+01 1.488342835811052034e-01 1.182674000000000000e+06
2.580313169207982682e+01 1.480499061924329396e-01 1.191002000000000000e+06
2.588687624829988820e+01 1.471998397668184411e-01 1.200438000000000000e+06
2.597069400893500202e+01 1.462540050506471734e-01 1.208162000000000000e+06
2.605447755360336259e+01 1.452732413610937079e-01 1.215258000000000000e+06
2.613827698295097690e+01 1.441705294314184760e-01 1.224134000000000000e+06
2.622200478464780105e+01 1.430857630936859526e-01 1.228722000000000000e+06
2.630582763864114426e+01 1.424614076373482419e-01 1.243154000000000000e+06
2.638970867910203921e+01 1.415187521980289520e-01 1.245434000000000000e+06
2.647343389639032196e+01 1.407976002821955397e-01 1.255158000000000000e+06
2.655698334590179499e+01 1.395080503699397123e-01 1.255610000000000000e+06
2.664075459217511366e+01 1.389267702859039444e-01 1.277562000000000000e+06
2.672459382145218143e+01 1.379749094485779315e-01 1.274414000000000000e+06
2.680821980594094356e+01 1.371422004107328840e-01 1.285994000000000000e+06
2.689209959394619531e+01 1.361265408942957944e-01 1.299570000000000000e+06
2.697602191334329902e+01 1.351128436889938167e-01 1.302122000000000000e+06
2.705977872814356644e+01 1.343444069008957187e-01 1.311366000000000000e+06
2.714355261554103649e+01 1.335819612435244219e-01 1.319186000000000000e+06
2.722733740409666225e+01 1.326504862953638564e-01 1.327434000000000000e+06
2.731116904834040326e+01 1.319866718724528876e-01 1.337294000000000000e+06
2.739498441427308961e+01 1.309972150953654102e-01 1.342730000000000000e+06
2.747866258082228796e+01 1.303531911526244480e-01 1.350570000000000000e+06
2.756247723469893529e+01 1.289560460226480409e-01 1.362590000000000000e+06
2.764637317716708864e+01 1.283917832617116894e-01 1.369698000000000000e+06
2.773011686037893142e+01 1.272923365570501064e-01 1.374914000000000000e+06
2.781378851120859963e+01 1.265055933201789662e-01 1.383570000000000000e+06
2.789756242253353236e+01 1.255804335432650909e-01 1.395374000000000000e+06
2.798127274786056873e+01 1.249216733393271467e-01 1.396994000000000000e+06
2.806492746953691508e+01 1.241902625165600543e-01 1.411530000000000000e+06
2.814870507983202330e+01 1.233507364518536681e-01 1.417574000000000000e+06
2.823250085536484733e+01 1.229172156282675177e-01 1.428834000000000000e+06
2.831642245547427450e+01 1.217908236728102167e-01 1.439018000000000000e+06
2.840020580335993117e+01 1.211272027517217437e-01 1.440698000000000000e+06
2.848389737328623639e+01 1.203706450643144965e-01 1.453638000000000000e+06
2.856776129641226092e+01 1.198570277041681592e-01 1.463426000000000000e+06
2.865164498472143961e+01 1.190926442846946126e-01 1.471050000000000000e+06
2.873539597999311468e+01 1.184246854171435298e-01 1.476638000000000000e+06
2.881905019890862363e+01 1.176998264864267674e-01 1.484466000000000000e+06
2.890289675093428912e+01 1.167696235696004531e-01 1.501154000000000000e+06
2.898675594616652873e+01 1.158629751762329102e-01 1.501706000000000000e+06
2.907041472198053711e+01 1.153763669350090226e-01 1.511502000000000000e+06
2.915408733972060062e+01 1.145244128535475442e-01 1.520234000000000000e+06
2.923796129814355282e+01 1.139103430107947235e-01 1.535010000000000000e+06
2.932194077207240568e+01 1.133837709721270126e-01 1.543358000000000000e+06
2.940549917698988835e+01 1.124513288749370010e-01 1.535754000000000000e+06
2.948914761948871543e+01 1.119408997112733839e-01 1.564802000000000000e+06
2.957304642502456460e+01 1.114363602324447561e-01 1.563038000000000000e+06
2.965685586864443124e+01 1.107659525216893315e-01 1.578426000000000000e+06
2.974065423044915946e+01 1.100595043130430800e-01 1.581482000000000000e+06
2.982438217008557402e+01 1.093926538703093171e-01 1.592250000000000000e+06
2.990814468646065549e+01 1.088159061901225189e-01 1.602230000000000000e+06
2.999179263215820157e+01 1.081430744213754958e-01 1.604754000000000000e+06
3.007552257970940346e+01 1.074678344773933036e-01 1.623458000000000000e+06
3.015929957087215385e+01 1.068554373780701700e-01 1.624910000000000000e+06
3.024317734005441238e+01 1.062381315792992886e-01 1.645122000000000000e+06
3.032708985436260107e+01 1.056222570556734214e-01 1.645130000000000000e+06
3.041082997219342587e+01 1.050868745719348851e-01 1.655706000000000000e+06
3.049455723219219649e+01 1.042535284748680735e-01 1.663502000000000000e+06
3.057833323294630645e+01 1.039561684503979011e-01 1.675514000000000000e+06
3.066218995697298411e+01 1.033281836506065865e-01 1.685298000000000000e+06
3.074593408191947930e+01 1.029638399003057481e-01 1.689566000000000000e+06
3.082954809468623125e+01 1.021746712754365849e-01 1.697850000000000000e+06
3.091340339641750390e+01 1.013900158913407096e-01 1.718546000000000000e+06
3.099734465130006811e+01 1.007926528879151407e-01 1.719822000000000000e+06
3.108104222338488043e+01 1.001972606635290752e-01 1.726586000000000000e+06
3.116474027426929894e+01 9.987063452385196161e-02 1.739186000000000000e+06
3.124860498828843447e+01 9.921311834227976301e-02 1.751538000000000000e+06
3.133245649887071949e+01 9.858883318677043317e-02 1.758062000000000000e+06
3.141614178307822414e+01 9.818907011304529864e-02 1.763010000000000000e+06
3.149986855610640646e+01 9.743888349932137982e-02 1.778642000000000000e+06
3.158374588400788952e+01 9.699902981803461277e-02 1.788582000000000000e+06
3.166757693376691307e+01 9.631603162787379102e-02 1.794746000000000000e+06
3.175127246931511493e+01 9.577172140920207910e-02 1.803290000000000000e+06
3.183493779085208786e+01 9.523577689118736811e-02 1.811058000000000000e+06
3.191872426101914328e+01 9.485778188680772660e-02 1.828358000000000000e+06
3.200254090967914777e+01 9.413606000615935832e-02 1.831362000000000000e+06
3.208624557094677954e+01 9.373796614359730661e-02 1.842458000000000000e+06
3.216985025736639159e+01 9.305566383937612096e-02 1.846998000000000000e+06
3.225366158768746061e+01 9.253058555032790677e-02 1.869122000000000000e+06
3.233765392466781208e+01 9.201621962313986935e-02 1.876346000000000000e+06
3.242147145466748981e+01 9.138359527716324870e-02 1.879506000000000000e+06
3.250521341167948464e+01 9.089913068325264356e-02 1.893326000000000000e+06
3.258903110732968855e+01 9.031115852606916294e-02 1.901826000000000000e+06
3.267283869534620777e+01 9.011086353965193363e-02 1.911962000000000000e+06
3.275656526575507854e+01 8.938960115110583526e-02 1.919198000000000000e+06
3.284028881372969266e+01 8.911632744754285906e-02 1.930242000000000000e+06
3.292407887898949781e+01 8.862767845835294034e-02 1.942442000000000000e+06
3.300791290112206156e+01 8.803589045689627635e-02 1.951734000000000000e+06
3.309159594029746643e+01 8.765491379777662351e-02 1.955402000000000000e+06
3.317527487811420173e+01 8.725561754446821416e-02 1.971858000000000000e+06
3.325918478063969275e+01 8.674070563071756279e-02 1.984898000000000000e+06
3.334295800125237008e+01 8.612658840870671129e-02 1.986422000000000000e+06
3.342654711354870045e+01 8.583711906594007623e-02 1.996146000000000000e+06
3.351037327631482299e+01 8.532017064299050879e-02 2.017106000000000000e+06
3.359427383821539337e+01 8.495144850289858274e-02 2.020638000000000000e+06
3.367803183712429416e+01 8.449264566022747502e-02 2.029346000000000000e+06
3.376176459220195625e+01 8.404884432989286058e-02 2.041002000000000000e+06
3.384556001022187388e+01 8.338692601574496099e-02 2.051450000000000000e+06
3.392943845922752644e+01 8.294002700294207664e-02 2.065886000000000000e+06
3.401316055039511355e+01 8.252148716957626029e-02 2.064546000000000000e+06
3.409683542659267630e+01 8.216790357237174769e-02 2.082650000000000000e+06
3.418067800810939616e+01 8.180218651649355521e-02 2.095182000000000000e+06
3.426452736710173497e+01 8.136628558552470858e-02 2.101346000000000000e+06
3.434832998306823271e+01 8.083555625382286836e-02 2.115554000000000000e+06
3.443203105705293865e+01 8.048988634247376817e-02 2.115654000000000000e+06
3.451583812868020118e+01 8.012455886460295718e-02 2.141066000000000000e+06
3.459967632687634875e+01 7.976359113715110472e-02 2.139786000000000000e+06
3.468336662819802285e+01 7.906963571495612131e-02 2.152202000000000000e+06
3.476703645977761425e+01 7.874121940311491763e-02 2.161086000000000000e+06
3.485079127028417645e+01 7.842144344268396627e-02 2.176058000000000000e+06
3.493469079655712051e+01 7.805425017048427117e-02 2.190818000000000000e+06
3.501848338903062796e+01 7.761025363072858452e-02 2.191158000000000000e+06
3.510217183339957359e+01 7.713946857454312411e-02 2.205314000000000000e+06
3.518590037953279648e+01 7.666541867180849679e-02 2.215554000000000000e+06
3.526971993052846699e+01 7.649056045068462761e-02 2.230562000000000000e+06
3.535358270636252342e+01 7.595992964635869815e-02 2.239614000000000000e+06
3.543734285600354639e+01 7.554008071403825464e-02 2.245706000000000000e+06
3.552108409358061891e+01 7.521424412326734033e-02 2.259674000000000000e+06
3.560491818170212497e+01 7.481614549927986801e-02 2.273214000000000000e+06
3.568872958243610327e+01 7.441078826725620876e-02 2.278802000000000000e+06
3.577252677462045227e+01 7.401052986790954136e-02 2.294034000000000000e+06
3.585622758416000266e+01 7.370681917015767248e-02 2.294942000000000000e+06
3.593995265006216755e+01 7.330704047172049986e-02 2.317050000000000000e+06
3.602378331164942438e+01 7.286611347220345314e-02 2.322842000000000000e+06
3.610749751390627438e+01 7.249492933786966242e-02 2.330810000000000000e+06
3.619121780725145499e+01 7.202037104884230490e-02 2.345958000000000000e+06
3.627496104714246883e+01 7.181198047362620518e-02 2.353586000000000000e+06
3.635885802177431714e+01 7.138071235286443106e-02 2.376210000000000000e+06
3.644273375320676678e+01 7.094117129612861894e-02 2.374502000000000000e+06
3.652641723315417011e+01 7.063981134755814573e-02 2.386346000000000000e+06
3.661016003667585750e+01 7.031246746572918094e-02 2.401314000000000000e+06
3.669398675014319622e+01 6.979989347695370050e-02 2.411450000000000000e+06
3.677774362791269880e+01 6.958679847260193507e-02 2.420718000000000000e+06
3.686138542781196037e+01 6.926776040563058234e-02 2.425754000000000000e+06
3.694523701027373619e+01 6.894557708317550215e-02 2.455218000000000000e+06
3.702912063015348565e+01 6.850359091524808874e-02 2.450942000000000000e+06
3.711286066480837320e+01 6.829335857859131220e-02 2.467130000000000000e+06
3.719659282330948713e+01 6.784080851186767569e-02 2.474874000000000000e+06
3.728037731851799208e+01 6.748716401470949977e-02 2.490362000000000000e+06
3.736414979091281197e+01 6.724989262019533121e-02 2.498142000000000000e+06
3.744783790554325975e+01 6.685075500879505972e-02 2.507090000000000000e+06
3.753161089290124863e+01 6.657685868531439122e-02 2.525562000000000000e+06
3.761546125363399540e+01 6.617415205825008528e-02 2.534726000000000000e+06
3.769935318534805191e+01 6.586130650502410033e-02 2.549906000000000000e+06
3.778311927771562750e+01 6.555948960124245717e-02 2.551074000000000000e+06
3.786687072097435447e+01 6.526362375919106396e-02 2.570702000000000000e+06
3.795064452686742129e+01 6.495380595632324616e-02 2.574642000000000000e+06
3.803440602811515703e+01 6.468432424232845035e-02 2.594066000000000000e+06
3.811814083290802557e+01 6.440195750003276098e-02 2.594802000000000000e+06
3.820178788957619531e+01 6.395334758789140983e-02 2.612030000000000000e+06
3.828560806097936364e+01 6.357251330312478632e-02 2.627954000000000000e+06
3.836951237816947469e+01 6.335033808298887181e-02 2.640402000000000000e+06
3.845325054821010724e+01 6.308535469480067159e-02 2.641454000000000000e+06
3.853698686701612530e+01 6.271247685806102812e-02 2.661834000000000000e+06
3.862077152240886591e+01 6.233615379759308017e-02 2.669138000000000000e+06
3.870457668857440581e+01 6.208869449520235118e-02 2.684858000000000000e+06
3.878838810440694118e+01 6.184795056256518764e-02 2.693910000000000000e+06
3.887209610060705955e+01 6.145798709840758628e-02 2.701682000000000000e+06
3.895591541384992951e+01 6.121113597615306795e-02 2.722698000000000000e+06
3.903970878692612700e+01 6.086313903030241002e-02 2.725262000000000000e+06
3.912346323929788383e+01 6.062134223048733922e-02 2.742450000000000000e+06
3.920722013046969323e+01 6.037060544211502594e-02 2.749850000000000000e+06
3.929096158370429492e+01 6.013414752947102149e-02 2.763902000000000000e+06
3.937477573634135553e+01 5.979935022447380177e-02 2.778498000000000000e+06
3.945853339307303997e+01 5.950693990547776396e-02 2.784530000000000000e+06
3.954233951365999644e+01 5.930831319322450723e-02 2.804106000000000000e+06
3.962614155532578053e+01 5.892679590823513003e-02 2.809790000000000000e+06
3.970993115735726064e+01 5.866892268229537133e-02 2.825058000000000000e+06
3.979370973670097555e+01 5.840634625290632570e-02 2.834330000000000000e+06
3.987739375837353606e+01 5.813824519127578500e-02 2.842022000000000000e+06
3.996117659102883124e+01 5.792084918111642389e-02 2.864754000000000000e+06
4.004492507367432097e+01 5.766000684836809081e-02 2.864186000000000000e+06
4.012855801902023956e+01 5.740938303297264678e-02 2.879538000000000000e+06
4.021232599228400773e+01 5.699805355594536604e-02 2.899454000000000000e+06
4.029612162727031688e+01 5.679853834438951254e-02 2.904258000000000000e+06
4.038001131135030874e+01 5.650601411013591452e-02 2.930234000000000000e+06
4.046390848166176823e+01 5.620633039269833792e-02 2.929526000000000000e+06
4.054763895091686976e+01 5.610413794902328888e-02 2.942442000000000000e+06
4.063145602871991713e+01 5.575963059939677974e-02 2.960810000000000000e+06
4.071526025477401589e+01 5.558868388008718353e-02 2.964954000000000000e+06
4.079900469843234134e+01 5.522735716610028406e-02 2.980910000000000000e+06
4.088275455494471800e+01 5.498022406884971874e-02 2.990978000000000000e+06
4.096655099355582053e+01 5.468878319644795982e-02 3.007626000000000000e+06
4.105038506696493528e+01 5.448558165566252942e-02 3.019166000000000000e+06
4.113408514747818856e+01 5.431092854731239816e-02 3.021090000000000000e+06
4.121781401966371305e+01 5.396309210901906184e-02 3.047834000000000000e+06
4.130168676574312769e+01 5.371525527803141381e-02 3.055590000000000000e+06
4.138552050109588976e+01 5.353413921446834728e-02 3.068546000000000000e+06
4.146914577407831359e+01 5.327899667587571164e-02 3.067274000000000000e+06
4.155286479481431883e+01 5.303645057645789418e-02 3.098058000000000000e+06
4.163678258255396258e+01 5.282997668381784334e-02 3.109214000000000000e+06
4.172055832134024200e+01 5.257105667607361865e-02 3.110466000000000000e+06
4.180418526461116357e+01 5.239784340523049450e-02 3.124370000000000000e+06
4.188792935761906477e+01 5.214703746516573257e-02 3.144174000000000000e+06
4.197185138929292947e+01 5.197196921440043471e-02 3.161738000000000000e+06
4.205562112114309059e+01 5.170467761536003126e-02 3.159890000000000000e+06
4.213924805322351830e+01 5.141632153359431551e-02 3.174138000000000000e+06
4.222299894826061717e+01 5.123369858219496004e-02 3.195926000000000000e+06
4.230691258081674988e+01 5.094008669465457939e-02 3.211386000000000000e+06
4.239080415901788967e+01 5.072116586794577636e-02 3.219314000000000000e+06
4.247453169083237157e+01 5.054016532041293031e-02 3.225494000000000000e+06
4.255825507974662258e+01 5.031727708676040495e-02 3.242562000000000000e+06
4.264203752623418353e+01 5.007617634192389894e-02 3.257450000000000000e+06
4.272584879897986099e+01 4.981761804713075864e-02 3.269118000000000000e+06
4.280959718026213068e+01 4.955220719868982243e-02 3.278930000000000000e+06
4.289324313363174213e+01 4.944850284484200720e-02 3.286650000000000000e+06
4.297705823947939763e+01 4.923526959757101862e-02 3.316610000000000000e+06
4.306095854823670521e+01 4.894056924464600805e-02 3.321542000000000000e+06
4.314470014373539897e+01 4.874520084101979789e-02 3.328578000000000000e+06
4.322841831305547800e+01 4.861125643259311957e-02 3.345074000000000000e+06
4.331221276153173960e+01 4.839029247526389910e-02 3.361686000000000000e+06
4.339600557191744912e+01 4.819774913924650128e-02 3.369722000000000000e+06
4.347974360653208947e+01 4.791854981404842367e-02 3.385290000000000000e+06
4.356345927572596111e+01 4.777123625555453751e-02 3.391370000000000000e+06
4.364729718140662129e+01 4.751013996341185014e-02 3.422966000000000000e+06
4.373115310142490841e+01 4.731873684398302249e-02 3.419538000000000000e+06
4.381493904908852244e+01 4.714633983799598749e-02 3.441890000000000000e+06
4.389872518355250719e+01 4.688520189657563453e-02 3.447582000000000000e+06
4.398251250846917060e+01 4.674751348556875630e-02 3.466298000000000000e+06
4.406617792640594899e+01 4.645600657378091969e-02 3.466194000000000000e+06
4.414985741111507167e+01 4.631278292739361702e-02 3.492062000000000000e+06
4.423365507571194399e+01 4.605344969504275576e-02 3.503114000000000000e+06
4.431743533444053895e+01 4.587771146691095592e-02 3.517146000000000000e+06
4.440128817701192787e+01 4.568817019854026079e-02 3.535706000000000000e+06
4.448508293520813339e+01 4.551876150154446354e-02 3.539742000000000000e+06
4.456885232151149978e+01 4.537664213850121919e-02 3.558698000000000000e+06
4.465264799184704714e+01 4.508621746679805642e-02 3.570122000000000000e+06
4.473644620586907905e+01 4.495106095269016389e-02 3.585174000000000000e+06
4.482021823753251510e+01 4.474066974254335693e-02 3.594314000000000000e+06
4.490398199496299014e+01 4.449621607869647805e-02 3.612258000000000000e+06
4.498774280066585618e+01 4.442080150800407218e-02 3.620282000000000000e+06
4.507149731418039096e+01 4.418465508296332694e-02 3.639078000000000000e+06
4.515529296565681960e+01 4.398066077469901108e-02 3.650450000000000000e+06
4.523902850959706967e+01 4.389650488553888119e-02 3.661418000000000000e+06
4.532276634990883224e+01 4.368601119342718775e-02 3.677694000000000000e+06
4.540659508440727876e+01 4.345375990468557797e-02 3.695978000000000000e+06
4.549038931088257698e+01 4.329497395221466871e-02 3.702810000000000000e+06
4.557410984910109875e+01 4.307345942534260286e-02 3.716162000000000000e+06
4.565793710884364032e+01 4.286782297450277696e-02 3.740094000000000000e+06
4.574173858314507868e+01 4.275486530307510274e-02 3.740954000000000000e+06
4.582547487248402263e+01 4.255979994793862575e-02 3.760946000000000000e+06
4.590929724167653347e+01 4.240859691901972123e-02 3.778278000000000000e+06
4.599310294070550498e+01 4.222983327001190307e-02 3.784922000000000000e+06
4.607688647938994819e+01 4.203302574642613781e-02 3.805266000000000000e+06
4.616063114034604098e+01 4.184200555140313998e-02 3.807686000000000000e+06
4.624436961981203353e+01 4.166182809479458682e-02 3.833130000000000000e+06
4.632816579644655519e+01 4.148094981308717705e-02 3.841898000000000000e+06
4.641196142457300766e+01 4.126708527363653206e-02 3.858074000000000000e+06
4.649571814796405533e+01 4.110918682834260179e-02 3.868974000000000000e+06
4.657948650465218066e+01 4.100732360974344154e-02 3.885362000000000000e+06
4.666326012374663890e+01 4.079261355620028562e-02 3.898290000000000000e+06
4.674697557759400013e+01 4.063026094006808725e-02 3.907334000000000000e+06
4.683072185148795086e+01 4.042357915280510999e-02 3.928730000000000000e+06
4.691446205725140572e+01 4.020669473229376845e-02 3.936666000000000000e+06
4.699827339304534490e+01 4.010925200676739716e-02 3.961346000000000000e+06
4.708217883775101598e+01 3.986074865548192708e-02 3.975774000000000000e+06
4.716589489477312469e+01 3.978717759676946020e-02 3.970106000000000000e+06
4.724959403662504087e+01 3.962081534758703921e-02 4.003170000000000000e+06
4.733350988050379016e+01 3.948356230958727231e-02 4.019558000000000000e+06
4.741737501115326126e+01 3.928705269246495629e-02 4.025642000000000000e+06
4.750102520144735507e+01 3.917161281430324438e-02 4.028514000000000000e+06
4.758473950277736009e+01 3.902179584263480022e-02 4.059398000000000000e+06
4.766858069315918556e+01 3.881754410795557053e-02 4.069674000000000000e+06
4.775237333775331194e+01 3.861565852812818417e-02 4.083698000000000000e+06
4.783614237112322343e+01 3.849012398021102455e-02 4.095210000000000000e+06
4.791988490245709897e+01 3.831427465467855675e-02 4.110518000000000000e+06
4.800366139183459069e+01 3.818098625464943358e-02 4.126850000000000000e+06
4.808744155042190727e+01 3.797686413345139483e-02 4.140114000000000000e+06
4.817110248164115660e+01 3.784194946031316925e-02 4.144070000000000000e+06
4.825485289941014599e+01 3.772542900142296374e-02 4.175802000000000000e+06
4.833872317014574804e+01 3.755558895881020570e-02 4.187882000000000000e+06
4.842255739313756635e+01 3.746819372506995233e-02 4.199250000000000000e+06
4.850630200152498617e+01 3.727363359359669309e-02 4.209326000000000000e+06
4.858999651144587517e+01 3.715580169251065518e-02 4.222130000000000000e+06
4.867384498554194749e+01 3.694639214993542670e-02 4.254258000000000000e+06
4.875769237889889496e+01 3.681431817519102700e-02 4.252478000000000000e+06
4.884143639731927777e+01 3.667563534110817453e-02 4.270698000000000000e+06
4.892512165045238959e+01 3.650943758149019502e-02 4.278122000000000000e+06
4.900892249802404876e+01 3.633946209399851329e-02 4.309898000000000000e+06
4.909279745527720706e+01 3.623506320720846358e-02 4.317150000000000000e+06
4.917658920170342185e+01 3.609116112139922755e-02 4.329698000000000000e+06
4.926033308118844189e+01 3.590162045196006180e-02 4.340826000000000000e+06
4.934406286064109537e+01 3.579510200500505418e-02 4.359590000000000000e+06
4.942786957825488514e+01 3.562043407359173630e-02 4.376850000000000000e+06
4.951163677893373460e+01 3.547254352044396097e-02 4.386674000000000000e+06
4.959537078523236886e+01 3.535389900045027289e-02 4.401782000000000000e+06
4.967912880843362444e+01 3.526138580198723282e-02 4.419210000000000000e+06
4.976302304379169783e+01 3.507911212167282022e-02 4.446482000000000000e+06
4.984679567254183752e+01 3.494466953846125934e-02 4.435554000000000000e+06
4.993048967360238777e+01 3.482441576111887371e-02 4.468934000000000000e+06
5.001430382430130805e+01 3.464626743381014895e-02 4.477650000000000000e+06
5.009805003277288193e+01 3.456998260271489792e-02 4.491218000000000000e+06
5.018180837416312556e+01 3.441470167113120510e-02 4.510358000000000000e+06
5.026555488397971772e+01 3.429379456862023667e-02 4.518594000000000000e+06
5.034932947116654134e+01 3.411866601613299660e-02 4.544474000000000000e+06
5.043314290484163820e+01 3.400205863867605122e-02 4.552098000000000000e+06
5.051694671432978367e+01 3.389285755269410422e-02 4.574990000000000000e+06
5.060070330614421863e+01 3.372592829474723580e-02 4.577210000000000000e+06
5.068450326170798093e+01 3.360430560420087087e-02 4.608186000000000000e+06
5.076830570006593746e+01 3.347765988033486045e-02 4.610198000000000000e+06
5.085203782795357341e+01 3.333455730175951398e-02 4.628898000000000000e+06
5.093575247787595117e+01 3.320609013998625236e-02 4.641170000000000000e+06
5.101951360832174487e+01 3.309806801106367907e-02 4.662462000000000000e+06
5.110336138272519690e+01 3.297494927844881601e-02 4.681442000000000000e+06
5.118714498866896889e+01 3.287861506340859774e-02 4.687850000000000000e+06
5.127091437680648056e+01 3.270024783820483366e-02 4.708818000000000000e+06
5.135469940961902324e+01 3.259204926830983062e-02 4.721534000000000000e+06
5.143844012238305652e+01 3.245659716719807159e-02 4.732770000000000000e+06
5.152216672994304503e+01 3.236713740699709296e-02 4.753346000000000000e+06
5.160598460354614758e+01 3.223980339149101759e-02 4.772886000000000000e+06
5.168981756623005452e+01 3.211755994861546781e-02 4.785098000000000000e+06
5.177356462271885107e+01 3.193122661036820048e-02 4.795394000000000000e+06
5.185730248904087603e+01 3.183736733447085215e-02 4.813986000000000000e+06
5.194107950576231758e+01 3.169224211478827158e-02 4.832654000000000000e+06
5.202490683524943194e+01 3.159497772593590492e-02 4.849362000000000000e+06
5.210868111161441618e+01 3.141985674271898649e-02 4.858322000000000000e+06
5.219237188700115837e+01 3.134295222555193855e-02 4.871286000000000000e+06
5.227611099451670640e+01 3.124358957332608669e-02 4.894370000000000000e+06
5.235994633095187112e+01 3.113546679315922980e-02 4.914650000000000000e+06
5.244373186833391998e+01 3.100435284322609203e-02 4.919658000000000000e+06
5.252748139865951060e+01 3.087343268062128082e-02 4.941638000000000000e+06
5.261134608608541186e+01 3.075262577945748338e-02 4.965954000000000000e+06
5.269521219925067612e+01 3.062387741186740203e-02 4.971770000000000000e+06
5.277896921030312427e+01 3.050958583665850862e-02 4.985702000000000000e+06
5.286266873731673144e+01 3.036972918935839511e-02 4.996314000000000000e+06
5.294640362710930503e+01 3.029147837553856221e-02 5.021258000000000000e+06
5.303021795299186181e+01 3.015150184480605913e-02 5.038470000000000000e+06
5.311400321458867069e+01 3.004756483023905689e-02 5.048570000000000000e+06
5.319775700266092855e+01 2.991256931527890017e-02 5.067786000000000000e+06
5.328156065547872799e+01 2.981087426800634391e-02 5.084402000000000000e+06
5.336537962353408915e+01 2.967604138462979352e-02 5.104238000000000000e+06
5.344909091783166133e+01 2.956312819856955071e-02 5.101890000000000000e+06
5.353274999593639194e+01 2.950148198863301874e-02 5.129594000000000000e+06
5.361652756373694473e+01 2.934177905554500448e-02 5.149086000000000000e+06
5.370036822863162485e+01 2.923654420900342193e-02 5.168834000000000000e+06
5.378411950541506314e+01 2.911465831197922183e-02 5.172306000000000000e+06
5.386787929501433325e+01 2.899994708338831176e-02 5.199218000000000000e+06
5.395171074936121158e+01 2.892055700584611477e-02 5.215430000000000000e+06
5.403552355469201984e+01 2.881857570262069679e-02 5.229066000000000000e+06
5.411930985166335262e+01 2.868129091167368611e-02 5.244530000000000000e+06
5.420310642373981125e+01 2.859018107040455295e-02 5.262870000000000000e+06
5.428687812998526852e+01 2.847526081722699318e-02 5.272562000000000000e+06
5.437059019332080112e+01 2.836052434661891219e-02 5.290098000000000000e+06
5.445438308715934994e+01 2.826124529058825219e-02 5.314358000000000000e+06
5.453817366229988295e+01 2.818490823543647397e-02 5.322098000000000000e+06
5.462191410682409298e+01 2.805524280353624902e-02 5.341026000000000000e+06
5.470574856213039538e+01 2.794216665039395489e-02 5.366858000000000000e+06
5.478957837144608334e+01 2.784596243558842485e-02 5.374422000000000000e+06
5.487325249086202206e+01 2.772571733333581423e-02 5.377730000000000000e+06
5.495693797161722927e+01 2.762871782689794303e-02 5.409410000000000000e+06
5.504079340903902562e+01 2.753305095919885218e-02 5.434014000000000000e+06
5.512463744441291880e+01 2.742061695767622834e-02 5.438882000000000000e+06
5.520838246356159118e+01 2.732960748806215895e-02 5.456178000000000000e+06
5.529211836524709867e+01 2.724127779041410000e-02 5.469242000000000000e+06
5.537590104604533536e+01 2.713415959902288135e-02 5.496174000000000000e+06
5.545970262891226810e+01 2.700192749381076854e-02 5.505530000000000000e+06
5.554345609431005926e+01 2.690080835205812052e-02 5.521202000000000000e+06
5.562722615507448864e+01 2.683146653773741883e-02 5.544126000000000000e+06
5.571106592766010124e+01 2.674508644709291602e-02 5.560106000000000000e+06
5.579489699651359302e+01 2.667028700996495680e-02 5.579754000000000000e+06
5.587861150379660558e+01 2.654255779400925899e-02 5.576270000000000000e+06
5.596227888762821578e+01 2.646017897187477944e-02 5.607138000000000000e+06
5.604605505562237511e+01 2.634556155829324148e-02 5.625026000000000000e+06
5.612988563474059589e+01 2.625377809296689999e-02 5.646698000000000000e+06
5.621362981395379421e+01 2.616006164050864100e-02 5.649126000000000000e+06
5.629735953290565220e+01 2.605334781924708437e-02 5.676434000000000000e+06
5.638111113221403770e+01 2.595831931115314545e-02 5.687418000000000000e+06
5.646491353105431443e+01 2.585368452613181350e-02 5.715830000000000000e+06
5.654876833880403098e+01 2.578821131098353592e-02 5.729210000000000000e+06
5.663258281598625388e+01 2.568808616032371497e-02 5.744802000000000000e+06
5.671632533067610638e+01 2.561249501056473907e-02 5.752154000000000000e+06
5.680011690917110911e+01 2.553621805473610396e-02 5.786382000000000000e+06
5.688389278969563634e+01 2.543059349210756437e-02 5.784146000000000000e+06
5.696761357142070636e+01 2.531363307976090132e-02 5.812146000000000000e+06
5.705141499197365818e+01 2.524745864869027898e-02 5.830166000000000000e+06
5.713521997423967491e+01 2.513586561406809874e-02 5.845850000000000000e+06
5.721900004074090873e+01 2.504673401123074655e-02 5.862834000000000000e+06
5.730276083164348933e+01 2.496851209635834665e-02 5.876066000000000000e+06
5.738658092066984295e+01 2.483954109346421177e-02 5.905854000000000000e+06
5.747033874630024286e+01 2.478530414718124048e-02 5.902274000000000000e+06
5.755404338958180688e+01 2.471273800600142304e-02 5.931258000000000000e+06
5.763786106901985562e+01 2.462880875390388580e-02 5.954966000000000000e+06
5.772168705776467590e+01 2.451162304751476270e-02 5.965346000000000000e+06
5.780542407686664319e+01 2.441180513106956662e-02 5.977818000000000000e+06
5.788919496618857607e+01 2.434838009878232540e-02 6.004718000000000000e+06
5.797296788463464878e+01 2.425421128378533325e-02 6.011706000000000000e+06
5.805676589856359726e+01 2.415941486775051092e-02 6.045770000000000000e+06
5.814055263107005089e+01 2.409701484014296902e-02 6.041586000000000000e+06
5.822426906686246895e+01 2.397203122720505120e-02 6.073166000000000000e+06
5.830801158641646253e+01 2.389130383196999899e-02 6.078962000000000000e+06
5.839179370373053501e+01 2.379882501687040700e-02 6.114258000000000000e+06
5.847563338611901429e+01 2.369462116406661698e-02 6.123086000000000000e+06
5.855940577164263061e+01 2.364096106339328221e-02 6.136770000000000000e+06
5.864313003931577839e+01 2.354305871518910798e-02 6.154898000000000000e+06
5.872691634067579969e+01 2.348812829665571783e-02 6.178610000000000000e+06
5.881074619570083684e+01 2.338510139267909946e-02 6.197982000000000000e+06
5.889452794754235043e+01 2.331279605635291907e-02 6.205322000000000000e+06
5.897820641443409073e+01 2.320776248824139507e-02 6.218850000000000000e+06
5.906193901280321512e+01 2.314379097700279206e-02 6.249542000000000000e+06
5.914581786000324826e+01 2.307112045607481732e-02 6.274146000000000000e+06
5.922958949112301497e+01 2.298009889410966913e-02 6.270242000000000000e+06
5.931333012199205257e+01 2.288794312079733134e-02 6.305222000000000000e+06
5.939720105247847926e+01 2.280805100643064354e-02 6.325026000000000000e+06
5.948100907207791010e+01 2.275493424429422817e-02 6.331922000000000000e+06
5.956471628696222353e+01 2.265606994926303366e-02 6.343698000000000000e+06
5.964845880386389609e+01 2.258014624892433833e-02 6.375158000000000000e+06
5.973228933048412159e+01 2.247733479887449939e-02 6.392178000000000000e+06
5.981613496168468203e+01 2.240411929935413882e-02 6.412826000000000000e+06
5.989983645289154879e+01 2.235435706807377756e-02 6.407078000000000000e+06
5.998354613160790194e+01 2.226021037060748123e-02 6.447954000000000000e+06
6.006732029307560339e+01 2.218067759485479323e-02 6.456026000000000000e+06
6.015110327404215695e+01 2.210296760245318223e-02 6.482034000000000000e+06
6.023487596160424573e+01 2.202476217018092819e-02 6.492878000000000000e+06
6.031854831072890022e+01 2.195402382378299627e-02 6.502074000000000000e+06
6.040231839065788222e+01 2.187269550873996785e-02 6.542930000000000000e+06
6.048619165671609466e+01 2.179217265188440958e-02 6.556598000000000000e+06
6.057002333107591596e+01 2.170634646585483524e-02 6.570330000000000000e+06
6.065376829395822256e+01 2.163747342705323387e-02 6.581882000000000000e+06
6.073756442394000743e+01 2.157176865007819772e-02 6.612546000000000000e+06
6.082141587353444123e+01 2.151333734975384090e-02 6.628622000000000000e+06
6.090514253860760618e+01 2.141834730548225485e-02 6.629498000000000000e+06
6.098884320245825563e+01 2.134276570184330188e-02 6.659250000000000000e+06
6.107265851032283877e+01 2.125922832330692097e-02 6.686006000000000000e+06
6.115647246835320061e+01 2.121923928775135484e-02 6.693786000000000000e+06
6.124020033801726015e+01 2.113441005987585011e-02 6.711554000000000000e+06
6.132397038132510403e+01 2.104521113167820770e-02 6.735678000000000000e+06
6.140778387575393538e+01 2.096620811431474871e-02 6.754754000000000000e+06
6.149161352937865388e+01 2.087210740463095460e-02 6.776570000000000000e+06
6.157529545988447239e+01 2.082207761584444622e-02 6.767394000000000000e+06
6.165900889953971387e+01 2.073141776492077454e-02 6.818246000000000000e+06
6.174288787705573611e+01 2.067280938962269901e-02 6.830562000000000000e+06
6.182665980957211360e+01 2.060796690571070969e-02 6.839186000000000000e+06
6.191039097988957707e+01 2.052469830773674675e-02 6.861462000000000000e+06
6.199415875786135643e+01 2.045293708834116167e-02 6.880394000000000000e+06
6.207797374072198693e+01 2.036970634027384514e-02 6.907178000000000000e+06
6.216178350871904001e+01 2.032302383868577270e-02 6.917034000000000000e+06
6.224554940092006916e+01 2.025782729411954725e-02 6.937934000000000000e+06
6.232927625716432374e+01 2.019263692468242777e-02 6.947250000000000000e+06
6.241305212971730754e+01 2.011021549228842950e-02 6.982106000000000000e+06
6.249687658401688850e+01 2.003941687972557104e-02 6.995718000000000000e+06
6.258064195304475419e+01 1.997900673599857860e-02 7.006682000000000000e+06
6.266440681033797944e+01 1.990854119805579234e-02 7.035866000000000000e+06
6.274824216199589699e+01 1.984040819819934617e-02 7.054110000000000000e+06
6.283199118762099999e+01 1.976700748343224526e-02 7.059194000000000000e+06
6.291572599321118986e+01 1.969780564939630288e-02 7.091802000000000000e+06
6.299950509521183051e+01 1.963147937461077672e-02 7.100666000000000000e+06
6.308326075680762557e+01 1.954707319818713845e-02 7.129070000000000000e+06
6.316706195378349520e+01 1.948200464786354821e-02 7.143282000000000000e+06
6.325081801455058894e+01 1.941199112139079322e-02 7.161482000000000000e+06
6.333459669546337523e+01 1.935046094169076691e-02 7.184694000000000000e+06
6.341841008120442780e+01 1.926144332789091890e-02 7.203914000000000000e+06
6.350218876580745331e+01 1.922212923072362870e-02 7.219746000000000000e+06
6.358591190700263951e+01 1.914722062287286738e-02 7.228634000000000000e+06
6.366969673610064717e+01 1.909779424201628328e-02 7.271990000000000000e+06
6.375349087092273948e+01 1.901775893427988529e-02 7.266786000000000000e+06
6.383719401333753751e+01 1.896872193620478125e-02 7.293650000000000000e+06
6.392099500043143223e+01 1.889426672147213881e-02 7.324086000000000000e+06
6.400484294296721544e+01 1.881174074932037699e-02 7.338650000000000000e+06
6.408861957019631461e+01 1.876678250989327612e-02 7.351962000000000000e+06
6.417229567069612983e+01 1.868469611019968335e-02 7.357190000000000000e+06
6.425605827522849722e+01 1.863528496395240597e-02 7.406042000000000000e+06
6.433988346718935247e+01 1.856509265348257540e-02 7.408626000000000000e+06
6.442366993893529070e+01 1.850113844055834011e-02 7.435610000000000000e+06
6.450748292497215175e+01 1.842643026295417638e-02 7.453542000000000000e+06
6.459124517573944502e+01 1.839310282205176145e-02 7.464002000000000000e+06
6.467501250428696835e+01 1.832079065104825003e-02 7.493546000000000000e+06
6.475881482306483861e+01 1.825653764722454456e-02 7.510806000000000000e+06
6.484263355878292145e+01 1.820118578263685283e-02 7.532114000000000000e+06
6.492635863913294259e+01 1.813138282993866784e-02 7.536234000000000000e+06
6.501006892041591811e+01 1.805271484280516689e-02 7.565834000000000000e+06
6.509392196997305291e+01 1.799249598385492532e-02 7.603062000000000000e+06
6.517772136341262978e+01 1.794109104490583875e-02 7.593890000000000000e+06
6.526142024031203448e+01 1.788364076639538738e-02 7.622906000000000000e+06
6.534517798747489792e+01 1.783181800735017530e-02 7.646622000000000000e+06
6.542900683024386410e+01 1.777003030021410274e-02 7.672058000000000000e+06
6.551278372258207128e+01 1.770324907876269852e-02 7.679346000000000000e+06
6.559647689529717240e+01 1.766646712529659768e-02 7.693058000000000000e+06
6.568023240704575016e+01 1.760968808772402430e-02 7.732158000000000000e+06
6.576407007540214522e+01 1.753492409347044700e-02 7.746962000000000000e+06
6.584790505033298302e+01 1.746984512325720426e-02 7.770986000000000000e+06
6.593165610578880376e+01 1.741216717142124101e-02 7.772094000000000000e+06
6.601538633341530726e+01 1.734593246536502917e-02 7.803818000000000000e+06
6.609921986930250171e+01 1.728865364884690781e-02 7.834338000000000000e+06
6.618300989442009552e+01 1.722765298945199905e-02 7.833710000000000000e+06
6.626672027527055775e+01 1.717340273520338856e-02 7.858794000000000000e+06
6.635048482494400446e+01 1.711675607442141034e-02 7.884290000000000000e+06
6.643426840268917033e+01 1.704848762048628147e-02 7.901522000000000000e+06
6.651807839369693909e+01 1.698920673330927764e-02 7.930662000000000000e+06
6.660185938569200914e+01 1.695400484861790680e-02 7.934426000000000000e+06
6.668562349459918437e+01 1.689755353178897315e-02 7.967322000000000000e+06
6.676941985144630110e+01 1.682725405271454089e-02 7.981934000000000000e+06
6.685320220952085890e+01 1.676631107400688991e-02 8.003282000000000000e+06
6.693696207061206849e+01 1.672002884845827722e-02 8.019666000000000000e+06
6.702068860837411535e+01 1.666038294379152199e-02 8.034482000000000000e+06
6.710445272740649614e+01 1.660728326133767419e-02 8.068542000000000000e+06
6.718828234859530824e+01 1.654169561798600474e-02 8.088290000000000000e+06
6.727206071729939652e+01 1.649709159603582678e-02 8.096322000000000000e+06
6.735579384931760671e+01 1.644797304966879106e-02 8.122646000000000000e+06
6.743961094632139464e+01 1.636289586446266348e-02 8.150138000000000000e+06
6.752341839406597046e+01 1.633575350733259754e-02 8.165322000000000000e+06
6.760720134506061640e+01 1.627709271251320117e-02 8.182574000000000000e+06
6.769097215349376029e+01 1.622465335145199111e-02 8.203698000000000000e+06
6.777475210174605991e+01 1.616036743850731913e-02 8.226914000000000000e+06
6.785855795495925236e+01 1.609947385671557998e-02 8.246898000000000000e+06
6.794231757399198557e+01 1.606459611458749617e-02 8.261774000000000000e+06
6.802605368830526800e+01 1.600300967422137871e-02 8.279426000000000000e+06
6.810980740395922339e+01 1.595693657821262851e-02 8.308722000000000000e+06
6.819359624676370402e+01 1.590042342474022249e-02 8.326214000000000000e+06
6.827735164047554406e+01 1.586216706150372219e-02 8.342682000000000000e+06
6.836106899917464830e+01 1.579901075060215210e-02 8.360834000000000000e+06
6.844484437189701964e+01 1.574762865315434274e-02 8.393226000000000000e+06
6.852869899063553305e+01 1.569190424161089753e-02 8.420150000000000000e+06
6.861250241461986832e+01 1.564569731533631269e-02 8.421986000000000000e+06
6.869622258997036113e+01 1.559267591230297477e-02 8.445714000000000000e+06
6.877998582885126666e+01 1.553457790061834633e-02 8.472590000000000000e+06
6.886380417121233677e+01 1.547646136954600009e-02 8.495370000000000000e+06
6.894760222040189035e+01 1.543650999106991988e-02 8.512802000000000000e+06
6.903133907390910906e+01 1.537682338627454834e-02 8.523290000000000000e+06
6.911515911696680803e+01 1.532398796310621182e-02 8.570982000000000000e+06
6.919899661482570252e+01 1.526373404205284140e-02 8.568458000000000000e+06
6.928271270688284744e+01 1.523870401675980236e-02 8.586498000000000000e+06
6.936640883580386685e+01 1.519367999345556247e-02 8.608838000000000000e+06
6.945020519724739927e+01 1.513075711256926977e-02 8.645610000000000000e+06
6.953403489536805182e+01 1.508116939317558775e-02 8.658386000000000000e+06
6.961776845906641142e+01 1.502692354346112265e-02 8.668598000000000000e+06
6.970149629909469979e+01 1.497576247702481211e-02 8.697426000000000000e+06
6.978527344513386765e+01 1.493060826050878268e-02 8.722562000000000000e+06
6.986906013590846953e+01 1.488358981047296914e-02 8.737962000000000000e+06
6.995286374627769987e+01 1.483750061706466152e-02 8.771366000000000000e+06
7.003663130607654352e+01 1.479111032395357024e-02 8.771010000000000000e+06
7.012044287898793016e+01 1.474088034300023026e-02 8.822618000000000000e+06
7.020422712516214858e+01 1.472077611179094421e-02 8.807726000000000000e+06
7.028792428421020588e+01 1.465049670601941204e-02 8.844618000000000000e+06
7.037169187076506205e+01 1.461547426168054338e-02 8.868722000000000000e+06
7.045550216092648554e+01 1.457755193533207504e-02 8.891394000000000000e+06
7.053930310811041693e+01 1.450591858764887533e-02 8.911934000000000000e+06
7.062306388634770826e+01 1.447720060639148300e-02 8.923938000000000000e+06
7.070681928787864479e+01 1.442330425488642584e-02 8.953682000000000000e+06
7.079064883602877956e+01 1.438473527120899889e-02 8.981966000000000000e+06
7.087445404086807343e+01 1.432959302779551920e-02 8.990442000000000000e+06
7.095817349518108585e+01 1.428689204994430459e-02 9.007874000000000000e+06
7.104193091703314167e+01 1.423246296568573752e-02 9.038982000000000000e+06
7.112576467725064333e+01 1.418202339233197787e-02 9.068570000000000000e+06
7.120961688916655419e+01 1.415317152114691293e-02 9.085250000000000000e+06
7.129335164196812968e+01 1.410780286669110345e-02 9.084690000000000000e+06
7.137708037180341591e+01 1.405413588355961321e-02 9.128654000000000000e+06
7.146084353628984331e+01 1.400330385698503322e-02 9.133170000000000000e+06
7.154466665793322022e+01 1.397623344715292343e-02 9.185882000000000000e+06
7.162842926759091711e+01 1.393954269002037859e-02 9.163254000000000000e+06
7.171216325434680527e+01 1.389122648623175756e-02 9.220130000000000000e+06
7.179600405083390058e+01 1.383021727688896370e-02 9.233138000000000000e+06
7.187979487849634097e+01 1.379485328635071326e-02 9.249378000000000000e+06
7.196355510905767972e+01 1.374797684179020901e-02 9.271550000000000000e+06
7.204729422001986450e+01 1.371754602441928837e-02 9.286266000000000000e+06
7.213106156089709486e+01 1.367069441988755935e-02 9.320762000000000000e+06
7.221480038490358311e+01 1.363207041989475919e-02 9.326718000000000000e+06
7.229852005323998299e+01 1.357386383194068499e-02 9.354602000000000000e+06
7.238228486066410028e+01 1.354330634901165960e-02 9.384122000000000000e+06
7.246607067066045715e+01 1.349108764449525114e-02 9.400482000000000000e+06
7.254987197439923818e+01 1.343925474506707345e-02 9.432638000000000000e+06
7.263367976569567475e+01 1.340012855845766453e-02 9.445314000000000000e+06
7.271750340333485951e+01 1.334689376525356914e-02 9.477290000000000000e+06
7.280130916047085066e+01 1.331367969204300117e-02 9.489182000000000000e+06
7.288506765200136783e+01 1.328811587709770314e-02 9.506706000000000000e+06
7.296881975889688476e+01 1.324005719989074757e-02 9.533978000000000000e+06
7.305259443485221027e+01 1.319899636390736881e-02 9.553662000000000000e+06
7.313637521480190173e+01 1.317195564416369716e-02 9.579506000000000000e+06
7.322019418653475498e+01 1.311374629782513686e-02 9.607866000000000000e+06
7.330395444861356680e+01 1.308600990606715794e-02 9.608354000000000000e+06
7.338767600840630223e+01 1.303370070387776213e-02 9.643862000000000000e+06
7.347148094131401308e+01 1.298636748367057274e-02 9.670578000000000000e+06
7.355528165751150027e+01 1.294328457357587538e-02 9.687890000000000000e+06
7.363898985402030917e+01 1.290887287644427311e-02 9.693294000000000000e+06
7.372271904442924040e+01 1.287237923316619445e-02 9.736034000000000000e+06
7.380653580168322492e+01 1.282453748078942087e-02 9.758946000000000000e+06
7.389034984429981989e+01 1.278942985469670897e-02 9.778994000000000000e+06
7.397413656457592879e+01 1.274678989388795293e-02 9.796814000000000000e+06
7.405788979529948790e+01 1.271205880339602683e-02 9.816882000000000000e+06
7.414169279296697823e+01 1.266977112184196688e-02 9.850514000000000000e+06
7.422546369344802031e+01 1.261730946649889176e-02 9.856062000000000000e+06
7.430920419509655517e+01 1.258091231295843139e-02 9.886706000000000000e+06
7.439300596308194713e+01 1.255799036908717206e-02 9.916194000000000000e+06
7.447678556559041851e+01 1.251570756733549894e-02 9.924854000000000000e+06
7.456056972198642541e+01 1.246618775780530819e-02 9.961490000000000000e+06
7.464438171105736330e+01 1.242689657421943393e-02 9.979098000000000000e+06
7.472814154131890518e+01 1.239094102949811482e-02 9.990266000000000000e+06
7.481183974796279301e+01 1.236098188590785234e-02 1.001239800000000000e+07
7.489556694343458787e+01 1.231927201862808956e-02 1.003881800000000000e+07
7.497934514550230745e+01 1.227991904379849286e-02 1.007208200000000000e+07
7.506311789232059084e+01 1.223717356736856408e-02 1.008267000000000000e+07
7.514692811902769165e+01 1.219527716510527410e-02 1.012322600000000000e+07
7.523075407192267505e+01 1.217623467611802894e-02 1.013483400000000000e+07
7.531451966247126961e+01 1.213220309660196193e-02 1.015145000000000000e+07
7.539829209775307106e+01 1.207899919511930265e-02 1.018411800000000000e+07
7.548208760826673824e+01 1.205445401679050912e-02 1.019981000000000000e+07
7.556588556111178434e+01 1.201907927154459259e-02 1.023038600000000000e+07
7.564964694677739487e+01 1.198627246752254766e-02 1.023833400000000000e+07
7.573340114101655729e+01 1.194565459484672049e-02 1.027159400000000000e+07
7.581720755260936073e+01 1.190030625334881527e-02 1.029841800000000000e+07
7.590097691415932957e+01 1.187766337759660860e-02 1.030681400000000000e+07
7.598473414840474049e+01 1.183297411854943720e-02 1.034130600000000000e+07
7.606853392840329775e+01 1.179980507519076335e-02 1.036284200000000000e+07
7.615234212784832835e+01 1.175759052940878596e-02 1.038883400000000000e+07
7.623609474757780902e+01 1.172035524181795629e-02 1.039563000000000000e+07
7.631981670052634570e+01 1.169220191107033131e-02 1.042536200000000000e+07
7.640358337833828273e+01 1.165551330369760802e-02 1.045427400000000000e+07
7.648737866504175997e+01 1.162550664855366810e-02 1.047829400000000000e+07
7.657118922665969762e+01 1.159379618843137463e-02 1.050181800000000000e+07
7.665495334176074493e+01 1.156044946960525094e-02 1.051481000000000000e+07
7.673872752945807463e+01 1.151422369986203169e-02 1.054884200000000000e+07
7.682251623133140583e+01 1.148313497696769325e-02 1.056646200000000000e+07
7.690627734628161249e+01 1.143862474862588491e-02 1.058681000000000000e+07
7.699005449515836119e+01 1.141877813954728441e-02 1.061495400000000000e+07
7.707381163172706806e+01 1.138244750355891198e-02 1.063105400000000000e+07
7.715758302708022143e+01 1.134682402571775273e-02 1.066236200000000000e+07
7.724136594782987686e+01 1.130242840871883460e-02 1.068335400000000000e+07
7.732513038906363079e+01 1.127359082927683644e-02 1.069929800000000000e+07
7.740891664711064379e+01 1.124537738544278097e-02 1.073878200000000000e+07
7.749269645330657852e+01 1.120999231725166786e-02 1.074420200000000000e+07
7.757647166278094630e+01 1.117458347500219218e-02 1.078218600000000000e+07
7.766021891602670735e+01 1.114551931596260981e-02 1.078496600000000000e+07
7.774399344085298935e+01 1.111564664321505226e-02 1.083393800000000000e+07
7.782781601101176250e+01 1.109128920903292362e-02 1.084813800000000000e+07
7.791162919578846413e+01 1.105166712135427672e-02 1.087376600000000000e+07
7.799540485219509378e+01 1.101542069900991738e-02 1.088697000000000000e+07
7.807914803163318140e+01 1.099139576182856307e-02 1.091244200000000000e+07
7.816290481905753040e+01 1.095685413344137278e-02 1.093669800000000000e+07
7.824668494094176197e+01 1.093716744229648007e-02 1.096614200000000000e+07
7.833041079278541474e+01 1.088808659166690465e-02 1.096874600000000000e+07
7.841414369597413270e+01 1.085355121092890923e-02 1.101460200000000000e+07
7.849797207299076263e+01 1.083162788172609484e-02 1.104277400000000000e+07
7.858180750484748955e+01 1.079874094424486224e-02 1.106147400000000000e+07
7.866557248062186147e+01 1.076022441961806131e-02 1.107245000000000000e+07
7.874929596355666206e+01 1.073233133926687101e-02 1.109692200000000000e+07
7.883311706336922953e+01 1.070717010842660820e-02 1.114652600000000000e+07
7.891694358971126633e+01 1.066436339643206388e-02 1.114560200000000000e+07
7.900068031277757541e+01 1.064436320885222935e-02 1.116844200000000000e+07
7.908436218738494006e+01 1.061425364338490843e-02 1.118108600000000000e+07
7.916818470584115630e+01 1.058232262690849204e-02 1.125011400000000000e+07
7.925204746494267738e+01 1.055134612344875607e-02 1.124210600000000000e+07
7.933579204504063398e+01 1.051700899147712392e-02 1.126544600000000000e+07
7.941952450138673214e+01 1.049571244248145158e-02 1.128549000000000000e+07
7.950333805121174180e+01 1.045924793325148094e-02 1.133592200000000000e+07
7.958714843508016656e+01 1.043801323329917631e-02 1.133013000000000000e+07
7.967084513754768693e+01 1.040262921899364791e-02 1.135727000000000000e+07
7.975459918129639902e+01 1.036708800380855416e-02 1.138909800000000000e+07
7.983842412182876558e+01 1.033895172352472351e-02 1.142664200000000000e+07
7.992222911930718965e+01 1.031378514368109199e-02 1.143135800000000000e+07
8.000599212589428078e+01 1.028352773370575478e-02 1.146229800000000000e+07
8.008974687846490781e+01 1.025269031113835300e-02 1.147920200000000000e+07
8.017351400530820626e+01 1.022876748322682286e-02 1.150974600000000000e+07
8.025725037950861918e+01 1.019632005147589997e-02 1.152306200000000000e+07
8.034098812717721216e+01 1.017051586874070240e-02 1.155621000000000000e+07
8.042478697546600586e+01 1.014948360119299724e-02 1.158828200000000000e+07
8.050856802239243848e+01 1.011797849261951605e-02 1.159964600000000000e+07
8.059238416169034736e+01 1.009005214261167113e-02 1.164527400000000000e+07
8.067619501003925109e+01 1.006184120183481641e-02 1.164933800000000000e+07
8.075991178803855064e+01 1.002930070745194392e-02 1.166538600000000000e+07
8.084370890131339138e+01 1.000847755891442689e-02 1.171928600000000000e+07
8.092752051805530300e+01 9.985108766188613774e-03 1.172073800000000000e+07
8.101129543325400562e+01 9.950796034971790688e-03 1.175507400000000000e+07
8.109505389589725155e+01 9.921923585933944620e-03 1.176716600000000000e+07
8.117885591153601865e+01 9.892616235696474400e-03 1.181334600000000000e+07
8.126268704922078712e+01 9.869775040273308028e-03 1.182545000000000000e+07
8.134639603648894024e+01 9.846686658527220928e-03 1.182881400000000000e+07
8.143015231506957718e+01 9.815222835270519600e-03 1.188441800000000000e+07
8.151397613354559724e+01 9.792684605270520620e-03 1.190037800000000000e+07
8.159772291543191614e+01 9.771945264201333317e-03 1.190800200000000000e+07
8.168141712941573473e+01 9.741057857108749440e-03 1.193747000000000000e+07
8.176520125845252096e+01 9.716721831587202957e-03 1.198134600000000000e+07
8.184903085960836222e+01 9.686572800074077366e-03 1.199815400000000000e+07
8.193279937551101000e+01 9.649996950889153102e-03 1.201579800000000000e+07
8.201657550601832725e+01 9.623838524665827288e-03 1.204658600000000000e+07
8.210037035575065545e+01 9.601550364417926753e-03 1.207322600000000000e+07
8.218415112950239632e+01 9.580677849631536250e-03 1.208937000000000000e+07
8.226793017110850315e+01 9.552127535805600075e-03 1.212366200000000000e+07
8.235168019795568739e+01 9.526513837517595548e-03 1.212901800000000000e+07
8.243541372022190217e+01 9.500312810787151299e-03 1.216869800000000000e+07
8.251918470186251398e+01 9.482806241576826126e-03 1.219107000000000000e+07
8.260303064827999719e+01 9.455943677072293704e-03 1.223729000000000000e+07
8.268685911029808722e+01 9.426986490795374873e-03 1.223743400000000000e+07
8.277063029603770872e+01 9.412808016550075485e-03 1.226943000000000000e+07
8.285440346682658230e+01 9.379748032358222257e-03 1.228831400000000000e+07
8.293815388297495872e+01 9.353651067802207578e-03 1.231201800000000000e+07
8.302189357408074954e+01 9.330358210628218393e-03 1.233377000000000000e+07
8.310562948947298878e+01 9.303289063173653117e-03 1.236265400000000000e+07
8.318944085122717524e+01 9.275102155073943616e-03 1.240528200000000000e+07
8.327326112930197155e+01 9.258135469021674599e-03 1.241484200000000000e+07
8.335700619223128172e+01 9.234132709209912082e-03 1.243327800000000000e+07
8.344077077200753934e+01 9.214665289352963820e-03 1.246944200000000000e+07
8.352457315314735808e+01 9.187582109009877207e-03 1.249710600000000000e+07
8.360836220932365848e+01 9.165238268989699469e-03 1.251307400000000000e+07
8.369209444132825126e+01 9.142215104299411532e-03 1.253190200000000000e+07
8.377584249260344507e+01 9.117960669383156150e-03 1.256769000000000000e+07
8.385966667689248766e+01 9.099800956500571358e-03 1.260333800000000000e+07
8.394346055007575558e+01 9.068960480409657410e-03 1.261269400000000000e+07
8.402720752589927145e+01 9.049316927115939532e-03 1.263483400000000000e+07
8.411093968200033544e+01 9.020262489802751554e-03 1.266273000000000000e+07
8.419472584613649246e+01 9.005874517268407445e-03 1.269908600000000000e+07
8.427850265596407553e+01 8.977515718872968245e-03 1.271099400000000000e+07
8.436223938424853941e+01 8.958992119624987691e-03 1.273917800000000000e+07
8.444601577921049795e+01 8.926047800264536383e-03 1.276949000000000000e+07
8.452980888818765948e+01 8.913627201897944899e-03 1.279952600000000000e+07
8.461363856796832295e+01 8.897108546553039732e-03 1.282878600000000000e+07
8.469740487481715263e+01 8.875132117565355874e-03 1.283279400000000000e+07
8.478116585803400085e+01 8.859988894404773399e-03 1.287594200000000000e+07
8.486500035405539677e+01 8.836971312064777553e-03 1.290631400000000000e+07
8.494878168161768883e+01 8.811868607374730850e-03 1.291312200000000000e+07
8.503250896829791827e+01 8.796998473095044360e-03 1.293728200000000000e+07
8.511625758727213054e+01 8.766397840106975731e-03 1.297337400000000000e+07
8.520007724156167228e+01 8.743741017172767735e-03 1.300815400000000000e+07
8.528389486690601018e+01 8.730373653463512074e-03 1.302582600000000000e+07
8.536762998882402087e+01 8.704888729783682305e-03 1.303365400000000000e+07
8.545139522308386404e+01 8.691703958393618215e-03 1.308366600000000000e+07
8.553518354504295473e+01 8.666190653688598741e-03 1.309470600000000000e+07
8.561892245915041144e+01 8.649737115743429822e-03 1.311903400000000000e+07
8.570266129864387494e+01 8.626565866199189733e-03 1.314631800000000000e+07
