# k_mean_over_bin [h Mpc^-1] P_bin [h^-3 Mpc^3] N_modes
1.069098562002182007e-01 3.373421223958333030e+03 1.800000000000000000e+01
1.868873286631799469e-01 2.573500504032258050e+03 6.200000000000000000e+01
2.625667106132117956e-01 1.289758769132653015e+03 9.800000000000000000e+01
3.401783364159720047e-01 1.036003348214285779e+03 2.100000000000000000e+02
4.270541402271815778e-01 8.441882142857142526e+02 3.500000000000000000e+02
5.128694812456766616e-01 5.828811111111110677e+02 4.500000000000000000e+02
5.924409924947542372e-01 4.879318417774086356e+02 6.020000000000000000e+02
6.723074055719250319e-01 4.785819389763779554e+02 7.620000000000000000e+02
7.587901043808397139e-01 3.887315838441331266e+02 1.142000000000000000e+03
8.455790008544922243e-01 3.407009500000000344e+02 1.250000000000000000e+03
9.266650900755726283e-01 3.116550497256515655e+02 1.458000000000000000e+03
1.007750481597118108e+00 2.757661418136714246e+02 1.814000000000000000e+03
1.092835777828297106e+00 2.398394168962350648e+02 2.178000000000000000e+03
1.177363493043580345e+00 2.231441653322657999e+02 2.498000000000000000e+03
1.258028102048383667e+00 2.048438453470633078e+02 2.622000000000000000e+03
1.340799984066267880e+00 2.046390428400239614e+02 3.338000000000000000e+03
1.426850896250618783e+00 1.869126813541107026e+02 3.722000000000000000e+03
1.512363651158998401e+00 1.737369154676258916e+02 4.170000000000000000e+03
1.594785008970998508e+00 1.636564077558513191e+02 4.358000000000000000e+03
1.677071395354181815e+00 1.485458382995629734e+02 5.034000000000000000e+03
1.761985857460855120e+00 1.433527082604130101e+02 5.714000000000000000e+03
1.846083158874384234e+00 1.364530152958876670e+02 5.982000000000000000e+03
1.928661813341607134e+00 1.284236689639503197e+02 6.602000000000000000e+03
2.011378788847742793e+00 1.206223615007012739e+02 7.130000000000000000e+03
2.095637332393009089e+00 1.126671723300970882e+02 8.034000000000000000e+03
2.180555667263281983e+00 1.071933026376946287e+02 8.606000000000000000e+03
2.264340071811755895e+00 1.028248262739907375e+02 9.066000000000000000e+03
2.348016592997236973e+00 9.411672480425617948e+01 9.962000000000000000e+03
2.431996440706659879e+00 8.836156990521327259e+01 1.055000000000000000e+04
2.515341052179898895e+00 8.625213232674148855e+01 1.122600000000000000e+04
2.598773628370227406e+00 8.113054709369339434e+01 1.214600000000000000e+04
2.681898646405362463e+00 7.608320442646359538e+01 1.260600000000000000e+04
2.765270270259289287e+00 7.289525068830604937e+01 1.380200000000000000e+04
2.849850551988659220e+00 6.929569947132979735e+01 1.475400000000000000e+04
2.933772609879409909e+00 6.447120573910753194e+01 1.519400000000000000e+04
3.017238585326163403e+00 6.144205056521210651e+01 1.645400000000000000e+04
3.101311446264710892e+00 5.879826862539349008e+01 1.715400000000000000e+04
3.185186132992604779e+00 5.488050886893682190e+01 1.826600000000000000e+04
3.268289649175008194e+00 5.344749000000000194e+01 1.875000000000000000e+04
3.351647662541441530e+00 5.087070030641494611e+01 2.023400000000000000e+04
3.436091650782765239e+00 4.895879370629370442e+01 2.145000000000000000e+04
3.520270179566676205e+00 4.709045453510609036e+01 2.196200000000000000e+04
3.603861709535706392e+00 4.475719248145938423e+01 2.346200000000000000e+04
3.687484650452812929e+00 4.254513715581066435e+01 2.404200000000000000e+04
3.771595824668082741e+00 4.059991424497032142e+01 2.594600000000000000e+04
3.855312792317719062e+00 3.949149293590627252e+01 2.611800000000000000e+04
3.938028496533734213e+00 3.740165100341743454e+01 2.750600000000000000e+04
4.021431216072791415e+00 3.651754627399711239e+01 2.906600000000000000e+04
4.105840509662095350e+00 3.496988095238095440e+01 3.045000000000000000e+04
4.190344247210492590e+00 3.364227206855270680e+01 3.174200000000000000e+04
4.273947828100633117e+00 3.217062984496124045e+01 3.225000000000000000e+04
4.357501119655414534e+00 3.118004014598540152e+01 3.425000000000000000e+04
4.441647719320134691e+00 2.989350990015230991e+01 3.545400000000000000e+04
4.525392379562855893e+00 2.925666959433496217e+01 3.643400000000000000e+04
4.608518969537498400e+00 2.825161881004192921e+01 3.768200000000000000e+04
4.691740922213826437e+00 2.767253906448821610e+01 3.929400000000000000e+04
4.776039686402365980e+00 2.654736759523004963e+01 4.142600000000000000e+04
4.860154063182579698e+00 2.555353789283507027e+01 4.206600000000000000e+04
4.943517626628406880e+00 2.473598240974936857e+01 4.349000000000000000e+04
5.027384526744921089e+00 2.398913614283839024e+01 4.570200000000000000e+04
5.111447781105825428e+00 2.340580102500321757e+01 4.663400000000000000e+04
5.195348147294732932e+00 2.268197779791572444e+01 4.855400000000000000e+04
5.278356443076916982e+00 2.204442653979946698e+01 4.887000000000000000e+04
5.361498069859376159e+00 2.131706317647515192e+01 5.155400000000000000e+04
5.446046268496986364e+00 2.082028563505269148e+01 5.409000000000000000e+04
5.530257906132226786e+00 2.003080467282836707e+01 5.431400000000000000e+04
5.614055059061300312e+00 1.950036241433842932e+01 5.691000000000000000e+04
5.697714059662542851e+00 1.876754897185205806e+01 5.748200000000000000e+04
5.781614503695933216e+00 1.858211204763632551e+01 6.062600000000000000e+04
5.865571886738293550e+00 1.805202104368853000e+01 6.120600000000000000e+04
5.948642163157025209e+00 1.758016221831548620e+01 6.257000000000000000e+04
6.032247506670804782e+00 1.722725353719762609e+01 6.573000000000000000e+04
6.116202609789227473e+00 1.675633003928860632e+01 6.668600000000000000e+04
6.200338050909933507e+00 1.631329449912479745e+01 6.969800000000000000e+04
6.284184080576646458e+00 1.586815432839231121e+01 7.002600000000000000e+04
6.367735154784823770e+00 1.548964204217414142e+01 7.274600000000000000e+04
6.451745661739480830e+00 1.492484648244560219e+01 7.491000000000000000e+04
6.535332300795173133e+00 1.488966878846306230e+01 7.572200000000000000e+04
6.618657591294924813e+00 1.431891921202378271e+01 7.837800000000000000e+04
6.702212198046048286e+00 1.415109490191178310e+01 8.003000000000000000e+04
6.786191249900881850e+00 1.377438962084966256e+01 8.318600000000000000e+04
6.870329813067023395e+00 1.344341146386979347e+01 8.466600000000000000e+04
6.954215657456758848e+00 1.317864054953435193e+01 8.654600000000000000e+04
7.037715246920486223e+00 1.287415327796310116e+01 8.813400000000000000e+04
7.121547139301203089e+00 1.258186354300945986e+01 9.153800000000000000e+04
7.205739104639491188e+00 1.228606073782988517e+01 9.313800000000000000e+04
7.289302562894590665e+00 1.189847371874934012e+01 9.447800000000000000e+04
7.372793903598283016e+00 1.173183481711454412e+01 9.727400000000000000e+04
7.456586938722763236e+00 1.159406660648008902e+01 9.969000000000000000e+04
7.540727849410562733e+00 1.119371771127790360e+01 1.025900000000000000e+05
7.624726899722253037e+00 1.097737424111014803e+01 1.037700000000000000e+05
7.708301949249494633e+00 1.068959692889248281e+01 1.063460000000000000e+05
7.792073202214887750e+00 1.064751464816759707e+01 1.085460000000000000e+05
7.875590350490393909e+00 1.026901089175080806e+01 1.107260000000000000e+05
7.958880241426510516e+00 1.011643311194601402e+01 1.123220000000000000e+05
8.042278013378316714e+00 1.003324704461126871e+01 1.158900000000000000e+05
8.126250782754576463e+00 9.786785569944258967e+00 1.187660000000000000e+05
8.210824485795901850e+00 9.542175669266873328e+00 1.222980000000000000e+05
8.294696866383139522e+00 9.449324268981898811e+00 1.220900000000000000e+05
8.378213958279353335e+00 9.306505842142913210e+00 1.258100000000000000e+05
8.461948784979133720e+00 9.166055269521802273e+00 1.281900000000000000e+05
8.545861912066349930e+00 8.978350153442141490e+00 1.309940000000000000e+05
8.629829070974631477e+00 8.784348312170024542e+00 1.337220000000000000e+05
8.713023213538299672e+00 8.705152144361621325e+00 1.338860000000000000e+05
8.796849328478236529e+00 8.527157245727133628e+00 1.405380000000000000e+05
8.881002057237468605e+00 8.364179836977395865e+00 1.405940000000000000e+05
8.964535854632408984e+00 8.239629615443542221e+00 1.435940000000000000e+05
9.048105800131455823e+00 8.082887362449593383e+00 1.463100000000000000e+05
9.132180630417705558e+00 7.988659143710587607e+00 1.506500000000000000e+05
9.216334569657748332e+00 7.891352179522624688e+00 1.519140000000000000e+05
9.299613886090023485e+00 7.728110861940834297e+00 1.533980000000000000e+05
9.383076715811887070e+00 7.618575247361686564e+00 1.578660000000000000e+05
9.466957210946844725e+00 7.494889765837991824e+00 1.606580000000000000e+05
9.551001030929990421e+00 7.362701246785535503e+00 1.641020000000000000e+05
9.634679217300240239e+00 7.252804647441725372e+00 1.649940000000000000e+05
9.718288873285626295e+00 7.143977038563438242e+00 1.698500000000000000e+05
9.802505913321919451e+00 7.000735608661972087e+00 1.729860000000000000e+05
9.886246806166026246e+00 6.935684238674134861e+00 1.738940000000000000e+05
9.969472594688919997e+00 6.796457986853567945e+00 1.767780000000000000e+05
1.005318025662911374e+01 6.698158573613052447e+00 1.818020000000000000e+05
1.013721966898855698e+01 6.594661253592149386e+00 1.844300000000000000e+05
1.022118986876454727e+01 6.501707015520022281e+00 1.872420000000000000e+05
1.030498420635128198e+01 6.427745729303548039e+00 1.902500000000000000e+05
1.038865879785050694e+01 6.375984706859843421e+00 1.925700000000000000e+05
1.047268787066241202e+01 6.267372915552775758e+00 1.982540000000000000e+05
1.055654631656024378e+01 6.165728465119096668e+00 1.980740000000000000e+05
1.063992050874177231e+01 6.024047884187082147e+00 2.020500000000000000e+05
1.072342909671023747e+01 5.969125604616986713e+00 2.055020000000000000e+05
1.080749259245351190e+01 5.856589340472596383e+00 2.106660000000000000e+05
1.089152248600719375e+01 5.803124382137780479e+00 2.124260000000000000e+05
1.097500893551614531e+01 5.685847497639282544e+00 2.139180000000000000e+05
1.105881432508122764e+01 5.656765568295971214e+00 2.209940000000000000e+05
1.114281827806075675e+01 5.588573031121062407e+00 2.215220000000000000e+05
1.122659733627983947e+01 5.496767765140468498e+00 2.263140000000000000e+05
1.131012448294715078e+01 5.419144368087146724e+00 2.272940000000000000e+05
1.139373491340957045e+01 5.341683407594372213e+00 2.329620000000000000e+05
1.147791396342367420e+01 5.260939037415166553e+00 2.378180000000000000e+05
1.156185786192584786e+01 5.202356458527336081e+00 2.383980000000000000e+05
1.164526418449005440e+01 5.104903631875005843e+00 2.414180000000000000e+05
1.172886167625361331e+01 5.051975038287320530e+00 2.468180000000000000e+05
1.181275352276138690e+01 4.975669851864300774e+00 2.499060000000000000e+05
1.189671323999418817e+01 4.922132040580756929e+00 2.547020000000000000e+05
1.198029050867584644e+01 4.828844657217649328e+00 2.544180000000000000e+05
1.206365995307397831e+01 4.769709702942916074e+00 2.603540000000000000e+05
1.214748111162727895e+01 4.677454674798282142e+00 2.649740000000000000e+05
1.223153609351346027e+01 4.649411845699273016e+00 2.687220000000000000e+05
1.231542005092308401e+01 4.579279317430273721e+00 2.715620000000000000e+05
1.239926414254153109e+01 4.532625478072180414e+00 2.755860000000000000e+05
1.248326018835918916e+01 4.479966272886255929e+00 2.801900000000000000e+05
1.256718689365069075e+01 4.403580810652184319e+00 2.828340000000000000e+05
1.265082201539840945e+01 4.336685573517550907e+00 2.851700000000000000e+05
1.273428590217279144e+01 4.271277760912910892e+00 2.898860000000000000e+05
1.281807025163205793e+01 4.245320469718888212e+00 2.944740000000000000e+05
1.290206487994812434e+01 4.188856853802028546e+00 2.994980000000000000e+05
1.298575998115805419e+01 4.124527433840737167e+00 2.999580000000000000e+05
1.306931917580193137e+01 4.081586880186230282e+00 3.058580000000000000e+05
1.315318222821372096e+01 4.019631170485916449e+00 3.107940000000000000e+05
1.323705865044962771e+01 3.962847193387035727e+00 3.130820000000000000e+05
1.332048162954101578e+01 3.929121472823576156e+00 3.160460000000000000e+05
1.340413573615346365e+01 3.868791470370990915e+00 3.222180000000000000e+05
1.348834417846224731e+01 3.823823966252944739e+00 3.285620000000000000e+05
1.357223695452436729e+01 3.789805710539955630e+00 3.279900000000000000e+05
1.365596925306868847e+01 3.749355393370357170e+00 3.352820000000000000e+05
1.373963440686360471e+01 3.699598922522844280e+00 3.359700000000000000e+05
1.382343709261304809e+01 3.650213185842251296e+00 3.440660000000000000e+05
1.390711154340320732e+01 3.601213422049470481e+00 3.437180000000000000e+05
1.399068919637316455e+01 3.582021092580896848e+00 3.514980000000000000e+05
1.407457421522249952e+01 3.525388409910341636e+00 3.544580000000000000e+05
1.415828615108818589e+01 3.493221959137230215e+00 3.585660000000000000e+05
1.424237341329648920e+01 3.455948085610807130e+00 3.661220000000000000e+05
1.432626916020835672e+01 3.417404868647658578e+00 3.658100000000000000e+05
1.440982743915939146e+01 3.367502462179311262e+00 3.716220000000000000e+05
1.449360657137520469e+01 3.342072909629613786e+00 3.759860000000000000e+05
1.457752624362193217e+01 3.309590300128215201e+00 3.821700000000000000e+05
1.466117168697845941e+01 3.262036493826901751e+00 3.818180000000000000e+05
1.474463292325917685e+01 3.227583206271465777e+00 3.895740000000000000e+05
1.482845717927088813e+01 3.202012710249988459e+00 3.936980000000000000e+05
1.491237844591757877e+01 3.156755215817432791e+00 3.994580000000000000e+05
1.499620869344033025e+01 3.118651515829566900e+00 4.022220000000000000e+05
1.507994841028436639e+01 3.095809209135903295e+00 4.069220000000000000e+05
1.516379287905045814e+01 3.035984105299363911e+00 4.128420000000000000e+05
1.524761726947007823e+01 3.004848367385264396e+00 4.153460000000000000e+05
1.533130236314283046e+01 2.974981421333295462e+00 4.211820000000000000e+05
1.541507271489498443e+01 2.964628851013368926e+00 4.250180000000000000e+05
1.549892486087325949e+01 2.937110913443027549e+00 4.311380000000000000e+05
1.558273944082544205e+01 2.908646364260028871e+00 4.343820000000000000e+05
1.566651676212105748e+01 2.874109812201659064e+00 4.395140000000000000e+05
1.575031987626283225e+01 2.845775771353021177e+00 4.447380000000000000e+05
1.583416895458823603e+01 2.821747399255975175e+00 4.489100000000000000e+05
1.591764298541166056e+01 2.787943446555619431e+00 4.506180000000000000e+05
1.600124934657456777e+01 2.769683486597875444e+00 4.595540000000000000e+05
1.608512892540650085e+01 2.741291410605779522e+00 4.631060000000000000e+05
1.616876936376802121e+01 2.711336743781765257e+00 4.670940000000000000e+05
1.625266730092459966e+01 2.693168371450589405e+00 4.749380000000000000e+05
1.633654362034594953e+01 2.659077644775831750e+00 4.771860000000000000e+05
1.642042973451647470e+01 2.622726030082324300e+00 4.846700000000000000e+05
1.650430805090920217e+01 2.602843114104433475e+00 4.870100000000000000e+05
1.658806155565851981e+01 2.592839449113546468e+00 4.933140000000000000e+05
1.667181202155569864e+01 2.552931614959642825e+00 4.963220000000000000e+05
1.675536979785300673e+01 2.533512174557805086e+00 5.017020000000000000e+05
1.683913437464611107e+01 2.508706165619924544e+00 5.085620000000000000e+05
1.692311287467790493e+01 2.486342276593510814e+00 5.142420000000000000e+05
1.700686134416512019e+01 2.457323387412381432e+00 5.161580000000000000e+05
1.709049145912358725e+01 2.432469642289926348e+00 5.226020000000000000e+05
1.717439271307012660e+01 2.410433603186986851e+00 5.306580000000000000e+05
1.725814844798823344e+01 2.394227249916044631e+00 5.300420000000000000e+05
1.734170549116967663e+01 2.369946444278667741e+00 5.388780000000000000e+05
1.742552841692270604e+01 2.351359050226967895e+00 5.441300000000000000e+05
1.750952475613275183e+01 2.331189235827590522e+00 5.511060000000000000e+05
1.759341552867108760e+01 2.309953662754385739e+00 5.539820000000000000e+05
1.767712427740806902e+01 2.293689609524184991e+00 5.582420000000000000e+05
1.776076336549380486e+01 2.261159409507816687e+00 5.645460000000000000e+05
1.784454049115150198e+01 2.244261771377087378e+00 5.704940000000000000e+05
1.792845098480595212e+01 2.221902405151518156e+00 5.767620000000000000e+05
1.801209967098870024e+01 2.203223954316072764e+00 5.782340000000000000e+05
1.809567304656415843e+01 2.181271834117056496e+00 5.856660000000000000e+05
1.817956177579962329e+01 2.165919191987161430e+00 5.944460000000000000e+05
1.826340897759345694e+01 2.152545569088617938e+00 5.952500000000000000e+05
1.834709561527148480e+01 2.133780837650521622e+00 6.034020000000000000e+05
1.843085104599287050e+01 2.112815122937459655e+00 6.073820000000000000e+05
1.851480060957681317e+01 2.094477804249526010e+00 6.170100000000000000e+05
1.859860657464781752e+01 2.078382740629529657e+00 6.167780000000000000e+05
1.868221643305014013e+01 2.053210024553978830e+00 6.247460000000000000e+05
1.876579233005788794e+01 2.045684184045524212e+00 6.280620000000000000e+05
1.884963899569083878e+01 2.024718294990694556e+00 6.394100000000000000e+05
1.893369961008885838e+01 1.999769034798757117e+00 6.429540000000000000e+05
1.901742853382821963e+01 1.984401655484586025e+00 6.459740000000000000e+05
1.910112633018001560e+01 1.964723446418460862e+00 6.534900000000000000e+05
1.918502629066336240e+01 1.950514645567283045e+00 6.607460000000000000e+05
1.926890198512752406e+01 1.935722173909118604e+00 6.646460000000000000e+05
1.935246095562879987e+01 1.924085480076128674e+00 6.672900000000000000e+05
1.943618843304382438e+01 1.904122068998017836e+00 6.790340000000000000e+05
1.952018254288546828e+01 1.889476426715412494e+00 6.827220000000000000e+05
1.960415151947932699e+01 1.876082839774433797e+00 6.912380000000000000e+05
1.968780210242165651e+01 1.866685327663875515e+00 6.886020000000000000e+05
1.977130140774902145e+01 1.845191780841464402e+00 7.008260000000000000e+05
1.985512328577584995e+01 1.832158313753610157e+00 7.056620000000000000e+05
1.993880103532062975e+01 1.814033273621919573e+00 7.100820000000000000e+05
2.002251720567175752e+01 1.807293593098634243e+00 7.191620000000000000e+05
2.010630953640407981e+01 1.791660089996538474e+00 7.222500000000000000e+05
2.019007441105629752e+01 1.775690865470055169e+00 7.315100000000000000e+05
2.027398189270754258e+01 1.771506276122220225e+00 7.364420000000000000e+05
2.035771672240259988e+01 1.754522383647951544e+00 7.408980000000000000e+05
2.044152561001209278e+01 1.741396979036416326e+00 7.501580000000000000e+05
2.052547735138173479e+01 1.725844057090927475e+00 7.548660000000000000e+05
2.060926463402020303e+01 1.711842950950677178e+00 7.608260000000000000e+05
2.069293267341507203e+01 1.698378115371829145e+00 7.640340000000000000e+05
2.077660950204460377e+01 1.683139313248372293e+00 7.738460000000000000e+05
2.086046445382838144e+01 1.675437564286392123e+00 7.797140000000000000e+05
2.094422635366088770e+01 1.661339877906042650e+00 7.843140000000000000e+05
2.102790779658915099e+01 1.649720190511814177e+00 7.913420000000000000e+05
2.111175109708185005e+01 1.638620790585621823e+00 7.994580000000000000e+05
2.119561698133140482e+01 1.629937034294786535e+00 8.049620000000000000e+05
2.127937098747377220e+01 1.611654005311592863e+00 8.095500000000000000e+05
2.136289743529758312e+01 1.596926178118599937e+00 8.134580000000000000e+05
2.144667251561538279e+01 1.585091195090173821e+00 8.274020000000000000e+05
2.153058487447404801e+01 1.572818234699222106e+00 8.286180000000000000e+05
2.161430781897418285e+01 1.563617492992145142e+00 8.369180000000000000e+05
2.169809860621591113e+01 1.550078511141641524e+00 8.428740000000000000e+05
2.178186592258134979e+01 1.537042084541136777e+00 8.493380000000000000e+05
2.186575914903780316e+01 1.526087471563853937e+00 8.589420000000000000e+05
2.194962158415442133e+01 1.513362710777743425e+00 8.609780000000000000e+05
2.203325539668853494e+01 1.501028391908294735e+00 8.683460000000000000e+05
2.211696571376059239e+01 1.492221940367066901e+00 8.751540000000000000e+05
2.220087574207360248e+01 1.479286605718257652e+00 8.862140000000000000e+05
2.228474038685342151e+01 1.468663858292030389e+00 8.873460000000000000e+05
2.236841597704980344e+01 1.460265719240300797e+00 8.949860000000000000e+05
2.245213243389392943e+01 1.448890586126760471e+00 9.027740000000000000e+05
2.253605781739295466e+01 1.445323446411303836e+00 9.121140000000000000e+05
2.261989949900187824e+01 1.433538500545339822e+00 9.150260000000000000e+05
2.270351073009412346e+01 1.421498393726185805e+00 9.201420000000000000e+05
2.278715722706498781e+01 1.409636552149905020e+00 9.297620000000000000e+05
2.287097668523026428e+01 1.400699638902930255e+00 9.376980000000000000e+05
2.295488199422259967e+01 1.389480763409197239e+00 9.447620000000000000e+05
2.303860516955441540e+01 1.378880553100751527e+00 9.482540000000000000e+05
2.312228464582942422e+01 1.370734488431253340e+00 9.568020000000000000e+05
2.320617384356005175e+01 1.360895455832535905e+00 9.676580000000000000e+05
2.329003403044199771e+01 1.349860060100938286e+00 9.697020000000000000e+05
2.337357926991530377e+01 1.341429821679721579e+00 9.740900000000000000e+05
2.345731339274843563e+01 1.332325854188543879e+00 9.884820000000000000e+05
2.354122299663546514e+01 1.325409226265481299e+00 9.919940000000000000e+05
2.362504372012406506e+01 1.317128607534239659e+00 1.001030000000000000e+06
2.370885397094835767e+01 1.310019767268387314e+00 1.005450000000000000e+06
2.379260308853216443e+01 1.299572843279032552e+00 1.013738000000000000e+06
2.387641759766158600e+01 1.292055720312025979e+00 1.021710000000000000e+06
2.396006287668014423e+01 1.281177036339444353e+00 1.023626000000000000e+06
2.404369058312309448e+01 1.271476414174471881e+00 1.035834000000000000e+06
2.412744281115724831e+01 1.263574596506870762e+00 1.040786000000000000e+06
2.421130654323629017e+01 1.256934303450607082e+00 1.053206000000000000e+06
2.429521431171586343e+01 1.246552277100705597e+00 1.057002000000000000e+06
2.437900304005930963e+01 1.237625223470671054e+00 1.063898000000000000e+06
2.446281560559316759e+01 1.231749087885516403e+00 1.072782000000000000e+06
2.454665138918273826e+01 1.227393944899362932e+00 1.078826000000000000e+06
2.463047593346652420e+01 1.216640186520724809e+00 1.087922000000000000e+06
2.471419358613830752e+01 1.206916658872034143e+00 1.090494000000000000e+06
2.479788224447528933e+01 1.202335721588360551e+00 1.101362000000000000e+06
2.488170408610204021e+01 1.193301710575399799e+00 1.109802000000000000e+06
2.496549243986660471e+01 1.189333085990844419e+00 1.114514000000000000e+06
2.504920536425761668e+01 1.181399620615592116e+00 1.123926000000000000e+06
2.513283571770503499e+01 1.171097931057757391e+00 1.125986000000000000e+06
2.521660993392169203e+01 1.167363653137499346e+00 1.143554000000000000e+06
2.530049640187540660e+01 1.159659979383424577e+00 1.144710000000000000e+06
2.538425628289359182e+01 1.151404050890020736e+00 1.154018000000000000e+06
2.546797452488973690e+01 1.145381594397058000e+00 1.159962000000000000e+06
2.555179869471822229e+01 1.137593767132997424e+00 1.170986000000000000e+06
2.563566666461671772e+01 1.128974902855513163e+00 1.178142000000000000e+06
2.571944170984828659e+01 1.122866804377199434e+00 1.182674000000000000e+06
2.580313169207982682e+01 1.115536644774735908e+00 1.191002000000000000e+06
2.588687624829988820e+01 1.110882132188417915e+00 1.200438000000000000e+06
2.597069400893500202e+01 1.106271861720530936e+00 1.208162000000000000e+06
2.605447755360336259e+01 1.095983219201190240e+00 1.215258000000000000e+06
2.613827698295097690e+01 1.091742203059469007e+00 1.224134000000000000e+06
2.622200478464780105e+01 1.083941282080080004e+00 1.228722000000000000e+06
2.630582763864114426e+01 1.080150970837080449e+00 1.243154000000000000e+06
2.638970867910203921e+01 1.071139859679437034e+00 1.245434000000000000e+06
2.647343389639032196e+01 1.062926440336595002e+00 1.255158000000000000e+06
2.655698334590179499e+01 1.060647713063769704e+00 1.255610000000000000e+06
2.664075459217511366e+01 1.054193260287954681e+00 1.277562000000000000e+06
2.672459382145218143e+01 1.047115282004121184e+00 1.274414000000000000e+06
2.680821980594094356e+01 1.041547530548354139e+00 1.285994000000000000e+06
2.689209959394619531e+01 1.036865463191670944e+00 1.299570000000000000e+06
2.697602191334329902e+01 1.028201946514996301e+00 1.302122000000000000e+06
2.705977872814356644e+01 1.023993492282093687e+00 1.311366000000000000e+06
2.714355261554103649e+01 1.016110882013605332e+00 1.319186000000000000e+06
2.722733740409666225e+01 1.010009537197329665e+00 1.327434000000000000e+06
2.731116904834040326e+01 1.002896053523009812e+00 1.337294000000000000e+06
2.739498441427308961e+01 1.000867635339941719e+00 1.342730000000000000e+06
2.747866258082228796e+01 9.959768838342329955e-01 1.350570000000000000e+06
2.756247723469893529e+01 9.899394718880955013e-01 1.362590000000000000e+06
2.764637317716708864e+01 9.838451614881528196e-01 1.369698000000000000e+06
2.773011686037893142e+01 9.781930906223953448e-01 1.374914000000000000e+06
2.781378851120859963e+01 9.745364347304437125e-01 1.383570000000000000e+06
2.789756242253353236e+01 9.667696617537663295e-01 1.395374000000000000e+06
2.798127274786056873e+01 9.640359944280361137e-01 1.396994000000000000e+06
2.806492746953691508e+01 9.583442257692008637e-01 1.411530000000000000e+06
2.814870507983202330e+01 9.534713002636899803e-01 1.417574000000000000e+06
2.823250085536484733e+01 9.485373213403376358e-01 1.428834000000000000e+06
2.831642245547427450e+01 9.407440525413859334e-01 1.439018000000000000e+06
2.840020580335993117e+01 9.358750931839984188e-01 1.440698000000000000e+06
2.848389737328623639e+01 9.303670342960214112e-01 1.453638000000000000e+06
2.856776129641226092e+01 9.239008327035326262e-01 1.463426000000000000e+06
2.865164498472143961e+01 9.200162299038102676e-01 1.471050000000000000e+06
2.873539597999311468e+01 9.141330678202781446e-01 1.476638000000000000e+06
2.881905019890862363e+01 9.086533473989972798e-01 1.484466000000000000e+06
2.890289675093428912e+01 9.034479473791496851e-01 1.501154000000000000e+06
2.898675594616652873e+01 8.983225578109164111e-01 1.501706000000000000e+06
2.907041472198053711e+01 8.969568846088196157e-01 1.511502000000000000e+06
2.915408733972060062e+01 8.896476627940171911e-01 1.520234000000000000e+06
2.923796129814355282e+01 8.843838150891525363e-01 1.535010000000000000e+06
2.932194077207240568e+01 8.793951241384047046e-01 1.543358000000000000e+06
2.940549917698988835e+01 8.740927909027096376e-01 1.535754000000000000e+06
2.948914761948871543e+01 8.688618432236154820e-01 1.564802000000000000e+06
2.957304642502456460e+01 8.638837475480442007e-01 1.563038000000000000e+06
2.965685586864443124e+01 8.582195966108009388e-01 1.578426000000000000e+06
2.974065423044915946e+01 8.535056832768250779e-01 1.581482000000000000e+06
2.982438217008557402e+01 8.480209609043806163e-01 1.592250000000000000e+06
2.990814468646065549e+01 8.432571322469308850e-01 1.602230000000000000e+06
2.999179263215820157e+01 8.396825930952657169e-01 1.604754000000000000e+06
3.007552257970940346e+01 8.352439668904276804e-01 1.623458000000000000e+06
3.015929957087215385e+01 8.318909970398360443e-01 1.624910000000000000e+06
3.024317734005441238e+01 8.262217786887537940e-01 1.645122000000000000e+06
3.032708985436260107e+01 8.221647377410904456e-01 1.645130000000000000e+06
3.041082997219342587e+01 8.166135775312767242e-01 1.655706000000000000e+06
3.049455723219219649e+01 8.135834823162220175e-01 1.663502000000000000e+06
3.057833323294630645e+01 8.096057388956463541e-01 1.675514000000000000e+06
3.066218995697298411e+01 8.056897800863703774e-01 1.685298000000000000e+06
3.074593408191947930e+01 8.017387305379013451e-01 1.689566000000000000e+06
3.082954809468623125e+01 7.983914215036663764e-01 1.697850000000000000e+06
3.091340339641750390e+01 7.952258769913637115e-01 1.718546000000000000e+06
3.099734465130006811e+01 7.893979725808832892e-01 1.719822000000000000e+06
3.108104222338488043e+01 7.856917494987217809e-01 1.726586000000000000e+06
3.116474027426929894e+01 7.817503418265786541e-01 1.739186000000000000e+06
3.124860498828843447e+01 7.784647692485119341e-01 1.751538000000000000e+06
3.133245649887071949e+01 7.740839060283425388e-01 1.758062000000000000e+06
3.141614178307822414e+01 7.716443752446100479e-01 1.763010000000000000e+06
3.149986855610640646e+01 7.652164544635737808e-01 1.778642000000000000e+06
3.158374588400788952e+01 7.621174203922436163e-01 1.788582000000000000e+06
3.166757693376691307e+01 7.580948084018573896e-01 1.794746000000000000e+06
3.175127246931511493e+01 7.547924903925603557e-01 1.803290000000000000e+06
3.183493779085208786e+01 7.503796813796135279e-01 1.811058000000000000e+06
3.191872426101914328e+01 7.458122944193642523e-01 1.828358000000000000e+06
3.200254090967914777e+01 7.431150285962032642e-01 1.831362000000000000e+06
3.208624557094677954e+01 7.387884825597110794e-01 1.842458000000000000e+06
3.216985025736639159e+01 7.351996320515777894e-01 1.846998000000000000e+06
3.225366158768746061e+01 7.319290822107920036e-01 1.869122000000000000e+06
3.233765392466781208e+01 7.294643418644535249e-01 1.876346000000000000e+06
3.242147145466748981e+01 7.266823702611217017e-01 1.879506000000000000e+06
3.250521341167948464e+01 7.214889300627572721e-01 1.893326000000000000e+06
3.258903110732968855e+01 7.199936403225111192e-01 1.901826000000000000e+06
3.267283869534620777e+01 7.150583405946351334e-01 1.911962000000000000e+06
3.275656526575507854e+01 7.130966294254162952e-01 1.919198000000000000e+06
3.284028881372969266e+01 7.098541918578085141e-01 1.930242000000000000e+06
3.292407887898949781e+01 7.064414922041430955e-01 1.942442000000000000e+06
3.300791290112206156e+01 7.029261543837429516e-01 1.951734000000000000e+06
3.309159594029746643e+01 6.993952522294648588e-01 1.955402000000000000e+06
3.317527487811420173e+01 6.969964368631007545e-01 1.971858000000000000e+06
3.325918478063969275e+01 6.920855001113408456e-01 1.984898000000000000e+06
3.334295800125237008e+01 6.881248042963680200e-01 1.986422000000000000e+06
3.342654711354870045e+01 6.860989251287230584e-01 1.996146000000000000e+06
3.351037327631482299e+01 6.813399370186792314e-01 2.017106000000000000e+06
3.359427383821539337e+01 6.809608524634298554e-01 2.020638000000000000e+06
3.367803183712429416e+01 6.781281999225365897e-01 2.029346000000000000e+06
3.376176459220195625e+01 6.741817866910468915e-01 2.041002000000000000e+06
3.384556001022187388e+01 6.708921738282678238e-01 2.051450000000000000e+06
3.392943845922752644e+01 6.683915520991960957e-01 2.065886000000000000e+06
3.401316055039511355e+01 6.656349022981323804e-01 2.064546000000000000e+06
3.409683542659267630e+01 6.627202722492978593e-01 2.082650000000000000e+06
3.418067800810939616e+01 6.587211158744203932e-01 2.095182000000000000e+06
3.426452736710173497e+01 6.561049441643593827e-01 2.101346000000000000e+06
3.434832998306823271e+01 6.540781398158590498e-01 2.115554000000000000e+06
3.443203105705293865e+01 6.514513360880370696e-01 2.115654000000000000e+06
3.451583812868020118e+01 6.472522916154850314e-01 2.141066000000000000e+06
3.459967632687634875e+01 6.438725648265761770e-01 2.139786000000000000e+06
3.468336662819802285e+01 6.414472828293998896e-01 2.152202000000000000e+06
3.476703645977761425e+01 6.386391494831765714e-01 2.161086000000000000e+06
3.485079127028417645e+01 6.357504027925725554e-01 2.176058000000000000e+06
3.493469079655712051e+01 6.325595051711279115e-01 2.190818000000000000e+06
3.501848338903062796e+01 6.294171278383393631e-01 2.191158000000000000e+06
3.510217183339957359e+01 6.264661744313961833e-01 2.205314000000000000e+06
3.518590037953279648e+01 6.251900201935949308e-01 2.215554000000000000e+06
3.526971993052846699e+01 6.224281705686728339e-01 2.230562000000000000e+06
3.535358270636252342e+01 6.189337202750117006e-01 2.239614000000000000e+06
3.543734285600354639e+01 6.165707465714568292e-01 2.245706000000000000e+06
3.552108409358061891e+01 6.142327941995172624e-01 2.259674000000000000e+06
3.560491818170212497e+01 6.123756386332303014e-01 2.273214000000000000e+06
3.568872958243610327e+01 6.094491754878220702e-01 2.278802000000000000e+06
3.577252677462045227e+01 6.071284252979685103e-01 2.294034000000000000e+06
3.585622758416000266e+01 6.035810491071234019e-01 2.294942000000000000e+06
3.593995265006216755e+01 6.010154614704041887e-01 2.317050000000000000e+06
3.602378331164942438e+01 5.971021705307549832e-01 2.322842000000000000e+06
3.610749751390627438e+01 5.950598182606046116e-01 2.330810000000000000e+06
3.619121780725145499e+01 5.929354340529540135e-01 2.345958000000000000e+06
3.627496104714246883e+01 5.901819075232432876e-01 2.353586000000000000e+06
3.635885802177431714e+01 5.870731122249296385e-01 2.376210000000000000e+06
3.644273375320676678e+01 5.838314728730487069e-01 2.374502000000000000e+06
3.652641723315417011e+01 5.808448355770705618e-01 2.386346000000000000e+06
3.661016003667585750e+01 5.791874261341914965e-01 2.401314000000000000e+06
3.669398675014319622e+01 5.762800389806962409e-01 2.411450000000000000e+06
3.677774362791269880e+01 5.744566281574310374e-01 2.420718000000000000e+06
3.686138542781196037e+01 5.719893175482756442e-01 2.425754000000000000e+06
3.694523701027373619e+01 5.699548879162664727e-01 2.455218000000000000e+06
3.702912063015348565e+01 5.676664829277885405e-01 2.450942000000000000e+06
3.711286066480837320e+01 5.657729325167298873e-01 2.467130000000000000e+06
3.719659282330948713e+01 5.625000000000000000e-01 2.474874000000000000e+06
3.728037731851799208e+01 5.610641143737336023e-01 2.490362000000000000e+06
3.736414979091281197e+01 5.588607953430989594e-01 2.498142000000000000e+06
3.744783790554325975e+01 5.564690039049255965e-01 2.507090000000000000e+06
3.753161089290124863e+01 5.545152425479952241e-01 2.525562000000000000e+06
3.761546125363399540e+01 5.511965099975303373e-01 2.534726000000000000e+06
3.769935318534805191e+01 5.495464832821288503e-01 2.549906000000000000e+06
3.778311927771562750e+01 5.476218055611087321e-01 2.551074000000000000e+06
3.786687072097435447e+01 5.437168038146779070e-01 2.570702000000000000e+06
3.795064452686742129e+01 5.417982869074612351e-01 2.574642000000000000e+06
3.803440602811515703e+01 5.397608908177354836e-01 2.594066000000000000e+06
3.811814083290802557e+01 5.370452157813967453e-01 2.594802000000000000e+06
3.820178788957619531e+01 5.356448815672101293e-01 2.612030000000000000e+06
3.828560806097936364e+01 5.328183065609215507e-01 2.627954000000000000e+06
3.836951237816947469e+01 5.313999061506543553e-01 2.640402000000000000e+06
3.845325054821010724e+01 5.283530869740681313e-01 2.641454000000000000e+06
3.853698686701612530e+01 5.278302478666964115e-01 2.661834000000000000e+06
3.862077152240886591e+01 5.254194425316337513e-01 2.669138000000000000e+06
3.870457668857440581e+01 5.243764754039133003e-01 2.684858000000000000e+06
3.878838810440694118e+01 5.219738688374889746e-01 2.693910000000000000e+06
3.887209610060705955e+01 5.192177965430424535e-01 2.701682000000000000e+06
3.895591541384992951e+01 5.187103013261110673e-01 2.722698000000000000e+06
3.903970878692612700e+01 5.153550374239247445e-01 2.725262000000000000e+06
3.912346323929788383e+01 5.134903097595215904e-01 2.742450000000000000e+06
3.920722013046969323e+01 5.107737694783351934e-01 2.749850000000000000e+06
3.929096158370429492e+01 5.090174145103553149e-01 2.763902000000000000e+06
3.937477573634135553e+01 5.074179916631216258e-01 2.778498000000000000e+06
3.945853339307303997e+01 5.049952774795027910e-01 2.784530000000000000e+06
3.954233951365999644e+01 5.036903918753428133e-01 2.804106000000000000e+06
3.962614155532578053e+01 5.016593321920854720e-01 2.809790000000000000e+06
3.970993115735726064e+01 4.998582329991101414e-01 2.825058000000000000e+06
3.979370973670097555e+01 4.970086404899923260e-01 2.834330000000000000e+06
3.987739375837353606e+01 4.949503381747220598e-01 2.842022000000000000e+06
3.996117659102883124e+01 4.936089625845709872e-01 2.864754000000000000e+06
4.004492507367432097e+01 4.905308611242426009e-01 2.864186000000000000e+06
4.012855801902023956e+01 4.900579537411904330e-01 2.879538000000000000e+06
4.021232599228400773e+01 4.877132039342579883e-01 2.899454000000000000e+06
4.029612162727031688e+01 4.853903733759190597e-01 2.904258000000000000e+06
4.038001131135030874e+01 4.834816093185732022e-01 2.930234000000000000e+06
4.046390848166176823e+01 4.814461452125702312e-01 2.929526000000000000e+06
4.054763895091686976e+01 4.794708782704977246e-01 2.942442000000000000e+06
4.063145602871991713e+01 4.778835014742586762e-01 2.960810000000000000e+06
4.071526025477401589e+01 4.765175108956159478e-01 2.964954000000000000e+06
4.079900469843234134e+01 4.739965312605882164e-01 2.980910000000000000e+06
4.088275455494471800e+01 4.724022961720212854e-01 2.990978000000000000e+06
4.096655099355582053e+01 4.705087999638252749e-01 3.007626000000000000e+06
4.105038506696493528e+01 4.691021874915125567e-01 3.019166000000000000e+06
4.113408514747818856e+01 4.668897649523847670e-01 3.021090000000000000e+06
4.121781401966371305e+01 4.649908344745810052e-01 3.047834000000000000e+06
4.130168676574312769e+01 4.639159294931584632e-01 3.055590000000000000e+06
4.138552050109588976e+01 4.628089736963369449e-01 3.068546000000000000e+06
4.146914577407831359e+01 4.606742827670433083e-01 3.067274000000000000e+06
4.155286479481431883e+01 4.589123654237590166e-01 3.098058000000000000e+06
4.163678258255396258e+01 4.581207260098533185e-01 3.109214000000000000e+06
4.172055832134024200e+01 4.556801939002066426e-01 3.110466000000000000e+06
4.180418526461116357e+01 4.539037469953942638e-01 3.124370000000000000e+06
4.188792935761906477e+01 4.518776632590944531e-01 3.144174000000000000e+06
4.197185138929292947e+01 4.500010358227025664e-01 3.161738000000000000e+06
4.205562112114309059e+01 4.491795600479763784e-01 3.159890000000000000e+06
4.213924805322351830e+01 4.461004846040090288e-01 3.174138000000000000e+06
4.222299894826061717e+01 4.450511760910609294e-01 3.195926000000000000e+06
4.230691258081674988e+01 4.432156396023398948e-01 3.211386000000000000e+06
4.239080415901788967e+01 4.411575338721230866e-01 3.219314000000000000e+06
4.247453169083237157e+01 4.397780619030758897e-01 3.225494000000000000e+06
4.255825507974662258e+01 4.379176095938951963e-01 3.242562000000000000e+06
4.264203752623418353e+01 4.365559333220770943e-01 3.257450000000000000e+06
4.272584879897986099e+01 4.351356007950768490e-01 3.269118000000000000e+06
4.280959718026213068e+01 4.331690902215051819e-01 3.278930000000000000e+06
4.289324313363174213e+01 4.317370650966789736e-01 3.286650000000000000e+06
4.297705823947939763e+01 4.303600287643105649e-01 3.316610000000000000e+06
4.306095854823670521e+01 4.286844784741544179e-01 3.321542000000000000e+06
4.314470014373539897e+01 4.275365861938641432e-01 3.328578000000000000e+06
4.322841831305547800e+01 4.253130498757277111e-01 3.345074000000000000e+06
4.331221276153173960e+01 4.234120542489691053e-01 3.361686000000000000e+06
4.339600557191744912e+01 4.220014662930651195e-01 3.369722000000000000e+06
4.347974360653208947e+01 4.209884529833485267e-01 3.385290000000000000e+06
4.356345927572596111e+01 4.188044212221019302e-01 3.391370000000000000e+06
4.364729718140662129e+01 4.172443576710958002e-01 3.422966000000000000e+06
4.373115310142490841e+01 4.157131387339459416e-01 3.419538000000000000e+06
4.381493904908852244e+01 4.151006060623669280e-01 3.441890000000000000e+06
4.389872518355250719e+01 4.132238188968384573e-01 3.447582000000000000e+06
4.398251250846917060e+01 4.115866552731473060e-01 3.466298000000000000e+06
4.406617792640594899e+01 4.104396637926209235e-01 3.466194000000000000e+06
4.414985741111507167e+01 4.092625288439896147e-01 3.492062000000000000e+06
4.423365507571194399e+01 4.076883452836533306e-01 3.503114000000000000e+06
4.431743533444053895e+01 4.059452607312861172e-01 3.517146000000000000e+06
4.440128817701192787e+01 4.048675144370035284e-01 3.535706000000000000e+06
4.448508293520813339e+01 4.028850478368197208e-01 3.539742000000000000e+06
4.456885232151149978e+01 4.015938553931803212e-01 3.558698000000000000e+06
4.465264799184704714e+01 4.003238894917316437e-01 3.570122000000000000e+06
4.473644620586907905e+01 3.985178613367161282e-01 3.585174000000000000e+06
4.482021823753251510e+01 3.977109053354825896e-01 3.594314000000000000e+06
4.490398199496299014e+01 3.962875160079927239e-01 3.612258000000000000e+06
4.498774280066585618e+01 3.948992440367904977e-01 3.620282000000000000e+06
4.507149731418039096e+01 3.936041285732265194e-01 3.639078000000000000e+06
4.515529296565681960e+01 3.927855469873577365e-01 3.650450000000000000e+06
4.523902850959706967e+01 3.911539190554042533e-01 3.661418000000000000e+06
4.532276634990883224e+01 3.896394384633414254e-01 3.677694000000000000e+06
4.540659508440727876e+01 3.877137864456985383e-01 3.695978000000000000e+06
4.549038931088257698e+01 3.867045230514122856e-01 3.702810000000000000e+06
4.557410984910109875e+01 3.859651099709862088e-01 3.716162000000000000e+06
4.565793710884364032e+01 3.843295115042563159e-01 3.740094000000000000e+06
4.574173858314507868e+01 3.832194274508588516e-01 3.740954000000000000e+06
4.582547487248402263e+01 3.814453531106269391e-01 3.760946000000000000e+06
4.590929724167653347e+01 3.811491637195568716e-01 3.778278000000000000e+06
4.599310294070550498e+01 3.788238238463038088e-01 3.784922000000000000e+06
4.607688647938994819e+01 3.775331671951448476e-01 3.805266000000000000e+06
4.616063114034604098e+01 3.759836354678405823e-01 3.807686000000000000e+06
4.624436961981203353e+01 3.751441380803677283e-01 3.833130000000000000e+06
4.632816579644655519e+01 3.738578236590351933e-01 3.841898000000000000e+06
4.641196142457300766e+01 3.728327592990699491e-01 3.858074000000000000e+06
4.649571814796405533e+01 3.714588803129718619e-01 3.868974000000000000e+06
4.657948650465218066e+01 3.705227466578404072e-01 3.885362000000000000e+06
4.666326012374663890e+01 3.693385112446739837e-01 3.898290000000000000e+06
4.674697557759400013e+01 3.677234592691589476e-01 3.907334000000000000e+06
4.683072185148795086e+01 3.665562726377226688e-01 3.928730000000000000e+06
4.691446205725140572e+01 3.657180657439569327e-01 3.936666000000000000e+06
4.699827339304534490e+01 3.644593908232201529e-01 3.961346000000000000e+06
4.708217883775101598e+01 3.630394044027653311e-01 3.975774000000000000e+06
4.716589489477312469e+01 3.620051643457378732e-01 3.970106000000000000e+06
4.724959403662504087e+01 3.600967483269509328e-01 4.003170000000000000e+06
4.733350988050379016e+01 3.593708561986168615e-01 4.019558000000000000e+06
4.741737501115326126e+01 3.584095406397290184e-01 4.025642000000000000e+06
4.750102520144735507e+01 3.573262374165759314e-01 4.028514000000000000e+06
4.758473950277736009e+01 3.558084228252563763e-01 4.059398000000000000e+06
4.766858069315918556e+01 3.549685736498795485e-01 4.069674000000000000e+06
4.775237333775331194e+01 3.536562632692231700e-01 4.083698000000000000e+06
4.783614237112322343e+01 3.528179873559597612e-01 4.095210000000000000e+06
4.791988490245709897e+01 3.516206777345336487e-01 4.110518000000000000e+06
4.800366139183459069e+01 3.505589614354774342e-01 4.126850000000000000e+06
4.808744155042190727e+01 3.491158093714327726e-01 4.140114000000000000e+06
4.817110248164115660e+01 3.476838289411134375e-01 4.144070000000000000e+06
4.825485289941014599e+01 3.464283328088831881e-01 4.175802000000000000e+06
4.833872317014574804e+01 3.454325778520024870e-01 4.187882000000000000e+06
4.842255739313756635e+01 3.442197713877478416e-01 4.199250000000000000e+06
4.850630200152498617e+01 3.433790231500244983e-01 4.209326000000000000e+06
4.858999651144587517e+01 3.423439413281921806e-01 4.222130000000000000e+06
4.867384498554194749e+01 3.408469820119042759e-01 4.254258000000000000e+06
4.875769237889889496e+01 3.399135750966847946e-01 4.252478000000000000e+06
4.884143639731927777e+01 3.387611053275132456e-01 4.270698000000000000e+06
4.892512165045238959e+01 3.380142034285137376e-01 4.278122000000000000e+06
4.900892249802404876e+01 3.365672749099862804e-01 4.309898000000000000e+06
4.909279745527720706e+01 3.354354145674808829e-01 4.317150000000000000e+06
4.917658920170342185e+01 3.344078501549068716e-01 4.329698000000000000e+06
4.926033308118844189e+01 3.330753755160884011e-01 4.340826000000000000e+06
4.934406286064109537e+01 3.325240733646971369e-01 4.359590000000000000e+06
4.942786957825488514e+01 3.307834687046620203e-01 4.376850000000000000e+06
4.951163677893373460e+01 3.302559068670249953e-01 4.386674000000000000e+06
4.959537078523236886e+01 3.294695193901015506e-01 4.401782000000000000e+06
4.967912880843362444e+01 3.285905738808519994e-01 4.419210000000000000e+06
4.976302304379169783e+01 3.273562953813823895e-01 4.446482000000000000e+06
4.984679567254183752e+01 3.260358796218014721e-01 4.435554000000000000e+06
4.993048967360238777e+01 3.249331943591022287e-01 4.468934000000000000e+06
5.001430382430130805e+01 3.237059897490871530e-01 4.477650000000000000e+06
5.009805003277288193e+01 3.229333056199899521e-01 4.491218000000000000e+06
5.018180837416312556e+01 3.217947167386713270e-01 4.510358000000000000e+06
5.026555488397971772e+01 3.207496347315116347e-01 4.518594000000000000e+06
5.034932947116654134e+01 3.196767106600235664e-01 4.544474000000000000e+06
5.043314290484163820e+01 3.189664688677616433e-01 4.552098000000000000e+06
5.051694671432978367e+01 3.180068972828355989e-01 4.574990000000000000e+06
5.060070330614421863e+01 3.169402867685773839e-01 4.577210000000000000e+06
5.068450326170798093e+01 3.162061763565967021e-01 4.608186000000000000e+06
5.076830570006593746e+01 3.149613368015863890e-01 4.610198000000000000e+06
5.085203782795357341e+01 3.137471380877262517e-01 4.628898000000000000e+06
5.093575247787595117e+01 3.128723737764400048e-01 4.641170000000000000e+06
5.101951360832174487e+01 3.119282795227070748e-01 4.662462000000000000e+06
5.110336138272519690e+01 3.112162876310333171e-01 4.681442000000000000e+06
5.118714498866896889e+01 3.101248440116471383e-01 4.687850000000000000e+06
5.127091437680648056e+01 3.091212593054137869e-01 4.708818000000000000e+06
5.135469940961902324e+01 3.080655566601871453e-01 4.721534000000000000e+06
5.143844012238305652e+01 3.073122346955377004e-01 4.732770000000000000e+06
5.152216672994304503e+01 3.066063358316436505e-01 4.753346000000000000e+06
5.160598460354614758e+01 3.055093134426424828e-01 4.772886000000000000e+06
5.168981756623005452e+01 3.048086214744191169e-01 4.785098000000000000e+06
5.177356462271885107e+01 3.035914515053403373e-01 4.795394000000000000e+06
5.185730248904087603e+01 3.029599327875070469e-01 4.813986000000000000e+06
5.194107950576231758e+01 3.019404296272814037e-01 4.832654000000000000e+06
5.202490683524943194e+01 3.006923900504849811e-01 4.849362000000000000e+06
5.210868111161441618e+01 3.002786507357890211e-01 4.858322000000000000e+06
5.219237188700115837e+01 2.992494692366656772e-01 4.871286000000000000e+06
5.227611099451670640e+01 2.981948902514521826e-01 4.894370000000000000e+06
5.235994633095187112e+01 2.968477155036472470e-01 4.914650000000000000e+06
5.244373186833391998e+01 2.964160821748178520e-01 4.919658000000000000e+06
5.252748139865951060e+01 2.953481720028864888e-01 4.941638000000000000e+06
5.261134608608541186e+01 2.946579851525004123e-01 4.965954000000000000e+06
5.269521219925067612e+01 2.936209589341421400e-01 4.971770000000000000e+06
5.277896921030312427e+01 2.924916090051110085e-01 4.985702000000000000e+06
5.286266873731673144e+01 2.920687130552643285e-01 4.996314000000000000e+06
5.294640362710930503e+01 2.907691907087825434e-01 5.021258000000000000e+06
5.303021795299186181e+01 2.900468545014657229e-01 5.038470000000000000e+06
5.311400321458867069e+01 2.892716155267728850e-01 5.048570000000000000e+06
5.319775700266092855e+01 2.886206866272569282e-01 5.067786000000000000e+06
5.328156065547872799e+01 2.876778085210414115e-01 5.084402000000000000e+06
5.336537962353408915e+01 2.869336715881978805e-01 5.104238000000000000e+06
5.344909091783166133e+01 2.860088859226678770e-01 5.101890000000000000e+06
5.353274999593639194e+01 2.855162854993981703e-01 5.129594000000000000e+06
5.361652756373694473e+01 2.848174171105318786e-01 5.149086000000000000e+06
5.370036822863162485e+01 2.839527976715831570e-01 5.168834000000000000e+06
5.378411950541506314e+01 2.825319837998757078e-01 5.172306000000000000e+06
5.386787929501433325e+01 2.821307935154863666e-01 5.199218000000000000e+06
5.395171074936121158e+01 2.812112088552621847e-01 5.215430000000000000e+06
5.403552355469201984e+01 2.802897544226827242e-01 5.229066000000000000e+06
5.411930985166335262e+01 2.794901306694784759e-01 5.244530000000000000e+06
5.420310642373981125e+01 2.788254792537152027e-01 5.262870000000000000e+06
5.428687812998526852e+01 2.780573277279622113e-01 5.272562000000000000e+06
5.437059019332080112e+01 2.769525016360755432e-01 5.290098000000000000e+06
5.445438308715934994e+01 2.762411047580912160e-01 5.314358000000000000e+06
5.453817366229988295e+01 2.751038453256591798e-01 5.322098000000000000e+06
5.462191410682409298e+01 2.744309099038274580e-01 5.341026000000000000e+06
5.470574856213039538e+01 2.737485089040924691e-01 5.366858000000000000e+06
5.478957837144608334e+01 2.727867992130130759e-01 5.374422000000000000e+06
5.487325249086202206e+01 2.721989343087138913e-01 5.377730000000000000e+06
5.495693797161722927e+01 2.714589252802061536e-01 5.409410000000000000e+06
5.504079340903902562e+01 2.706151474766167464e-01 5.434014000000000000e+06
5.512463744441291880e+01 2.699821397118010724e-01 5.438882000000000000e+06
5.520838246356159118e+01 2.691399547448782292e-01 5.456178000000000000e+06
5.529211836524709867e+01 2.683129353208360546e-01 5.469242000000000000e+06
5.537590104604533536e+01 2.674695615531822446e-01 5.496174000000000000e+06
5.545970262891226810e+01 2.666329581348207967e-01 5.505530000000000000e+06
5.554345609431005926e+01 2.656453476978382633e-01 5.521202000000000000e+06
5.562722615507448864e+01 2.649256844090484009e-01 5.544126000000000000e+06
5.571106592766010124e+01 2.640094676252575101e-01 5.560106000000000000e+06
5.579489699651359302e+01 2.634079835777706213e-01 5.579754000000000000e+06
5.587861150379660558e+01 2.627886786328495483e-01 5.576270000000000000e+06
5.596227888762821578e+01 2.618489147226267799e-01 5.607138000000000000e+06
5.604605505562237511e+01 2.608099055897696861e-01 5.625026000000000000e+06
5.612988563474059589e+01 2.603386306475040657e-01 5.646698000000000000e+06
5.621362981395379421e+01 2.595131530080936333e-01 5.649126000000000000e+06
5.629735953290565220e+01 2.590053015678505099e-01 5.676434000000000000e+06
5.638111113221403770e+01 2.580689954562861432e-01 5.687418000000000000e+06
5.646491353105431443e+01 2.573011706086429928e-01 5.715830000000000000e+06
5.654876833880403098e+01 2.565367651037402941e-01 5.729210000000000000e+06
5.663258281598625388e+01 2.556619009671699527e-01 5.744802000000000000e+06
5.671632533067610638e+01 2.550843344945215585e-01 5.752154000000000000e+06
5.680011690917110911e+01 2.540303249940982222e-01 5.786382000000000000e+06
5.688389278969563634e+01 2.535106522207427049e-01 5.784146000000000000e+06
5.696761357142070636e+01 2.525426064658389258e-01 5.812146000000000000e+06
5.705141499197365818e+01 2.517593409861743070e-01 5.830166000000000000e+06
5.713521997423967491e+01 2.510681295277846781e-01 5.845850000000000000e+06
5.721900004074090873e+01 2.503926855169359977e-01 5.862834000000000000e+06
5.730276083164348933e+01 2.496970336956732539e-01 5.876066000000000000e+06
5.738658092066984295e+01 2.490462217657259947e-01 5.905854000000000000e+06
5.747033874630024286e+01 2.483869776293001763e-01 5.902274000000000000e+06
5.755404338958180688e+01 2.480159352366732295e-01 5.931258000000000000e+06
5.763786106901985562e+01 2.472095138746384091e-01 5.954966000000000000e+06
5.772168705776467590e+01 2.464481314243968380e-01 5.965346000000000000e+06
5.780542407686664319e+01 2.456948965324805834e-01 5.977818000000000000e+06
5.788919496618857607e+01 2.449050896311866787e-01 6.004718000000000000e+06
5.797296788463464878e+01 2.444941793560762855e-01 6.011706000000000000e+06
5.805676589856359726e+01 2.433767948499529488e-01 6.045770000000000000e+06
5.814055263107005089e+01 2.430159688201078416e-01 6.041586000000000000e+06
5.822426906686246895e+01 2.422294854117275908e-01 6.073166000000000000e+06
5.830801158641646253e+01 2.417840825456714637e-01 6.078962000000000000e+06
5.839179370373053501e+01 2.408906976120405996e-01 6.114258000000000000e+06
5.847563338611901429e+01 2.401546989540894739e-01 6.123086000000000000e+06
5.855940577164263061e+01 2.394165823389176884e-01 6.136770000000000000e+06
5.864313003931577839e+01 2.386116106229542733e-01 6.154898000000000000e+06
5.872691634067579969e+01 2.379399249993121301e-01 6.178610000000000000e+06
5.881074619570083684e+01 2.374970393589397322e-01 6.197982000000000000e+06
5.889452794754235043e+01 2.368524953257864774e-01 6.205322000000000000e+06
5.897820641443409073e+01 2.360028180451369806e-01 6.218850000000000000e+06
5.906193901280321512e+01 2.355460408138708162e-01 6.249542000000000000e+06
5.914581786000324826e+01 2.346449819624853994e-01 6.274146000000000000e+06
5.922958949112301497e+01 2.343205812471033933e-01 6.270242000000000000e+06
5.931333012199205257e+01 2.335487156518834539e-01 6.305222000000000000e+06
5.939720105247847926e+01 2.331830533186740884e-01 6.325026000000000000e+06
5.948100907207791010e+01 2.324112844409643719e-01 6.331922000000000000e+06
5.956471628696222353e+01 2.319449554502752142e-01 6.343698000000000000e+06
5.964845880386389609e+01 2.312105049004275492e-01 6.375158000000000000e+06
5.973228933048412159e+01 2.306632418559057540e-01 6.392178000000000000e+06
5.981613496168468203e+01 2.302694241197250913e-01 6.412826000000000000e+06
5.989983645289154879e+01 2.295531988216781560e-01 6.407078000000000000e+06
5.998354613160790194e+01 2.289650135531363928e-01 6.447954000000000000e+06
6.006732029307560339e+01 2.279647727564913795e-01 6.456026000000000000e+06
6.015110327404215695e+01 2.275382233416239353e-01 6.482034000000000000e+06
6.023487596160424573e+01 2.269466637136875187e-01 6.492878000000000000e+06
6.031854831072890022e+01 2.265513280839313859e-01 6.502074000000000000e+06
6.040231839065788222e+01 2.258091749415017391e-01 6.542930000000000000e+06
6.048619165671609466e+01 2.248212220727883737e-01 6.556598000000000000e+06
6.057002333107591596e+01 2.243233787344014740e-01 6.570330000000000000e+06
6.065376829395822256e+01 2.240286668767382805e-01 6.581882000000000000e+06
6.073756442394000743e+01 2.235505053575430612e-01 6.612546000000000000e+06
6.082141587353444123e+01 2.226190073894694643e-01 6.628622000000000000e+06
6.090514253860760618e+01 2.220042151004495423e-01 6.629498000000000000e+06
6.098884320245825563e+01 2.218038067349926978e-01 6.659250000000000000e+06
6.107265851032283877e+01 2.208099648729002218e-01 6.686006000000000000e+06
6.115647246835320061e+01 2.202343524277591003e-01 6.693786000000000000e+06
6.124020033801726015e+01 2.196933079879860862e-01 6.711554000000000000e+06
6.132397038132510403e+01 2.191129831325072108e-01 6.735678000000000000e+06
6.140778387575393538e+01 2.186530775214019784e-01 6.754754000000000000e+06
6.149161352937865388e+01 2.179896319229344681e-01 6.776570000000000000e+06
6.157529545988447239e+01 2.174612930767737262e-01 6.767394000000000000e+06
6.165900889953971387e+01 2.169219547079996868e-01 6.818246000000000000e+06
6.174288787705573611e+01 2.160641210781777677e-01 6.830562000000000000e+06
6.182665980957211360e+01 2.155455890510946937e-01 6.839186000000000000e+06
6.191039097988957707e+01 2.150321972197761777e-01 6.861462000000000000e+06
6.199415875786135643e+01 2.144474756823518957e-01 6.880394000000000000e+06
6.207797374072198693e+01 2.137209291551484813e-01 6.907178000000000000e+06
6.216178350871904001e+01 2.134894811851437979e-01 6.917034000000000000e+06
6.224554940092006916e+01 2.126926402009589601e-01 6.937934000000000000e+06
6.232927625716432374e+01 2.122895210335024596e-01 6.947250000000000000e+06
6.241305212971730754e+01 2.116323140897602983e-01 6.982106000000000000e+06
6.249687658401688850e+01 2.110340747011243134e-01 6.995718000000000000e+06
6.258064195304475419e+01 2.104883417001085499e-01 7.006682000000000000e+06
6.266440681033797944e+01 2.100993680095669947e-01 7.035866000000000000e+06
6.274824216199589699e+01 2.095011454315285626e-01 7.054110000000000000e+06
6.283199118762099999e+01 2.089646672127158100e-01 7.059194000000000000e+06
6.291572599321118986e+01 2.081738886675064959e-01 7.091802000000000000e+06
6.299950509521183051e+01 2.077992226362991857e-01 7.100666000000000000e+06
6.308326075680762557e+01 2.071991157331881939e-01 7.129070000000000000e+06
6.316706195378349520e+01 2.067021328571376770e-01 7.143282000000000000e+06
6.325081801455058894e+01 2.061404329439074090e-01 7.161482000000000000e+06
6.333459669546337523e+01 2.053650092822324746e-01 7.184694000000000000e+06
6.341841008120442780e+01 2.048751206635725797e-01 7.203914000000000000e+06
6.350218876580745331e+01 2.046155432614942538e-01 7.219746000000000000e+06
6.358591190700263951e+01 2.038868443194108149e-01 7.228634000000000000e+06
6.366969673610064717e+01 2.033807114696252194e-01 7.271990000000000000e+06
6.375349087092273948e+01 2.027622493630608924e-01 7.266786000000000000e+06
6.383719401333753751e+01 2.023670076025035625e-01 7.293650000000000000e+06
6.392099500043143223e+01 2.016924705690238961e-01 7.324086000000000000e+06
6.400484294296721544e+01 2.012707718722108186e-01 7.338650000000000000e+06
6.408861957019631461e+01 2.005425388488134286e-01 7.351962000000000000e+06
6.417229567069612983e+01 2.002452872632078384e-01 7.357190000000000000e+06
6.425605827522849722e+01 1.995441019643150737e-01 7.406042000000000000e+06
6.433988346718935247e+01 1.990034150731863072e-01 7.408626000000000000e+06
6.442366993893529070e+01 1.982862199604336351e-01 7.435610000000000000e+06
6.450748292497215175e+01 1.979976097270264301e-01 7.453542000000000000e+06
6.459124517573944502e+01 1.973998667202929436e-01 7.464002000000000000e+06
6.467501250428696835e+01 1.970613945654033361e-01 7.493546000000000000e+06
6.475881482306483861e+01 1.964742199439047932e-01 7.510806000000000000e+06
6.484263355878292145e+01 1.959817157573557622e-01 7.532114000000000000e+06
6.492635863913294259e+01 1.953288439557476497e-01 7.536234000000000000e+06
6.501006892041591811e+01 1.950660198201546458e-01 7.565834000000000000e+06
6.509392196997305291e+01 1.944283763567888623e-01 7.603062000000000000e+06
6.517772136341262978e+01 1.942148062455474333e-01 7.593890000000000000e+06
6.526142024031203448e+01 1.936544606479471131e-01 7.622906000000000000e+06
6.534517798747489792e+01 1.931160256123553576e-01 7.646622000000000000e+06
6.542900683024386410e+01 1.925644168748463780e-01 7.672058000000000000e+06
6.551278372258207128e+01 1.922515927788642498e-01 7.679346000000000000e+06
6.559647689529717240e+01 1.917357993401323513e-01 7.693058000000000000e+06
6.568023240704575016e+01 1.911742491552811118e-01 7.732158000000000000e+06
6.576407007540214522e+01 1.905416600726839715e-01 7.746962000000000000e+06
6.584790505033298302e+01 1.900904048726892726e-01 7.770986000000000000e+06
6.593165610578880376e+01 1.896222723245498398e-01 7.772094000000000000e+06
6.601538633341530726e+01 1.892666512724925088e-01 7.803818000000000000e+06
6.609921986930250171e+01 1.887864520269613156e-01 7.834338000000000000e+06
6.618300989442009552e+01 1.882052214085025155e-01 7.833710000000000000e+06
6.626672027527055775e+01 1.877186404173464551e-01 7.858794000000000000e+06
6.635048482494400446e+01 1.874346009596298268e-01 7.884290000000000000e+06
6.643426840268917033e+01 1.867188846655112866e-01 7.901522000000000000e+06
6.651807839369693909e+01 1.862430746638805423e-01 7.930662000000000000e+06
6.660185938569200914e+01 1.858224841973445673e-01 7.934426000000000000e+06
6.668562349459918437e+01 1.854328530966866673e-01 7.967322000000000000e+06
6.676941985144630110e+01 1.849448078623551484e-01 7.981934000000000000e+06
6.685320220952085890e+01 1.844658228961568724e-01 8.003282000000000000e+06
6.693696207061206849e+01 1.841876270158881723e-01 8.019666000000000000e+06
6.702068860837411535e+01 1.836111369718670117e-01 8.034482000000000000e+06
6.710445272740649614e+01 1.830991119585174409e-01 8.068542000000000000e+06
6.718828234859530824e+01 1.826716153847104951e-01 8.088290000000000000e+06
6.727206071729939652e+01 1.822083842515156704e-01 8.096322000000000000e+06
6.735579384931760671e+01 1.817043824143019515e-01 8.122646000000000000e+06
6.743961094632139464e+01 1.813611775653369285e-01 8.150138000000000000e+06
6.752341839406597046e+01 1.810011442292171757e-01 8.165322000000000000e+06
6.760720134506061640e+01 1.804362691984209566e-01 8.182574000000000000e+06
6.769097215349376029e+01 1.799579592032763686e-01 8.203698000000000000e+06
6.777475210174605991e+01 1.794525869603110224e-01 8.226914000000000000e+06
6.785855795495925236e+01 1.790509595244175467e-01 8.246898000000000000e+06
6.794231757399198557e+01 1.782874507339465009e-01 8.261774000000000000e+06
6.802605368830526800e+01 1.777540194211530977e-01 8.279426000000000000e+06
6.810980740395922339e+01 1.774652136634250199e-01 8.308722000000000000e+06
6.819359624676370402e+01 1.770036027178739368e-01 8.326214000000000000e+06
6.827735164047554406e+01 1.766705838721888133e-01 8.342682000000000000e+06
6.836106899917464830e+01 1.760435920627057282e-01 8.360834000000000000e+06
6.844484437189701964e+01 1.755690839255371061e-01 8.393226000000000000e+06
6.852869899063553305e+01 1.752450223570838905e-01 8.420150000000000000e+06
6.861250241461986832e+01 1.747034339643879775e-01 8.421986000000000000e+06
6.869622258997036113e+01 1.743311607520690310e-01 8.445714000000000000e+06
6.877998582885126666e+01 1.737516509119407249e-01 8.472590000000000000e+06
6.886380417121233677e+01 1.733097704985186172e-01 8.495370000000000000e+06
6.894760222040189035e+01 1.728850999941030087e-01 8.512802000000000000e+06
6.903133907390910906e+01 1.726126149644092722e-01 8.523290000000000000e+06
6.911515911696680803e+01 1.723115711828586416e-01 8.570982000000000000e+06
6.919899661482570252e+01 1.718743909347516252e-01 8.568458000000000000e+06
6.928271270688284744e+01 1.713721065328379645e-01 8.586498000000000000e+06
6.936640883580386685e+01 1.708666140540686385e-01 8.608838000000000000e+06
6.945020519724739927e+01 1.704689287395568242e-01 8.645610000000000000e+06
6.953403489536805182e+01 1.699452992740217439e-01 8.658386000000000000e+06
6.961776845906641142e+01 1.695670828200823155e-01 8.668598000000000000e+06
6.970149629909469979e+01 1.690988086590216322e-01 8.697426000000000000e+06
6.978527344513386765e+01 1.687176456871272434e-01 8.722562000000000000e+06
6.986906013590846953e+01 1.681550715143874664e-01 8.737962000000000000e+06
6.995286374627769987e+01 1.676862246997787853e-01 8.771366000000000000e+06
7.003663130607654352e+01 1.672918654750137069e-01 8.771010000000000000e+06
7.012044287898793016e+01 1.668874250250889091e-01 8.822618000000000000e+06
7.020422712516214858e+01 1.665264819773003835e-01 8.807726000000000000e+06
7.028792428421020588e+01 1.663110125276184847e-01 8.844618000000000000e+06
7.037169187076506205e+01 1.658421444487717666e-01 8.868722000000000000e+06
7.045550216092648554e+01 1.654311461172455200e-01 8.891394000000000000e+06
7.053930310811041693e+01 1.651358868905447308e-01 8.911934000000000000e+06
7.062306388634770826e+01 1.647185777175950716e-01 8.923938000000000000e+06
7.070681928787864479e+01 1.643854170831619832e-01 8.953682000000000000e+06
7.079064883602877956e+01 1.640492320946216054e-01 8.981966000000000000e+06
7.087445404086807343e+01 1.635137488234727488e-01 8.990442000000000000e+06
7.095817349518108585e+01 1.630666126102563174e-01 9.007874000000000000e+06
7.104193091703314167e+01 1.628497268829609268e-01 9.038982000000000000e+06
7.112576467725064333e+01 1.622010278357006730e-01 9.068570000000000000e+06
7.120961688916655419e+01 1.620163314163066415e-01 9.085250000000000000e+06
7.129335164196812968e+01 1.616032027510019564e-01 9.084690000000000000e+06
7.137708037180341591e+01 1.611913432144541913e-01 9.128654000000000000e+06
7.146084353628984331e+01 1.608194909325020849e-01 9.133170000000000000e+06
7.154466665793322022e+01 1.605384491113645840e-01 9.185882000000000000e+06
7.162842926759091711e+01 1.600558055031542359e-01 9.163254000000000000e+06
7.171216325434680527e+01 1.598115482102747120e-01 9.220130000000000000e+06
7.179600405083390058e+01 1.593185734903994899e-01 9.233138000000000000e+06
7.187979487849634097e+01 1.589661488588746119e-01 9.249378000000000000e+06
7.196355510905767972e+01 1.586140262415669522e-01 9.271550000000000000e+06
7.204729422001986450e+01 1.584093111267758369e-01 9.286266000000000000e+06
7.213106156089709486e+01 1.578326831003731279e-01 9.320762000000000000e+06
7.221480038490358311e+01 1.573953184818067952e-01 9.326718000000000000e+06
7.229852005323998299e+01 1.571121625484440676e-01 9.354602000000000000e+06
7.238228486066410028e+01 1.567732708504855355e-01 9.384122000000000000e+06
7.246607067066045715e+01 1.562835155686697897e-01 9.400482000000000000e+06
7.254987197439923818e+01 1.558697975052154017e-01 9.432638000000000000e+06
7.263367976569567475e+01 1.555887660272596562e-01 9.445314000000000000e+06
7.271750340333485951e+01 1.551588587032791122e-01 9.477290000000000000e+06
7.280130916047085066e+01 1.545930803097674833e-01 9.489182000000000000e+06
7.288506765200136783e+01 1.543183043632568308e-01 9.506706000000000000e+06
7.296881975889688476e+01 1.539504548888197544e-01 9.533978000000000000e+06
7.305259443485221027e+01 1.535690842945877654e-01 9.553662000000000000e+06
7.313637521480190173e+01 1.532941912662302286e-01 9.579506000000000000e+06
7.322019418653475498e+01 1.526252812018818739e-01 9.607866000000000000e+06
7.330395444861356680e+01 1.523601232843835585e-01 9.608354000000000000e+06
7.338767600840630223e+01 1.521401773480375308e-01 9.643862000000000000e+06
7.347148094131401308e+01 1.517713574100741369e-01 9.670578000000000000e+06
7.355528165751150027e+01 1.514574122951437285e-01 9.687890000000000000e+06
7.363898985402030917e+01 1.509951364314339461e-01 9.693294000000000000e+06
7.372271904442924040e+01 1.507145774141709083e-01 9.736034000000000000e+06
7.380653580168322492e+01 1.502453492416086778e-01 9.758946000000000000e+06
7.389034984429981989e+01 1.499827461802308026e-01 9.778994000000000000e+06
7.397413656457592879e+01 1.496926704947139086e-01 9.796814000000000000e+06
7.405788979529948790e+01 1.492677104604089033e-01 9.816882000000000000e+06
7.414169279296697823e+01 1.489928215928630617e-01 9.850514000000000000e+06
7.422546369344802031e+01 1.486195881275909070e-01 9.856062000000000000e+06
7.430920419509655517e+01 1.481848580305715479e-01 9.886706000000000000e+06
7.439300596308194713e+01 1.477954142486522515e-01 9.916194000000000000e+06
7.447678556559041851e+01 1.476775124349436197e-01 9.924854000000000000e+06
7.456056972198642541e+01 1.472612028923383776e-01 9.961490000000000000e+06
7.464438171105736330e+01 1.468999126975203684e-01 9.979098000000000000e+06
7.472814154131890518e+01 1.465675688715395719e-01 9.990266000000000000e+06
7.481183974796279301e+01 1.461044347218318773e-01 1.001239800000000000e+07
7.489556694343458787e+01 1.458697627549379039e-01 1.003881800000000000e+07
7.497934514550230745e+01 1.455331926408065524e-01 1.007208200000000000e+07
7.506311789232059084e+01 1.452933473970684231e-01 1.008267000000000000e+07
7.514692811902769165e+01 1.449111799934131584e-01 1.012322600000000000e+07
7.523075407192267505e+01 1.444847172632526544e-01 1.013483400000000000e+07
7.531451966247126961e+01 1.441861507469376080e-01 1.015145000000000000e+07
7.539829209775307106e+01 1.438522830352122750e-01 1.018411800000000000e+07
7.548208760826673824e+01 1.435036289891674366e-01 1.019981000000000000e+07
7.556588556111178434e+01 1.431355082789642352e-01 1.023038600000000000e+07
7.564964694677739487e+01 1.429137665366259635e-01 1.023833400000000000e+07
7.573340114101655729e+01 1.426058482256989668e-01 1.027159400000000000e+07
7.581720755260936073e+01 1.420778293326217523e-01 1.029841800000000000e+07
7.590097691415932957e+01 1.419389760017014113e-01 1.030681400000000000e+07
7.598473414840474049e+01 1.415166155029161654e-01 1.034130600000000000e+07
7.606853392840329775e+01 1.410878888243205787e-01 1.036284200000000000e+07
7.615234212784832835e+01 1.409579024941586267e-01 1.038883400000000000e+07
7.623609474757780902e+01 1.405556950372416070e-01 1.039563000000000000e+07
7.631981670052634570e+01 1.402194595257219845e-01 1.042536200000000000e+07
7.640358337833828273e+01 1.398519041111797867e-01 1.045427400000000000e+07
7.648737866504175997e+01 1.395567947415867482e-01 1.047829400000000000e+07
7.657118922665969762e+01 1.393900441809218238e-01 1.050181800000000000e+07
7.665495334176074493e+01 1.389610344837424460e-01 1.051481000000000000e+07
7.673872752945807463e+01 1.387651957437603112e-01 1.054884200000000000e+07
7.682251623133140583e+01 1.384612583663292484e-01 1.056646200000000000e+07
7.690627734628161249e+01 1.381291201032227856e-01 1.058681000000000000e+07
7.699005449515836119e+01 1.378038472893994559e-01 1.061495400000000000e+07
7.707381163172706806e+01 1.372875281227994848e-01 1.063105400000000000e+07
7.715758302708022143e+01 1.371999468785621845e-01 1.066236200000000000e+07
7.724136594782987686e+01 1.368883077355669275e-01 1.068335400000000000e+07
7.732513038906363079e+01 1.366515120898585955e-01 1.069929800000000000e+07
7.740891664711064379e+01 1.362461194388711883e-01 1.073878200000000000e+07
7.749269645330657852e+01 1.358439649589611165e-01 1.074420200000000000e+07
7.757647166278094630e+01 1.356340564891015399e-01 1.078218600000000000e+07
7.766021891602670735e+01 1.354129790487981211e-01 1.078496600000000000e+07
7.774399344085298935e+01 1.350541003649826932e-01 1.083393800000000000e+07
7.782781601101176250e+01 1.348685944998118669e-01 1.084813800000000000e+07
7.791162919578846413e+01 1.344502332494556252e-01 1.087376600000000000e+07
7.799540485219509378e+01 1.342483721365999860e-01 1.088697000000000000e+07
7.807914803163318140e+01 1.340454661752153998e-01 1.091244200000000000e+07
7.816290481905753040e+01 1.339103333565578868e-01 1.093669800000000000e+07
7.824668494094176197e+01 1.334221848486003559e-01 1.096614200000000000e+07
7.833041079278541474e+01 1.331676383061473068e-01 1.096874600000000000e+07
7.841414369597413270e+01 1.329234138464558124e-01 1.101460200000000000e+07
7.849797207299076263e+01 1.326466293704824384e-01 1.104277400000000000e+07
7.858180750484748955e+01 1.323985279900309897e-01 1.106147400000000000e+07
7.866557248062186147e+01 1.319961142294614198e-01 1.107245000000000000e+07
7.874929596355666206e+01 1.316465502776355545e-01 1.109692200000000000e+07
7.883311706336922953e+01 1.314286958106947456e-01 1.114652600000000000e+07
7.891694358971126633e+01 1.310123939469577392e-01 1.114560200000000000e+07
7.900068031277757541e+01 1.308427464636517934e-01 1.116844200000000000e+07
7.908436218738494006e+01 1.305555426369137961e-01 1.118108600000000000e+07
7.916818470584115630e+01 1.303017462756377309e-01 1.125011400000000000e+07
7.925204746494267738e+01 1.300254374046997952e-01 1.124210600000000000e+07
7.933579204504063398e+01 1.296680242397859895e-01 1.126544600000000000e+07
7.941952450138673214e+01 1.295078348392493250e-01 1.128549000000000000e+07
7.950333805121174180e+01 1.290602674400899985e-01 1.133592200000000000e+07
7.958714843508016656e+01 1.288622901943755339e-01 1.133013000000000000e+07
7.967084513754768693e+01 1.285794143310848292e-01 1.135727000000000000e+07
7.975459918129639902e+01 1.284051094300883156e-01 1.138909800000000000e+07
7.983842412182876558e+01 1.281629261685104104e-01 1.142664200000000000e+07
7.992222911930718965e+01 1.278062938803946058e-01 1.143135800000000000e+07
8.000599212589428078e+01 1.275155514190959016e-01 1.146229800000000000e+07
8.008974687846490781e+01 1.273112015974629530e-01 1.147920200000000000e+07
8.017351400530820626e+01 1.270433552573618785e-01 1.150974600000000000e+07
8.025725037950861918e+01 1.267982958869786347e-01 1.152306200000000000e+07
8.034098812717721216e+01 1.265208165133724638e-01 1.155621000000000000e+07
8.042478697546600586e+01 1.262418255786319221e-01 1.158828200000000000e+07
8.050856802239243848e+01 1.260739336355609364e-01 1.159964600000000000e+07
8.059238416169034736e+01 1.257180702661010729e-01 1.164527400000000000e+07
8.067619501003925109e+01 1.254322241315343478e-01 1.164933800000000000e+07
8.075991178803855064e+01 1.251807269815160828e-01 1.166538600000000000e+07
8.084370890131339138e+01 1.249472877443216362e-01 1.171928600000000000e+07
8.092752051805530300e+01 1.247033569899779343e-01 1.172073800000000000e+07
8.101129543325400562e+01 1.244494824107444941e-01 1.175507400000000000e+07
8.109505389589725155e+01 1.241844042992169828e-01 1.176716600000000000e+07
8.117885591153601865e+01 1.239547097833247347e-01 1.181334600000000000e+07
8.126268704922078712e+01 1.236658858648085196e-01 1.182545000000000000e+07
8.134639603648894024e+01 1.234459240799627155e-01 1.182881400000000000e+07
8.143015231506957718e+01 1.230732754435261422e-01 1.188441800000000000e+07
8.151397613354559724e+01 1.228396169432601076e-01 1.190037800000000000e+07
8.159772291543191614e+01 1.227027002514779475e-01 1.190800200000000000e+07
8.168141712941573473e+01 1.224264019092822786e-01 1.193747000000000000e+07
8.176520125845252096e+01 1.222064699575490104e-01 1.198134600000000000e+07
8.184903085960836222e+01 1.218979915577012851e-01 1.199815400000000000e+07
8.193279937551101000e+01 1.216699153064989825e-01 1.201579800000000000e+07
8.201657550601832725e+01 1.213997268603735497e-01 1.204658600000000000e+07
8.210037035575065545e+01 1.213030282875513094e-01 1.207322600000000000e+07
8.218415112950239632e+01 1.209632822057725154e-01 1.208937000000000000e+07
8.226793017110850315e+01 1.207531602250211250e-01 1.212366200000000000e+07
8.235168019795568739e+01 1.205455070641333060e-01 1.212901800000000000e+07
8.243541372022190217e+01 1.202914950309392078e-01 1.216869800000000000e+07
8.251918470186251398e+01 1.200842399395623122e-01 1.219107000000000000e+07
8.260303064827999719e+01 1.197780002762049434e-01 1.223729000000000000e+07
8.268685911029808722e+01 1.196039443399653929e-01 1.223743400000000000e+07
8.277063029603770872e+01 1.193503589816315852e-01 1.226943000000000000e+07
8.285440346682658230e+01 1.190652253026737439e-01 1.228831400000000000e+07
8.293815388297495872e+01 1.188429772438604343e-01 1.231201800000000000e+07
8.302189357408074954e+01 1.186981454170136091e-01 1.233377000000000000e+07
8.310562948947298878e+01 1.183158163287591907e-01 1.236265400000000000e+07
8.318944085122717524e+01 1.181914586867110345e-01 1.240528200000000000e+07
8.327326112930197155e+01 1.179116395520780625e-01 1.241484200000000000e+07
8.335700619223128172e+01 1.176908555410729196e-01 1.243327800000000000e+07
8.344077077200753934e+01 1.174886975696266128e-01 1.246944200000000000e+07
8.352457315314735808e+01 1.172477251933367604e-01 1.249710600000000000e+07
8.360836220932365848e+01 1.170474677125700746e-01 1.251307400000000000e+07
8.369209444132825126e+01 1.169878183694701840e-01 1.253190200000000000e+07
8.377584249260344507e+01 1.167572461605911743e-01 1.256769000000000000e+07
8.385966667689248766e+01 1.164730030250716031e-01 1.260333800000000000e+07
8.394346055007575558e+01 1.162873986318862657e-01 1.261269400000000000e+07
8.402720752589927145e+01 1.160235267040310991e-01 1.263483400000000000e+07
8.411093968200033544e+01 1.158994249265363763e-01 1.266273000000000000e+07
8.419472584613649246e+01 1.157051676789967454e-01 1.269908600000000000e+07
8.427850265596407553e+01 1.154130825645893615e-01 1.271099400000000000e+07
8.436223938424853941e+01 1.151996914557595481e-01 1.273917800000000000e+07
8.444601577921049795e+01 1.150089686432269331e-01 1.276949000000000000e+07
8.452980888818765948e+01 1.147962822998289251e-01 1.279952600000000000e+07
8.461363856796832295e+01 1.145901198289534101e-01 1.282878600000000000e+07
8.469740487481715263e+01 1.144115030600506705e-01 1.283279400000000000e+07
8.478116585803400085e+01 1.141474833452962023e-01 1.287594200000000000e+07
8.486500035405539677e+01 1.138902633238273870e-01 1.290631400000000000e+07
8.494878168161768883e+01 1.136704683034823055e-01 1.291312200000000000e+07
8.503250896829791827e+01 1.134258919300050739e-01 1.293728200000000000e+07
8.511625758727213054e+01 1.132489801804835022e-01 1.297337400000000000e+07
8.520007724156167228e+01 1.130939101735726759e-01 1.300815400000000000e+07
8.528389486690601018e+01 1.128929558862524357e-01 1.302582600000000000e+07
8.536762998882402087e+01 1.127385497574203005e-01 1.303365400000000000e+07
8.545139522308386404e+01 1.125199256080061938e-01 1.308366600000000000e+07
8.553518354504295473e+01 1.123361131590125128e-01 1.309470600000000000e+07
8.561892245915041144e+01 1.122402762276551724e-01 1.311903400000000000e+07
8.570266129864387494e+01 1.120214515577669795e-01 1.314631800000000000e+07
