# k_mean_over_bin [h Mpc^-1] P_bin [h^-3 Mpc^3] N_modes
1.069098562002182007e-01 3.355887803819444343e+03 1.800000000000000000e+01
1.868873286631799469e-01 2.535145161290322449e+03 6.200000000000000000e+01
2.625667106132117956e-01 1.249527104591836633e+03 9.800000000000000000e+01
3.401783364159720047e-01 9.841152529761906180e+02 2.100000000000000000e+02
4.270541402271815778e-01 7.731149107142857702e+02 3.500000000000000000e+02
5.128694812456766616e-01 5.127354166666666515e+02 4.500000000000000000e+02
5.924409924947542372e-01 4.112825218023256184e+02 6.020000000000000000e+02
6.723074055719250319e-01 3.859381561679790025e+02 7.620000000000000000e+02
7.587901043808397139e-01 2.948564743870402935e+02 1.142000000000000000e+03
8.455790008544922243e-01 2.443754500000000007e+02 1.250000000000000000e+03
9.266650900755726283e-01 2.090197187928669393e+02 1.458000000000000000e+03
1.007750481597118108e+00 1.789412899669239323e+02 1.814000000000000000e+03
1.092835777828297106e+00 1.461133207070706987e+02 2.178000000000000000e+03
1.177363493043580345e+00 1.267603082465972761e+02 2.498000000000000000e+03
1.258028102048383667e+00 1.132022430396643813e+02 2.622000000000000000e+03
1.340799984066267880e+00 1.069048082684242047e+02 3.338000000000000000e+03
1.426850896250618783e+00 9.512071802794197595e+01 3.722000000000000000e+03
1.512363651158998401e+00 8.411851019184652500e+01 4.170000000000000000e+03
1.594785008970998508e+00 7.711280260440568668e+01 4.358000000000000000e+03
1.677071395354181815e+00 6.834010602900278286e+01 5.034000000000000000e+03
1.761985857460855120e+00 6.324678968323416228e+01 5.714000000000000000e+03
1.846083158874384234e+00 5.873453694416582493e+01 5.982000000000000000e+03
1.928661813341607134e+00 5.461222451529839361e+01 6.602000000000000000e+03
2.011378788847742793e+00 5.052377279102384477e+01 7.130000000000000000e+03
2.095637332393009089e+00 4.594506550286283186e+01 8.034000000000000000e+03
2.180555667263281983e+00 4.268313894376017004e+01 8.606000000000000000e+03
2.264340071811755895e+00 4.039160393227442825e+01 9.066000000000000000e+03
2.348016592997236973e+00 3.636899907147159183e+01 9.962000000000000000e+03
2.431996440706659879e+00 3.342948163507109172e+01 1.055000000000000000e+04
2.515341052179898895e+00 3.244594579547479185e+01 1.122600000000000000e+04
2.598773628370227406e+00 3.028274997941709401e+01 1.214600000000000000e+04
2.681898646405362463e+00 2.797254531572267311e+01 1.260600000000000000e+04
2.765270270259289287e+00 2.673500670192725792e+01 1.380200000000000000e+04
2.849850551988659220e+00 2.516510353124576227e+01 1.475400000000000000e+04
2.933772609879409909e+00 2.320614222719494180e+01 1.519400000000000000e+04
3.017238585326163403e+00 2.201291859122401817e+01 1.645400000000000000e+04
3.101311446264710892e+00 2.091377011192724567e+01 1.715400000000000000e+04
3.185186132992604779e+00 1.960995154932661677e+01 1.826600000000000000e+04
3.268289649175008194e+00 1.901793999999999940e+01 1.875000000000000000e+04
3.351647662541441530e+00 1.802707077196797414e+01 2.023400000000000000e+04
3.436091650782765239e+00 1.736004807692307850e+01 2.145000000000000000e+04
3.520270179566676205e+00 1.657201928330753304e+01 2.196200000000000000e+04
3.603861709535706392e+00 1.564372442673258945e+01 2.346200000000000000e+04
3.687484650452812929e+00 1.490727814865651801e+01 2.404200000000000000e+04
3.771595824668082741e+00 1.424303963038618548e+01 2.594600000000000000e+04
3.855312792317719062e+00 1.383394354468182996e+01 2.611800000000000000e+04
3.938028496533734213e+00 1.311416372791390828e+01 2.750600000000000000e+04
4.021431216072791415e+00 1.278823303000068812e+01 2.906600000000000000e+04
4.105840509662095350e+00 1.225601498357963948e+01 3.045000000000000000e+04
4.190344247210492590e+00 1.174067973820175048e+01 3.174200000000000000e+04
4.273947828100633117e+00 1.126950096899224896e+01 3.225000000000000000e+04
4.357501119655414534e+00 1.097547171532846733e+01 3.425000000000000000e+04
4.441647719320134691e+00 1.053919779855587535e+01 3.545400000000000000e+04
4.525392379562855893e+00 1.038384990668057384e+01 3.643400000000000000e+04
4.608518969537498400e+00 1.004211311103444615e+01 3.768200000000000000e+04
4.691740922213826437e+00 9.899036748613019299e+00 3.929400000000000000e+04
4.776039686402365980e+00 9.489369598802685601e+00 4.142600000000000000e+04
4.860154063182579698e+00 9.170459813150763750e+00 4.206600000000000000e+04
4.943517626628406880e+00 8.922727207404001604e+00 4.349000000000000000e+04
5.027384526744921089e+00 8.678310713973131030e+00 4.570200000000000000e+04
5.111447781105825428e+00 8.519567268516533787e+00 4.663400000000000000e+04
5.195348147294732932e+00 8.286084179470281086e+00 4.855400000000000000e+04
5.278356443076916982e+00 8.072209433190096206e+00 4.887000000000000000e+04
5.361498069859376159e+00 7.834133869340885070e+00 5.155400000000000000e+04
5.446046268496986364e+00 7.670293145683120706e+00 5.409000000000000000e+04
5.530257906132226786e+00 7.424856505689140462e+00 5.431400000000000000e+04
5.614055059061300312e+00 7.266760015814443641e+00 5.691000000000000000e+04
5.697714059662542851e+00 7.009804699732089972e+00 5.748200000000000000e+04
5.781614503695933216e+00 6.981820918417840360e+00 6.062600000000000000e+04
5.865571886738293550e+00 6.813336825638010019e+00 6.120600000000000000e+04
5.948642163157025209e+00 6.635153128496084740e+00 6.257000000000000000e+04
6.032247506670804782e+00 6.548876559409706921e+00 6.573000000000000000e+04
6.116202609789227473e+00 6.398597063101700400e+00 6.668600000000000000e+04
6.200338050909933507e+00 6.245213725644925162e+00 6.969800000000000000e+04
6.284184080576646458e+00 6.105844614857338648e+00 7.002600000000000000e+04
6.367735154784823770e+00 6.006046294641629757e+00 7.274600000000000000e+04
6.451745661739480830e+00 5.813825757575758146e+00 7.491000000000000000e+04
6.535332300795173133e+00 5.801842182588943686e+00 7.572200000000000000e+04
6.618657591294924813e+00 5.610392903620914140e+00 7.837800000000000000e+04
6.702212198046048286e+00 5.561328173809821251e+00 8.003000000000000000e+04
6.786191249900881850e+00 5.435953014930396954e+00 8.318600000000000000e+04
6.870329813067023395e+00 5.337849609052039312e+00 8.466600000000000000e+04
6.954215657456758848e+00 5.265372605319714516e+00 8.654600000000000000e+04
7.037715246920486223e+00 5.166490088955454141e+00 8.813400000000000000e+04
7.121547139301203089e+00 5.071643402193624084e+00 9.153800000000000000e+04
7.205739104639491188e+00 4.966610701324915667e+00 9.313800000000000000e+04
7.289302562894590665e+00 4.833701695103622242e+00 9.447800000000000000e+04
7.372793903598283016e+00 4.786509948701605843e+00 9.727400000000000000e+04
7.456586938722763236e+00 4.750839477379877884e+00 9.969000000000000000e+04
7.540727849410562733e+00 4.610945572180524366e+00 1.025900000000000000e+05
7.624726899722253037e+00 4.552554929170280928e+00 1.037700000000000000e+05
7.708301949249494633e+00 4.450036026272732315e+00 1.063460000000000000e+05
7.792073202214887750e+00 4.455810785289186171e+00 1.085460000000000000e+05
7.875590350490393909e+00 4.314114063092679530e+00 1.107260000000000000e+05
7.958880241426510516e+00 4.272964946760207994e+00 1.123220000000000000e+05
8.042278013378316714e+00 4.260452530416774408e+00 1.158900000000000000e+05
8.126250782754576463e+00 4.189057684859302633e+00 1.187660000000000000e+05
8.210824485795901850e+00 4.095347532257273215e+00 1.222980000000000000e+05
8.294696866383139522e+00 4.074445593414694144e+00 1.220900000000000000e+05
8.378213958279353335e+00 4.039691051983148817e+00 1.258100000000000000e+05
8.461948784979133720e+00 3.999848857165145155e+00 1.281900000000000000e+05
8.545861912066349930e+00 3.936641182038871811e+00 1.309940000000000000e+05
8.629829070974631477e+00 3.877048559698478947e+00 1.337220000000000000e+05
8.713023213538299672e+00 3.864529104984837815e+00 1.338860000000000000e+05
8.796849328478236529e+00 3.797251010402880489e+00 1.405380000000000000e+05
8.881002057237468605e+00 3.744431216837134091e+00 1.405940000000000000e+05
8.964535854632408984e+00 3.709231409390364664e+00 1.435940000000000000e+05
9.048105800131455823e+00 3.656582342286924803e+00 1.463100000000000000e+05
9.132180630417705558e+00 3.634927397942250060e+00 1.506500000000000000e+05
9.216334569657748332e+00 3.611696831760074833e+00 1.519140000000000000e+05
9.299613886090023485e+00 3.560426553801223193e+00 1.533980000000000000e+05
9.383076715811887070e+00 3.527105266491834978e+00 1.578660000000000000e+05
9.466957210946844725e+00 3.487104594853664530e+00 1.606580000000000000e+05
9.551001030929990421e+00 3.439787068408672432e+00 1.641020000000000000e+05
9.634679217300240239e+00 3.405308299089663926e+00 1.649940000000000000e+05
9.718288873285626295e+00 3.371638210185457396e+00 1.698500000000000000e+05
9.802505913321919451e+00 3.319976038523348549e+00 1.729860000000000000e+05
9.886246806166026246e+00 3.307131427766340614e+00 1.738940000000000000e+05
9.969472594688919997e+00 3.258394356198169639e+00 1.767780000000000000e+05
1.005318025662911374e+01 3.221279881409445878e+00 1.818020000000000000e+05
1.013721966898855698e+01 3.184957707531312909e+00 1.844300000000000000e+05
1.022118986876454727e+01 3.159425035515535996e+00 1.872420000000000000e+05
1.030498420635128198e+01 3.142682654402102926e+00 1.902500000000000000e+05
1.038865879785050694e+01 3.126617269045022685e+00 1.925700000000000000e+05
1.047268787066241202e+01 3.092221657570591198e+00 1.982540000000000000e+05
1.055654631656024378e+01 3.060124625140099308e+00 1.980740000000000000e+05
1.063992050874177231e+01 3.001266085127443972e+00 2.020500000000000000e+05
1.072342909671023747e+01 2.988910387733452634e+00 2.055020000000000000e+05
1.080749259245351190e+01 2.945822712255418363e+00 2.106660000000000000e+05
1.089152248600719375e+01 2.934265932607119876e+00 2.124260000000000000e+05
1.097500893551614531e+01 2.887597408820202105e+00 2.139180000000000000e+05
1.105881432508122764e+01 2.886806033195471244e+00 2.209940000000000000e+05
1.114281827806075675e+01 2.868747235037603538e+00 2.215220000000000000e+05
1.122659733627983947e+01 2.830914128158222631e+00 2.263140000000000000e+05
1.131012448294715078e+01 2.805371292247045290e+00 2.272940000000000000e+05
1.139373491340957045e+01 2.775407845485529990e+00 2.329620000000000000e+05
1.147791396342367420e+01 2.748864678031099906e+00 2.378180000000000000e+05
1.156185786192584786e+01 2.726807953506321436e+00 2.383980000000000000e+05
1.164526418449005440e+01 2.688295042208948882e+00 2.414180000000000000e+05
1.172886167625361331e+01 2.676175613204871517e+00 2.468180000000000000e+05
1.181275352276138690e+01 2.646530095315838604e+00 2.499060000000000000e+05
1.189671323999418817e+01 2.629073633108494956e+00 2.547020000000000000e+05
1.198029050867584644e+01 2.590733310929258071e+00 2.544180000000000000e+05
1.206365995307397831e+01 2.569468396875024041e+00 2.603540000000000000e+05
1.214748111162727895e+01 2.531573144912330875e+00 2.649740000000000000e+05
1.223153609351346027e+01 2.528595537395524229e+00 2.687220000000000000e+05
1.231542005092308401e+01 2.501200922809524219e+00 2.715620000000000000e+05
1.239926414254153109e+01 2.483186963416138759e+00 2.755860000000000000e+05
1.248326018835918916e+01 2.471762687818980009e+00 2.801900000000000000e+05
1.256718689365069075e+01 2.436736964084940116e+00 2.828340000000000000e+05
1.265082201539840945e+01 2.407587141003611819e+00 2.851700000000000000e+05
1.273428590217279144e+01 2.379546399274197199e+00 2.898860000000000000e+05
1.281807025163205793e+01 2.380419833329937340e+00 2.944740000000000000e+05
1.290206487994812434e+01 2.356894077756779726e+00 2.994980000000000000e+05
1.298575998115805419e+01 2.328845204995365847e+00 2.999580000000000000e+05
1.306931917580193137e+01 2.315382465065487949e+00 3.058580000000000000e+05
1.315318222821372096e+01 2.287065347143123706e+00 3.107940000000000000e+05
1.323705865044962771e+01 2.266970993222222841e+00 3.130820000000000000e+05
1.332048162954101578e+01 2.253379254918587815e+00 3.160460000000000000e+05
1.340413573615346365e+01 2.226692410107442566e+00 3.222180000000000000e+05
1.348834417846224731e+01 2.211047686585788874e+00 3.285620000000000000e+05
1.357223695452436729e+01 2.201095117229184162e+00 3.279900000000000000e+05
1.365596925306868847e+01 2.188963693249264875e+00 3.352820000000000000e+05
1.373963440686360471e+01 2.167866364556358949e+00 3.359700000000000000e+05
1.382343709261304809e+01 2.147153089814163529e+00 3.440660000000000000e+05
1.390711154340320732e+01 2.126903268086047127e+00 3.437180000000000000e+05
1.399068919637316455e+01 2.123478120785893708e+00 3.514980000000000000e+05
1.407457421522249952e+01 2.098987926637288393e+00 3.544580000000000000e+05
1.415828615108818589e+01 2.087619678106680698e+00 3.585660000000000000e+05
1.424237341329648920e+01 2.072627259492737295e+00 3.661220000000000000e+05
1.432626916020835672e+01 2.057079494819714860e+00 3.658100000000000000e+05
1.440982743915939146e+01 2.033730679292399479e+00 3.716220000000000000e+05
1.449360657137520469e+01 2.024785331102753716e+00 3.759860000000000000e+05
1.457752624362193217e+01 2.013039354214093191e+00 3.821700000000000000e+05
1.466117168697845941e+01 1.991422123891487539e+00 3.818180000000000000e+05
1.474463292325917685e+01 1.977118596210219348e+00 3.895740000000000000e+05
1.482845717927088813e+01 1.970233846755634843e+00 3.936980000000000000e+05
1.491237844591757877e+01 1.948087940409254593e+00 3.994580000000000000e+05
1.499620869344033025e+01 1.931375272859266801e+00 4.022220000000000000e+05
1.507994841028436639e+01 1.926488368778291882e+00 4.069220000000000000e+05
1.516379287905045814e+01 1.896357141473009156e+00 4.128420000000000000e+05
1.524761726947007823e+01 1.881499701453727802e+00 4.153460000000000000e+05
1.533130236314283046e+01 1.868599857068915515e+00 4.211820000000000000e+05
1.541507271489498443e+01 1.870525630679171325e+00 4.250180000000000000e+05
1.549892486087325949e+01 1.858522387263474629e+00 4.311380000000000000e+05
1.558273944082544205e+01 1.847178002311329559e+00 4.343820000000000000e+05
1.566651676212105748e+01 1.833018259941662897e+00 4.395140000000000000e+05
1.575031987626283225e+01 1.820031400509963149e+00 4.447380000000000000e+05
1.583416895458823603e+01 1.809891737764807829e+00 4.489100000000000000e+05
1.591764298541166056e+01 1.794248121468738688e+00 4.506180000000000000e+05
1.600124934657456777e+01 1.789046009826919192e+00 4.595540000000000000e+05
1.608512892540650085e+01 1.775925894935500793e+00 4.631060000000000000e+05
1.616876936376802121e+01 1.763723816833442370e+00 4.670940000000000000e+05
1.625266730092459966e+01 1.756445709755799722e+00 4.749380000000000000e+05
1.633654362034594953e+01 1.741031929897356667e+00 4.771860000000000000e+05
1.642042973451647470e+01 1.724096937091216919e+00 4.846700000000000000e+05
1.650430805090920217e+01 1.715617364119833343e+00 4.870100000000000000e+05
1.658806155565851981e+01 1.714513347482536476e+00 4.933140000000000000e+05
1.667181202155569864e+01 1.693624174427085460e+00 4.963220000000000000e+05
1.675536979785300673e+01 1.685605822779259411e+00 5.017020000000000000e+05
1.683913437464611107e+01 1.674382744876731000e+00 5.085620000000000000e+05
1.692311287467790493e+01 1.663722892140276466e+00 5.142420000000000000e+05
1.700686134416512019e+01 1.651178636192793592e+00 5.161580000000000000e+05
1.709049145912358725e+01 1.639748795450457486e+00 5.226020000000000000e+05
1.717439271307012660e+01 1.628847228346694154e+00 5.306580000000000000e+05
1.725814844798823344e+01 1.622779657083778249e+00 5.300420000000000000e+05
1.734170549116967663e+01 1.609425973968133805e+00 5.388780000000000000e+05
1.742552841692270604e+01 1.603560844834873933e+00 5.441300000000000000e+05
1.750952475613275183e+01 1.594944189502564003e+00 5.511060000000000000e+05
1.759341552867108760e+01 1.585340543555566972e+00 5.539820000000000000e+05
1.767712427740806902e+01 1.577546006033225812e+00 5.582420000000000000e+05
1.776076336549380486e+01 1.560445030165832359e+00 5.645460000000000000e+05
1.784454049115150198e+01 1.551905563423980006e+00 5.704940000000000000e+05
1.792845098480595212e+01 1.540927193539102902e+00 5.767620000000000000e+05
1.801209967098870024e+01 1.533387975283362792e+00 5.782340000000000000e+05
1.809567304656415843e+01 1.522228539816209203e+00 5.856660000000000000e+05
1.817956177579962329e+01 1.516444618182307691e+00 5.944460000000000000e+05
1.826340897759345694e+01 1.512310163796724005e+00 5.952500000000000000e+05
1.834709561527148480e+01 1.502144921627704299e+00 6.034020000000000000e+05
1.843085104599287050e+01 1.492387101527539395e+00 6.073820000000000000e+05
1.851480060957681317e+01 1.483755631999481350e+00 6.170100000000000000e+05
1.859860657464781752e+01 1.475703373012656083e+00 6.167780000000000000e+05
1.868221643305014013e+01 1.461241648605993593e+00 6.247460000000000000e+05
1.876579233005788794e+01 1.460652272387120920e+00 6.280620000000000000e+05
1.884963899569083878e+01 1.448974738430740761e+00 6.394100000000000000e+05
1.893369961008885838e+01 1.436272073896421864e+00 6.429540000000000000e+05
1.901742853382821963e+01 1.430620466148792458e+00 6.459740000000000000e+05
1.910112633018001560e+01 1.418771614714838813e+00 6.534900000000000000e+05
1.918502629066336240e+01 1.413571553970814909e+00 6.607460000000000000e+05
1.926890198512752406e+01 1.406597835539520336e+00 6.646460000000000000e+05
1.935246095562879987e+01 1.402620674669184275e+00 6.672900000000000000e+05
1.943618843304382438e+01 1.390462959144902921e+00 6.790340000000000000e+05
1.952018254288546828e+01 1.385074928008764861e+00 6.827220000000000000e+05
1.960415151947932699e+01 1.378217234874240082e+00 6.912380000000000000e+05
1.968780210242165651e+01 1.374989743712623502e+00 6.886020000000000000e+05
1.977130140774902145e+01 1.363426781397950593e+00 7.008260000000000000e+05
1.985512328577584995e+01 1.356099485305996444e+00 7.056620000000000000e+05
1.993880103532062975e+01 1.347801820775628601e+00 7.100820000000000000e+05
2.002251720567175752e+01 1.346631565627772309e+00 7.191620000000000000e+05
2.010630953640407981e+01 1.337962357217030052e+00 7.222500000000000000e+05
2.019007441105629752e+01 1.329647065658706051e+00 7.315100000000000000e+05
2.027398189270754258e+01 1.330552932206473971e+00 7.364420000000000000e+05
2.035771672240259988e+01 1.321854779605289965e+00 7.408980000000000000e+05
2.044152561001209278e+01 1.315463542347078851e+00 7.501580000000000000e+05
2.052547735138173479e+01 1.306501335998707214e+00 7.548660000000000000e+05
2.060926463402020303e+01 1.299477886533846105e+00 7.608260000000000000e+05
2.069293267341507203e+01 1.292336875714955147e+00 7.640340000000000000e+05
2.077660950204460377e+01 1.283368719357598220e+00 7.738460000000000000e+05
2.086046445382838144e+01 1.281263466476169288e+00 7.797140000000000000e+05
2.094422635366088770e+01 1.273413533992763025e+00 7.843140000000000000e+05
2.102790779658915099e+01 1.267590687717826237e+00 7.913420000000000000e+05
2.111175109708185005e+01 1.261781184877754702e+00 7.994580000000000000e+05
2.119561698133140482e+01 1.258653203505258444e+00 8.049620000000000000e+05
2.127937098747377220e+01 1.248385908838243408e+00 8.095500000000000000e+05
2.136289743529758312e+01 1.239184367846895674e+00 8.134580000000000000e+05
2.144667251561538279e+01 1.232419141481408076e+00 8.274020000000000000e+05
2.153058487447404801e+01 1.226483283008575675e+00 8.286180000000000000e+05
2.161430781897418285e+01 1.221187440107633027e+00 8.369180000000000000e+05
2.169809860621591113e+01 1.213733235928501575e+00 8.428740000000000000e+05
2.178186592258134979e+01 1.207068328509968813e+00 8.493380000000000000e+05
2.186575914903780316e+01 1.200265195438108723e+00 8.589420000000000000e+05
2.194962158415442133e+01 1.193814621279521537e+00 8.609780000000000000e+05
2.203325539668853494e+01 1.186521343450652299e+00 8.683460000000000000e+05
2.211696571376059239e+01 1.182313555671344663e+00 8.751540000000000000e+05
2.220087574207360248e+01 1.175170514683812062e+00 8.862140000000000000e+05
2.228474038685342151e+01 1.168950865840382436e+00 8.873460000000000000e+05
2.236841597704980344e+01 1.164490073029075257e+00 8.949860000000000000e+05
2.245213243389392943e+01 1.158521263350517305e+00 9.027740000000000000e+05
2.253605781739295466e+01 1.157987789903455189e+00 9.121140000000000000e+05
2.261989949900187824e+01 1.150924263354265342e+00 9.150260000000000000e+05
2.270351073009412346e+01 1.143988237685052978e+00 9.201420000000000000e+05
2.278715722706498781e+01 1.137059672260212873e+00 9.297620000000000000e+05
2.287097668523026428e+01 1.132001188015757664e+00 9.376980000000000000e+05
2.295488199422259967e+01 1.125137997717943872e+00 9.447620000000000000e+05
2.303860516955441540e+01 1.119860158776024184e+00 9.482540000000000000e+05
2.312228464582942422e+01 1.115376143653545871e+00 9.568020000000000000e+05
2.320617384356005175e+01 1.110280439990161794e+00 9.676580000000000000e+05
2.329003403044199771e+01 1.102806197161602331e+00 9.697020000000000000e+05
2.337357926991530377e+01 1.099189499943537207e+00 9.740900000000000000e+05
2.345731339274843563e+01 1.093284576755064963e+00 9.884820000000000000e+05
2.354122299663546514e+01 1.090938680072661704e+00 9.919940000000000000e+05
2.362504372012406506e+01 1.085821104262609360e+00 1.001030000000000000e+06
2.370885397094835767e+01 1.082416455318514270e+00 1.005450000000000000e+06
2.379260308853216443e+01 1.076138015937056602e+00 1.013738000000000000e+06
2.387641759766158600e+01 1.072120268960859768e+00 1.021710000000000000e+06
2.396006287668014423e+01 1.066050735327160659e+00 1.023626000000000000e+06
2.404369058312309448e+01 1.060040025718406609e+00 1.035834000000000000e+06
2.412744281115724831e+01 1.056068922910185170e+00 1.040786000000000000e+06
2.421130654323629017e+01 1.052222096152129804e+00 1.053206000000000000e+06
2.429521431171586343e+01 1.045635083944968846e+00 1.057002000000000000e+06
2.437900304005930963e+01 1.039793405946810800e+00 1.063898000000000000e+06
2.446281560559316759e+01 1.037066594144942844e+00 1.072782000000000000e+06
2.454665138918273826e+01 1.035943817631388209e+00 1.078826000000000000e+06
2.463047593346652420e+01 1.029297022212989576e+00 1.087922000000000000e+06
2.471419358613830752e+01 1.022283249609809763e+00 1.090494000000000000e+06
2.479788224447528933e+01 1.021162887406683817e+00 1.101362000000000000e+06
2.488170408610204021e+01 1.015333591036959637e+00 1.109802000000000000e+06
2.496549243986660471e+01 1.014323956450973174e+00 1.114514000000000000e+06
2.504920536425761668e+01 1.009332687383333038e+00 1.123926000000000000e+06
2.513283571770503499e+01 1.002447632563815194e+00 1.125986000000000000e+06
2.521660993392169203e+01 1.001755929322095895e+00 1.143554000000000000e+06
2.530049640187540660e+01 9.971624909365690570e-01 1.144710000000000000e+06
2.538425628289359182e+01 9.919161789504149507e-01 1.154018000000000000e+06
2.546797452488973690e+01 9.880866787015437636e-01 1.159962000000000000e+06
2.555179869471822229e+01 9.831316300963461874e-01 1.170986000000000000e+06
2.563566666461671772e+01 9.781369733020298662e-01 1.178142000000000000e+06
2.571944170984828659e+01 9.746646159465753856e-01 1.182674000000000000e+06
2.580313169207982682e+01 9.701525480225894338e-01 1.191002000000000000e+06
2.588687624829988820e+01 9.678021688750272356e-01 1.200438000000000000e+06
2.597069400893500202e+01 9.660583597232821340e-01 1.208162000000000000e+06
2.605447755360336259e+01 9.588365186651723882e-01 1.215258000000000000e+06
2.613827698295097690e+01 9.569932703445864774e-01 1.224134000000000000e+06
2.622200478464780105e+01 9.521513002941267567e-01 1.228722000000000000e+06
2.630582763864114426e+01 9.510582558556703869e-01 1.243154000000000000e+06
2.638970867910203921e+01 9.447815982219852637e-01 1.245434000000000000e+06
2.647343389639032196e+01 9.394083254857157339e-01 1.255158000000000000e+06
2.655698334590179499e+01 9.391923049354496955e-01 1.255610000000000000e+06
2.664075459217511366e+01 9.346591398303957243e-01 1.277562000000000000e+06
2.672459382145218143e+01 9.301837942772128720e-01 1.274414000000000000e+06
2.680821980594094356e+01 9.269386171319617951e-01 1.285994000000000000e+06
2.689209959394619531e+01 9.245410982094076635e-01 1.299570000000000000e+06
2.697602191334329902e+01 9.186961743984050077e-01 1.302122000000000000e+06
2.705977872814356644e+01 9.160589987844736104e-01 1.311366000000000000e+06
2.714355261554103649e+01 9.105772423297396889e-01 1.319186000000000000e+06
2.722733740409666225e+01 9.068758785747540463e-01 1.327434000000000000e+06
2.731116904834040326e+01 9.019387285069699889e-01 1.337294000000000000e+06
2.739498441427308961e+01 9.023815286766513344e-01 1.342730000000000000e+06
2.747866258082228796e+01 8.991464714898154131e-01 1.350570000000000000e+06
2.756247723469893529e+01 8.952194900887281426e-01 1.362590000000000000e+06
2.764637317716708864e+01 8.914549046578150726e-01 1.369698000000000000e+06
2.773011686037893142e+01 8.875349658233170347e-01 1.374914000000000000e+06
2.781378851120859963e+01 8.859085554037743337e-01 1.383570000000000000e+06
2.789756242253353236e+01 8.805735953228309709e-01 1.395374000000000000e+06
2.798127274786056873e+01 8.794998403715406088e-01 1.396994000000000000e+06
2.806492746953691508e+01 8.758294191409322638e-01 1.411530000000000000e+06
2.814870507983202330e+01 8.728399716699093425e-01 1.417574000000000000e+06
2.823250085536484733e+01 8.699653003777905180e-01 1.428834000000000000e+06
2.831642245547427450e+01 8.642179076286745643e-01 1.439018000000000000e+06
2.840020580335993117e+01 8.607992445328583875e-01 1.440698000000000000e+06
2.848389737328623639e+01 8.576122459649513363e-01 1.453638000000000000e+06
2.856776129641226092e+01 8.532942560812777355e-01 1.463426000000000000e+06
2.865164498472143961e+01 8.507902518609157250e-01 1.471050000000000000e+06
2.873539597999311468e+01 8.466810247332114958e-01 1.476638000000000000e+06
2.881905019890862363e+01 8.432027914415014536e-01 1.484466000000000000e+06
2.890289675093428912e+01 8.399218201463674038e-01 1.501154000000000000e+06
2.898675594616652873e+01 8.362650545446312922e-01 1.501706000000000000e+06
2.907041472198053711e+01 8.365512417449663118e-01 1.511502000000000000e+06
2.915408733972060062e+01 8.307809028083833480e-01 1.520234000000000000e+06
2.923796129814355282e+01 8.272453436785428549e-01 1.535010000000000000e+06
2.932194077207240568e+01 8.240424451099486181e-01 1.543358000000000000e+06
2.940549917698988835e+01 8.203053679169970414e-01 1.535754000000000000e+06
2.948914761948871543e+01 8.165914122042278178e-01 1.564802000000000000e+06
2.957304642502456460e+01 8.133353123852394839e-01 1.563038000000000000e+06
2.965685586864443124e+01 8.093828123713117106e-01 1.578426000000000000e+06
2.974065423044915946e+01 8.063237520249992851e-01 1.581482000000000000e+06
2.982438217008557402e+01 8.027055267702936092e-01 1.592250000000000000e+06
2.990814468646065549e+01 7.991064017026270339e-01 1.602230000000000000e+06
2.999179263215820157e+01 7.969353090878726897e-01 1.604754000000000000e+06
3.007552257970940346e+01 7.940852950923276143e-01 1.623458000000000000e+06
3.015929957087215385e+01 7.922155688622755099e-01 1.624910000000000000e+06
3.024317734005441238e+01 7.881899488305426082e-01 1.645122000000000000e+06
3.032708985436260107e+01 7.855136828092613710e-01 1.645130000000000000e+06
3.041082997219342587e+01 7.815674250138612278e-01 1.655706000000000000e+06
3.049455723219219649e+01 7.796910523702406115e-01 1.663502000000000000e+06
3.057833323294630645e+01 7.773181841512514234e-01 1.675514000000000000e+06
3.066218995697298411e+01 7.751439211344224312e-01 1.685298000000000000e+06
3.074593408191947930e+01 7.720884386878049677e-01 1.689566000000000000e+06
3.082954809468623125e+01 7.703219512913390687e-01 1.697850000000000000e+06
3.091340339641750390e+01 7.682078338316228328e-01 1.718546000000000000e+06
3.099734465130006811e+01 7.638565211981239722e-01 1.719822000000000000e+06
3.108104222338488043e+01 7.612060737200464500e-01 1.726586000000000000e+06
3.116474027426929894e+01 7.583273151922795829e-01 1.739186000000000000e+06
3.124860498828843447e+01 7.566086919039153313e-01 1.751538000000000000e+06
3.133245649887071949e+01 7.534384452880501515e-01 1.758062000000000000e+06
3.141614178307822414e+01 7.519809870618998637e-01 1.763010000000000000e+06
3.149986855610640646e+01 7.467047191059246192e-01 1.778642000000000000e+06
3.158374588400788952e+01 7.449836658313679916e-01 1.788582000000000000e+06
3.166757693376691307e+01 7.419834060084267158e-01 1.794746000000000000e+06
3.175127246931511493e+01 7.396837169839571846e-01 1.803290000000000000e+06
3.183493779085208786e+01 7.365797368168219839e-01 1.811058000000000000e+06
3.191872426101914328e+01 7.329417980504912000e-01 1.828358000000000000e+06
3.200254090967914777e+01 7.316351846330764186e-01 1.831362000000000000e+06
3.208624557094677954e+01 7.282011991589496525e-01 1.842458000000000000e+06
3.216985025736639159e+01 7.257308210404126436e-01 1.846998000000000000e+06
3.225366158768746061e+01 7.235108917448941357e-01 1.869122000000000000e+06
3.233765392466781208e+01 7.220850392198453482e-01 1.876346000000000000e+06
3.242147145466748981e+01 7.199693031041134450e-01 1.879506000000000000e+06
3.250521341167948464e+01 7.162468983154511859e-01 1.893326000000000000e+06
3.258903110732968855e+01 7.161555526110170433e-01 1.901826000000000000e+06
3.267283869534620777e+01 7.121613818684680020e-01 1.911962000000000000e+06
3.275656526575507854e+01 7.107399809712182659e-01 1.919198000000000000e+06
3.284028881372969266e+01 7.086991553390715737e-01 1.930242000000000000e+06
3.292407887898949781e+01 7.064003712852172656e-01 1.942442000000000000e+06
3.300791290112206156e+01 7.037819318616164166e-01 1.951734000000000000e+06
3.309159594029746643e+01 7.013826952207270482e-01 1.955402000000000000e+06
3.317527487811420173e+01 6.998741161888939466e-01 1.971858000000000000e+06
3.325918478063969275e+01 6.959527643234061367e-01 1.984898000000000000e+06
3.334295800125237008e+01 6.927701540760220489e-01 1.986422000000000000e+06
3.342654711354870045e+01 6.917122419903153352e-01 1.996146000000000000e+06
3.351037327631482299e+01 6.878076189352468894e-01 2.017106000000000000e+06
3.359427383821539337e+01 6.883449682723971064e-01 2.020638000000000000e+06
3.367803183712429416e+01 6.865009712488653326e-01 2.029346000000000000e+06
3.376176459220195625e+01 6.833773313303955765e-01 2.041002000000000000e+06
3.384556001022187388e+01 6.809485973335933640e-01 2.051450000000000000e+06
3.392943845922752644e+01 6.794477647846977053e-01 2.065886000000000000e+06
3.401316055039511355e+01 6.776034537375287270e-01 2.064546000000000000e+06
3.409683542659267630e+01 6.754664730031451070e-01 2.082650000000000000e+06
3.418067800810939616e+01 6.723075250741940012e-01 2.095182000000000000e+06
3.426452736710173497e+01 6.703762136268849314e-01 2.101346000000000000e+06
3.434832998306823271e+01 6.693761421358187524e-01 2.115554000000000000e+06
3.443203105705293865e+01 6.673255054938095343e-01 2.115654000000000000e+06
3.451583812868020118e+01 6.638389475149294450e-01 2.141066000000000000e+06
3.459967632687634875e+01 6.613207465606374402e-01 2.139786000000000000e+06
3.468336662819802285e+01 6.597704931971999365e-01 2.152202000000000000e+06
3.476703645977761425e+01 6.577600336127299441e-01 2.161086000000000000e+06
3.485079127028417645e+01 6.555420397801896559e-01 2.176058000000000000e+06
3.493469079655712051e+01 6.532143473351049723e-01 2.190818000000000000e+06
3.501848338903062796e+01 6.505371817093974496e-01 2.191158000000000000e+06
3.510217183339957359e+01 6.483289341109701454e-01 2.205314000000000000e+06
3.518590037953279648e+01 6.480366197348383928e-01 2.215554000000000000e+06
3.526971993052846699e+01 6.459463467054491481e-01 2.230562000000000000e+06
3.535358270636252342e+01 6.431956578231784460e-01 2.239614000000000000e+06
3.543734285600354639e+01 6.416254509717657095e-01 2.245706000000000000e+06
3.552108409358061891e+01 6.400050405500971040e-01 2.259674000000000000e+06
3.560491818170212497e+01 6.387425468961567265e-01 2.273214000000000000e+06
3.568872958243610327e+01 6.366755426754935332e-01 2.278802000000000000e+06
3.577252677462045227e+01 6.349241663375521094e-01 2.294034000000000000e+06
3.585622758416000266e+01 6.319208720743269003e-01 2.294942000000000000e+06
3.593995265006216755e+01 6.301395092898297579e-01 2.317050000000000000e+06
3.602378331164942438e+01 6.267178848152392678e-01 2.322842000000000000e+06
3.610749751390627438e+01 6.253112115530652382e-01 2.330810000000000000e+06
3.619121780725145499e+01 6.238922435951538281e-01 2.345958000000000000e+06
3.627496104714246883e+01 6.217240415264196907e-01 2.353586000000000000e+06
3.635885802177431714e+01 6.192941701280610944e-01 2.376210000000000000e+06
3.644273375320676678e+01 6.166399838787248733e-01 2.374502000000000000e+06
3.652641723315417011e+01 6.140368475485113997e-01 2.386346000000000000e+06
3.661016003667585750e+01 6.132346706844669093e-01 2.401314000000000000e+06
3.669398675014319622e+01 6.107073544962574596e-01 2.411450000000000000e+06
3.677774362791269880e+01 6.094828579785005473e-01 2.420718000000000000e+06
3.686138542781196037e+01 6.075358424638277466e-01 2.425754000000000000e+06
3.694523701027373619e+01 6.062864886132310893e-01 2.455218000000000000e+06
3.702912063015348565e+01 6.044651403419583069e-01 2.450942000000000000e+06
3.711286066480837320e+01 6.030793877906717171e-01 2.467130000000000000e+06
3.719659282330948713e+01 6.002236376478156110e-01 2.474874000000000000e+06
3.728037731851799208e+01 5.996572988184046826e-01 2.490362000000000000e+06
3.736414979091281197e+01 5.979488455820365367e-01 2.498142000000000000e+06
3.744783790554325975e+01 5.959341308050368768e-01 2.507090000000000000e+06
3.753161089290124863e+01 5.946960518094586146e-01 2.525562000000000000e+06
3.761546125363399540e+01 5.917099126296097023e-01 2.534726000000000000e+06
3.769935318534805191e+01 5.905468181964355079e-01 2.549906000000000000e+06
3.778311927771562750e+01 5.891637208485523969e-01 2.551074000000000000e+06
3.786687072097435447e+01 5.855661216274776759e-01 2.570702000000000000e+06
3.795064452686742129e+01 5.842096202112759817e-01 2.574642000000000000e+06
3.803440602811515703e+01 5.828153080916214090e-01 2.594066000000000000e+06
3.811814083290802557e+01 5.806248896832976181e-01 2.594802000000000000e+06
3.820178788957619531e+01 5.797260176950493893e-01 2.612030000000000000e+06
3.828560806097936364e+01 5.771751046631714566e-01 2.627954000000000000e+06
3.836951237816947469e+01 5.762589370860952132e-01 2.640402000000000000e+06
3.845325054821010724e+01 5.736477428719183314e-01 2.641454000000000000e+06
3.853698686701612530e+01 5.737275972130493340e-01 2.661834000000000000e+06
3.862077152240886591e+01 5.717223125968009523e-01 2.669138000000000000e+06
3.870457668857440581e+01 5.713004188675899764e-01 2.684858000000000000e+06
3.878838810440694118e+01 5.690619768292184411e-01 2.693910000000000000e+06
3.887209610060705955e+01 5.666768886937840755e-01 2.701682000000000000e+06
3.895591541384992951e+01 5.667138808637608438e-01 2.722698000000000000e+06
3.903970878692612700e+01 5.637704283111129033e-01 2.725262000000000000e+06
3.912346323929788383e+01 5.623013181644149761e-01 2.742450000000000000e+06
3.920722013046969323e+01 5.598759477789697625e-01 2.749850000000000000e+06
3.929096158370429492e+01 5.585439534397385053e-01 2.763902000000000000e+06
3.937477573634135553e+01 5.572970090314983693e-01 2.778498000000000000e+06
3.945853339307303997e+01 5.553690389401443328e-01 2.784530000000000000e+06
3.954233951365999644e+01 5.545172418589026098e-01 2.804106000000000000e+06
3.962614155532578053e+01 5.528473658173742589e-01 2.809790000000000000e+06
3.970993115735726064e+01 5.513196543221413615e-01 2.825058000000000000e+06
3.979370973670097555e+01 5.488180628226070334e-01 2.834330000000000000e+06
3.987739375837353606e+01 5.470764740737404930e-01 2.842022000000000000e+06
3.996117659102883124e+01 5.461362912836494887e-01 2.864754000000000000e+06
4.004492507367432097e+01 5.432945433711358074e-01 2.864186000000000000e+06
4.012855801902023956e+01 5.432647094777008911e-01 2.879538000000000000e+06
4.021232599228400773e+01 5.412933779946156321e-01 2.899454000000000000e+06
4.029612162727031688e+01 5.391932293893999528e-01 2.904258000000000000e+06
4.038001131135030874e+01 5.376567195657411258e-01 2.930234000000000000e+06
4.046390848166176823e+01 5.359472402702689653e-01 2.929526000000000000e+06
4.054763895091686976e+01 5.342731904316210256e-01 2.942442000000000000e+06
4.063145602871991713e+01 5.329632347229305012e-01 2.960810000000000000e+06
4.071526025477401589e+01 5.320620066955508154e-01 2.964954000000000000e+06
4.079900469843234134e+01 5.296711826254398847e-01 2.980910000000000000e+06
4.088275455494471800e+01 5.284971169965141380e-01 2.990978000000000000e+06
4.096655099355582053e+01 5.269241837249710736e-01 3.007626000000000000e+06
4.105038506696493528e+01 5.259599422489522613e-01 3.019166000000000000e+06
4.113408514747818856e+01 5.239114855896381817e-01 3.021090000000000000e+06
4.121781401966371305e+01 5.223466894850572473e-01 3.047834000000000000e+06
4.130168676574312769e+01 5.215404389986877387e-01 3.055590000000000000e+06
4.138552050109588976e+01 5.209312488716154599e-01 3.068546000000000000e+06
4.146914577407831359e+01 5.189975284242620557e-01 3.067274000000000000e+06
4.155286479481431883e+01 5.175150045609216987e-01 3.098058000000000000e+06
4.163678258255396258e+01 5.172076447616664741e-01 3.109214000000000000e+06
4.172055832134024200e+01 5.148806882955802022e-01 3.110466000000000000e+06
4.180418526461116357e+01 5.134764368496689269e-01 3.124370000000000000e+06
4.188792935761906477e+01 5.116364425124054760e-01 3.144174000000000000e+06
4.197185138929292947e+01 5.099943844176841878e-01 3.161738000000000000e+06
4.205562112114309059e+01 5.096210627585138209e-01 3.159890000000000000e+06
4.213924805322351830e+01 5.065462260935095218e-01 3.174138000000000000e+06
4.222299894826061717e+01 5.058735324284729939e-01 3.195926000000000000e+06
4.230691258081674988e+01 5.041005269998686256e-01 3.211386000000000000e+06
4.239080415901788967e+01 5.024147613435657744e-01 3.219314000000000000e+06
4.247453169083237157e+01 5.012653100579321785e-01 3.225494000000000000e+06
4.255825507974662258e+01 4.996527437254861814e-01 3.242562000000000000e+06
4.264203752623418353e+01 4.984046570169918255e-01 3.257450000000000000e+06
4.272584879897986099e+01 4.972133538771008054e-01 3.269118000000000000e+06
4.280959718026213068e+01 4.954816434019634896e-01 3.278930000000000000e+06
4.289324313363174213e+01 4.943195198758614239e-01 3.286650000000000000e+06
4.297705823947939763e+01 4.932342437006461688e-01 3.316610000000000000e+06
4.306095854823670521e+01 4.916726553510387121e-01 3.321542000000000000e+06
4.314470014373539897e+01 4.907839774221904872e-01 3.328578000000000000e+06
4.322841831305547800e+01 4.887296588954384569e-01 3.345074000000000000e+06
4.331221276153173960e+01 4.868374083718705059e-01 3.361686000000000000e+06
4.339600557191744912e+01 4.859098168929068540e-01 3.369722000000000000e+06
4.347974360653208947e+01 4.851283789571941840e-01 3.385290000000000000e+06
4.356345927572596111e+01 4.829921609850885700e-01 3.391370000000000000e+06
4.364729718140662129e+01 4.816257669518190232e-01 3.422966000000000000e+06
4.373115310142490841e+01 4.803123989264047045e-01 3.419538000000000000e+06
4.381493904908852244e+01 4.801622073918689892e-01 3.441890000000000000e+06
4.389872518355250719e+01 4.783430821949993250e-01 3.447582000000000000e+06
4.398251250846917060e+01 4.769632111838047472e-01 3.466298000000000000e+06
4.406617792640594899e+01 4.758903786112375633e-01 3.466194000000000000e+06
4.414985741111507167e+01 4.750452955875354433e-01 3.492062000000000000e+06
4.423365507571194399e+01 4.736716390046113445e-01 3.503114000000000000e+06
4.431743533444053895e+01 4.720060668507932711e-01 3.517146000000000000e+06
4.440128817701192787e+01 4.712338214772381906e-01 3.535706000000000000e+06
4.448508293520813339e+01 4.693308156357158256e-01 3.539742000000000000e+06
4.456885232151149978e+01 4.682678187359534672e-01 3.558698000000000000e+06
4.465264799184704714e+01 4.671508774770161687e-01 3.570122000000000000e+06
4.473644620586907905e+01 4.653029741373779782e-01 3.585174000000000000e+06
4.482021823753251510e+01 4.648541418473733366e-01 3.594314000000000000e+06
4.490398199496299014e+01 4.635867994478799492e-01 3.612258000000000000e+06
4.498774280066585618e+01 4.624524415501333752e-01 3.620282000000000000e+06
4.507149731418039096e+01 4.613170217840892873e-01 3.639078000000000000e+06
4.515529296565681960e+01 4.607786711227382925e-01 3.650450000000000000e+06
4.523902850959706967e+01 4.592654061896238038e-01 3.661418000000000000e+06
4.532276634990883224e+01 4.578542287640026687e-01 3.677694000000000000e+06
4.540659508440727876e+01 4.559782282253844743e-01 3.695978000000000000e+06
4.549038931088257698e+01 4.551878168201987096e-01 3.702810000000000000e+06
4.557410984910109875e+01 4.547246594739411396e-01 3.716162000000000000e+06
4.565793710884364032e+01 4.531807556173721441e-01 3.740094000000000000e+06
4.574173858314507868e+01 4.522307344597127354e-01 3.740954000000000000e+06
4.582547487248402263e+01 4.505417320535843317e-01 3.760946000000000000e+06
4.590929724167653347e+01 4.506207258968238927e-01 3.778278000000000000e+06
4.599310294070550498e+01 4.481948703302207626e-01 3.784922000000000000e+06
4.607688647938994819e+01 4.470766629717869978e-01 3.805266000000000000e+06
4.616063114034604098e+01 4.456623392790267091e-01 3.807686000000000000e+06
4.624436961981203353e+01 4.450711950807825223e-01 3.833130000000000000e+06
4.632816579644655519e+01 4.439136918783372354e-01 3.841898000000000000e+06
4.641196142457300766e+01 4.430309657098334131e-01 3.858074000000000000e+06
4.649571814796405533e+01 4.417880877462603273e-01 3.868974000000000000e+06
4.657948650465218066e+01 4.409675983859419057e-01 3.885362000000000000e+06
4.666326012374663890e+01 4.399077544256584371e-01 3.898290000000000000e+06
4.674697557759400013e+01 4.384084519009636693e-01 3.907334000000000000e+06
4.683072185148795086e+01 4.373358884423210746e-01 3.928730000000000000e+06
4.691446205725140572e+01 4.366842716654142920e-01 3.936666000000000000e+06
4.699827339304534490e+01 4.354888464678419724e-01 3.961346000000000000e+06
4.708217883775101598e+01 4.341510609003428889e-01 3.975774000000000000e+06
4.716589489477312469e+01 4.333122654659598560e-01 3.970106000000000000e+06
4.724959403662504087e+01 4.313118728407737135e-01 4.003170000000000000e+06
4.733350988050379016e+01 4.308489266730322620e-01 4.019558000000000000e+06
4.741737501115326126e+01 4.299145018359804560e-01 4.025642000000000000e+06
4.750102520144735507e+01 4.290738160522714062e-01 4.028514000000000000e+06
4.758473950277736009e+01 4.276291398379760134e-01 4.059398000000000000e+06
4.766858069315918556e+01 4.268665929998323727e-01 4.069674000000000000e+06
4.775237333775331194e+01 4.257011659530161030e-01 4.083698000000000000e+06
4.783614237112322343e+01 4.249160604706473943e-01 4.095210000000000000e+06
4.791988490245709897e+01 4.238936248424164388e-01 4.110518000000000000e+06
4.800366139183459069e+01 4.230159201327889362e-01 4.126850000000000000e+06
4.808744155042190727e+01 4.215461216768426889e-01 4.140114000000000000e+06
4.817110248164115660e+01 4.200850552717497188e-01 4.144070000000000000e+06
4.825485289941014599e+01 4.188815405998655983e-01 4.175802000000000000e+06
4.833872317014574804e+01 4.179341729303738262e-01 4.187882000000000000e+06
4.842255739313756635e+01 4.168303268440793352e-01 4.199250000000000000e+06
4.850630200152498617e+01 4.161484522700308331e-01 4.209326000000000000e+06
4.858999651144587517e+01 4.151901113892750850e-01 4.222130000000000000e+06
4.867384498554194749e+01 4.137170629990000736e-01 4.254258000000000000e+06
4.875769237889889496e+01 4.129487559959157950e-01 4.252478000000000000e+06
4.884143639731927777e+01 4.118855102842673421e-01 4.270698000000000000e+06
4.892512165045238959e+01 4.113009166171511244e-01 4.278122000000000000e+06
4.900892249802404876e+01 4.097534616828519272e-01 4.309898000000000000e+06
4.909279745527720706e+01 4.087237529388601520e-01 4.317150000000000000e+06
4.917658920170342185e+01 4.078623382046507873e-01 4.329698000000000000e+06
4.926033308118844189e+01 4.065549390830224263e-01 4.340826000000000000e+06
4.934406286064109537e+01 4.062134856718177534e-01 4.359590000000000000e+06
4.942786957825488514e+01 4.043414499011846464e-01 4.376850000000000000e+06
4.951163677893373460e+01 4.039599249910068579e-01 4.386674000000000000e+06
4.959537078523236886e+01 4.033150096938012963e-01 4.401782000000000000e+06
4.967912880843362444e+01 4.025398487512474310e-01 4.419210000000000000e+06
4.976302304379169783e+01 4.012295000856857530e-01 4.446482000000000000e+06
4.984679567254183752e+01 3.998869137879958457e-01 4.435554000000000000e+06
4.993048967360238777e+01 3.988045583130115923e-01 4.468934000000000000e+06
5.001430382430130805e+01 3.976338034460040749e-01 4.477650000000000000e+06
5.009805003277288193e+01 3.970401236368397146e-01 4.491218000000000000e+06
5.018180837416312556e+01 3.958264787407119178e-01 4.510358000000000000e+06
5.026555488397971772e+01 3.949482405367687465e-01 4.518594000000000000e+06
5.034932947116654134e+01 3.938019559579392093e-01 4.544474000000000000e+06
5.043314290484163820e+01 3.932652592277230963e-01 4.552098000000000000e+06
5.051694671432978367e+01 3.923374149451692716e-01 4.574990000000000000e+06
5.060070330614421863e+01 3.912252496608195629e-01 4.577210000000000000e+06
5.068450326170798093e+01 3.905419073796066454e-01 4.608186000000000000e+06
5.076830570006593746e+01 3.893474857262095856e-01 4.610198000000000000e+06
5.085203782795357341e+01 3.880426831613053573e-01 4.628898000000000000e+06
5.093575247787595117e+01 3.872887924812062344e-01 4.641170000000000000e+06
5.101951360832174487e+01 3.864210314207386365e-01 4.662462000000000000e+06
5.110336138272519690e+01 3.858604891398846326e-01 4.681442000000000000e+06
5.118714498866896889e+01 3.847302068112247730e-01 4.687850000000000000e+06
5.127091437680648056e+01 3.837340920800081934e-01 4.708818000000000000e+06
5.135469940961902324e+01 3.827045140414111479e-01 4.721534000000000000e+06
5.143844012238305652e+01 3.820125423377853102e-01 4.732770000000000000e+06
5.152216672994304503e+01 3.814044885434386689e-01 4.753346000000000000e+06
5.160598460354614758e+01 3.803121947601514341e-01 4.772886000000000000e+06
5.168981756623005452e+01 3.798035066366456936e-01 4.785098000000000000e+06
5.177356462271885107e+01 3.785756446706985967e-01 4.795394000000000000e+06
5.185730248904087603e+01 3.779335357435605336e-01 4.813986000000000000e+06
5.194107950576231758e+01 3.769131309628208637e-01 4.832654000000000000e+06
5.202490683524943194e+01 3.756465799006137307e-01 4.849362000000000000e+06
5.210868111161441618e+01 3.753563473149783003e-01 4.858322000000000000e+06
5.219237188700115837e+01 3.743706230757135045e-01 4.871286000000000000e+06
5.227611099451670640e+01 3.732966398126827401e-01 4.894370000000000000e+06
5.235994633095187112e+01 3.719029330674615830e-01 4.914650000000000000e+06
5.244373186833391998e+01 3.716117563456646788e-01 4.919658000000000000e+06
5.252748139865951060e+01 3.704897799069862829e-01 4.941638000000000000e+06
5.261134608608541186e+01 3.698457033633416602e-01 4.965954000000000000e+06
5.269521219925067612e+01 3.688119874813195476e-01 4.971770000000000000e+06
5.277896921030312427e+01 3.676382232632435798e-01 4.985702000000000000e+06
5.286266873731673144e+01 3.673800825968904227e-01 4.996314000000000000e+06
5.294640362710930503e+01 3.658883142431638147e-01 5.021258000000000000e+06
5.303021795299186181e+01 3.652505125563911270e-01 5.038470000000000000e+06
5.311400321458867069e+01 3.646029717325895980e-01 5.048570000000000000e+06
5.319775700266092855e+01 3.640698324672746455e-01 5.067786000000000000e+06
5.328156065547872799e+01 3.630669594969083702e-01 5.084402000000000000e+06
5.336537962353408915e+01 3.624289267075712639e-01 5.104238000000000000e+06
5.344909091783166133e+01 3.614917216952933110e-01 5.101890000000000000e+06
5.353274999593639194e+01 3.611268503901088334e-01 5.129594000000000000e+06
5.361652756373694473e+01 3.604754562266002105e-01 5.149086000000000000e+06
5.370036822863162485e+01 3.596312292095277252e-01 5.168834000000000000e+06
5.378411950541506314e+01 3.580284354792620527e-01 5.172306000000000000e+06
5.386787929501433325e+01 3.577312732414759666e-01 5.199218000000000000e+06
5.395171074936121158e+01 3.568107519418341478e-01 5.215430000000000000e+06
5.403552355469201984e+01 3.559045248233623226e-01 5.229066000000000000e+06
5.411930985166335262e+01 3.550925202067677922e-01 5.244530000000000000e+06
5.420310642373981125e+01 3.545077590744213913e-01 5.262870000000000000e+06
5.428687812998526852e+01 3.537154470634958914e-01 5.272562000000000000e+06
5.437059019332080112e+01 3.525175242500233619e-01 5.290098000000000000e+06
5.445438308715934994e+01 3.519104988786980748e-01 5.314358000000000000e+06
5.453817366229988295e+01 3.507276406785444500e-01 5.322098000000000000e+06
5.462191410682409298e+01 3.500259126242785124e-01 5.341026000000000000e+06
5.470574856213039538e+01 3.493763949036848282e-01 5.366858000000000000e+06
5.478957837144608334e+01 3.484278402403086505e-01 5.374422000000000000e+06
5.487325249086202206e+01 3.478397716136734652e-01 5.377730000000000000e+06
5.495693797161722927e+01 3.470862118049842793e-01 5.409410000000000000e+06
5.504079340903902562e+01 3.462259436578558613e-01 5.434014000000000000e+06
5.512463744441291880e+01 3.456360378842563419e-01 5.438882000000000000e+06
5.520838246356159118e+01 3.447793492074489041e-01 5.456178000000000000e+06
5.529211836524709867e+01 3.439879100248260935e-01 5.469242000000000000e+06
5.537590104604533536e+01 3.430968979511929695e-01 5.496174000000000000e+06
5.545970262891226810e+01 3.422834858769273625e-01 5.505530000000000000e+06
5.554345609431005926e+01 3.411734211137357753e-01 5.521202000000000000e+06
5.562722615507448864e+01 3.405151235740312976e-01 5.544126000000000000e+06
5.571106592766010124e+01 3.394609068604088065e-01 5.560106000000000000e+06
5.579489699651359302e+01 3.388958769508476632e-01 5.579754000000000000e+06
5.587861150379660558e+01 3.382907391500052929e-01 5.576270000000000000e+06
5.596227888762821578e+01 3.373128813665723924e-01 5.607138000000000000e+06
5.604605505562237511e+01 3.361492462434840234e-01 5.625026000000000000e+06
5.612988563474059589e+01 3.358126731764298212e-01 5.646698000000000000e+06
5.621362981395379421e+01 3.349207027777394430e-01 5.649126000000000000e+06
5.629735953290565220e+01 3.344119521164167774e-01 5.676434000000000000e+06
5.638111113221403770e+01 3.334343018220218835e-01 5.687418000000000000e+06
5.646491353105431443e+01 3.325861248497593570e-01 5.715830000000000000e+06
5.654876833880403098e+01 3.317658979161175470e-01 5.729210000000000000e+06
5.663258281598625388e+01 3.308766342164621288e-01 5.744802000000000000e+06
5.671632533067610638e+01 3.302947687075137306e-01 5.752154000000000000e+06
5.680011690917110911e+01 3.291499118101777754e-01 5.786382000000000000e+06
5.688389278969563634e+01 3.286701269297144234e-01 5.784146000000000000e+06
5.696761357142070636e+01 3.275786602745354159e-01 5.812146000000000000e+06
5.705141499197365818e+01 3.267600570892835732e-01 5.830166000000000000e+06
5.713521997423967491e+01 3.260293199449181833e-01 5.845850000000000000e+06
5.721900004074090873e+01 3.253084813590151336e-01 5.862834000000000000e+06
5.730276083164348933e+01 3.245977410737047597e-01 5.876066000000000000e+06
5.738658092066984295e+01 3.239233690843017488e-01 5.905854000000000000e+06
5.747033874630024286e+01 3.233236249282903652e-01 5.902274000000000000e+06
5.755404338958180688e+01 3.230280574542533367e-01 5.931258000000000000e+06
5.763786106901985562e+01 3.221493623977030318e-01 5.954966000000000000e+06
5.772168705776467590e+01 3.213437451909746390e-01 5.965346000000000000e+06
5.780542407686664319e+01 3.205475434347449526e-01 5.977818000000000000e+06
5.788919496618857607e+01 3.197090188082105100e-01 6.004718000000000000e+06
5.797296788463464878e+01 3.193085290598043358e-01 6.011706000000000000e+06
5.805676589856359726e+01 3.180391000650041322e-01 6.045770000000000000e+06
5.814055263107005089e+01 3.177740083481390698e-01 6.041586000000000000e+06
5.822426906686246895e+01 3.168593407458317746e-01 6.073166000000000000e+06
5.830801158641646253e+01 3.164671246505571522e-01 6.078962000000000000e+06
5.839179370373053501e+01 3.155189067913065082e-01 6.114258000000000000e+06
5.847563338611901429e+01 3.146640231739354920e-01 6.123086000000000000e+06
5.855940577164263061e+01 3.138887395160646077e-01 6.136770000000000000e+06
5.864313003931577839e+01 3.129983835637893397e-01 6.154898000000000000e+06
5.872691634067579969e+01 3.123136109901741286e-01 6.178610000000000000e+06
5.881074619570083684e+01 3.118816939126315413e-01 6.197982000000000000e+06
5.889452794754235043e+01 3.112112876656521476e-01 6.205322000000000000e+06
5.897820641443409073e+01 3.102241571994822644e-01 6.218850000000000000e+06
5.906193901280321512e+01 3.098158233035316900e-01 6.249542000000000000e+06
5.914581786000324826e+01 3.088170286442170620e-01 6.274146000000000000e+06
5.922958949112301497e+01 3.085528038630726000e-01 6.270242000000000000e+06
5.931333012199205257e+01 3.077017946394274284e-01 6.305222000000000000e+06
5.939720105247847926e+01 3.074062462351933034e-01 6.325026000000000000e+06
5.948100907207791010e+01 3.065865309143100403e-01 6.331922000000000000e+06
5.956471628696222353e+01 3.061231004376311904e-01 6.343698000000000000e+06
5.964845880386389609e+01 3.053565495945355091e-01 6.375158000000000000e+06
5.973228933048412159e+01 3.047391280405520320e-01 6.392178000000000000e+06
5.981613496168468203e+01 3.044016787606587116e-01 6.412826000000000000e+06
5.989983645289154879e+01 3.036412035252263331e-01 6.407078000000000000e+06
5.998354613160790194e+01 3.030279449884412668e-01 6.447954000000000000e+06
6.006732029307560339e+01 3.018271224434350142e-01 6.456026000000000000e+06
6.015110327404215695e+01 3.013833312197992109e-01 6.482034000000000000e+06
6.023487596160424573e+01 3.008374907090507477e-01 6.492878000000000000e+06
6.031854831072890022e+01 3.004758750823198765e-01 6.502074000000000000e+06
6.040231839065788222e+01 2.995915247450301466e-01 6.542930000000000000e+06
6.048619165671609466e+01 2.984445210763265188e-01 6.556598000000000000e+06
6.057002333107591596e+01 2.979582266035343818e-01 6.570330000000000000e+06
6.065376829395822256e+01 2.977452915442725945e-01 6.581882000000000000e+06
6.073756442394000743e+01 2.973040565615724939e-01 6.612546000000000000e+06
6.082141587353444123e+01 2.961692867688034969e-01 6.628622000000000000e+06
6.090514253860760618e+01 2.955138156765414470e-01 6.629498000000000000e+06
6.098884320245825563e+01 2.953973045012576737e-01 6.659250000000000000e+06
6.107265851032283877e+01 2.942553446706449582e-01 6.686006000000000000e+06
6.115647246835320061e+01 2.936117355708712240e-01 6.693786000000000000e+06
6.124020033801726015e+01 2.930315020932559023e-01 6.711554000000000000e+06
6.132397038132510403e+01 2.924656582455396614e-01 6.735678000000000000e+06
6.140778387575393538e+01 2.920322672002563236e-01 6.754754000000000000e+06
6.149161352937865388e+01 2.913013146768940742e-01 6.776570000000000000e+06
6.157529545988447239e+01 2.907059940650714158e-01 6.767394000000000000e+06
6.165900889953971387e+01 2.900863909867728574e-01 6.818246000000000000e+06
6.174288787705573611e+01 2.891080924234346039e-01 6.830562000000000000e+06
6.182665980957211360e+01 2.885513166332952517e-01 6.839186000000000000e+06
6.191039097988957707e+01 2.880077525751800205e-01 6.861462000000000000e+06
6.199415875786135643e+01 2.873866671007503371e-01 6.880394000000000000e+06
6.207797374072198693e+01 2.865060448710023411e-01 6.907178000000000000e+06
6.216178350871904001e+01 2.864337698788237963e-01 6.917034000000000000e+06
6.224554940092006916e+01 2.854641958254431344e-01 6.937934000000000000e+06
6.232927625716432374e+01 2.851342797509806015e-01 6.947250000000000000e+06
6.241305212971730754e+01 2.843738336255565158e-01 6.982106000000000000e+06
6.249687658401688850e+01 2.836715616610046564e-01 6.995718000000000000e+06
6.258064195304475419e+01 2.831210621518145398e-01 7.006682000000000000e+06
6.266440681033797944e+01 2.827883944918792025e-01 7.035866000000000000e+06
6.274824216199589699e+01 2.820972631558055777e-01 7.054110000000000000e+06
6.283199118762099999e+01 2.815244382007351387e-01 7.059194000000000000e+06
6.291572599321118986e+01 2.805468906210297209e-01 7.091802000000000000e+06
6.299950509521183051e+01 2.802127293411632025e-01 7.100666000000000000e+06
6.308326075680762557e+01 2.795644452923031764e-01 7.129070000000000000e+06
6.316706195378349520e+01 2.790314907069327832e-01 7.143282000000000000e+06
6.325081801455058894e+01 2.783903701775693462e-01 7.161482000000000000e+06
6.333459669546337523e+01 2.774914457038810678e-01 7.184694000000000000e+06
6.341841008120442780e+01 2.769896510424749159e-01 7.203914000000000000e+06
6.350218876580745331e+01 2.767453314839607992e-01 7.219746000000000000e+06
6.358591190700263951e+01 2.759128661099731761e-01 7.228634000000000000e+06
6.366969673610064717e+01 2.753358606103693540e-01 7.271990000000000000e+06
6.375349087092273948e+01 2.746519747519742261e-01 7.266786000000000000e+06
6.383719401333753751e+01 2.742387899062883605e-01 7.293650000000000000e+06
6.392099500043143223e+01 2.734784415420572490e-01 7.324086000000000000e+06
6.400484294296721544e+01 2.730185388320739981e-01 7.338650000000000000e+06
6.408861957019631461e+01 2.721388521866680010e-01 7.351962000000000000e+06
6.417229567069612983e+01 2.718764908885050180e-01 7.357190000000000000e+06
6.425605827522849722e+01 2.710513929032538627e-01 7.406042000000000000e+06
6.433988346718935247e+01 2.704288723712062192e-01 7.408626000000000000e+06
6.442366993893529070e+01 2.695689055773500820e-01 7.435610000000000000e+06
6.450748292497215175e+01 2.693199253455605402e-01 7.453542000000000000e+06
6.459124517573944502e+01 2.686416248280747987e-01 7.464002000000000000e+06
6.467501250428696835e+01 2.683280552357988902e-01 7.493546000000000000e+06
6.475881482306483861e+01 2.675937342809812658e-01 7.510806000000000000e+06
6.484263355878292145e+01 2.670872513347514188e-01 7.532114000000000000e+06
6.492635863913294259e+01 2.662880923018048351e-01 7.536234000000000000e+06
6.501006892041591811e+01 2.660896835695839568e-01 7.565834000000000000e+06
6.509392196997305291e+01 2.653611466011983056e-01 7.603062000000000000e+06
6.517772136341262978e+01 2.651979420297107537e-01 7.593890000000000000e+06
6.526142024031203448e+01 2.645324827565760373e-01 7.622906000000000000e+06
6.534517798747489792e+01 2.639325247148348597e-01 7.646622000000000000e+06
6.542900683024386410e+01 2.632767505146598186e-01 7.672058000000000000e+06
6.551278372258207128e+01 2.630021326034795437e-01 7.679346000000000000e+06
6.559647689529717240e+01 2.624116118713780699e-01 7.693058000000000000e+06
6.568023240704575016e+01 2.617413534488043370e-01 7.732158000000000000e+06
6.576407007540214522e+01 2.609708166891743786e-01 7.746962000000000000e+06
6.584790505033298302e+01 2.604900137511507729e-01 7.770986000000000000e+06
6.593165610578880376e+01 2.599795820791668266e-01 7.772094000000000000e+06
6.601538633341530726e+01 2.596595025665642265e-01 7.803818000000000000e+06
6.609921986930250171e+01 2.591053002819127538e-01 7.834338000000000000e+06
6.618300989442009552e+01 2.583744962476272611e-01 7.833710000000000000e+06
6.626672027527055775e+01 2.578329448513346778e-01 7.858794000000000000e+06
6.635048482494400446e+01 2.575681037861367040e-01 7.884290000000000000e+06
6.643426840268917033e+01 2.566907046515848334e-01 7.901522000000000000e+06
6.651807839369693909e+01 2.561692359351590564e-01 7.930662000000000000e+06
6.660185938569200914e+01 2.557014363735952700e-01 7.934426000000000000e+06
6.668562349459918437e+01 2.553212986747617208e-01 7.967322000000000000e+06
6.676941985144630110e+01 2.547310745741570570e-01 7.981934000000000000e+06
6.685320220952085890e+01 2.541976216757075302e-01 8.003282000000000000e+06
6.693696207061206849e+01 2.539217811564720706e-01 8.019666000000000000e+06
6.702068860837411535e+01 2.532391633959725219e-01 8.034482000000000000e+06
6.710445272740649614e+01 2.526230110718888366e-01 8.068542000000000000e+06
6.718828234859530824e+01 2.521877306575308619e-01 8.088290000000000000e+06
6.727206071729939652e+01 2.516598740761545328e-01 8.096322000000000000e+06
6.735579384931760671e+01 2.510467032540873999e-01 8.122646000000000000e+06
6.743961094632139464e+01 2.507213681535208627e-01 8.150138000000000000e+06
6.752341839406597046e+01 2.503039531080342162e-01 8.165322000000000000e+06
6.760720134506061640e+01 2.496185338501063500e-01 8.182574000000000000e+06
6.769097215349376029e+01 2.490379186313294024e-01 8.203698000000000000e+06
6.777475210174605991e+01 2.484597049391789048e-01 8.226914000000000000e+06
6.785855795495925236e+01 2.480302442203116964e-01 8.246898000000000000e+06
6.794231757399198557e+01 2.470377881312173507e-01 8.261774000000000000e+06
6.802605368830526800e+01 2.463938170351422929e-01 8.279426000000000000e+06
6.810980740395922339e+01 2.461083966944615509e-01 8.308722000000000000e+06
6.819359624676370402e+01 2.455461599954072704e-01 8.326214000000000000e+06
6.827735164047554406e+01 2.451756821127785702e-01 8.342682000000000000e+06
6.836106899917464830e+01 2.444555022860159799e-01 8.360834000000000000e+06
6.844484437189701964e+01 2.438733033043552212e-01 8.393226000000000000e+06
6.852869899063553305e+01 2.435491351104196456e-01 8.420150000000000000e+06
6.861250241461986832e+01 2.429195441550247303e-01 8.421986000000000000e+06
6.869622258997036113e+01 2.424989912042960494e-01 8.445714000000000000e+06
6.877998582885126666e+01 2.417929906911581717e-01 8.472590000000000000e+06
6.886380417121233677e+01 2.412934780945385771e-01 8.495370000000000000e+06
6.894760222040189035e+01 2.407910462383595906e-01 8.512802000000000000e+06
6.903133907390910906e+01 2.405048402670799668e-01 8.523290000000000000e+06
6.911515911696680803e+01 2.402240490062865774e-01 8.570982000000000000e+06
6.919899661482570252e+01 2.396841707107626451e-01 8.568458000000000000e+06
6.928271270688284744e+01 2.391075791317950616e-01 8.586498000000000000e+06
6.936640883580386685e+01 2.384642677676127864e-01 8.608838000000000000e+06
6.945020519724739927e+01 2.380496720300823155e-01 8.645610000000000000e+06
6.953403489536805182e+01 2.373807456724613407e-01 8.658386000000000000e+06
6.961776845906641142e+01 2.369465050749844370e-01 8.668598000000000000e+06
6.970149629909469979e+01 2.364038509784389119e-01 8.697426000000000000e+06
6.978527344513386765e+01 2.359606472272710864e-01 8.722562000000000000e+06
6.986906013590846953e+01 2.352649136034237753e-01 8.737962000000000000e+06
6.995286374627769987e+01 2.347006013658533841e-01 8.771366000000000000e+06
7.003663130607654352e+01 2.342445026285456255e-01 8.771010000000000000e+06
7.012044287898793016e+01 2.337736655944981368e-01 8.822618000000000000e+06
7.020422712516214858e+01 2.333495898941451985e-01 8.807726000000000000e+06
7.028792428421020588e+01 2.332032881465316010e-01 8.844618000000000000e+06
7.037169187076506205e+01 2.326249486679140277e-01 8.868722000000000000e+06
7.045550216092648554e+01 2.321398927997117279e-01 8.891394000000000000e+06
7.053930310811041693e+01 2.318267140443364960e-01 8.911934000000000000e+06
7.062306388634770826e+01 2.313512123235280105e-01 8.923938000000000000e+06
7.070681928787864479e+01 2.310033738075576160e-01 8.953682000000000000e+06
7.079064883602877956e+01 2.306225747236184120e-01 8.981966000000000000e+06
7.087445404086807343e+01 2.299691160901766451e-01 8.990442000000000000e+06
7.095817349518108585e+01 2.294286504229521850e-01 9.007874000000000000e+06
7.104193091703314167e+01 2.292193966090429191e-01 9.038982000000000000e+06
7.112576467725064333e+01 2.283761662533343173e-01 9.068570000000000000e+06
7.120961688916655419e+01 2.282200820010456543e-01 9.085250000000000000e+06
7.129335164196812968e+01 2.277124068074970198e-01 9.084690000000000000e+06
7.137708037180341591e+01 2.272313640105101951e-01 9.128654000000000000e+06
7.146084353628984331e+01 2.267993204987972522e-01 9.133170000000000000e+06
7.154466665793322022e+01 2.265231308218416117e-01 9.185882000000000000e+06
7.162842926759091711e+01 2.259285838851569639e-01 9.163254000000000000e+06
7.171216325434680527e+01 2.256960314008587820e-01 9.220130000000000000e+06
7.179600405083390058e+01 2.250621078121002872e-01 9.233138000000000000e+06
7.187979487849634097e+01 2.246632827634463536e-01 9.249378000000000000e+06
7.196355510905767972e+01 2.242525386801559606e-01 9.271550000000000000e+06
7.204729422001986450e+01 2.240549780719182649e-01 9.286266000000000000e+06
7.213106156089709486e+01 2.233047979339028155e-01 9.320762000000000000e+06
7.221480038490358311e+01 2.227780983621462652e-01 9.326718000000000000e+06
7.229852005323998299e+01 2.224771160761302158e-01 9.354602000000000000e+06
7.238228486066410028e+01 2.220972031267283153e-01 9.384122000000000000e+06
7.246607067066045715e+01 2.214886827079717846e-01 9.400482000000000000e+06
7.254987197439923818e+01 2.209719592758674633e-01 9.432638000000000000e+06
7.263367976569567475e+01 2.206508830728126092e-01 9.445314000000000000e+06
7.271750340333485951e+01 2.201153098617853743e-01 9.477290000000000000e+06
7.280130916047085066e+01 2.193781297481700587e-01 9.489182000000000000e+06
7.288506765200136783e+01 2.190523983806799135e-01 9.506706000000000000e+06
7.296881975889688476e+01 2.186521984842003941e-01 9.533978000000000000e+06
7.305259443485221027e+01 2.181908361422039144e-01 9.553662000000000000e+06
7.313637521480190173e+01 2.178745177465309657e-01 9.579506000000000000e+06
7.322019418653475498e+01 2.169999170471361705e-01 9.607866000000000000e+06
7.330395444861356680e+01 2.167156700304755657e-01 9.608354000000000000e+06
7.338767600840630223e+01 2.164927546661285784e-01 9.643862000000000000e+06
7.347148094131401308e+01 2.160454369945622732e-01 9.670578000000000000e+06
7.355528165751150027e+01 2.156754592589304742e-01 9.687890000000000000e+06
7.363898985402030917e+01 2.150719095077483489e-01 9.693294000000000000e+06
7.372271904442924040e+01 2.147790491487601428e-01 9.736034000000000000e+06
7.380653580168322492e+01 2.141306294757651107e-01 9.758946000000000000e+06
7.389034984429981989e+01 2.138429321052860710e-01 9.778994000000000000e+06
7.397413656457592879e+01 2.135224012622879419e-01 9.796814000000000000e+06
7.405788979529948790e+01 2.129788511260500006e-01 9.816882000000000000e+06
7.414169279296697823e+01 2.126552990026713275e-01 9.850514000000000000e+06
7.422546369344802031e+01 2.122293112604202447e-01 9.856062000000000000e+06
7.430920419509655517e+01 2.116880106478335466e-01 9.886706000000000000e+06
7.439300596308194713e+01 2.111927721462488472e-01 9.916194000000000000e+06
7.447678556559041851e+01 2.111091886087190783e-01 9.924854000000000000e+06
7.456056972198642541e+01 2.105797676853563005e-01 9.961490000000000000e+06
7.464438171105736330e+01 2.101404230121800554e-01 9.979098000000000000e+06
7.472814154131890518e+01 2.097428511913496663e-01 9.990266000000000000e+06
7.481183974796279301e+01 2.091481855795185030e-01 1.001239800000000000e+07
7.489556694343458787e+01 2.088896322256265647e-01 1.003881800000000000e+07
7.497934514550230745e+01 2.084940333091013509e-01 1.007208200000000000e+07
7.506311789232059084e+01 2.082219789004301491e-01 1.008267000000000000e+07
7.514692811902769165e+01 2.077465226993845671e-01 1.012322600000000000e+07
7.523075407192267505e+01 2.071894320124039457e-01 1.013483400000000000e+07
7.531451966247126961e+01 2.068174989779784922e-01 1.015145000000000000e+07
7.539829209775307106e+01 2.064484376555731082e-01 1.018411800000000000e+07
7.548208760826673824e+01 2.059987882127216063e-01 1.019981000000000000e+07
7.556588556111178434e+01 2.055688074721716274e-01 1.023038600000000000e+07
7.564964694677739487e+01 2.053071329769081410e-01 1.023833400000000000e+07
7.573340114101655729e+01 2.049517095399214506e-01 1.027159400000000000e+07
7.581720755260936073e+01 2.042371944894837144e-01 1.029841800000000000e+07
7.590097691415932957e+01 2.041224378357851532e-01 1.030681400000000000e+07
7.598473414840474049e+01 2.035672041809806210e-01 1.034130600000000000e+07
7.606853392840329775e+01 2.030183177549170215e-01 1.036284200000000000e+07
7.615234212784832835e+01 2.029104998693789796e-01 1.038883400000000000e+07
7.623609474757780902e+01 2.023804473610545940e-01 1.039563000000000000e+07
7.631981670052634570e+01 2.019756244435444992e-01 1.042536200000000000e+07
7.640358337833828273e+01 2.015278392358952897e-01 1.045427400000000000e+07
7.648737866504175997e+01 2.011563141862597048e-01 1.047829400000000000e+07
7.657118922665969762e+01 2.010062686289174061e-01 1.050181800000000000e+07
7.665495334176074493e+01 2.004527423700475652e-01 1.051481000000000000e+07
7.673872752945807463e+01 2.002306272100767004e-01 1.054884200000000000e+07
7.682251623133140583e+01 1.998859457404001394e-01 1.056646200000000000e+07
7.690627734628161249e+01 1.994585715621608468e-01 1.058681000000000000e+07
7.699005449515836119e+01 1.990446213897865135e-01 1.061495400000000000e+07
7.707381163172706806e+01 1.983968616846457367e-01 1.063105400000000000e+07
7.715758302708022143e+01 1.983262010800233566e-01 1.066236200000000000e+07
7.724136594782987686e+01 1.979353815290591234e-01 1.068335400000000000e+07
7.732513038906363079e+01 1.976521263357652047e-01 1.069929800000000000e+07
7.740891664711064379e+01 1.971386745722187028e-01 1.073878200000000000e+07
7.749269645330657852e+01 1.966343568372969919e-01 1.074420200000000000e+07
7.757647166278094630e+01 1.964073658161712144e-01 1.078218600000000000e+07
7.766021891602670735e+01 1.961471181272152475e-01 1.078496600000000000e+07
7.774399344085298935e+01 1.956762628695124517e-01 1.083393800000000000e+07
7.782781601101176250e+01 1.954642584745879819e-01 1.084813800000000000e+07
7.791162919578846413e+01 1.949364875058006707e-01 1.087376600000000000e+07
7.799540485219509378e+01 1.947042198150633063e-01 1.088697000000000000e+07
7.807914803163318140e+01 1.944445386284756327e-01 1.091244200000000000e+07
7.816290481905753040e+01 1.943494965299398247e-01 1.093669800000000000e+07
7.824668494094176197e+01 1.936967668301212975e-01 1.096614200000000000e+07
7.833041079278541474e+01 1.934076602740185669e-01 1.096874600000000000e+07
7.841414369597413270e+01 1.931168960984699923e-01 1.101460200000000000e+07
7.849797207299076263e+01 1.927773084915076485e-01 1.104277400000000000e+07
7.858180750484748955e+01 1.924807444288166303e-01 1.106147400000000000e+07
7.866557248062186147e+01 1.919461817393620928e-01 1.107245000000000000e+07
7.874929596355666206e+01 1.915124527323883163e-01 1.109692200000000000e+07
7.883311706336922953e+01 1.912460886916695080e-01 1.114652600000000000e+07
7.891694358971126633e+01 1.906901933157132412e-01 1.114560200000000000e+07
7.900068031277757541e+01 1.905139723159237353e-01 1.116844200000000000e+07
7.908436218738494006e+01 1.901604861996410711e-01 1.118108600000000000e+07
7.916818470584115630e+01 1.898331652461477115e-01 1.125011400000000000e+07
7.925204746494267738e+01 1.895019936655996662e-01 1.124210600000000000e+07
7.933579204504063398e+01 1.890422270010437278e-01 1.126544600000000000e+07
7.941952450138673214e+01 1.888563766393838439e-01 1.128549000000000000e+07
7.950333805121174180e+01 1.882565000006174993e-01 1.133592200000000000e+07
7.958714843508016656e+01 1.880339413581309238e-01 1.133013000000000000e+07
7.967084513754768693e+01 1.876839900786016202e-01 1.135727000000000000e+07
7.975459918129639902e+01 1.875009987621495677e-01 1.138909800000000000e+07
7.983842412182876558e+01 1.872335065717469771e-01 1.142664200000000000e+07
7.992222911930718965e+01 1.867451356173081278e-01 1.143135800000000000e+07
8.000599212589428078e+01 1.863754109341774212e-01 1.146229800000000000e+07
8.008974687846490781e+01 1.861304252682372817e-01 1.147920200000000000e+07
8.017351400530820626e+01 1.858269722025142900e-01 1.150974600000000000e+07
8.025725037950861918e+01 1.855072028597954115e-01 1.152306200000000000e+07
8.034098812717721216e+01 1.851485694704405605e-01 1.155621000000000000e+07
8.042478697546600586e+01 1.848072691016666713e-01 1.158828200000000000e+07
8.050856802239243848e+01 1.846141252931339516e-01 1.159964600000000000e+07
8.059238416169034736e+01 1.841355128269201724e-01 1.164527400000000000e+07
8.067619501003925109e+01 1.837723096368222842e-01 1.164933800000000000e+07
8.075991178803855064e+01 1.834505304839462447e-01 1.166538600000000000e+07
8.084370890131339138e+01 1.831896158178920042e-01 1.171928600000000000e+07
8.092752051805530300e+01 1.828596458687157811e-01 1.172073800000000000e+07
8.101129543325400562e+01 1.825336658875988116e-01 1.175507400000000000e+07
8.109505389589725155e+01 1.821839897559021371e-01 1.176716600000000000e+07
8.117885591153601865e+01 1.819132572600514752e-01 1.181334600000000000e+07
8.126268704922078712e+01 1.815412098482510062e-01 1.182545000000000000e+07
8.134639603648894024e+01 1.812776623252339570e-01 1.182881400000000000e+07
8.143015231506957718e+01 1.807594616749427785e-01 1.188441800000000000e+07
8.151397613354559724e+01 1.804829014674995957e-01 1.190037800000000000e+07
8.159772291543191614e+01 1.803474461962636388e-01 1.190800200000000000e+07
8.168141712941573473e+01 1.800025884881804872e-01 1.193747000000000000e+07
8.176520125845252096e+01 1.797386746030036897e-01 1.198134600000000000e+07
8.184903085960836222e+01 1.793131051660113717e-01 1.199815400000000000e+07
8.193279937551101000e+01 1.790213392402235648e-01 1.201579800000000000e+07
8.201657550601832725e+01 1.786910831002244127e-01 1.204658600000000000e+07
8.210037035575065545e+01 1.785801077524764302e-01 1.207322600000000000e+07
8.218415112950239632e+01 1.781474965196697680e-01 1.208937000000000000e+07
8.226793017110850315e+01 1.778877949583219931e-01 1.212366200000000000e+07
8.235168019795568739e+01 1.776501815728198375e-01 1.212901800000000000e+07
8.243541372022190217e+01 1.773113483463883977e-01 1.216869800000000000e+07
8.251918470186251398e+01 1.770659589355159103e-01 1.219107000000000000e+07
8.260303064827999719e+01 1.766536953851710612e-01 1.223729000000000000e+07
8.268685911029808722e+01 1.764495931091436265e-01 1.223743400000000000e+07
8.277063029603770872e+01 1.761076920443737093e-01 1.226943000000000000e+07
8.285440346682658230e+01 1.757422132930522574e-01 1.228831400000000000e+07
8.293815388297495872e+01 1.754481474929617535e-01 1.231201800000000000e+07
8.302189357408074954e+01 1.752753416027702793e-01 1.233377000000000000e+07
8.310562948947298878e+01 1.747678532457512812e-01 1.236265400000000000e+07
8.318944085122717524e+01 1.746138459407855503e-01 1.240528200000000000e+07
8.327326112930197155e+01 1.742387257123368671e-01 1.241484200000000000e+07
8.335700619223128172e+01 1.739669337402413030e-01 1.243327800000000000e+07
8.344077077200753934e+01 1.737273809044542761e-01 1.246944200000000000e+07
8.352457315314735808e+01 1.734019660231736759e-01 1.249710600000000000e+07
8.360836220932365848e+01 1.731430861832991830e-01 1.251307400000000000e+07
8.369209444132825126e+01 1.731107137607683366e-01 1.253190200000000000e+07
8.377584249260344507e+01 1.728000133676117211e-01 1.256769000000000000e+07
8.385966667689248766e+01 1.724287446706578852e-01 1.260333800000000000e+07
8.394346055007575558e+01 1.721968756238754505e-01 1.261269400000000000e+07
8.402720752589927145e+01 1.718351226458535164e-01 1.263483400000000000e+07
8.411093968200033544e+01 1.717017973217465632e-01 1.266273000000000000e+07
8.419472584613649246e+01 1.714646825763680993e-01 1.269908600000000000e+07
8.427850265596407553e+01 1.710508635280608147e-01 1.271099400000000000e+07
8.436223938424853941e+01 1.707862155627309642e-01 1.273917800000000000e+07
8.444601577921049795e+01 1.705548146402088017e-01 1.276949000000000000e+07
8.452980888818765948e+01 1.702749187743358705e-01 1.279952600000000000e+07
8.461363856796832295e+01 1.700076492039075127e-01 1.282878600000000000e+07
8.469740487481715263e+01 1.697745635128250219e-01 1.283279400000000000e+07
8.478116585803400085e+01 1.694322248422678312e-01 1.287594200000000000e+07
8.486500035405539677e+01 1.690856312654410720e-01 1.290631400000000000e+07
8.494878168161768883e+01 1.688069895103600782e-01 1.291312200000000000e+07
8.503250896829791827e+01 1.684790707970963142e-01 1.293728200000000000e+07
8.511625758727213054e+01 1.682532238722170559e-01 1.297337400000000000e+07
8.520007724156167228e+01 1.680749051710181408e-01 1.300815400000000000e+07
8.528389486690601018e+01 1.678161139262876744e-01 1.302582600000000000e+07
8.536762998882402087e+01 1.676262466381261973e-01 1.303365400000000000e+07
8.545139522308386404e+01 1.673417259352233399e-01 1.308366600000000000e+07
8.553518354504295473e+01 1.671052408507682496e-01 1.309470600000000000e+07
8.561892245915041144e+01 1.670167750155994724e-01 1.311903400000000000e+07
8.570266129864387494e+01 1.667215679705907061e-01 1.314631800000000000e+07
