# k_mean_over_subbox_bin [h Mpc^-1] sig_ratio [dimensionless]
1.856185e-01 2.173121e-03
2.861027e-01 1.678318e-03
4.062918e-01 2.774530e-03
4.546705e-01 5.183658e-03
5.620184e-01 4.599976e-03
6.665213e-01 6.239101e-03
7.726764e-01 4.561998e-03
8.422105e-01 3.672235e-03
9.409938e-01 3.419563e-03
1.025295e+00 3.853506e-03
1.115117e+00 2.560656e-03
1.209828e+00 2.993028e-03
1.304076e+00 3.961861e-03
1.385453e+00 5.360516e-03
1.488505e+00 6.533820e-03
1.579099e+00 8.734945e-03
1.669825e+00 1.030024e-02
1.759177e+00 1.240746e-02
1.863028e+00 1.551007e-02
1.950414e+00 1.760777e-02
2.045654e+00 1.851971e-02
2.141559e+00 2.206447e-02
2.238364e+00 2.202383e-02
2.326137e+00 2.177573e-02
2.415814e+00 2.064418e-02
2.511918e+00 2.341638e-02
2.607221e+00 2.041060e-02
2.689876e+00 1.861519e-02
2.782672e+00 2.228667e-02
2.875533e+00 2.377660e-02
2.970125e+00 2.231735e-02
3.058669e+00 2.276608e-02
3.156486e+00 2.072813e-02
3.252841e+00 2.334135e-02
3.347007e+00 2.362851e-02
3.435504e+00 2.333338e-02
3.528244e+00 2.500931e-02
3.621182e+00 2.687214e-02
3.718237e+00 2.347905e-02
3.808399e+00 2.379323e-02
3.901943e+00 2.355815e-02
3.991559e+00 2.397769e-02
4.087794e+00 2.167656e-02
4.178693e+00 2.324953e-02
4.267937e+00 2.068817e-02
4.360357e+00 2.212967e-02
4.456990e+00 2.092656e-02
4.547573e+00 2.211492e-02
4.640543e+00 2.086449e-02
4.734461e+00 2.141076e-02
4.829766e+00 2.235868e-02
4.920555e+00 2.029603e-02
5.014232e+00 2.067848e-02
5.106075e+00 2.005553e-02
5.199349e+00 2.058690e-02
5.292027e+00 1.896463e-02
5.386493e+00 2.188621e-02
5.478078e+00 2.041662e-02
5.572133e+00 2.111341e-02
5.663331e+00 1.966517e-02
5.754301e+00 2.049684e-02
5.843287e+00 2.074928e-02
5.937628e+00 2.005953e-02
6.030540e+00 2.056690e-02
6.123177e+00 1.977976e-02
6.217188e+00 2.069308e-02
6.315006e+00 1.982894e-02
6.405038e+00 2.099810e-02
6.497268e+00 2.030738e-02
6.591997e+00 1.948503e-02
6.686707e+00 2.005876e-02
6.777771e+00 1.879486e-02
6.871248e+00 1.954814e-02
6.963263e+00 1.916263e-02
7.054527e+00 1.955082e-02
7.145481e+00 1.853898e-02
7.239682e+00 1.981052e-02
7.331571e+00 1.794290e-02
7.425572e+00 1.854467e-02
7.516746e+00 1.837312e-02
7.611438e+00 1.889976e-02
7.703843e+00 1.800911e-02
7.797960e+00 1.763382e-02
7.891231e+00 1.779051e-02
7.982916e+00 1.783693e-02
8.076025e+00 1.617175e-02
8.170774e+00 1.680699e-02
8.261977e+00 1.702784e-02
8.353035e+00 1.827483e-02
8.446171e+00 1.711228e-02
8.540819e+00 1.721342e-02
8.630661e+00 1.770233e-02
8.723741e+00 1.718422e-02
8.817129e+00 1.760402e-02
8.909704e+00 1.575032e-02
9.000757e+00 1.650870e-02
9.094503e+00 1.711828e-02
9.188763e+00 1.627397e-02
9.282516e+00 1.642073e-02
9.373634e+00 1.696566e-02
9.468060e+00 1.690636e-02
9.561017e+00 1.655679e-02
9.655313e+00 1.705311e-02
9.746482e+00 1.616858e-02
9.839310e+00 1.714610e-02
9.931414e+00 1.716858e-02
1.002394e+01 1.684198e-02
1.011706e+01 1.803436e-02
1.021062e+01 1.732786e-02
1.030214e+01 1.718478e-02
1.039562e+01 1.746297e-02
1.048745e+01 1.666525e-02
1.057938e+01 1.650598e-02
1.067236e+01 1.741915e-02
1.076614e+01 1.708842e-02
1.085892e+01 1.641190e-02
1.095417e+01 1.616323e-02
1.104725e+01 1.630111e-02
1.114116e+01 1.637945e-02
1.123248e+01 1.559146e-02
1.132341e+01 1.558298e-02
1.141569e+01 1.573611e-02
1.150951e+01 1.573234e-02
1.160079e+01 1.563983e-02
1.169328e+01 1.597348e-02
1.178579e+01 1.579342e-02
1.187888e+01 1.502066e-02
1.197142e+01 1.587879e-02
1.206484e+01 1.559030e-02
1.215609e+01 1.513513e-02
1.225071e+01 1.473205e-02
1.234482e+01 1.514528e-02
1.243748e+01 1.517203e-02
1.253100e+01 1.493985e-02
1.262458e+01 1.438367e-02
1.271601e+01 1.442276e-02
1.280861e+01 1.462368e-02
1.290055e+01 1.401736e-02
1.299428e+01 1.403630e-02
1.308608e+01 1.395804e-02
1.317952e+01 1.428289e-02
1.327263e+01 1.358471e-02
1.336541e+01 1.361255e-02
1.345705e+01 1.314435e-02
1.355005e+01 1.335452e-02
1.364243e+01 1.277538e-02
1.373579e+01 1.229349e-02
1.382866e+01 1.248353e-02
1.392267e+01 1.271240e-02
1.401552e+01 1.234797e-02
1.410876e+01 1.222428e-02
1.420103e+01 1.233492e-02
1.429301e+01 1.210406e-02
1.438490e+01 1.197922e-02
1.447882e+01 1.191251e-02
1.457194e+01 1.163403e-02
1.466413e+01 1.116627e-02
1.475622e+01 1.131810e-02
1.485028e+01 1.083544e-02
1.494171e+01 1.103549e-02
1.503414e+01 1.061882e-02
1.512799e+01 1.104902e-02
1.522261e+01 1.067488e-02
1.531360e+01 1.064506e-02
1.540687e+01 1.077791e-02
1.550099e+01 1.035494e-02
1.559418e+01 1.069644e-02
1.568617e+01 1.018722e-02
1.577897e+01 1.011531e-02
1.587145e+01 1.029851e-02
1.596359e+01 1.023518e-02
1.605592e+01 1.004232e-02
1.614888e+01 1.066543e-02
1.624127e+01 1.012289e-02
1.633466e+01 1.007292e-02
1.642727e+01 1.019490e-02
1.652052e+01 9.943680e-03
1.661293e+01 1.011448e-02
1.670640e+01 9.924441e-03
1.679862e+01 9.998706e-03
1.689163e+01 9.806946e-03
1.698432e+01 1.007471e-02
1.707845e+01 9.504594e-03
1.717082e+01 9.696758e-03
1.726313e+01 1.016648e-02
1.735633e+01 9.787454e-03
1.744966e+01 9.992163e-03
1.754041e+01 9.629266e-03
1.763238e+01 9.765474e-03
1.772569e+01 9.660303e-03
1.781906e+01 9.768279e-03
1.791084e+01 9.435950e-03
1.800445e+01 9.887307e-03
1.809842e+01 9.812097e-03
1.819150e+01 9.360972e-03
1.828394e+01 9.438552e-03
1.837709e+01 9.622790e-03
1.846947e+01 9.585489e-03
1.856315e+01 9.678463e-03
1.865615e+01 9.353533e-03
1.874870e+01 9.355268e-03
1.884052e+01 9.513595e-03
1.893450e+01 9.229101e-03
1.902679e+01 9.451199e-03
1.911855e+01 9.355959e-03
1.921057e+01 9.441306e-03
1.930451e+01 9.454792e-03
1.939694e+01 9.457756e-03
1.948994e+01 9.167608e-03
1.958306e+01 9.183289e-03
1.967630e+01 9.176773e-03
1.976860e+01 9.126969e-03
1.986208e+01 9.025460e-03
1.995559e+01 9.399150e-03
2.004822e+01 8.823189e-03
2.014016e+01 8.899262e-03
2.023388e+01 8.985434e-03
2.032630e+01 8.996493e-03
2.041908e+01 8.921472e-03
2.051125e+01 8.683821e-03
2.060378e+01 9.006791e-03
2.069601e+01 8.917961e-03
2.078876e+01 8.698378e-03
2.088154e+01 8.838989e-03
2.097499e+01 8.753952e-03
2.106777e+01 8.474712e-03
2.116124e+01 8.533136e-03
2.125395e+01 8.646887e-03
2.134595e+01 8.373142e-03
2.143892e+01 8.616358e-03
2.153286e+01 8.641787e-03
2.162485e+01 8.259493e-03
2.171766e+01 8.300920e-03
2.181070e+01 8.542830e-03
2.190389e+01 8.244697e-03
2.199648e+01 8.490613e-03
2.208935e+01 8.222130e-03
2.218152e+01 8.157560e-03
2.227440e+01 8.248488e-03
2.236660e+01 8.120542e-03
2.245982e+01 8.108213e-03
2.255235e+01 8.368532e-03
2.264584e+01 7.975146e-03
2.273896e+01 8.224463e-03
2.283204e+01 8.382204e-03
2.292445e+01 8.397420e-03
2.301747e+01 8.214779e-03
2.311006e+01 8.100419e-03
2.320256e+01 8.210647e-03
2.329529e+01 8.185634e-03
2.338891e+01 8.163879e-03
2.348127e+01 8.095531e-03
2.357340e+01 8.017382e-03
2.366525e+01 8.175419e-03
2.375882e+01 7.981680e-03
2.385152e+01 8.253634e-03
2.394392e+01 8.146494e-03
2.403745e+01 8.194545e-03
2.413114e+01 8.098291e-03
2.422327e+01 8.408485e-03
2.431713e+01 8.359747e-03
2.440998e+01 8.445128e-03
2.450239e+01 8.374438e-03
2.459473e+01 8.432920e-03
2.468818e+01 8.663202e-03
2.478058e+01 8.484909e-03
2.487303e+01 8.721183e-03
2.496556e+01 8.534831e-03
2.505862e+01 8.824179e-03
2.515119e+01 8.640514e-03
2.524420e+01 8.894597e-03
2.533688e+01 9.148250e-03
2.542992e+01 8.927019e-03
2.552273e+01 8.724059e-03
2.561647e+01 9.050971e-03
2.570906e+01 8.977808e-03
2.580122e+01 9.219450e-03
2.589442e+01 8.935247e-03
2.598830e+01 9.123133e-03
2.608015e+01 9.332193e-03
2.617284e+01 9.312243e-03
2.626602e+01 9.325051e-03
2.635862e+01 9.433044e-03
2.645034e+01 9.188903e-03
2.654324e+01 9.530619e-03
2.663594e+01 9.264499e-03
2.672864e+01 9.193217e-03
2.682130e+01 9.372799e-03
2.691494e+01 9.201143e-03
2.700769e+01 9.246593e-03
2.710084e+01 9.327603e-03
2.719310e+01 9.611592e-03
2.728563e+01 9.312178e-03
2.737867e+01 9.451951e-03
2.747252e+01 9.452602e-03
2.756547e+01 9.083761e-03
2.765781e+01 9.115640e-03
2.775029e+01 9.283917e-03
2.784361e+01 9.354326e-03
2.793592e+01 9.368362e-03
2.802851e+01 9.258352e-03
2.812128e+01 9.328885e-03
2.821477e+01 9.429624e-03
2.830666e+01 9.317999e-03
2.839958e+01 9.240010e-03
2.849284e+01 9.245758e-03
2.858569e+01 9.515013e-03
2.867768e+01 9.527142e-03
2.877078e+01 9.564232e-03
2.886424e+01 9.483004e-03
2.895732e+01 9.371948e-03
2.905035e+01 9.232777e-03
2.914325e+01 9.392227e-03
2.923555e+01 9.530292e-03
2.932837e+01 9.369885e-03
2.942016e+01 9.570375e-03
2.951264e+01 9.731943e-03
2.960533e+01 9.491460e-03
2.969881e+01 9.518122e-03
2.979167e+01 9.673157e-03
2.988468e+01 9.750815e-03
2.997717e+01 9.618900e-03
3.007048e+01 9.793401e-03
3.016298e+01 9.581695e-03
3.025586e+01 9.691211e-03
3.034913e+01 9.652541e-03
3.044262e+01 9.649854e-03
3.053451e+01 9.644906e-03
3.062741e+01 9.951995e-03
3.072058e+01 9.952136e-03
3.081313e+01 9.569528e-03
3.090512e+01 9.808175e-03
3.099815e+01 9.970012e-03
3.109144e+01 9.779065e-03
3.118425e+01 9.800958e-03
3.127696e+01 1.013959e-02
3.136994e+01 9.901157e-03
3.146183e+01 1.005078e-02
3.155510e+01 9.724766e-03
3.164827e+01 9.785193e-03
3.174148e+01 1.000927e-02
3.183408e+01 9.887982e-03
3.192730e+01 9.926066e-03
3.201951e+01 9.906577e-03
3.211189e+01 9.896089e-03
3.220506e+01 9.997260e-03
3.229811e+01 1.002715e-02
3.239039e+01 1.026183e-02
3.248317e+01 1.014601e-02
3.257582e+01 1.001121e-02
3.266933e+01 1.050363e-02
3.276166e+01 1.038162e-02
3.285411e+01 1.024390e-02
3.294759e+01 1.022550e-02
3.304076e+01 1.056872e-02
3.313297e+01 1.027420e-02
3.322625e+01 1.042505e-02
3.331923e+01 1.025954e-02
3.341225e+01 1.039759e-02
3.350505e+01 1.021963e-02
3.359788e+01 1.056028e-02
3.369017e+01 1.074153e-02
3.378314e+01 1.070908e-02
3.387574e+01 1.081436e-02
3.396874e+01 1.054048e-02
3.406133e+01 1.111010e-02
3.415415e+01 1.095750e-02
3.424644e+01 1.090344e-02
3.433943e+01 1.067893e-02
3.443219e+01 1.104973e-02
3.452506e+01 1.100208e-02
3.461817e+01 1.104872e-02
3.471106e+01 1.118093e-02
3.480387e+01 1.119531e-02
3.489708e+01 1.125435e-02
3.498927e+01 1.127424e-02
3.508199e+01 1.129198e-02
3.517457e+01 1.119789e-02
3.526755e+01 1.128656e-02
3.536013e+01 1.114109e-02
3.545314e+01 1.110482e-02
3.554559e+01 1.097250e-02
3.563812e+01 1.112707e-02
3.573069e+01 1.090688e-02
3.582377e+01 1.100756e-02
3.591678e+01 1.098064e-02
3.601030e+01 1.096731e-02
3.610312e+01 1.127069e-02
3.619603e+01 1.122710e-02
3.628871e+01 1.118161e-02
3.638193e+01 1.113409e-02
3.647486e+01 1.101619e-02
3.656723e+01 1.130598e-02
3.665973e+01 1.104428e-02
3.675300e+01 1.150628e-02
3.684575e+01 1.133274e-02
3.693831e+01 1.123362e-02
3.703120e+01 1.102050e-02
3.712423e+01 1.099919e-02
3.721617e+01 1.102556e-02
3.730943e+01 1.112996e-02
3.740227e+01 1.046273e-02
3.749521e+01 1.073600e-02
3.758781e+01 1.071574e-02
3.768125e+01 1.056474e-02
3.777417e+01 1.073641e-02
3.786671e+01 1.040832e-02
3.795940e+01 1.046354e-02
3.805207e+01 1.022898e-02
3.814406e+01 1.037384e-02
3.823758e+01 1.058190e-02
3.833091e+01 1.017120e-02
3.842328e+01 1.052136e-02
3.851547e+01 1.038252e-02
3.860885e+01 1.038636e-02
3.870149e+01 1.039076e-02
3.879392e+01 1.070255e-02
3.888693e+01 1.060792e-02
3.898036e+01 1.056693e-02
3.907273e+01 1.053617e-02
3.916559e+01 1.079908e-02
3.925898e+01 1.095537e-02
3.935200e+01 1.113720e-02
3.944421e+01 1.098954e-02
3.953714e+01 1.136588e-02
3.962992e+01 1.104025e-02
3.972279e+01 1.146989e-02
3.981505e+01 1.132281e-02
3.990809e+01 1.117507e-02
4.000097e+01 1.119109e-02
4.009383e+01 1.135158e-02
4.018639e+01 1.153432e-02
4.027924e+01 1.121014e-02
4.037204e+01 1.136385e-02
4.046513e+01 1.173529e-02
4.055823e+01 1.151000e-02
4.065114e+01 1.183077e-02
4.074325e+01 1.152097e-02
4.083702e+01 1.163770e-02
4.092985e+01 1.193375e-02
4.102192e+01 1.197628e-02
4.111471e+01 1.191005e-02
4.120746e+01 1.203350e-02
4.129973e+01 1.189111e-02
4.139277e+01 1.200521e-02
4.148568e+01 1.216728e-02
4.157864e+01 1.252703e-02
4.167111e+01 1.203273e-02
4.176398e+01 1.234976e-02
4.185684e+01 1.206182e-02
4.195009e+01 1.212730e-02
4.204265e+01 1.185390e-02
4.213567e+01 1.209472e-02
4.222889e+01 1.208254e-02
4.232123e+01 1.182803e-02
4.241396e+01 1.257872e-02
4.250719e+01 1.231479e-02
4.259967e+01 1.236056e-02
4.269267e+01 1.265637e-02
4.278504e+01 1.252783e-02
4.287772e+01 1.314600e-02
4.297045e+01 1.290078e-02
4.306379e+01 1.249642e-02
4.315647e+01 1.295009e-02
4.324924e+01 1.310155e-02
4.334209e+01 1.323818e-02
4.343517e+01 1.285575e-02
4.352735e+01 1.292291e-02
4.362043e+01 1.278849e-02
4.371377e+01 1.317705e-02
4.380671e+01 1.347818e-02
4.389884e+01 1.345013e-02
4.399175e+01 1.352337e-02
4.408485e+01 1.356375e-02
4.417785e+01 1.363968e-02
4.427028e+01 1.373594e-02
4.436284e+01 1.388447e-02
4.445539e+01 1.450878e-02
4.454832e+01 1.417188e-02
4.464118e+01 1.405293e-02
4.473406e+01 1.415576e-02
4.482676e+01 1.464080e-02
4.491994e+01 1.486474e-02
4.501273e+01 1.452692e-02
4.510539e+01 1.519966e-02
4.519824e+01 1.535721e-02
4.529134e+01 1.541847e-02
4.538354e+01 1.544746e-02
4.547649e+01 1.547322e-02
4.556944e+01 1.586245e-02
4.566243e+01 1.540757e-02
4.575518e+01 1.525745e-02
4.584796e+01 1.500169e-02
4.594047e+01 1.542987e-02
4.603327e+01 1.552643e-02
4.612600e+01 1.598540e-02
4.621942e+01 1.607383e-02
4.631243e+01 1.533159e-02
4.640514e+01 1.597901e-02
4.649785e+01 1.617532e-02
4.659094e+01 1.641178e-02
4.668318e+01 1.626571e-02
4.677629e+01 1.661861e-02
4.686931e+01 1.610142e-02
4.696182e+01 1.594999e-02
4.705466e+01 1.598582e-02
4.714770e+01 1.597334e-02
4.723976e+01 1.625153e-02
4.733240e+01 1.644116e-02
4.742522e+01 1.706497e-02
4.751807e+01 1.691559e-02
