# k_mean_over_subbox_bin [h Mpc^-1] sig_ratio [dimensionless]
1.856185e-01 7.723001e-04
2.861027e-01 6.857769e-04
4.062918e-01 5.719062e-04
4.546705e-01 7.135559e-04
5.620184e-01 8.844695e-04
6.665213e-01 1.127055e-03
7.726764e-01 1.177670e-03
8.422105e-01 8.010362e-04
9.409938e-01 1.236799e-03
1.025295e+00 1.805484e-03
1.115117e+00 1.715546e-03
1.209828e+00 2.127246e-03
1.304076e+00 2.881444e-03
1.385453e+00 3.249338e-03
1.488505e+00 4.029058e-03
1.579099e+00 4.356014e-03
1.669825e+00 5.016848e-03
1.759177e+00 4.643153e-03
1.863028e+00 5.097825e-03
1.950414e+00 5.037911e-03
2.045654e+00 6.544416e-03
2.141559e+00 7.598558e-03
2.238364e+00 7.751590e-03
2.326137e+00 7.625636e-03
2.415814e+00 7.884112e-03
2.511918e+00 7.139342e-03
2.607221e+00 7.130476e-03
2.689876e+00 6.631482e-03
2.782672e+00 8.482850e-03
2.875533e+00 8.933072e-03
2.970125e+00 8.659386e-03
3.058669e+00 8.813249e-03
3.156486e+00 8.683470e-03
3.252841e+00 8.617465e-03
3.347007e+00 8.530673e-03
3.435504e+00 8.229391e-03
3.528244e+00 8.594480e-03
3.621182e+00 9.598488e-03
3.718237e+00 9.562417e-03
3.808399e+00 9.786148e-03
3.901943e+00 1.002170e-02
3.991559e+00 1.027985e-02
4.087794e+00 1.060842e-02
4.178693e+00 1.193661e-02
4.267937e+00 1.096402e-02
4.360357e+00 1.107098e-02
4.456990e+00 1.216029e-02
4.547573e+00 1.184058e-02
4.640543e+00 1.146147e-02
4.734461e+00 1.096379e-02
4.829766e+00 1.179834e-02
4.920555e+00 1.095244e-02
5.014232e+00 1.173830e-02
5.106075e+00 1.103954e-02
5.199349e+00 1.125750e-02
5.292027e+00 1.154338e-02
5.386493e+00 1.076850e-02
5.478078e+00 1.055134e-02
5.572133e+00 1.157946e-02
5.663331e+00 1.174741e-02
5.754301e+00 1.216114e-02
5.843287e+00 1.302490e-02
5.937628e+00 1.219280e-02
6.030540e+00 1.257583e-02
6.123177e+00 1.245113e-02
6.217188e+00 1.118447e-02
6.315006e+00 1.095592e-02
6.405038e+00 1.081587e-02
6.497268e+00 1.125205e-02
6.591997e+00 1.124892e-02
6.686707e+00 1.216873e-02
6.777771e+00 1.171134e-02
6.871248e+00 1.085926e-02
6.963263e+00 1.187856e-02
7.054527e+00 1.169325e-02
7.145481e+00 1.178103e-02
7.239682e+00 1.108974e-02
7.331571e+00 1.053087e-02
7.425572e+00 1.127569e-02
7.516746e+00 1.095754e-02
7.611438e+00 1.099737e-02
7.703843e+00 1.126688e-02
7.797960e+00 1.110011e-02
7.891231e+00 1.066488e-02
7.982916e+00 1.175837e-02
8.076025e+00 1.222825e-02
8.170774e+00 1.224299e-02
8.261977e+00 1.279503e-02
8.353035e+00 1.274154e-02
8.446171e+00 1.272142e-02
8.540819e+00 1.148370e-02
8.630661e+00 1.173088e-02
8.723741e+00 1.155445e-02
8.817129e+00 1.158913e-02
8.909704e+00 1.112238e-02
9.000757e+00 1.195756e-02
9.094503e+00 1.113907e-02
9.188763e+00 1.247814e-02
9.282516e+00 1.196208e-02
9.373634e+00 1.130069e-02
9.468060e+00 1.200622e-02
9.561017e+00 1.267415e-02
9.655313e+00 1.321444e-02
9.746482e+00 1.356473e-02
9.839310e+00 1.289909e-02
9.931414e+00 1.375774e-02
1.002394e+01 1.344315e-02
1.011706e+01 1.392560e-02
1.021062e+01 1.331371e-02
1.030214e+01 1.303187e-02
1.039562e+01 1.349349e-02
1.048745e+01 1.303176e-02
1.057938e+01 1.290839e-02
1.067236e+01 1.204063e-02
1.076614e+01 1.169734e-02
1.085892e+01 1.091299e-02
1.095417e+01 1.072906e-02
1.104725e+01 1.034592e-02
1.114116e+01 9.519234e-03
1.123248e+01 8.977563e-03
1.132341e+01 8.685416e-03
1.141569e+01 9.190360e-03
1.150951e+01 8.519987e-03
1.160079e+01 7.797600e-03
1.169328e+01 7.662597e-03
1.178579e+01 7.376440e-03
1.187888e+01 7.792705e-03
1.197142e+01 6.591169e-03
1.206484e+01 7.279241e-03
1.215609e+01 6.975019e-03
1.225071e+01 6.116526e-03
1.234482e+01 6.718863e-03
1.243748e+01 6.633698e-03
1.253100e+01 6.227552e-03
1.262458e+01 7.358890e-03
1.271601e+01 6.503982e-03
1.280861e+01 5.913712e-03
1.290055e+01 5.496786e-03
1.299428e+01 6.119356e-03
1.308608e+01 5.762455e-03
1.317952e+01 7.067658e-03
1.327263e+01 6.191007e-03
1.336541e+01 6.745642e-03
1.345705e+01 7.523436e-03
1.355005e+01 6.014799e-03
1.364243e+01 6.363908e-03
1.373579e+01 5.912061e-03
1.382866e+01 5.671965e-03
1.392267e+01 7.077790e-03
1.401552e+01 6.840358e-03
1.410876e+01 6.049260e-03
1.420103e+01 6.859809e-03
1.429301e+01 6.349500e-03
1.438490e+01 6.109902e-03
1.447882e+01 6.309967e-03
1.457194e+01 6.173538e-03
1.466413e+01 5.521424e-03
1.475622e+01 5.897617e-03
1.485028e+01 5.372607e-03
1.494171e+01 6.109587e-03
1.503414e+01 5.967530e-03
1.512799e+01 6.199048e-03
1.522261e+01 6.897512e-03
1.531360e+01 6.118732e-03
1.540687e+01 6.565514e-03
1.550099e+01 6.316886e-03
1.559418e+01 6.301747e-03
1.568617e+01 6.240872e-03
1.577897e+01 6.989106e-03
1.587145e+01 5.988669e-03
1.596359e+01 5.551482e-03
1.605592e+01 6.202651e-03
1.614888e+01 5.649976e-03
1.624127e+01 5.194359e-03
1.633466e+01 5.907956e-03
1.642727e+01 6.056040e-03
1.652052e+01 4.893020e-03
1.661293e+01 6.422894e-03
1.670640e+01 5.089640e-03
1.679862e+01 5.384102e-03
1.689163e+01 4.908750e-03
1.698432e+01 4.368596e-03
1.707845e+01 4.818641e-03
1.717082e+01 4.853079e-03
1.726313e+01 4.681077e-03
1.735633e+01 5.175962e-03
1.744966e+01 5.710255e-03
1.754041e+01 4.711026e-03
1.763238e+01 5.417821e-03
1.772569e+01 4.464535e-03
1.781906e+01 4.404251e-03
1.791084e+01 4.076954e-03
1.800445e+01 4.819626e-03
1.809842e+01 4.371057e-03
1.819150e+01 4.873302e-03
1.828394e+01 4.976287e-03
1.837709e+01 5.101091e-03
1.846947e+01 5.622117e-03
1.856315e+01 5.948457e-03
1.865615e+01 6.485115e-03
1.874870e+01 6.375488e-03
1.884052e+01 5.816377e-03
1.893450e+01 6.318803e-03
1.902679e+01 6.389187e-03
1.911855e+01 6.483457e-03
1.921057e+01 6.362648e-03
1.930451e+01 6.464347e-03
1.939694e+01 7.575300e-03
1.948994e+01 7.204543e-03
1.958306e+01 6.524704e-03
1.967630e+01 6.684950e-03
1.976860e+01 6.539297e-03
1.986208e+01 7.490073e-03
1.995559e+01 6.526918e-03
2.004822e+01 6.472369e-03
2.014016e+01 6.129284e-03
2.023388e+01 6.799845e-03
2.032630e+01 6.484629e-03
2.041908e+01 7.276083e-03
2.051125e+01 7.668888e-03
2.060378e+01 6.230554e-03
2.069601e+01 6.761728e-03
2.078876e+01 6.582703e-03
2.088154e+01 7.195135e-03
2.097499e+01 7.473156e-03
2.106777e+01 6.909234e-03
2.116124e+01 7.389904e-03
2.125395e+01 7.174869e-03
2.134595e+01 7.038767e-03
2.143892e+01 6.770665e-03
2.153286e+01 7.001025e-03
2.162485e+01 7.229135e-03
2.171766e+01 7.309975e-03
2.181070e+01 7.029480e-03
2.190389e+01 6.997707e-03
2.199648e+01 7.149053e-03
2.208935e+01 7.531389e-03
2.218152e+01 7.241443e-03
2.227440e+01 7.365092e-03
2.236660e+01 7.017484e-03
2.245982e+01 7.573460e-03
2.255235e+01 7.275053e-03
2.264584e+01 7.946412e-03
2.273896e+01 7.676124e-03
2.283204e+01 7.799435e-03
2.292445e+01 7.667218e-03
2.301747e+01 8.099519e-03
2.311006e+01 7.747156e-03
2.320256e+01 8.310836e-03
2.329529e+01 8.259166e-03
2.338891e+01 8.633973e-03
2.348127e+01 8.330246e-03
2.357340e+01 8.612255e-03
2.366525e+01 7.615042e-03
2.375882e+01 8.293938e-03
2.385152e+01 8.171848e-03
2.394392e+01 8.388813e-03
2.403745e+01 8.829348e-03
2.413114e+01 8.953524e-03
2.422327e+01 8.537879e-03
2.431713e+01 8.206283e-03
2.440998e+01 8.653730e-03
2.450239e+01 8.129464e-03
2.459473e+01 8.302312e-03
2.468818e+01 8.278055e-03
2.478058e+01 8.206892e-03
2.487303e+01 9.293959e-03
2.496556e+01 8.749614e-03
2.505862e+01 8.996388e-03
2.515119e+01 8.845822e-03
2.524420e+01 8.473222e-03
2.533688e+01 8.484150e-03
2.542992e+01 8.155151e-03
2.552273e+01 7.014283e-03
2.561647e+01 8.231662e-03
2.570906e+01 8.426132e-03
2.580122e+01 8.042557e-03
2.589442e+01 7.823666e-03
2.598830e+01 7.660238e-03
2.608015e+01 8.331890e-03
2.617284e+01 7.205158e-03
2.626602e+01 7.267305e-03
2.635862e+01 8.162752e-03
2.645034e+01 7.271054e-03
2.654324e+01 7.558143e-03
2.663594e+01 7.982459e-03
2.672864e+01 7.349310e-03
2.682130e+01 7.417107e-03
2.691494e+01 8.147846e-03
2.700769e+01 7.178362e-03
2.710084e+01 7.608731e-03
2.719310e+01 7.281984e-03
2.728563e+01 7.818215e-03
2.737867e+01 8.078187e-03
2.747252e+01 7.044556e-03
2.756547e+01 7.793737e-03
2.765781e+01 7.875337e-03
2.775029e+01 7.486301e-03
2.784361e+01 7.568331e-03
2.793592e+01 7.725878e-03
2.802851e+01 7.321525e-03
2.812128e+01 7.629484e-03
2.821477e+01 7.744366e-03
2.830666e+01 7.708003e-03
2.839958e+01 7.512174e-03
2.849284e+01 6.595830e-03
2.858569e+01 7.378976e-03
2.867768e+01 5.971092e-03
2.877078e+01 6.966660e-03
2.886424e+01 6.896301e-03
2.895732e+01 7.140733e-03
2.905035e+01 7.620359e-03
2.914325e+01 7.236534e-03
2.923555e+01 7.255118e-03
2.932837e+01 6.510003e-03
2.942016e+01 7.602826e-03
2.951264e+01 6.562886e-03
2.960533e+01 7.366290e-03
2.969881e+01 6.882057e-03
2.979167e+01 7.447100e-03
2.988468e+01 8.101642e-03
2.997717e+01 7.274976e-03
3.007048e+01 7.394341e-03
3.016298e+01 6.985913e-03
3.025586e+01 6.954832e-03
3.034913e+01 6.326219e-03
3.044262e+01 6.494650e-03
3.053451e+01 6.494743e-03
3.062741e+01 6.363061e-03
3.072058e+01 7.026091e-03
3.081313e+01 6.099448e-03
3.090512e+01 6.116617e-03
3.099815e+01 6.258443e-03
3.109144e+01 6.273629e-03
3.118425e+01 6.545117e-03
3.127696e+01 6.807824e-03
3.136994e+01 6.845289e-03
3.146183e+01 6.501026e-03
3.155510e+01 7.095826e-03
3.164827e+01 6.957165e-03
3.174148e+01 7.036374e-03
3.183408e+01 6.726184e-03
3.192730e+01 6.205681e-03
3.201951e+01 7.403380e-03
3.211189e+01 7.908683e-03
3.220506e+01 7.429768e-03
3.229811e+01 6.695509e-03
3.239039e+01 7.872657e-03
3.248317e+01 7.009254e-03
3.257582e+01 7.106694e-03
3.266933e+01 6.979699e-03
3.276166e+01 6.167415e-03
3.285411e+01 7.049666e-03
3.294759e+01 7.047472e-03
3.304076e+01 6.454100e-03
3.313297e+01 6.466825e-03
3.322625e+01 7.223242e-03
3.331923e+01 7.193769e-03
3.341225e+01 6.653460e-03
3.350505e+01 5.750516e-03
3.359788e+01 6.305955e-03
3.369017e+01 5.415479e-03
3.378314e+01 6.284985e-03
3.387574e+01 5.382854e-03
3.396874e+01 5.253483e-03
3.406133e+01 5.880548e-03
3.415415e+01 5.577891e-03
3.424644e+01 5.544504e-03
3.433943e+01 4.879374e-03
3.443219e+01 5.066658e-03
3.452506e+01 6.013103e-03
3.461817e+01 4.855907e-03
3.471106e+01 5.405424e-03
3.480387e+01 4.660422e-03
3.489708e+01 5.615334e-03
3.498927e+01 4.933985e-03
3.508199e+01 4.681116e-03
3.517457e+01 5.028527e-03
3.526755e+01 5.269667e-03
3.536013e+01 5.487556e-03
3.545314e+01 5.528306e-03
3.554559e+01 5.806090e-03
3.563812e+01 5.228878e-03
3.573069e+01 5.252933e-03
3.582377e+01 5.363081e-03
3.591678e+01 4.767908e-03
3.601030e+01 5.168318e-03
3.610312e+01 4.141822e-03
3.619603e+01 4.540675e-03
3.628871e+01 5.136786e-03
3.638193e+01 5.186864e-03
3.647486e+01 4.977401e-03
3.656723e+01 4.688876e-03
3.665973e+01 4.591887e-03
3.675300e+01 4.809473e-03
3.684575e+01 4.235883e-03
3.693831e+01 4.555175e-03
3.703120e+01 4.556552e-03
3.712423e+01 5.385225e-03
3.721617e+01 4.465731e-03
3.730943e+01 6.226782e-03
3.740227e+01 5.037369e-03
3.749521e+01 5.600295e-03
3.758781e+01 4.999848e-03
3.768125e+01 4.868043e-03
3.777417e+01 5.228396e-03
3.786671e+01 4.991081e-03
3.795940e+01 5.264454e-03
3.805207e+01 4.680601e-03
3.814406e+01 4.018129e-03
3.823758e+01 4.201424e-03
3.833091e+01 3.873723e-03
3.842328e+01 4.579513e-03
3.851547e+01 3.910065e-03
3.860885e+01 3.545924e-03
3.870149e+01 3.877493e-03
3.879392e+01 4.123963e-03
3.888693e+01 3.691244e-03
3.898036e+01 4.080811e-03
3.907273e+01 4.160358e-03
3.916559e+01 4.547709e-03
3.925898e+01 4.526067e-03
3.935200e+01 4.532933e-03
3.944421e+01 5.169754e-03
3.953714e+01 4.743245e-03
3.962992e+01 4.836250e-03
3.972279e+01 5.097114e-03
3.981505e+01 4.751715e-03
3.990809e+01 4.388928e-03
4.000097e+01 4.246078e-03
4.009383e+01 4.833590e-03
4.018639e+01 4.971768e-03
4.027924e+01 4.431490e-03
4.037204e+01 4.732295e-03
4.046513e+01 5.062620e-03
4.055823e+01 4.921430e-03
4.065114e+01 5.388623e-03
4.074325e+01 5.410934e-03
4.083702e+01 5.735353e-03
4.092985e+01 5.197754e-03
4.102192e+01 4.911525e-03
4.111471e+01 5.649709e-03
4.120746e+01 4.790652e-03
4.129973e+01 5.455220e-03
4.139277e+01 5.511745e-03
4.148568e+01 5.460252e-03
4.157864e+01 5.473588e-03
4.167111e+01 5.039631e-03
4.176398e+01 4.390299e-03
4.185684e+01 5.025617e-03
4.195009e+01 3.645008e-03
4.204265e+01 4.327297e-03
4.213567e+01 4.837366e-03
4.222889e+01 4.020676e-03
4.232123e+01 4.978550e-03
4.241396e+01 4.405181e-03
4.250719e+01 4.156745e-03
4.259967e+01 4.608740e-03
4.269267e+01 4.521896e-03
4.278504e+01 4.260167e-03
4.287772e+01 4.371744e-03
4.297045e+01 4.065154e-03
4.306379e+01 4.239041e-03
4.315647e+01 3.880255e-03
4.324924e+01 4.290013e-03
4.334209e+01 3.936623e-03
4.343517e+01 4.307246e-03
4.352735e+01 4.957860e-03
4.362043e+01 3.916530e-03
4.371377e+01 4.125492e-03
4.380671e+01 4.399099e-03
4.389884e+01 3.756908e-03
4.399175e+01 3.904439e-03
4.408485e+01 3.886906e-03
4.417785e+01 4.096452e-03
4.427028e+01 4.329027e-03
4.436284e+01 4.143816e-03
4.445539e+01 3.690992e-03
4.454832e+01 4.161511e-03
4.464118e+01 3.689449e-03
4.473406e+01 4.056670e-03
4.482676e+01 3.165579e-03
4.491994e+01 3.933368e-03
4.501273e+01 3.479851e-03
4.510539e+01 3.839737e-03
4.519824e+01 3.903125e-03
4.529134e+01 4.046691e-03
4.538354e+01 4.075556e-03
4.547649e+01 4.625621e-03
4.556944e+01 4.978282e-03
4.566243e+01 3.998201e-03
4.575518e+01 4.401974e-03
4.584796e+01 4.196488e-03
4.594047e+01 4.467313e-03
4.603327e+01 5.142681e-03
4.612600e+01 4.623999e-03
4.621942e+01 4.843816e-03
4.631243e+01 5.333306e-03
4.640514e+01 5.010166e-03
4.649785e+01 5.817184e-03
4.659094e+01 5.770184e-03
4.668318e+01 5.402821e-03
4.677629e+01 5.778433e-03
4.686931e+01 5.846882e-03
4.696182e+01 5.426067e-03
4.705466e+01 5.561041e-03
4.714770e+01 5.590858e-03
4.723976e+01 5.556677e-03
4.733240e+01 5.649209e-03
4.742522e+01 5.380649e-03
4.751807e+01 5.695730e-03
