# k_mean_over_subbox_bin [h Mpc^-1] sig_ratio [dimensionless]
1.856185e-01 1.269014e-03
2.861027e-01 2.146642e-03
4.062918e-01 1.997189e-03
4.546705e-01 3.012541e-03
5.620184e-01 1.164504e-03
6.665213e-01 2.069711e-03
7.726764e-01 1.721333e-03
8.422105e-01 3.679808e-03
9.409938e-01 2.368057e-03
1.025295e+00 3.437051e-03
1.115117e+00 3.942552e-03
1.209828e+00 4.953958e-03
1.304076e+00 4.140336e-03
1.385453e+00 4.533515e-03
1.488505e+00 4.247800e-03
1.579099e+00 7.618688e-03
1.669825e+00 5.986752e-03
1.759177e+00 7.310053e-03
1.863028e+00 8.166160e-03
1.950414e+00 9.775731e-03
2.045654e+00 9.128633e-03
2.141559e+00 8.412379e-03
2.238364e+00 9.318595e-03
2.326137e+00 1.055661e-02
2.415814e+00 1.096408e-02
2.511918e+00 1.310444e-02
2.607221e+00 1.262642e-02
2.689876e+00 1.393352e-02
2.782672e+00 1.391352e-02
2.875533e+00 1.536019e-02
2.970125e+00 1.494364e-02
3.058669e+00 1.691527e-02
3.156486e+00 1.471217e-02
3.252841e+00 1.530115e-02
3.347007e+00 1.739149e-02
3.435504e+00 1.558701e-02
3.528244e+00 1.607548e-02
3.621182e+00 1.851387e-02
3.718237e+00 1.580072e-02
3.808399e+00 1.560114e-02
3.901943e+00 1.924010e-02
3.991559e+00 1.571022e-02
4.087794e+00 1.577156e-02
4.178693e+00 1.609560e-02
4.267937e+00 1.579124e-02
4.360357e+00 1.446039e-02
4.456990e+00 1.318704e-02
4.547573e+00 1.342134e-02
4.640543e+00 1.362321e-02
4.734461e+00 1.237638e-02
4.829766e+00 1.464761e-02
4.920555e+00 1.302112e-02
5.014232e+00 1.477938e-02
5.106075e+00 1.238088e-02
5.199349e+00 1.184452e-02
5.292027e+00 8.034197e-03
5.386493e+00 8.252738e-03
5.478078e+00 6.913840e-03
5.572133e+00 8.390122e-03
5.663331e+00 7.106164e-03
5.754301e+00 8.533674e-03
5.843287e+00 7.020193e-03
5.937628e+00 7.099525e-03
6.030540e+00 6.760308e-03
6.123177e+00 6.195773e-03
6.217188e+00 5.722960e-03
6.315006e+00 5.988954e-03
6.405038e+00 6.583637e-03
6.497268e+00 5.051804e-03
6.591997e+00 5.972852e-03
6.686707e+00 4.183374e-03
6.777771e+00 4.916115e-03
6.871248e+00 4.600078e-03
6.963263e+00 4.287268e-03
7.054527e+00 4.765945e-03
7.145481e+00 4.522690e-03
7.239682e+00 4.329139e-03
7.331571e+00 4.631700e-03
7.425572e+00 3.346452e-03
7.516746e+00 4.356090e-03
7.611438e+00 4.408320e-03
7.703843e+00 4.921988e-03
7.797960e+00 4.174705e-03
7.891231e+00 3.669507e-03
7.982916e+00 4.165996e-03
8.076025e+00 5.431165e-03
8.170774e+00 5.428070e-03
8.261977e+00 5.126305e-03
8.353035e+00 5.437225e-03
8.446171e+00 5.190039e-03
8.540819e+00 4.709005e-03
8.630661e+00 5.347570e-03
8.723741e+00 5.314964e-03
8.817129e+00 5.632189e-03
8.909704e+00 5.006845e-03
9.000757e+00 5.228563e-03
9.094503e+00 5.252230e-03
9.188763e+00 5.260131e-03
9.282516e+00 5.507500e-03
9.373634e+00 5.047998e-03
9.468060e+00 5.588417e-03
9.561017e+00 5.313719e-03
9.655313e+00 4.821034e-03
9.746482e+00 4.803730e-03
9.839310e+00 4.763615e-03
9.931414e+00 4.730064e-03
1.002394e+01 4.271685e-03
1.011706e+01 4.479903e-03
1.021062e+01 4.055709e-03
1.030214e+01 3.695702e-03
1.039562e+01 3.271362e-03
1.048745e+01 3.756504e-03
1.057938e+01 3.118504e-03
1.067236e+01 3.655746e-03
1.076614e+01 3.363918e-03
1.085892e+01 3.370777e-03
1.095417e+01 3.290963e-03
1.104725e+01 3.065772e-03
1.114116e+01 3.052601e-03
1.123248e+01 3.494125e-03
1.132341e+01 3.456913e-03
1.141569e+01 3.310131e-03
1.150951e+01 3.524024e-03
1.160079e+01 3.348009e-03
1.169328e+01 3.335125e-03
1.178579e+01 2.922608e-03
1.187888e+01 2.713875e-03
1.197142e+01 3.156878e-03
1.206484e+01 3.396755e-03
1.215609e+01 3.013720e-03
1.225071e+01 3.445885e-03
1.234482e+01 2.617972e-03
1.243748e+01 3.054991e-03
1.253100e+01 3.188312e-03
1.262458e+01 3.093670e-03
1.271601e+01 3.130962e-03
1.280861e+01 2.968428e-03
1.290055e+01 3.024464e-03
1.299428e+01 2.845061e-03
1.308608e+01 3.068261e-03
1.317952e+01 3.060681e-03
1.327263e+01 3.287310e-03
1.336541e+01 3.156240e-03
1.345705e+01 3.296320e-03
1.355005e+01 2.971624e-03
1.364243e+01 3.169058e-03
1.373579e+01 2.742201e-03
1.382866e+01 2.691830e-03
1.392267e+01 2.692002e-03
1.401552e+01 2.934227e-03
1.410876e+01 3.279807e-03
1.420103e+01 2.624264e-03
1.429301e+01 3.209960e-03
1.438490e+01 3.238460e-03
1.447882e+01 2.905320e-03
1.457194e+01 3.238364e-03
1.466413e+01 2.686055e-03
1.475622e+01 3.412894e-03
1.485028e+01 3.154634e-03
1.494171e+01 3.364460e-03
1.503414e+01 3.153355e-03
1.512799e+01 3.586389e-03
1.522261e+01 3.296581e-03
1.531360e+01 3.593090e-03
1.540687e+01 3.708470e-03
1.550099e+01 3.289145e-03
1.559418e+01 3.734788e-03
1.568617e+01 3.613951e-03
1.577897e+01 3.323861e-03
1.587145e+01 3.467455e-03
1.596359e+01 3.409174e-03
1.605592e+01 3.415528e-03
1.614888e+01 3.700144e-03
1.624127e+01 3.658327e-03
1.633466e+01 3.394081e-03
1.642727e+01 3.631955e-03
1.652052e+01 3.806240e-03
1.661293e+01 3.406097e-03
1.670640e+01 3.710152e-03
1.679862e+01 3.604292e-03
1.689163e+01 3.686862e-03
1.698432e+01 3.823833e-03
1.707845e+01 4.085313e-03
1.717082e+01 3.548182e-03
1.726313e+01 4.125444e-03
1.735633e+01 3.831297e-03
1.744966e+01 3.770368e-03
1.754041e+01 3.789754e-03
1.763238e+01 3.782113e-03
1.772569e+01 3.689253e-03
1.781906e+01 4.168551e-03
1.791084e+01 3.424540e-03
1.800445e+01 3.849831e-03
1.809842e+01 3.754558e-03
1.819150e+01 3.779755e-03
1.828394e+01 3.946244e-03
1.837709e+01 3.683470e-03
1.846947e+01 3.805180e-03
1.856315e+01 3.788707e-03
1.865615e+01 3.452063e-03
1.874870e+01 3.313206e-03
1.884052e+01 3.957113e-03
1.893450e+01 3.402264e-03
1.902679e+01 3.543001e-03
1.911855e+01 3.685935e-03
1.921057e+01 3.642339e-03
1.930451e+01 3.444382e-03
1.939694e+01 3.366112e-03
1.948994e+01 3.858034e-03
1.958306e+01 3.644400e-03
1.967630e+01 3.487365e-03
1.976860e+01 3.385338e-03
1.986208e+01 3.713499e-03
1.995559e+01 3.376226e-03
2.004822e+01 3.764374e-03
2.014016e+01 3.768203e-03
2.023388e+01 3.778098e-03
2.032630e+01 3.707391e-03
2.041908e+01 4.026280e-03
2.051125e+01 3.966841e-03
2.060378e+01 3.584201e-03
2.069601e+01 3.903748e-03
2.078876e+01 3.948596e-03
2.088154e+01 4.057626e-03
2.097499e+01 3.397642e-03
2.106777e+01 4.162011e-03
2.116124e+01 4.005835e-03
2.125395e+01 4.024945e-03
2.134595e+01 4.232876e-03
2.143892e+01 3.886841e-03
2.153286e+01 3.371107e-03
2.162485e+01 3.832702e-03
2.171766e+01 4.228661e-03
2.181070e+01 3.932399e-03
2.190389e+01 4.175712e-03
2.199648e+01 4.200669e-03
2.208935e+01 4.007942e-03
2.218152e+01 3.895337e-03
2.227440e+01 4.090849e-03
2.236660e+01 3.815877e-03
2.245982e+01 3.781736e-03
2.255235e+01 4.091664e-03
2.264584e+01 3.635850e-03
2.273896e+01 3.768973e-03
2.283204e+01 3.547902e-03
2.292445e+01 3.373442e-03
2.301747e+01 3.458801e-03
2.311006e+01 3.687514e-03
2.320256e+01 3.590443e-03
2.329529e+01 3.251253e-03
2.338891e+01 3.869834e-03
2.348127e+01 3.529514e-03
2.357340e+01 3.335324e-03
2.366525e+01 3.858954e-03
2.375882e+01 3.555276e-03
2.385152e+01 3.810677e-03
2.394392e+01 3.684893e-03
2.403745e+01 3.645408e-03
2.413114e+01 4.139972e-03
2.422327e+01 3.400049e-03
2.431713e+01 3.603109e-03
2.440998e+01 3.852379e-03
2.450239e+01 3.915481e-03
2.459473e+01 3.877157e-03
2.468818e+01 3.920633e-03
2.478058e+01 4.045251e-03
2.487303e+01 4.351002e-03
2.496556e+01 4.112552e-03
2.505862e+01 4.083774e-03
2.515119e+01 3.999654e-03
2.524420e+01 4.423592e-03
2.533688e+01 4.007605e-03
2.542992e+01 4.617711e-03
2.552273e+01 3.918007e-03
2.561647e+01 4.583894e-03
2.570906e+01 4.717678e-03
2.580122e+01 4.187253e-03
2.589442e+01 3.887585e-03
2.598830e+01 4.272281e-03
2.608015e+01 4.101968e-03
2.617284e+01 4.566022e-03
2.626602e+01 4.013630e-03
2.635862e+01 4.527938e-03
2.645034e+01 4.377853e-03
2.654324e+01 4.556538e-03
2.663594e+01 4.578069e-03
2.672864e+01 4.931756e-03
2.682130e+01 4.795498e-03
2.691494e+01 5.086708e-03
2.700769e+01 5.174647e-03
2.710084e+01 4.852523e-03
2.719310e+01 5.134464e-03
2.728563e+01 5.089645e-03
2.737867e+01 5.188145e-03
2.747252e+01 5.167973e-03
2.756547e+01 5.470437e-03
2.765781e+01 5.580351e-03
2.775029e+01 5.820632e-03
2.784361e+01 5.714583e-03
2.793592e+01 5.319246e-03
2.802851e+01 5.812094e-03
2.812128e+01 5.662240e-03
2.821477e+01 5.900980e-03
2.830666e+01 5.753651e-03
2.839958e+01 6.139415e-03
2.849284e+01 5.831190e-03
2.858569e+01 5.767009e-03
2.867768e+01 5.777625e-03
2.877078e+01 6.129700e-03
2.886424e+01 5.674064e-03
2.895732e+01 5.630723e-03
2.905035e+01 6.284564e-03
2.914325e+01 6.075964e-03
2.923555e+01 6.487218e-03
2.932837e+01 6.228937e-03
2.942016e+01 6.177305e-03
2.951264e+01 6.094764e-03
2.960533e+01 6.810971e-03
2.969881e+01 5.863133e-03
2.979167e+01 6.895123e-03
2.988468e+01 6.058369e-03
2.997717e+01 6.674313e-03
3.007048e+01 6.622605e-03
3.016298e+01 7.037719e-03
3.025586e+01 6.592276e-03
3.034913e+01 6.935242e-03
3.044262e+01 6.991964e-03
3.053451e+01 6.771847e-03
3.062741e+01 7.146057e-03
3.072058e+01 6.898938e-03
3.081313e+01 7.233997e-03
3.090512e+01 7.211024e-03
3.099815e+01 6.953855e-03
3.109144e+01 7.276171e-03
3.118425e+01 7.965467e-03
3.127696e+01 7.031486e-03
3.136994e+01 7.285460e-03
3.146183e+01 7.592498e-03
3.155510e+01 7.853193e-03
3.164827e+01 7.976826e-03
3.174148e+01 8.296330e-03
3.183408e+01 7.961589e-03
3.192730e+01 7.699822e-03
3.201951e+01 7.850888e-03
3.211189e+01 8.546373e-03
3.220506e+01 8.125852e-03
3.229811e+01 8.755906e-03
3.239039e+01 8.528052e-03
3.248317e+01 8.618999e-03
3.257582e+01 9.362516e-03
3.266933e+01 8.843202e-03
3.276166e+01 8.962792e-03
3.285411e+01 8.493427e-03
3.294759e+01 9.194227e-03
3.304076e+01 9.131483e-03
3.313297e+01 8.973719e-03
3.322625e+01 9.184945e-03
3.331923e+01 8.940613e-03
3.341225e+01 8.885093e-03
3.350505e+01 9.031107e-03
3.359788e+01 8.921178e-03
3.369017e+01 8.576537e-03
3.378314e+01 8.961417e-03
3.387574e+01 9.474016e-03
3.396874e+01 9.667990e-03
3.406133e+01 9.514432e-03
3.415415e+01 9.653358e-03
3.424644e+01 1.040036e-02
3.433943e+01 9.857070e-03
3.443219e+01 9.850206e-03
3.452506e+01 1.007279e-02
3.461817e+01 1.011401e-02
3.471106e+01 1.044385e-02
3.480387e+01 1.038808e-02
3.489708e+01 1.011702e-02
3.498927e+01 1.022432e-02
3.508199e+01 1.088771e-02
3.517457e+01 1.056927e-02
3.526755e+01 1.046678e-02
3.536013e+01 1.085059e-02
3.545314e+01 1.035607e-02
3.554559e+01 1.116558e-02
3.563812e+01 1.015905e-02
3.573069e+01 1.050951e-02
3.582377e+01 1.051981e-02
3.591678e+01 1.041683e-02
3.601030e+01 1.127093e-02
3.610312e+01 1.090118e-02
3.619603e+01 1.089954e-02
3.628871e+01 1.072080e-02
3.638193e+01 1.072138e-02
3.647486e+01 1.125499e-02
3.656723e+01 1.081733e-02
3.665973e+01 1.125640e-02
3.675300e+01 1.104428e-02
3.684575e+01 1.171224e-02
3.693831e+01 1.135198e-02
3.703120e+01 1.166033e-02
3.712423e+01 1.191439e-02
3.721617e+01 1.176418e-02
3.730943e+01 1.143309e-02
3.740227e+01 1.155390e-02
3.749521e+01 1.192822e-02
3.758781e+01 1.182249e-02
3.768125e+01 1.209578e-02
3.777417e+01 1.170250e-02
3.786671e+01 1.191032e-02
3.795940e+01 1.195778e-02
3.805207e+01 1.264560e-02
3.814406e+01 1.252280e-02
3.823758e+01 1.225709e-02
3.833091e+01 1.235312e-02
3.842328e+01 1.308303e-02
3.851547e+01 1.223624e-02
3.860885e+01 1.205981e-02
3.870149e+01 1.258171e-02
3.879392e+01 1.250492e-02
3.888693e+01 1.200475e-02
3.898036e+01 1.282023e-02
3.907273e+01 1.294615e-02
3.916559e+01 1.292760e-02
3.925898e+01 1.299584e-02
3.935200e+01 1.274357e-02
3.944421e+01 1.330304e-02
3.953714e+01 1.338251e-02
3.962992e+01 1.349427e-02
3.972279e+01 1.314465e-02
3.981505e+01 1.366292e-02
3.990809e+01 1.310346e-02
4.000097e+01 1.376400e-02
4.009383e+01 1.355113e-02
4.018639e+01 1.369568e-02
4.027924e+01 1.348634e-02
4.037204e+01 1.420707e-02
4.046513e+01 1.386179e-02
4.055823e+01 1.380053e-02
4.065114e+01 1.420401e-02
4.074325e+01 1.442281e-02
4.083702e+01 1.420644e-02
4.092985e+01 1.461774e-02
4.102192e+01 1.506081e-02
4.111471e+01 1.479707e-02
4.120746e+01 1.414205e-02
4.129973e+01 1.422427e-02
4.139277e+01 1.477005e-02
4.148568e+01 1.454496e-02
4.157864e+01 1.483706e-02
4.167111e+01 1.486073e-02
4.176398e+01 1.509222e-02
4.185684e+01 1.534131e-02
4.195009e+01 1.562906e-02
4.204265e+01 1.547384e-02
4.213567e+01 1.604258e-02
4.222889e+01 1.564927e-02
4.232123e+01 1.519857e-02
4.241396e+01 1.601783e-02
4.250719e+01 1.560457e-02
4.259967e+01 1.604304e-02
4.269267e+01 1.617671e-02
4.278504e+01 1.624401e-02
4.287772e+01 1.568713e-02
4.297045e+01 1.668806e-02
4.306379e+01 1.631369e-02
4.315647e+01 1.672269e-02
4.324924e+01 1.679395e-02
4.334209e+01 1.622556e-02
4.343517e+01 1.728161e-02
4.352735e+01 1.668927e-02
4.362043e+01 1.700515e-02
4.371377e+01 1.613831e-02
4.380671e+01 1.711946e-02
4.389884e+01 1.693365e-02
4.399175e+01 1.723751e-02
4.408485e+01 1.750106e-02
4.417785e+01 1.619785e-02
4.427028e+01 1.753088e-02
4.436284e+01 1.758934e-02
4.445539e+01 1.675103e-02
4.454832e+01 1.789176e-02
4.464118e+01 1.722669e-02
4.473406e+01 1.749325e-02
4.482676e+01 1.750621e-02
4.491994e+01 1.753834e-02
4.501273e+01 1.722911e-02
4.510539e+01 1.739965e-02
4.519824e+01 1.824512e-02
4.529134e+01 1.710843e-02
4.538354e+01 1.726156e-02
4.547649e+01 1.776469e-02
4.556944e+01 1.877426e-02
4.566243e+01 1.820897e-02
4.575518e+01 1.833843e-02
4.584796e+01 1.821894e-02
4.594047e+01 1.791321e-02
4.603327e+01 1.843203e-02
4.612600e+01 1.782104e-02
4.621942e+01 1.749091e-02
4.631243e+01 1.824238e-02
4.640514e+01 1.826308e-02
4.649785e+01 1.870389e-02
4.659094e+01 1.896480e-02
4.668318e+01 1.842893e-02
4.677629e+01 1.837820e-02
4.686931e+01 1.850491e-02
4.696182e+01 1.876566e-02
4.705466e+01 1.889690e-02
4.714770e+01 1.941201e-02
4.723976e+01 1.923065e-02
4.733240e+01 1.929273e-02
4.742522e+01 1.929701e-02
4.751807e+01 1.912458e-02
