221.2816672552588
209.08947992921142
197.50456748951345
186.50626192333402
176.0729800062453
166.1828721943603
156.8139002652802
147.94404696133233
139.5516347586106
131.61512289184856
124.11303551430562
117.024244201219
110.3295652924086
104.01098556946522
98.04730786513127
92.42550197526472
87.12602419832885
82.13277852932569
77.43005993076844
73.0029588719918
68.8372067701173
64.91914873121165
61.2357184932234
57.7744193180129
54.52331182925851
51.47100193487907
48.60662716534634
45.9198527169053
43.400813623001994
41.04012134708322
38.82879694216642
36.75831882358921
34.82058656439054
33.00787835561533
31.312848903217137
29.728514977270738
28.248252320771595
26.865810503101603
25.575251759160473
24.37095687748637
23.24761204732184
22.200147819538955
21.2237551063124
20.313870097665607
19.466226291330635
18.67680470017406
17.94183284350107
17.25774839095643
16.621200568144744
16.02906505529349
15.478351086093163
14.966260092905884
14.490096411205496
14.047384530041189
13.635851931171072
13.253377061182965
12.897993859896134
12.567860881351365
12.261274694606229
11.976654230492715
11.71252591721861
11.467484307266439
11.240168999811429
11.029415223692286
10.834179723135337
10.653510442334053
10.486488552917628
10.332294134927855
10.190221570306932
10.059619843058769
9.939839723961256
9.830212750167764
9.730248048568042
9.639502465243153
9.557564019137272
9.484063328123508
9.418656209039195
9.361019828621352
9.310867349538551
9.267906595177648
9.23188100848137
9.202514928139724
9.179586623191424
9.162883482857948
9.1521960879838
9.147314351538977
9.148024811115466
9.154127963613037
9.165425374610722
9.181687131746482
9.20270413133298
9.228277930089522
9.258209564218467
9.292300039636423
9.330352750378632
9.372172413783312
9.417568090745448
9.466353465849835
9.518339816547465
9.573347907435787
9.631208412109508
9.69175787831402
9.754838680195666
9.820300713500043
9.887998927021867
9.957793572387867
10.029555742188052
10.103163447169617
10.178504006116896
10.255468981934357
10.333954795861807
10.413856100958954
10.495129530857053
10.577667801792416
10.661399136224073
10.746251974344178
10.832162488829637
10.91907321271873
11.006924876164096
11.095667703707912
11.185254800059901
11.275644227195015
11.366794874377854
11.4586651170253
11.551182358549884
11.644408124217
11.738277397007993
11.832757066375317
11.92782440704267
12.023458382213795
12.119640078257113
12.216351359749627
12.313575961982428
12.411296645124615
12.509488616116169
12.608170845738842
12.70731623180862
12.80691431368818
12.906956141512183
13.007431510184809
13.108336778314396
13.209666183352326
13.311408533376307
13.413554158501544
13.516115480279197
13.619076149980922
13.72243314731918
13.826183378612626
13.930324796170087
14.034852809928346
14.139764376194993