21.455963763416907
20.881291613092568
20.331345891622107
19.805969895234465
19.305207233608975
18.82880790146419
18.376487789887378
17.948092529798657
17.543316578241836
17.161763249538286
16.80311265897355
16.46698336034802
16.152899186766238
15.860384921557392
15.589028244737625
15.338303644622
15.107640751180776
14.896557288220428
14.704485296452983
14.5308001674741
14.37497511847218
14.236436578732967
14.114560288458879
14.00876593091883
13.918483771585848
13.843114522102406
13.78206789206232
13.734800431198632
13.700725978233875
13.679298756519458
13.66996852861538
13.672231420694896
13.685557484149506
13.709449741125258
13.743448849697916
13.787084965147058
13.839943227744811
13.901587817708993
13.97162750883752
14.049664200419555
14.135318814633521
14.228244316390617
14.32817476482827
14.434833256562293
14.547936262903939
14.667255385451735
14.792549664050863
15.482059995654327
17.866274092738383
20.398354025398326
23.094906169226775
24.40028717456551
24.713122378651505
25.068097511550356
25.468558986891175
25.919324506631014
26.42405485559075
26.987300549817636
27.614276302838224
28.31136792783061
29.0839223242356
29.938966719849457
30.883478386661814
31.926919372438086
33.07720539753472
34.343979864590686
35.738268501522356
37.2728483759431
38.95961244717445
40.81302464989612
42.84744673877432
45.08325070339696
47.53616536991927
50.22763509691249
53.17899653956827
56.41718300036588
59.96820325980679
63.85992604727374
68.1247154062368
72.79887371081982
77.92067676061345
83.5311341758807
89.67361139113791
96.39836229419457
103.76316573272571
111.8206059333402
120.6352547570029
130.2754007221979
140.8134646604099
152.33448085700155
164.91495323410993
178.6525634952358
193.6366267296381
209.9844992739541
227.8015152547855
247.19954622850744
268.3056127069179
291.24403232054874
316.1642459232935
343.2000853932307
372.4804987394636
404.1700657658049
438.3929086578135
475.3275213799506
515.1025180755889
557.8485233174978
603.7086467731989
652.7774693638851
705.2141905656017
761.0715840867008
820.4135251039213
883.297722320968
949.7137426097354
1019.6980433183792
1093.1758084841176
1170.0402767554922
1250.1853336702497
1333.4207738223454
1419.5803481445726
1508.4436947578367
1599.6814193608452
1693.0310791938239
1788.110877545872
1884.596614315449
1982.1848526941776
2080.427524431988
2178.969809321023
2277.4207315873737
2375.3999327669994
2472.6581058890793
2568.8505148001623
2663.655382942674
2756.78972860256
2848.076140348365
2937.2363296207577
3024.277848814143
3108.9905939290156
3191.257217540906
3271.0343294064523
3348.2232354537873
3422.9277388304313
3495.1746713263924
3564.9533260688154
3632.3055881990977
3697.293291581465
3759.9872665329444
3820.4848809761347
3878.974244309575
3935.48167090809
3990.0868968698555
4042.8866051034843