# k_mean_over_bin [h Mpc^-1] P_bin [h^-3 Mpc^3] N_modes
1.184378117322921753e-01 1.426852322048611086e+03 1.800000000000000000e+01
2.070391514608936889e-01 7.359347278225806122e+02 6.200000000000000000e+01
2.908789369524741875e-01 3.801351243622448806e+02 9.800000000000000000e+01
3.768593419165838232e-01 2.428552455357143174e+02 2.100000000000000000e+02
4.731028326920100890e-01 1.838621316964285768e+02 3.500000000000000000e+02
5.681715122858683742e-01 1.415212065972222319e+02 4.500000000000000000e+02
6.563231289584771089e-01 1.206571454526578151e+02 6.020000000000000000e+02
7.448014465216888924e-01 8.849218750000000000e+01 7.620000000000000000e+02
8.406094446282461607e-01 7.992587018388792330e+01 1.142000000000000000e+03
9.367566620826721646e-01 7.003593125000000441e+01 1.250000000000000000e+03
1.026586165316965005e+00 6.314022312242797597e+01 1.458000000000000000e+03
1.116414891845467494e+00 5.373300975055126827e+01 1.814000000000000000e+03
1.210674845154291912e+00 4.990854209710743561e+01 2.178000000000000000e+03
1.304317068633697341e+00 4.568122310348278603e+01 2.498000000000000000e+03
1.393679632202165841e+00 4.011180932971014812e+01 2.622000000000000000e+03
1.485376689304056974e+00 3.849468946599760244e+01 3.338000000000000000e+03
1.580706344632164528e+00 3.321029100617947449e+01 3.722000000000000000e+03
1.675439811953537861e+00 3.127481452338129486e+01 4.170000000000000000e+03
1.766748555541421517e+00 2.988164725791647669e+01 4.358000000000000000e+03
1.857907782910028338e+00 2.904037855085419295e+01 5.034000000000000000e+03
1.951978457904504527e+00 2.678981449072453458e+01 5.714000000000000000e+03
2.045143867328150122e+00 2.550690091106653057e+01 5.982000000000000000e+03
2.136626868203205465e+00 2.286021281429869845e+01 6.602000000000000000e+03
2.228263118257027831e+00 2.125996230715287538e+01 7.130000000000000000e+03
2.321607179952730249e+00 2.031081769666417713e+01 8.034000000000000000e+03
2.415682149437619053e+00 1.928453440913316186e+01 8.606000000000000000e+03
2.508500874081958099e+00 1.771746946007059265e+01 9.066000000000000000e+03
2.601200119124624788e+00 1.665362126079100591e+01 9.962000000000000000e+03
2.694235417018004508e+00 1.594730154028435898e+01 1.055000000000000000e+04
2.786566970183975478e+00 1.503903744655264596e+01 1.122600000000000000e+04
2.878995976455125838e+00 1.425819971595586999e+01 1.214600000000000000e+04
2.971084231821937927e+00 1.356343705378391284e+01 1.260600000000000000e+04
3.063445730324051208e+00 1.285098060969424694e+01 1.380200000000000000e+04
3.157146178691936811e+00 1.214479230208756810e+01 1.475400000000000000e+04
3.250117447778898327e+00 1.162355000329077193e+01 1.519400000000000000e+04
3.342583446669610492e+00 1.070327408988695694e+01 1.645400000000000000e+04
3.435721774499872705e+00 1.006717092223388121e+01 1.715400000000000000e+04
3.528640551307592244e+00 9.849252881035804208e+00 1.826600000000000000e+04
3.620705006688436089e+00 9.414128333333334098e+00 1.875000000000000000e+04
3.713051412232110327e+00 8.929580934318472885e+00 2.023400000000000000e+04
3.806600885969219750e+00 8.245868298368298710e+00 2.145000000000000000e+04
3.899856274575876913e+00 7.935416144932156080e+00 2.196200000000000000e+04
3.992461362383817214e+00 7.367200153439604549e+00 2.346200000000000000e+04
4.085101250274914442e+00 7.157733081690375698e+00 2.404200000000000000e+04
4.178282026464235521e+00 6.794678731789100645e+00 2.594600000000000000e+04
4.271026090126379238e+00 6.486938485910100916e+00 2.611800000000000000e+04
4.362660921192911267e+00 6.102281093216025631e+00 2.750600000000000000e+04
4.455056894016652613e+00 5.753379700509186456e+00 2.906600000000000000e+04
4.548567970163129637e+00 5.483983477011494578e+00 3.045000000000000000e+04
4.642183614914347167e+00 5.285031464621006592e+00 3.174200000000000000e+04
4.734802040159240555e+00 5.025694767441860833e+00 3.225000000000000000e+04
4.827364799750112567e+00 4.813367244525547761e+00 3.425000000000000000e+04
4.920584781699665733e+00 4.556267011479663509e+00 3.545400000000000000e+04
5.013359533259575507e+00 4.358546447000055224e+00 3.643400000000000000e+04
5.105449550528035729e+00 4.142322594342126685e+00 3.768200000000000000e+04
5.197645194343484931e+00 3.971477833765969301e+00 3.929400000000000000e+04
5.291033785789665878e+00 3.743227381354705230e+00 4.142600000000000000e+04
5.384218104832274143e+00 3.546290724694527441e+00 4.206600000000000000e+04
5.476570661294375419e+00 3.401364537824787426e+00 4.349000000000000000e+04
5.569480806496528658e+00 3.219310355673712376e+00 4.570200000000000000e+04
5.662608510701372388e+00 3.080491500300210461e+00 4.663400000000000000e+04
5.755555729077028282e+00 2.881767272006425795e+00 4.855400000000000000e+04
5.847514714447296313e+00 2.768486226212400148e+00 4.887000000000000000e+04
5.939621377759887189e+00 2.670011662528610774e+00 5.155400000000000000e+04
6.033286328455903735e+00 2.558196697633573713e+00 5.409000000000000000e+04
6.126578374222767742e+00 2.429457644437897912e+00 5.431400000000000000e+04
6.219411275944419337e+00 2.353067892286065721e+00 5.691000000000000000e+04
6.312091091589093317e+00 2.237493639313176352e+00 5.748200000000000000e+04
6.405038419545505235e+00 2.127279086118166962e+00 6.062600000000000000e+04
6.498048824028840542e+00 2.065107613019965704e+00 6.120600000000000000e+04
6.590076446975213109e+00 1.969714794430238225e+00 6.257000000000000000e+04
6.682696844855708918e+00 1.857751169557279924e+00 6.573000000000000000e+04
6.775704710713010392e+00 1.801788770319107558e+00 6.668600000000000000e+04
6.868912365054184122e+00 1.708191949553789168e+00 6.969800000000000000e+04
6.961799410462457871e+00 1.659934568945820255e+00 7.002600000000000000e+04
7.054359692053434827e+00 1.598283754433233561e+00 7.274600000000000000e+04
7.147428904826070628e+00 1.533181588739821244e+00 7.491000000000000000e+04
7.240028573551028579e+00 1.466174997028604654e+00 7.572200000000000000e+04
7.332338741767488344e+00 1.413009510002807056e+00 7.837800000000000000e+04
7.424902942254218097e+00 1.356137737410970878e+00 8.003000000000000000e+04
7.517937377185146097e+00 1.308021707378645537e+00 8.318600000000000000e+04
7.611148468634212350e+00 1.256345061033945054e+00 8.466600000000000000e+04
7.704079628122953771e+00 1.218006266176368646e+00 8.654600000000000000e+04
7.796582836970295638e+00 1.192540619965053228e+00 8.813400000000000000e+04
7.889454247622340155e+00 1.136281260924424830e+00 9.153800000000000000e+04
7.982724480689482149e+00 1.102058823332044746e+00 9.313800000000000000e+04
8.075298514297813313e+00 1.058011273127077212e+00 9.447800000000000000e+04
8.167792579920213569e+00 1.020424265476900461e+00 9.727400000000000000e+04
8.260620916421871129e+00 9.880120561239844612e-01 9.969000000000000000e+04
8.353834658350463016e+00 9.573259607417877737e-01 1.025900000000000000e+05
8.446891225035667361e+00 9.317106039799557538e-01 1.037700000000000000e+05
8.539478054243559768e+00 8.954776008265472598e-01 1.063460000000000000e+05
8.632282232760706719e+00 8.703818542369133882e-01 1.085460000000000000e+05
8.724804956440188164e+00 8.373463126320828120e-01 1.107260000000000000e+05
8.817075899639386094e+00 8.227893355709479106e-01 1.123220000000000000e+05
8.909466493352946159e+00 7.871599685046164474e-01 1.158900000000000000e+05
9.002493950022341096e+00 7.640219922999847979e-01 1.187660000000000000e+05
9.096187160700116792e+00 7.387406810618325492e-01 1.222980000000000000e+05
9.189103356582524640e+00 7.182719331026292675e-01 1.220900000000000000e+05
9.281626014779211786e+00 6.931067308838725349e-01 1.258100000000000000e+05
9.374389805679564702e+00 6.817676032646852180e-01 1.281900000000000000e+05
9.467351191509465025e+00 6.693161995969281186e-01 1.309940000000000000e+05
9.560372426970177528e+00 6.500215933055144557e-01 1.337220000000000000e+05
9.652537256107530439e+00 6.318316632246836484e-01 1.338860000000000000e+05
9.745402251297077711e+00 6.102268603509370948e-01 1.405380000000000000e+05
9.838629070867343174e+00 5.964266456072093714e-01 1.405940000000000000e+05
9.931170213630455379e+00 5.769366995661379116e-01 1.435940000000000000e+05
1.002375136780792531e+01 5.697299398537352122e-01 1.463100000000000000e+05
1.011689186080998404e+01 5.559536798871556051e-01 1.506500000000000000e+05
1.021012002451843514e+01 5.406082450432482256e-01 1.519140000000000000e+05
1.030237925119941700e+01 5.268738734370722598e-01 1.533980000000000000e+05
1.039484175099144103e+01 5.156062439822380883e-01 1.578660000000000000e+05
1.048776694495354178e+01 5.058134457201011180e-01 1.606580000000000000e+05
1.058087311811975262e+01 4.955103666469634627e-01 1.641020000000000000e+05
1.067357420590995609e+01 4.826405145793180584e-01 1.649940000000000000e+05
1.076619937485724954e+01 4.704815370179569745e-01 1.698500000000000000e+05
1.085949745140513656e+01 4.598849401107604207e-01 1.729860000000000000e+05
1.095226801904796865e+01 4.526335907219340426e-01 1.738940000000000000e+05
1.104446791814904572e+01 4.425681062547375810e-01 1.767780000000000000e+05
1.113720165152640007e+01 4.347121542254760995e-01 1.818020000000000000e+05
1.123030291713835993e+01 4.270928079081494633e-01 1.844300000000000000e+05
1.132332751062361176e+01 4.182835581760502297e-01 1.872420000000000000e+05
1.141615727416350623e+01 4.118258869908016373e-01 1.902500000000000000e+05
1.150885441619584704e+01 4.019981370410759536e-01 1.925700000000000000e+05
1.160194416347848723e+01 3.935452200838318593e-01 1.982540000000000000e+05
1.169484499814597278e+01 3.883428273650251783e-01 1.980740000000000000e+05
1.178720929573208309e+01 3.801097732615689173e-01 2.020500000000000000e+05
1.187972252840724430e+01 3.751859775087346693e-01 2.055020000000000000e+05
1.197285047754958498e+01 3.680955205752233228e-01 2.106660000000000000e+05
1.206594121592737601e+01 3.659071644360860076e-01 2.124260000000000000e+05
1.215842987893468319e+01 3.558612047022691183e-01 2.139180000000000000e+05
1.225127190843709890e+01 3.487327073925083898e-01 2.209940000000000000e+05
1.234433389150648885e+01 3.433459416559077604e-01 2.215220000000000000e+05
1.243714674042274559e+01 3.395109021646914860e-01 2.263140000000000000e+05
1.252968049476717027e+01 3.326051556574304291e-01 2.272940000000000000e+05
1.262230645131926110e+01 3.265751563023154280e-01 2.329620000000000000e+05
1.271556240267021742e+01 3.212124463350125025e-01 2.378180000000000000e+05
1.280855790613013667e+01 3.170555711981644098e-01 2.383980000000000000e+05
1.290095779016425226e+01 3.136018881152192739e-01 2.414180000000000000e+05
1.299356953205520782e+01 3.077337729622636742e-01 2.468180000000000000e+05
1.308650730001445872e+01 3.026424498111289774e-01 2.499060000000000000e+05
1.317952036632761192e+01 2.981595587686786675e-01 2.547020000000000000e+05
1.327210963258450249e+01 2.947391816813275667e-01 2.544180000000000000e+05
1.336446864997421180e+01 2.900597599806417626e-01 2.603540000000000000e+05
1.345732814632731511e+01 2.866879156068142809e-01 2.649740000000000000e+05
1.355044668211841774e+01 2.821434651796280169e-01 2.687220000000000000e+05
1.364337570066870065e+01 2.796693584245955044e-01 2.715620000000000000e+05
1.373626060296479423e+01 2.769707096877199737e-01 2.755860000000000000e+05
1.382931383021906768e+01 2.737745759573860793e-01 2.801900000000000000e+05
1.392229025170226109e+01 2.686409033213828512e-01 2.828340000000000000e+05
1.401494359777130683e+01 2.642303001279938113e-01 2.851700000000000000e+05
1.410740731889789679e+01 2.601231874340257932e-01 2.898860000000000000e+05
1.420022607003664383e+01 2.577692820503677540e-01 2.944740000000000000e+05
1.429327769672065251e+01 2.536990282489365311e-01 2.994980000000000000e+05
1.438599748305404979e+01 2.513895955850485864e-01 2.999580000000000000e+05
1.447856675525485137e+01 2.486622417510740424e-01 3.058580000000000000e+05
1.457147269892520924e+01 2.447434031866767001e-01 3.107940000000000000e+05
1.466439343727569877e+01 2.424621884202860511e-01 3.130820000000000000e+05
1.475681177890535523e+01 2.408967958778152618e-01 3.160460000000000000e+05
1.484948617057695408e+01 2.372043393370326936e-01 3.222180000000000000e+05
1.494277474550501061e+01 2.353329622719608494e-01 3.285620000000000000e+05
1.503571356719846897e+01 2.328540409006372158e-01 3.279900000000000000e+05
1.512847461878839894e+01 2.297664493993116230e-01 3.352820000000000000e+05
1.522116122993042175e+01 2.273044282227579815e-01 3.359700000000000000e+05
1.531400028021830018e+01 2.259037873547517228e-01 3.440660000000000000e+05
1.540669723612491637e+01 2.237378506871912365e-01 3.437180000000000000e+05
1.549928694728189349e+01 2.209798980008421121e-01 3.514980000000000000e+05
1.559221716463989260e+01 2.186030546990052337e-01 3.544580000000000000e+05
1.568495562812730881e+01 2.153906332795078316e-01 3.585660000000000000e+05
1.577810996268555854e+01 2.151826909814214817e-01 3.661220000000000000e+05
1.587105207565506504e+01 2.116567087422432381e-01 3.658100000000000000e+05
1.596362032366984884e+01 2.104887913659578835e-01 3.716220000000000000e+05
1.605643325699092117e+01 2.081053217407031197e-01 3.759860000000000000e+05
1.614940191658655522e+01 2.064907714498783187e-01 3.821700000000000000e+05
1.624206673023013181e+01 2.048504212085338894e-01 3.818180000000000000e+05
1.633452743085091186e+01 2.034059559287837438e-01 3.895740000000000000e+05
1.642739036007413844e+01 2.013393078260493907e-01 3.936980000000000000e+05
1.652036078669808461e+01 2.006201801879046176e-01 3.994580000000000000e+05
1.661323031703600961e+01 1.978305240949028154e-01 4.022220000000000000e+05
1.670599960969002851e+01 1.967690137790534810e-01 4.069220000000000000e+05
1.679888488517313760e+01 1.956888357107561816e-01 4.128420000000000000e+05
1.689174794609107622e+01 1.935607037566270117e-01 4.153460000000000000e+05
1.698445667499957779e+01 1.922290645730349301e-01 4.211820000000000000e+05
1.707725986777097660e+01 1.896169140189356839e-01 4.250180000000000000e+05
1.717015372762241299e+01 1.876257935394235743e-01 4.311380000000000000e+05
1.726300592750621021e+01 1.868239677288653644e-01 4.343820000000000000e+05
1.735581687644611648e+01 1.860816364780188970e-01 4.395140000000000000e+05
1.744865631689969732e+01 1.842164656494385544e-01 4.447380000000000000e+05
1.754154674112538004e+01 1.821790733387538552e-01 4.489100000000000000e+05
1.763402169990183310e+01 1.806429586700930845e-01 4.506180000000000000e+05
1.772664328480641416e+01 1.797863560375929648e-01 4.595540000000000000e+05
1.781956778894578974e+01 1.792624319540234989e-01 4.631060000000000000e+05
1.791222705892597489e+01 1.780478741966285139e-01 4.670940000000000000e+05
1.800517160424251628e+01 1.758733508373724608e-01 4.749380000000000000e+05
1.809809219722422569e+01 1.736609093466698617e-01 4.771860000000000000e+05
1.819102365274693156e+01 1.740726131955763756e-01 4.846700000000000000e+05
1.828394645064599899e+01 1.719569092523767495e-01 4.870100000000000000e+05
1.837673096011168639e+01 1.707494808073559689e-01 4.933140000000000000e+05
1.846951219997421134e+01 1.698602576804977282e-01 4.963220000000000000e+05
1.856207991712944860e+01 1.683921213439452114e-01 5.017020000000000000e+05
1.865487669732040032e+01 1.671009999764040688e-01 5.085620000000000000e+05
1.874791044409651164e+01 1.657040544626849077e-01 5.142420000000000000e+05
1.884068939554537536e+01 1.645977346083951076e-01 5.161580000000000000e+05
1.893333723456194662e+01 1.632596513455746301e-01 5.226020000000000000e+05
1.902628539519699302e+01 1.626210113199084983e-01 5.306580000000000000e+05
1.911907251291035692e+01 1.618204606899076026e-01 5.300420000000000000e+05
1.921163935532461053e+01 1.611807455722816806e-01 5.388780000000000000e+05
1.930450075711193136e+01 1.605166016163416809e-01 5.441300000000000000e+05
1.939755433126434170e+01 1.595303070099037268e-01 5.511060000000000000e+05
1.949049097704147471e+01 1.585597687515117871e-01 5.539820000000000000e+05
1.958322588034617695e+01 1.569967219637719846e-01 5.582420000000000000e+05
1.967588364885606111e+01 1.566890834626407658e-01 5.645460000000000000e+05
1.976869434771703382e+01 1.550112161565239954e-01 5.704940000000000000e+05
1.986165279807212158e+01 1.543083818585482547e-01 5.767620000000000000e+05
1.995432123101812394e+01 1.537742910958193321e-01 5.782340000000000000e+05
2.004690612719002019e+01 1.521834890748310354e-01 5.856660000000000000e+05
2.013984050223171707e+01 1.517730899863065919e-01 5.944460000000000000e+05
2.023272890486831344e+01 1.505386917261654633e-01 5.952500000000000000e+05
2.032543940168302399e+01 1.497865565783673136e-01 6.034020000000000000e+05
2.041822602890960425e+01 1.494210886847157083e-01 6.073820000000000000e+05
2.051122775200620652e+01 1.485821365334435429e-01 6.170100000000000000e+05
2.060407036601513653e+01 1.477604558487818909e-01 6.167780000000000000e+05
2.069669578816928990e+01 1.468310096223105210e-01 6.247460000000000000e+05
2.078928355938697337e+01 1.461287982914107053e-01 6.280620000000000000e+05
2.088217124601291275e+01 1.454109672393300023e-01 6.394100000000000000e+05
2.097529598369898807e+01 1.451381290496676357e-01 6.429540000000000000e+05
2.106805331952950766e+01 1.441206660407384765e-01 6.459740000000000000e+05
2.116077610440775203e+01 1.431486135977597107e-01 6.534900000000000000e+05
2.125372294569237752e+01 1.421177729414934143e-01 6.607460000000000000e+05
2.134664281150384824e+01 1.415085883124249655e-01 6.646460000000000000e+05
2.143921183983845680e+01 1.410074588072652013e-01 6.672900000000000000e+05
2.153196758259735688e+01 1.401468276073068453e-01 6.790340000000000000e+05
2.162501866851676624e+01 1.394783262806823243e-01 6.827220000000000000e+05
2.171804191565382425e+01 1.387221753759197429e-01 6.912380000000000000e+05
2.181071243003161442e+01 1.382575561608883064e-01 6.886020000000000000e+05
2.190321537359248794e+01 1.377979230044262260e-01 7.008260000000000000e+05
2.199607563002311039e+01 1.373162053858646148e-01 7.056620000000000000e+05
2.208877626216251144e+01 1.360303611942000890e-01 7.100820000000000000e+05
2.218151942702204238e+01 1.359704832673305774e-01 7.191620000000000000e+05
2.227434692035805597e+01 1.354135730356524625e-01 7.222500000000000000e+05
2.236714400582834372e+01 1.350342848183893607e-01 7.315100000000000000e+05
2.246009917686053114e+01 1.343586905859524561e-01 7.364420000000000000e+05
2.255286301271592464e+01 1.337783043347397505e-01 7.408980000000000000e+05
2.264570888917366176e+01 1.334724026471756642e-01 7.501580000000000000e+05
2.273871305043798685e+01 1.323898773921464433e-01 7.548660000000000000e+05
2.283153494245599902e+01 1.321251610913664887e-01 7.608260000000000000e+05
2.292422487509966089e+01 1.312548958881410988e-01 7.640340000000000000e+05
2.301692445698970957e+01 1.304471533257262894e-01 7.738460000000000000e+05
2.310982132709485271e+01 1.299680575986836006e-01 7.797140000000000000e+05
2.320261512238962709e+01 1.296784913312780396e-01 7.843140000000000000e+05
2.329531987918526781e+01 1.289054207125364115e-01 7.913420000000000000e+05
2.338820387812159041e+01 1.286686769348733828e-01 7.994580000000000000e+05
2.348111287834909788e+01 1.281543317417468131e-01 8.049620000000000000e+05
2.357389799310178802e+01 1.270322246927305110e-01 8.095500000000000000e+05
2.366643099319197319e+01 1.266018516782673464e-01 8.134580000000000000e+05
2.375923949250096001e+01 1.262347194894380131e-01 8.274020000000000000e+05
2.385219997560238525e+01 1.252410923217936456e-01 8.286180000000000000e+05
2.394495063937385737e+01 1.251192339781197205e-01 8.369180000000000000e+05
2.403777648419287516e+01 1.247465424102534859e-01 8.428740000000000000e+05
2.413057627806516692e+01 1.243209969117124170e-01 8.493380000000000000e+05
2.422351563940374319e+01 1.234844727583468832e-01 8.589420000000000000e+05
2.431642084497046952e+01 1.231845318637642267e-01 8.609780000000000000e+05
2.440907275640182661e+01 1.226761315477931658e-01 8.683460000000000000e+05
2.450180945052736092e+01 1.220907798798839955e-01 8.751540000000000000e+05
2.459476741534680144e+01 1.215042920643320812e-01 8.862140000000000000e+05
2.468767505041338950e+01 1.210295663275655631e-01 8.873460000000000000e+05
2.478037328616710866e+01 1.205032292404573796e-01 8.949860000000000000e+05
2.487311682666788926e+01 1.204677541112171985e-01 9.027740000000000000e+05
2.496609174295249645e+01 1.202062598534832383e-01 9.121140000000000000e+05
2.505897387407718213e+01 1.191711355742896966e-01 9.150260000000000000e+05
2.515160067989670623e+01 1.188577160508921399e-01 9.201420000000000000e+05
2.524426671215021045e+01 1.186478955770401411e-01 9.297620000000000000e+05
2.533712433447646362e+01 1.178257568668163863e-01 9.376980000000000000e+05
2.543007703004820996e+01 1.177277815735603278e-01 9.447620000000000000e+05
2.552282799960319792e+01 1.173974500107566044e-01 9.482540000000000000e+05
2.561553047524550308e+01 1.169157451071381609e-01 9.568020000000000000e+05
2.570846535527487831e+01 1.161403115176023043e-01 9.676580000000000000e+05
2.580136806021612017e+01 1.160243366003163856e-01 9.697020000000000000e+05
2.589392183549748694e+01 1.156282642645956871e-01 9.740900000000000000e+05
2.598668497370496056e+01 1.154146032122992799e-01 9.884820000000000000e+05
2.607964242247496500e+01 1.147778962120738488e-01 9.919940000000000000e+05
2.617250140478323672e+01 1.145103199954047302e-01 1.001030000000000000e+06
2.626534886654157575e+01 1.141302246506539497e-01 1.005450000000000000e+06
2.635812850384642658e+01 1.135457105904089520e-01 1.013738000000000000e+06
2.645098061359641051e+01 1.132082718555167400e-01 1.021710000000000000e+06
2.654364528239328891e+01 1.127946220714401565e-01 1.023626000000000000e+06
2.663629043480227665e+01 1.123560218143061507e-01 1.035834000000000000e+06
2.672907347283781476e+01 1.121221725695772109e-01 1.040786000000000000e+06
2.682198015084798115e+01 1.116814101419855154e-01 1.053206000000000000e+06
2.691493560669118779e+01 1.114660630372506511e-01 1.057002000000000000e+06
2.700775912755912600e+01 1.108568737322562919e-01 1.063898000000000000e+06
2.710060916593270619e+01 1.105158786337764737e-01 1.072782000000000000e+06
2.719348484061887206e+01 1.103361866278714104e-01 1.078826000000000000e+06
2.728634805343810754e+01 1.101844919144019525e-01 1.087922000000000000e+06
2.737909289752122888e+01 1.096813190283486145e-01 1.090494000000000000e+06
2.747180555352914055e+01 1.095068821604522347e-01 1.101362000000000000e+06
2.756466581029918217e+01 1.091656228430837178e-01 1.109802000000000000e+06
2.765748896754285724e+01 1.085853691048295488e-01 1.114514000000000000e+06
2.775022854234286385e+01 1.080391066115562737e-01 1.123926000000000000e+06
2.784287660968246314e+01 1.077580976806105928e-01 1.125986000000000000e+06
2.793568416469878457e+01 1.074336905493750161e-01 1.143554000000000000e+06
2.802861592783098388e+01 1.072210701837146424e-01 1.144710000000000000e+06
2.812140751883790202e+01 1.071889557831853523e-01 1.154018000000000000e+06
2.821415297220768181e+01 1.065952079680196479e-01 1.159962000000000000e+06
2.830701588099581656e+01 1.061049192731595425e-01 1.170986000000000000e+06
2.839992722634268318e+01 1.057613916658603215e-01 1.178142000000000000e+06
2.849273563244681640e+01 1.054744706170085838e-01 1.182674000000000000e+06
2.858544978858025587e+01 1.054204975621367557e-01 1.191002000000000000e+06
2.867822438221558201e+01 1.049973920977176622e-01 1.200438000000000000e+06
2.877108010332264953e+01 1.046923446524555407e-01 1.208162000000000000e+06
2.886389791577798292e+01 1.043787615469307789e-01 1.215258000000000000e+06
2.895673333116943837e+01 1.038482995938353193e-01 1.224134000000000000e+06
2.904948939044354006e+01 1.036868998845955486e-01 1.228722000000000000e+06
2.914235076535885227e+01 1.032242070873761464e-01 1.243154000000000000e+06
2.923527658770126791e+01 1.030720955004440220e-01 1.245434000000000000e+06
2.932802979926940168e+01 1.029973293202927492e-01 1.255158000000000000e+06
2.942058824394615613e+01 1.025156721633309759e-01 1.255610000000000000e+06
2.951339246004798511e+01 1.022470986241763719e-01 1.277562000000000000e+06
2.960627197302490288e+01 1.019305245391215059e-01 1.274414000000000000e+06
2.969891521815626589e+01 1.016322417717345494e-01 1.285994000000000000e+06
2.979183962959107390e+01 1.016614630223843241e-01 1.299570000000000000e+06
2.988481123609084378e+01 1.013002117889107156e-01 1.302122000000000000e+06
2.997759947936779312e+01 1.007831480685026232e-01 1.311366000000000000e+06
3.007040646298238329e+01 1.006109188734568144e-01 1.319186000000000000e+06
3.016322573736947987e+01 1.005677471535307982e-01 1.327434000000000000e+06
3.025609686144010624e+01 1.004679388937660678e-01 1.337294000000000000e+06
3.034894988404106542e+01 9.986010311082645086e-02 1.342730000000000000e+06
3.044165094471177468e+01 9.984987819957499844e-02 1.350570000000000000e+06
3.053450326048112373e+01 9.957236769681268584e-02 1.362590000000000000e+06
3.062744560133972982e+01 9.913850534935438052e-02 1.369698000000000000e+06
3.072021929789155692e+01 9.904760406832718855e-02 1.374914000000000000e+06
3.081291312289377515e+01 9.892731077936064987e-02 1.383570000000000000e+06
3.090572029504880192e+01 9.855876901103216570e-02 1.395374000000000000e+06
3.099845695766758524e+01 9.841999366139009275e-02 1.396994000000000000e+06
3.109113206054739820e+01 9.800072881908283851e-02 1.411530000000000000e+06
3.118394331615222370e+01 9.766519463886894070e-02 1.417574000000000000e+06
3.127677461265226100e+01 9.765384965993249844e-02 1.428834000000000000e+06
3.136974533880736615e+01 9.741593312244878344e-02 1.439018000000000000e+06
3.146256300003442163e+01 9.714720312654005763e-02 1.440698000000000000e+06
3.155527893180424215e+01 9.708721970325485950e-02 1.453638000000000000e+06
3.164818579328392545e+01 9.672181493973730504e-02 1.463426000000000000e+06
3.174111455917423186e+01 9.689914304408416001e-02 1.471050000000000000e+06
3.183389631608551085e+01 9.625093032280084004e-02 1.476638000000000000e+06
3.192657087521692105e+01 9.614706357370259027e-02 1.484466000000000000e+06
3.201945846029641984e+01 9.603826039833354700e-02 1.501154000000000000e+06
3.211236004353790463e+01 9.580534988206747260e-02 1.501706000000000000e+06
3.220503963901818167e+01 9.556494756540183377e-02 1.511502000000000000e+06
3.229773462497095693e+01 9.535527302046921394e-02 1.520234000000000000e+06
3.239065263274142836e+01 9.520698358642615267e-02 1.535010000000000000e+06
3.248368752518695857e+01 9.490716630554933697e-02 1.543358000000000000e+06
3.257625592142824900e+01 9.475944918587221599e-02 1.535754000000000000e+06
3.266892399084635912e+01 9.445275464563568368e-02 1.564802000000000000e+06
3.276186949406748283e+01 9.428168692955640751e-02 1.563038000000000000e+06
3.285471600513321988e+01 9.419038135142224211e-02 1.578426000000000000e+06
3.294755030259601369e+01 9.393143583044258338e-02 1.581482000000000000e+06
3.304030649856900226e+01 9.356164625529909962e-02 1.592250000000000000e+06
3.313310097916252062e+01 9.349167839511181299e-02 1.602230000000000000e+06
3.322576853282869536e+01 9.334256800419254985e-02 1.604754000000000000e+06
3.331852700708301995e+01 9.302157801433728890e-02 1.623458000000000000e+06
3.341133761781185285e+01 9.303136404477786725e-02 1.624910000000000000e+06
3.350425975326123051e+01 9.285848177217251309e-02 1.645122000000000000e+06
3.359722040630907713e+01 9.257112279880617967e-02 1.645130000000000000e+06
3.368999010770548352e+01 9.249721115946914207e-02 1.655706000000000000e+06
3.378274571362823764e+01 9.223196756000293095e-02 1.663502000000000000e+06
3.387555504564890185e+01 9.204190475281018302e-02 1.675514000000000000e+06
3.396845401820915811e+01 9.186563370395027517e-02 1.685298000000000000e+06
3.406122811507054848e+01 9.152096048630238567e-02 1.689566000000000000e+06
3.415385801952775324e+01 9.164813219660158938e-02 1.697850000000000000e+06
3.424675544840175689e+01 9.138376460391517409e-02 1.718546000000000000e+06
3.433974804081596233e+01 9.139873922999007527e-02 1.719822000000000000e+06
3.443247047139207950e+01 9.121992583919943942e-02 1.726586000000000000e+06
3.452519365023140807e+01 9.092871787433891295e-02 1.739186000000000000e+06
3.461810139296383682e+01 9.050286269838279940e-02 1.751538000000000000e+06
3.471099447053352094e+01 9.036973312090244848e-02 1.758062000000000000e+06
3.480370336283946386e+01 9.028660501074865785e-02 1.763010000000000000e+06
3.489645832210796073e+01 8.992519819896302447e-02 1.778642000000000000e+06
3.498938004572897142e+01 8.987276652677930744e-02 1.788582000000000000e+06
3.508225051967435348e+01 8.969570067296429861e-02 1.794746000000000000e+06
3.517497091887818073e+01 8.933724089026169601e-02 1.803290000000000000e+06
3.526765764488786914e+01 8.941814846625563418e-02 1.811058000000000000e+06
3.536047867216754526e+01 8.923172116729874426e-02 1.828358000000000000e+06
3.545333343518007041e+01 8.913484711105723601e-02 1.831362000000000000e+06
3.554606440073841611e+01 8.866415645566955162e-02 1.842458000000000000e+06
3.563868401297916222e+01 8.872668818536891266e-02 1.846998000000000000e+06
3.573153274794054113e+01 8.842974635952066675e-02 1.869122000000000000e+06
3.582458183449941203e+01 8.812083265826238521e-02 1.876346000000000000e+06
3.591743722406722128e+01 8.807946908655783780e-02 1.879506000000000000e+06
3.601020902490290609e+01 8.820206642965870703e-02 1.893326000000000000e+06
3.610306469927505901e+01 8.781561279791107177e-02 1.901826000000000000e+06
3.619590916634738420e+01 8.752530777285322250e-02 1.911962000000000000e+06
3.628866380037784012e+01 8.767058883450275231e-02 1.919198000000000000e+06
3.638141506206108033e+01 8.745036082263260568e-02 1.930242000000000000e+06
3.647424016583105555e+01 8.725153537402918769e-02 1.942442000000000000e+06
3.656711395585448088e+01 8.710287397001846565e-02 1.951734000000000000e+06
3.665982022900305992e+01 8.693238813553427757e-02 1.955402000000000000e+06
3.675252232217314940e+01 8.676630270790290644e-02 1.971858000000000000e+06
3.684548010444684252e+01 8.663110459580292133e-02 1.984898000000000000e+06
3.693828650400439528e+01 8.650597657496744697e-02 1.986422000000000000e+06
3.703088902221119838e+01 8.642215267570609039e-02 1.996146000000000000e+06
3.712375381739045110e+01 8.606755947629922410e-02 2.017106000000000000e+06
3.721670141564808176e+01 8.596181162830748845e-02 2.020638000000000000e+06
3.730949090437132298e+01 8.585181968722926937e-02 2.029346000000000000e+06
3.740225243804549393e+01 8.564969712180585393e-02 2.041002000000000000e+06
3.749508345135090082e+01 8.568720447732092182e-02 2.051450000000000000e+06
3.758800630135719700e+01 8.545019394826239290e-02 2.065886000000000000e+06
3.768075606047879944e+01 8.527477106346867397e-02 2.064546000000000000e+06
3.777345360133958962e+01 8.516513666482607159e-02 2.082650000000000000e+06
3.786633681145083585e+01 8.515045620141829807e-02 2.095182000000000000e+06
3.795922733213078004e+01 8.456449610154634366e-02 2.101346000000000000e+06
3.805206637137605696e+01 8.465728716922375774e-02 2.115554000000000000e+06
3.814479291109532255e+01 8.455714964497976216e-02 2.115654000000000000e+06
3.823763672595041641e+01 8.452825747781712862e-02 2.141066000000000000e+06
3.833051501359481961e+01 8.430510107085474603e-02 2.139786000000000000e+06
3.842322954032661642e+01 8.417697026115578129e-02 2.152202000000000000e+06
3.851592140318456359e+01 8.411208675869447093e-02 2.161086000000000000e+06
3.860870728474886704e+01 8.397728972527386537e-02 2.176058000000000000e+06
3.870165367886090024e+01 8.394038636481898630e-02 2.190818000000000000e+06
3.879448153890955808e+01 8.352836433976919273e-02 2.191158000000000000e+06
3.888719386248246934e+01 8.354687529757667819e-02 2.205314000000000000e+06
3.897995085572294016e+01 8.319959844129279358e-02 2.215554000000000000e+06
3.907280855990038759e+01 8.314023691114615089e-02 2.230562000000000000e+06
3.916571400460815511e+01 8.305856500271921461e-02 2.239614000000000000e+06
3.925850597774706330e+01 8.298476765213255724e-02 2.245706000000000000e+06
3.935127688945335223e+01 8.278513017806993224e-02 2.259674000000000000e+06
3.944415076574067314e+01 8.283768323175907944e-02 2.273214000000000000e+06
3.953699940919273814e+01 8.260751564857324314e-02 2.278802000000000000e+06
3.962983241725806494e+01 8.237930976611505807e-02 2.294034000000000000e+06
3.972255848568113379e+01 8.248775323080059785e-02 2.294942000000000000e+06
3.981531149719255325e+01 8.226300009710622863e-02 2.317050000000000000e+06
3.990818154736818713e+01 8.203992404563031915e-02 2.322842000000000000e+06
4.000092259288955887e+01 8.191002403670825938e-02 2.330810000000000000e+06
4.009367019236291441e+01 8.168705092972679271e-02 2.345958000000000000e+06
4.018644329204576593e+01 8.165882296206723734e-02 2.353586000000000000e+06
4.027938686319814821e+01 8.162931990438555829e-02 2.376210000000000000e+06
4.037230694628584615e+01 8.148331602795028106e-02 2.374502000000000000e+06
4.046501398489662904e+01 8.125061417120568730e-02 2.386346000000000000e+06
4.055778644850862236e+01 8.103436415437548224e-02 2.401314000000000000e+06
4.065065221469840395e+01 8.094583912169027451e-02 2.411450000000000000e+06
4.074344052484122614e+01 8.081323908856793969e-02 2.420718000000000000e+06
4.083610119707590513e+01 8.064755329683058471e-02 2.425754000000000000e+06
4.092899447926185985e+01 8.055360944527124867e-02 2.455218000000000000e+06
4.102192302311860317e+01 8.038283724176255307e-02 2.450942000000000000e+06
4.111469268878612127e+01 8.027535410578283404e-02 2.467130000000000000e+06
4.120745344767445317e+01 8.017911972488295236e-02 2.474874000000000000e+06
4.130027243267931425e+01 8.008147384797872914e-02 2.490362000000000000e+06
4.139307784107282373e+01 7.986911497625034939e-02 2.498142000000000000e+06
4.148579007498820204e+01 7.986851165095788796e-02 2.507090000000000000e+06
4.157859616110052059e+01 7.958706938297296918e-02 2.525562000000000000e+06
4.167148795746529544e+01 7.952249449250135827e-02 2.534726000000000000e+06
4.176442582158765759e+01 7.938356967864697300e-02 2.549906000000000000e+06
4.185722428526626260e+01 7.913699411502762848e-02 2.551074000000000000e+06
4.195000646359475382e+01 7.906419506228259952e-02 2.570702000000000000e+06
4.204281367318225193e+01 7.895895089492052654e-02 2.574642000000000000e+06
4.213560692894990467e+01 7.880704943513387739e-02 2.594066000000000000e+06
4.222837072620590249e+01 7.862951826382127973e-02 2.594802000000000000e+06
4.232103746123068788e+01 7.857144395355336597e-02 2.612030000000000000e+06
4.241389573157469073e+01 7.842432982084161786e-02 2.627954000000000000e+06
4.250684752071458661e+01 7.836225672265056952e-02 2.640402000000000000e+06
4.259961485691435712e+01 7.820855365075447818e-02 2.641454000000000000e+06
4.269238042684992962e+01 7.816526241869327374e-02 2.661834000000000000e+06
4.278519950157976837e+01 7.809510973205581463e-02 2.669138000000000000e+06
4.287804122360751080e+01 7.782596765825230967e-02 2.684858000000000000e+06
4.297088998444318264e+01 7.782530782394363189e-02 2.693910000000000000e+06
4.306362412999418154e+01 7.764415949952659102e-02 2.701682000000000000e+06
4.315648137855832545e+01 7.757746176770248525e-02 2.722698000000000000e+06
4.324931022902555355e+01 7.749279587613962239e-02 2.725262000000000000e+06
4.334209579086088127e+01 7.751271673138981910e-02 2.742450000000000000e+06
4.343488409067640532e+01 7.732083113624380055e-02 2.749850000000000000e+06
4.352765530706857788e+01 7.721533157651755408e-02 2.763902000000000000e+06
4.362050698569215967e+01 7.707390377822838368e-02 2.778498000000000000e+06
4.371329616669063967e+01 7.697859355977490492e-02 2.784530000000000000e+06
4.380613896645522942e+01 7.691239204224091519e-02 2.804106000000000000e+06
4.389897731860441610e+01 7.666203479619472516e-02 2.809790000000000000e+06
4.399180186087737354e+01 7.670141197101086605e-02 2.825058000000000000e+06
4.408461408762251921e+01 7.648544254726866165e-02 2.834330000000000000e+06
4.417732169919744933e+01 7.623868895103556864e-02 2.842022000000000000e+06
4.427013872221877477e+01 7.621460472696783839e-02 2.864754000000000000e+06
4.436291768226293186e+01 7.621096360362071553e-02 2.864186000000000000e+06
4.445556865506748778e+01 7.603021951785321475e-02 2.879538000000000000e+06
4.454836924311927504e+01 7.607832694534902296e-02 2.899454000000000000e+06
4.464120033134182819e+01 7.584236554569187549e-02 2.904258000000000000e+06
4.473413570748626711e+01 7.555161870178285499e-02 2.930234000000000000e+06
4.482707945813238837e+01 7.555735445768359260e-02 2.929526000000000000e+06
4.491983848295910775e+01 7.543968262585973306e-02 2.942442000000000000e+06
4.501269347626183759e+01 7.550119308567587728e-02 2.960810000000000000e+06
4.510553413693262570e+01 7.528522154137973210e-02 2.964954000000000000e+06
4.519830875641729051e+01 7.511909639170588626e-02 2.980910000000000000e+06
4.529108908883235074e+01 7.499504029284066731e-02 2.990978000000000000e+06
4.538392124736010658e+01 7.483859882345743342e-02 3.007626000000000000e+06
4.547679500726437141e+01 7.473367127710102420e-02 3.019166000000000000e+06
4.556952030907464035e+01 7.465964788371085015e-02 3.021090000000000000e+06
4.566227743654595628e+01 7.446079945626959962e-02 3.047834000000000000e+06
4.575519423718680656e+01 7.445990381562972438e-02 3.055590000000000000e+06
4.584806772405067932e+01 7.439608612678447197e-02 3.068546000000000000e+06
4.594071005995490253e+01 7.425585287620212194e-02 3.067274000000000000e+06
4.603345637787467837e+01 7.403826142861108517e-02 3.098058000000000000e+06
4.612642296982802748e+01 7.392082251334260168e-02 3.109214000000000000e+06
4.621923213655359319e+01 7.390080377023892921e-02 3.110466000000000000e+06
4.631187638213997104e+01 7.376639130448697790e-02 3.124370000000000000e+06
4.640465044328173860e+01 7.370372751317198767e-02 3.144174000000000000e+06
4.649762178958166459e+01 7.354142523827085498e-02 3.161738000000000000e+06
4.659042440113063321e+01 7.355780185386200098e-02 3.159890000000000000e+06
4.668306857292922984e+01 7.349790222573814036e-02 3.174138000000000000e+06
4.677585028307100856e+01 7.345900100628112439e-02 3.195926000000000000e+06
4.686881213453650474e+01 7.328294640538383919e-02 3.211386000000000000e+06
4.696174959036412133e+01 7.323236215852196862e-02 3.219314000000000000e+06
4.705450542549368720e+01 7.312917126027826398e-02 3.225494000000000000e+06
4.714725667012604049e+01 7.300463722821645685e-02 3.242562000000000000e+06
4.724007331529262643e+01 7.292531351210303214e-02 3.257450000000000000e+06
4.733292172494311956e+01 7.286493730877870167e-02 3.269118000000000000e+06
4.742570057385004390e+01 7.272121736359117572e-02 3.278930000000000000e+06
