# k_mean_over_bin [h Mpc^-1] P_bin [h^-3 Mpc^3] N_modes
1.184378117322921753e-01 6.803477647569444571e+02 1.800000000000000000e+01
2.070391514608936889e-01 3.346808215725806122e+02 6.200000000000000000e+01
2.908789369524741875e-01 1.695263273278061149e+02 9.800000000000000000e+01
3.768593419165838232e-01 1.027540457589285836e+02 2.100000000000000000e+02
4.731028326920100890e-01 7.700732142857143003e+01 3.500000000000000000e+02
5.681715122858683742e-01 5.407599392361110802e+01 4.500000000000000000e+02
6.563231289584771089e-01 4.433732934489202648e+01 6.020000000000000000e+02
7.448014465216888924e-01 3.199690883366141847e+01 7.620000000000000000e+02
8.406094446282461607e-01 2.750828282344571107e+01 1.142000000000000000e+03
9.367566620826721646e-01 2.376896562499999987e+01 1.250000000000000000e+03
1.026586165316965005e+00 2.007907343106995768e+01 1.458000000000000000e+03
1.116414891845467494e+00 1.632238729155182000e+01 1.814000000000000000e+03
1.210674845154291912e+00 1.629524291207529885e+01 2.178000000000000000e+03
1.304317068633697341e+00 1.428576142163730900e+01 2.498000000000000000e+03
1.393679632202165841e+00 1.261705937738367744e+01 2.622000000000000000e+03
1.485376689304056974e+00 1.165503997528460189e+01 3.338000000000000000e+03
1.580706344632164528e+00 1.085836327915099453e+01 3.722000000000000000e+03
1.675439811953537861e+00 1.031258524430455736e+01 4.170000000000000000e+03
1.766748555541421517e+00 9.456639549391923083e+00 4.358000000000000000e+03
1.857907782910028338e+00 9.095787706098530379e+00 5.034000000000000000e+03
1.951978457904504527e+00 8.209031545327265533e+00 5.714000000000000000e+03
2.045143867328150122e+00 8.026081499707455436e+00 5.982000000000000000e+03
2.136626868203205465e+00 7.448363777075128311e+00 6.602000000000000000e+03
2.228263118257027831e+00 7.073897703366059275e+00 7.130000000000000000e+03
2.321607179952730249e+00 6.703416728902166000e+00 8.034000000000000000e+03
2.415682149437619053e+00 6.288412971328143364e+00 8.606000000000000000e+03
2.508500874081958099e+00 6.086381294120890573e+00 9.066000000000000000e+03
2.601200119124624788e+00 5.914046031168440187e+00 9.962000000000000000e+03
2.694235417018004508e+00 5.567591454383886251e+00 1.055000000000000000e+04
2.786566970183975478e+00 5.338727827699091932e+00 1.122600000000000000e+04
2.878995976455125838e+00 5.206090546784950313e+00 1.214600000000000000e+04
2.971084231821937927e+00 5.002529487446454759e+00 1.260600000000000000e+04
3.063445730324051208e+00 4.989056160339081281e+00 1.380200000000000000e+04
3.157146178691936811e+00 4.699798042056390734e+00 1.475400000000000000e+04
3.250117447778898327e+00 4.480627118434908240e+00 1.519400000000000000e+04
3.342583446669610492e+00 4.325556760514160715e+00 1.645400000000000000e+04
3.435721774499872705e+00 4.260655769062609011e+00 1.715400000000000000e+04
3.528640551307592244e+00 4.170985368991568798e+00 1.826600000000000000e+04
3.620705006688436089e+00 4.039979166666666899e+00 1.875000000000000000e+04
3.713051412232110327e+00 3.836692726351685234e+00 2.023400000000000000e+04
3.806600885969219750e+00 3.706177520396270353e+00 2.145000000000000000e+04
3.899856274575876913e+00 3.586606980238594033e+00 2.196200000000000000e+04
3.992461362383817214e+00 3.564629107706077882e+00 2.346200000000000000e+04
4.085101250274914442e+00 3.405008032817569141e+00 2.404200000000000000e+04
4.178282026464235521e+00 3.272876840360749107e+00 2.594600000000000000e+04
4.271026090126379238e+00 3.188292676506624179e+00 2.611800000000000000e+04
4.362660921192911267e+00 3.177171571657092741e+00 2.750600000000000000e+04
4.455056894016652613e+00 3.062007854968003873e+00 2.906600000000000000e+04
4.548567970163129637e+00 2.991993277914613891e+00 3.045000000000000000e+04
4.642183614914347167e+00 2.906282980751055511e+00 3.174200000000000000e+04
4.734802040159240555e+00 2.852535852713178333e+00 3.225000000000000000e+04
4.827364799750112567e+00 2.761302235401459804e+00 3.425000000000000000e+04
4.920584781699665733e+00 2.682738989253680817e+00 3.545400000000000000e+04
5.013359533259575507e+00 2.619778229126640046e+00 3.643400000000000000e+04
5.105449550528035729e+00 2.600856758531925106e+00 3.768200000000000000e+04
5.197645194343484931e+00 2.522441999732783824e+00 3.929400000000000000e+04
5.291033785789665878e+00 2.468951413363588365e+00 4.142600000000000000e+04
5.384218104832274143e+00 2.395369961786240509e+00 4.206600000000000000e+04
5.476570661294375419e+00 2.348273130317314550e+00 4.349000000000000000e+04
5.569480806496528658e+00 2.279128751203448378e+00 4.570200000000000000e+04
5.662608510701372388e+00 2.235015124426384503e+00 4.663400000000000000e+04
5.755555729077028282e+00 2.208727010133047841e+00 4.855400000000000000e+04
5.847514714447296313e+00 2.146695793687333431e+00 4.887000000000000000e+04
5.939621377759887189e+00 2.105389342970477529e+00 5.155400000000000000e+04
6.033286328455903735e+00 2.048511595257903384e+00 5.409000000000000000e+04
6.126578374222767742e+00 2.005548465865154117e+00 5.431400000000000000e+04
6.219411275944419337e+00 1.961983285011421607e+00 5.691000000000000000e+04
6.312091091589093317e+00 1.935481025581921255e+00 5.748200000000000000e+04
6.405038419545505235e+00 1.901899556295978400e+00 6.062600000000000000e+04
6.498048824028840542e+00 1.840742865282815499e+00 6.120600000000000000e+04
6.590076446975213109e+00 1.789535095692823985e+00 6.257000000000000000e+04
6.682696844855708918e+00 1.775770315114863829e+00 6.573000000000000000e+04
6.775704710713010392e+00 1.737601290938127985e+00 6.668600000000000000e+04
6.868912365054184122e+00 1.701784955271313349e+00 6.969800000000000000e+04
6.961799410462457871e+00 1.659085442371404984e+00 7.002600000000000000e+04
7.054359692053434827e+00 1.627279979311577307e+00 7.274600000000000000e+04
7.147428904826070628e+00 1.592157776832198612e+00 7.491000000000000000e+04
7.240028573551028579e+00 1.547869385713531054e+00 7.572200000000000000e+04
7.332338741767488344e+00 1.517134710952052989e+00 7.837800000000000000e+04
7.424902942254218097e+00 1.492446387292265308e+00 8.003000000000000000e+04
7.517937377185146097e+00 1.447655329622773213e+00 8.318600000000000000e+04
7.611148468634212350e+00 1.419677209564642162e+00 8.466600000000000000e+04
7.704079628122953771e+00 1.407936783617960375e+00 8.654600000000000000e+04
7.796582836970295638e+00 1.392000568736242450e+00 8.813400000000000000e+04
7.889454247622340155e+00 1.350989138390613631e+00 9.153800000000000000e+04
7.982724480689482149e+00 1.334001864169297003e+00 9.313800000000000000e+04
8.075298514297813313e+00 1.297976446897690650e+00 9.447800000000000000e+04
8.167792579920213569e+00 1.271363381402019099e+00 9.727400000000000000e+04
8.260620916421871129e+00 1.243598984978433242e+00 9.969000000000000000e+04
8.353834658350463016e+00 1.219229837825324125e+00 1.025900000000000000e+05
8.446891225035667361e+00 1.214842771273007660e+00 1.037700000000000000e+05
8.539478054243559768e+00 1.181490356360370919e+00 1.063460000000000000e+05
8.632282232760706719e+00 1.160480277370884217e+00 1.085460000000000000e+05
8.724804956440188164e+00 1.137577782092733303e+00 1.107260000000000000e+05
8.817075899639386094e+00 1.110866178820711925e+00 1.123220000000000000e+05
8.909466493352946159e+00 1.094327527720251991e+00 1.158900000000000000e+05
9.002493950022341096e+00 1.076875891985079825e+00 1.187660000000000000e+05
9.096187160700116792e+00 1.061342479026639918e+00 1.222980000000000000e+05
9.189103356582524640e+00 1.033645837599312056e+00 1.220900000000000000e+05
9.281626014779211786e+00 1.012309857125824664e+00 1.258100000000000000e+05
9.374389805679564702e+00 9.900315205944301145e-01 1.281900000000000000e+05
9.467351191509465025e+00 9.789227583896972229e-01 1.309940000000000000e+05
9.560372426970177528e+00 9.691530633515801352e-01 1.337220000000000000e+05
9.652537256107530439e+00 9.487941817105597364e-01 1.338860000000000000e+05
9.745402251297077711e+00 9.332598211871522276e-01 1.405380000000000000e+05
9.838629070867343174e+00 9.190107574825383541e-01 1.405940000000000000e+05
9.931170213630455379e+00 8.997402724870119384e-01 1.435940000000000000e+05
1.002375136780792531e+01 8.820371236586699304e-01 1.463100000000000000e+05
1.011689186080998404e+01 8.704721208098240570e-01 1.506500000000000000e+05
1.021012002451843514e+01 8.564681332859381824e-01 1.519140000000000000e+05
1.030237925119941700e+01 8.434585807833218096e-01 1.533980000000000000e+05
1.039484175099144103e+01 8.231334743548326394e-01 1.578660000000000000e+05
1.048776694495354178e+01 8.147288222497479637e-01 1.606580000000000000e+05
1.058087311811975262e+01 8.017904832055672282e-01 1.641020000000000000e+05
1.067357420590995609e+01 7.918821101070342428e-01 1.649940000000000000e+05
1.076619937485724954e+01 7.841344384751250951e-01 1.698500000000000000e+05
1.085949745140513656e+01 7.681042468754696317e-01 1.729860000000000000e+05
1.095226801904796865e+01 7.522018621976607200e-01 1.738940000000000000e+05
1.104446791814904572e+01 7.407770975460746810e-01 1.767780000000000000e+05
1.113720165152640007e+01 7.246741131835734429e-01 1.818020000000000000e+05
1.123030291713835993e+01 7.162266849211083031e-01 1.844300000000000000e+05
1.132332751062361176e+01 7.032727032396577371e-01 1.872420000000000000e+05
1.141615727416350623e+01 6.912489323258870222e-01 1.902500000000000000e+05
1.150885441619584704e+01 6.850874032819234127e-01 1.925700000000000000e+05
1.160194416347848723e+01 6.758078494002642822e-01 1.982540000000000000e+05
1.169484499814597278e+01 6.624295875531367450e-01 1.980740000000000000e+05
1.178720929573208309e+01 6.560865194258846955e-01 2.020500000000000000e+05
1.187972252840724430e+01 6.399997779826960276e-01 2.055020000000000000e+05
1.197285047754958498e+01 6.368683128744078159e-01 2.106660000000000000e+05
1.206594121592737601e+01 6.281176297863727553e-01 2.124260000000000000e+05
1.215842987893468319e+01 6.190385305350648570e-01 2.139180000000000000e+05
1.225127190843709890e+01 6.069785124256766862e-01 2.209940000000000000e+05
1.234433389150648885e+01 6.045324363945793200e-01 2.215220000000000000e+05
1.243714674042274559e+01 5.937781688273814362e-01 2.263140000000000000e+05
1.252968049476717027e+01 5.845853828081690740e-01 2.272940000000000000e+05
1.262230645131926110e+01 5.756662433143603375e-01 2.329620000000000000e+05
1.271556240267021742e+01 5.667010854939492637e-01 2.378180000000000000e+05
1.280855790613013667e+01 5.602853474022433389e-01 2.383980000000000000e+05
1.290095779016425226e+01 5.505341746472922626e-01 2.414180000000000000e+05
1.299356953205520782e+01 5.445054022599647991e-01 2.468180000000000000e+05
1.308650730001445872e+01 5.400429936656182539e-01 2.499060000000000000e+05
1.317952036632761192e+01 5.262969077588710576e-01 2.547020000000000000e+05
1.327210963258450249e+01 5.208048369219158147e-01 2.544180000000000000e+05
1.336446864997421180e+01 5.162635536615531873e-01 2.603540000000000000e+05
1.345732814632731511e+01 5.078242346418894160e-01 2.649740000000000000e+05
1.355044668211841774e+01 5.019702634134906027e-01 2.687220000000000000e+05
1.364337570066870065e+01 4.939980902151258624e-01 2.715620000000000000e+05
1.373626060296479423e+01 4.903349136022874810e-01 2.755860000000000000e+05
1.382931383021906768e+01 4.811404203397694479e-01 2.801900000000000000e+05
1.392229025170226109e+01 4.736704546659877835e-01 2.828340000000000000e+05
1.401494359777130683e+01 4.680158984114738407e-01 2.851700000000000000e+05
1.410740731889789679e+01 4.597207501397100882e-01 2.898860000000000000e+05
1.420022607003664383e+01 4.554436469773222584e-01 2.944740000000000000e+05
1.429327769672065251e+01 4.498293289938496975e-01 2.994980000000000000e+05
1.438599748305404979e+01 4.431890777208808974e-01 2.999580000000000000e+05
1.447856675525485137e+01 4.379950724682695751e-01 3.058580000000000000e+05
1.457147269892520924e+01 4.309089179649542856e-01 3.107940000000000000e+05
1.466439343727569877e+01 4.296678865281299831e-01 3.130820000000000000e+05
1.475681177890535523e+01 4.236818967808483327e-01 3.160460000000000000e+05
1.484948617057695408e+01 4.185140184595522173e-01 3.222180000000000000e+05
1.494277474550501061e+01 4.125668728428729115e-01 3.285620000000000000e+05
1.503571356719846897e+01 4.071853372054026199e-01 3.279900000000000000e+05
1.512847461878839894e+01 4.026799175768457917e-01 3.352820000000000000e+05
1.522116122993042175e+01 3.978384416763401377e-01 3.359700000000000000e+05
1.531400028021830018e+01 3.917104113019013734e-01 3.440660000000000000e+05
1.540669723612491637e+01 3.869185640554175243e-01 3.437180000000000000e+05
1.549928694728189349e+01 3.830085804186652565e-01 3.514980000000000000e+05
1.559221716463989260e+01 3.766752249208650816e-01 3.544580000000000000e+05
1.568495562812730881e+01 3.737392052648605967e-01 3.585660000000000000e+05
1.577810996268555854e+01 3.697425311781318280e-01 3.661220000000000000e+05
1.587105207565506504e+01 3.636797449495639545e-01 3.658100000000000000e+05
1.596362032366984884e+01 3.606118078316138953e-01 3.716220000000000000e+05
1.605643325699092117e+01 3.573905926683440537e-01 3.759860000000000000e+05
1.614940191658655522e+01 3.528648490854854880e-01 3.821700000000000000e+05
1.624206673023013181e+01 3.492346975522369057e-01 3.818180000000000000e+05
1.633452743085091186e+01 3.452252492466129641e-01 3.895740000000000000e+05
1.642739036007413844e+01 3.399359248713480497e-01 3.936980000000000000e+05
1.652036078669808461e+01 3.370059399235964537e-01 3.994580000000000000e+05
1.661323031703600961e+01 3.334275365967053206e-01 4.022220000000000000e+05
1.670599960969002851e+01 3.294962317716909062e-01 4.069220000000000000e+05
1.679888488517313760e+01 3.250322232839681913e-01 4.128420000000000000e+05
1.689174794609107622e+01 3.225376026854718803e-01 4.153460000000000000e+05
1.698445667499957779e+01 3.208901525943653743e-01 4.211820000000000000e+05
1.707725986777097660e+01 3.163502045795707485e-01 4.250180000000000000e+05
1.717015372762241299e+01 3.131011706228631897e-01 4.311380000000000000e+05
1.726300592750621021e+01 3.084785180440257624e-01 4.343820000000000000e+05
1.735581687644611648e+01 3.056033909044990615e-01 4.395140000000000000e+05
1.744865631689969732e+01 3.027278139039164540e-01 4.447380000000000000e+05
1.754154674112538004e+01 2.991860144572408564e-01 4.489100000000000000e+05
1.763402169990183310e+01 2.953799351668153772e-01 4.506180000000000000e+05
1.772664328480641416e+01 2.917901106290011759e-01 4.595540000000000000e+05
1.781956778894578974e+01 2.897014263473157714e-01 4.631060000000000000e+05
1.791222705892597489e+01 2.859401025275425945e-01 4.670940000000000000e+05
1.800517160424251628e+01 2.824105791176953484e-01 4.749380000000000000e+05
1.809809219722422569e+01 2.814511139262258488e-01 4.771860000000000000e+05
1.819102365274693156e+01 2.783267480966430951e-01 4.846700000000000000e+05
1.828394645064599899e+01 2.754732641526868031e-01 4.870100000000000000e+05
1.837673096011168639e+01 2.718551850342783571e-01 4.933140000000000000e+05
1.846951219997421134e+01 2.692517722869427477e-01 4.963220000000000000e+05
1.856207991712944860e+01 2.664234383658027894e-01 5.017020000000000000e+05
1.865487669732040032e+01 2.633279287972754568e-01 5.085620000000000000e+05
1.874791044409651164e+01 2.606184199268049007e-01 5.142420000000000000e+05
1.884068939554537536e+01 2.585633602017211596e-01 5.161580000000000000e+05
1.893333723456194662e+01 2.569274455034615268e-01 5.226020000000000000e+05
1.902628539519699302e+01 2.534562338172608453e-01 5.306580000000000000e+05
1.911907251291035692e+01 2.506523952347172735e-01 5.300420000000000000e+05
1.921163935532461053e+01 2.490804678888356993e-01 5.388780000000000000e+05
1.930450075711193136e+01 2.465512607281348245e-01 5.441300000000000000e+05
1.939755433126434170e+01 2.442511343099149912e-01 5.511060000000000000e+05
1.949049097704147471e+01 2.429131271413150772e-01 5.539820000000000000e+05
1.958322588034617695e+01 2.392138512508912018e-01 5.582420000000000000e+05
1.967588364885606111e+01 2.372510388878851240e-01 5.645460000000000000e+05
1.976869434771703382e+01 2.347790905776397374e-01 5.704940000000000000e+05
1.986165279807212158e+01 2.325971056952434446e-01 5.767620000000000000e+05
1.995432123101812394e+01 2.300297381769318139e-01 5.782340000000000000e+05
2.004690612719002019e+01 2.271776650428742605e-01 5.856660000000000000e+05
2.013984050223171707e+01 2.253939224504833139e-01 5.944460000000000000e+05
2.023272890486831344e+01 2.237752782444351052e-01 5.952500000000000000e+05
2.032543940168302399e+01 2.217631757103887546e-01 6.034020000000000000e+05
2.041822602890960425e+01 2.199102819560013189e-01 6.073820000000000000e+05
2.051122775200620652e+01 2.182674814832822885e-01 6.170100000000000000e+05
2.060407036601513653e+01 2.153870598497352462e-01 6.167780000000000000e+05
2.069669578816928990e+01 2.145933357316413548e-01 6.247460000000000000e+05
2.078928355938697337e+01 2.117852715973900513e-01 6.280620000000000000e+05
2.088217124601291275e+01 2.095264579847046504e-01 6.394100000000000000e+05
2.097529598369898807e+01 2.077763339212447546e-01 6.429540000000000000e+05
2.106805331952950766e+01 2.052135854152024874e-01 6.459740000000000000e+05
2.116077610440775203e+01 2.044189419501445948e-01 6.534900000000000000e+05
2.125372294569237752e+01 2.023020665278336960e-01 6.607460000000000000e+05
2.134664281150384824e+01 2.004677348919575441e-01 6.646460000000000000e+05
2.143921183983845680e+01 1.978242218525678442e-01 6.672900000000000000e+05
2.153196758259735688e+01 1.965524968190105470e-01 6.790340000000000000e+05
2.162501866851676624e+01 1.953991934125456631e-01 6.827220000000000000e+05
2.171804191565382425e+01 1.926899409103666194e-01 6.912380000000000000e+05
2.181071243003161442e+01 1.914571797279124854e-01 6.886020000000000000e+05
2.190321537359248794e+01 1.893844504556052577e-01 7.008260000000000000e+05
2.199607563002311039e+01 1.877568731559868531e-01 7.056620000000000000e+05
2.208877626216251144e+01 1.868489308277072047e-01 7.100820000000000000e+05
2.218151942702204238e+01 1.847240260191723160e-01 7.191620000000000000e+05
2.227434692035805597e+01 1.829476246105918857e-01 7.222500000000000000e+05
2.236714400582834372e+01 1.816936670380445984e-01 7.315100000000000000e+05
2.246009917686053114e+01 1.802068255205433733e-01 7.364420000000000000e+05
2.255286301271592464e+01 1.784729266039319917e-01 7.408980000000000000e+05
2.264570888917366176e+01 1.773025232684314334e-01 7.501580000000000000e+05
2.273871305043798685e+01 1.758738678454189464e-01 7.548660000000000000e+05
2.283153494245599902e+01 1.743339640075391717e-01 7.608260000000000000e+05
2.292422487509966089e+01 1.720828400634003275e-01 7.640340000000000000e+05
2.301692445698970957e+01 1.715281730796566761e-01 7.738460000000000000e+05
2.310982132709485271e+01 1.692269737685869191e-01 7.797140000000000000e+05
2.320261512238962709e+01 1.684726636908177033e-01 7.843140000000000000e+05
2.329531987918526781e+01 1.670687262902765258e-01 7.913420000000000000e+05
2.338820387812159041e+01 1.654716187404466632e-01 7.994580000000000000e+05
2.348111287834909788e+01 1.644794645585754278e-01 8.049620000000000000e+05
2.357389799310178802e+01 1.627677992403187002e-01 8.095500000000000000e+05
2.366643099319197319e+01 1.621299901162690793e-01 8.134580000000000000e+05
2.375923949250096001e+01 1.604601662795110406e-01 8.274020000000000000e+05
2.385219997560238525e+01 1.593915071540806527e-01 8.286180000000000000e+05
2.394495063937385737e+01 1.572908352431182100e-01 8.369180000000000000e+05
2.403777648419287516e+01 1.570170370956987527e-01 8.428740000000000000e+05
2.413057627806516692e+01 1.552206321276099754e-01 8.493380000000000000e+05
2.422351563940374319e+01 1.540976427977674701e-01 8.589420000000000000e+05
2.431642084497046952e+01 1.524518302151738891e-01 8.609780000000000000e+05
2.440907275640182661e+01 1.516763802965638286e-01 8.683460000000000000e+05
2.450180945052736092e+01 1.506639831389675610e-01 8.751540000000000000e+05
2.459476741534680144e+01 1.493977823076593214e-01 8.862140000000000000e+05
2.468767505041338950e+01 1.479457069170312389e-01 8.873460000000000000e+05
2.478037328616710866e+01 1.471028422511636846e-01 8.949860000000000000e+05
2.487311682666788926e+01 1.457822119655639015e-01 9.027740000000000000e+05
2.496609174295249645e+01 1.446006372284604768e-01 9.121140000000000000e+05
2.505897387407718213e+01 1.433865847801046312e-01 9.150260000000000000e+05
2.515160067989670623e+01 1.424960257492865201e-01 9.201420000000000000e+05
2.524426671215021045e+01 1.414471526046450489e-01 9.297620000000000000e+05
2.533712433447646362e+01 1.401355700342754029e-01 9.376980000000000000e+05
2.543007703004820996e+01 1.391356864215538003e-01 9.447620000000000000e+05
2.552282799960319792e+01 1.381558649502137581e-01 9.482540000000000000e+05
2.561553047524550308e+01 1.368291682866465686e-01 9.568020000000000000e+05
2.570846535527487831e+01 1.358150135430079841e-01 9.676580000000000000e+05
2.580136806021612017e+01 1.349821823482884597e-01 9.697020000000000000e+05
2.589392183549748694e+01 1.343465680147624963e-01 9.740900000000000000e+05
2.598668497370496056e+01 1.333325682713494276e-01 9.884820000000000000e+05
2.607964242247496500e+01 1.320389239375439616e-01 9.919940000000000000e+05
2.617250140478323672e+01 1.313588566276734926e-01 1.001030000000000000e+06
2.626534886654157575e+01 1.303392759460937911e-01 1.005450000000000000e+06
2.635812850384642658e+01 1.294654042760555457e-01 1.013738000000000000e+06
2.645098061359641051e+01 1.286251877979074365e-01 1.021710000000000000e+06
2.654364528239328891e+01 1.274663625313346982e-01 1.023626000000000000e+06
2.663629043480227665e+01 1.264540819281854134e-01 1.035834000000000000e+06
2.672907347283781476e+01 1.257781378688798690e-01 1.040786000000000000e+06
2.682198015084798115e+01 1.246042292533464518e-01 1.053206000000000000e+06
2.691493560669118779e+01 1.240084574106766202e-01 1.057002000000000000e+06
2.700775912755912600e+01 1.229841523811493198e-01 1.063898000000000000e+06
2.710060916593270619e+01 1.220481464896875506e-01 1.072782000000000000e+06
2.719348484061887206e+01 1.211806427774265865e-01 1.078826000000000000e+06
2.728634805343810754e+01 1.200246174587884102e-01 1.087922000000000000e+06
2.737909289752122888e+01 1.193881224931086227e-01 1.090494000000000000e+06
2.747180555352914055e+01 1.183440438407172141e-01 1.101362000000000000e+06
2.756466581029918217e+01 1.178259655213272222e-01 1.109802000000000000e+06
2.765748896754285724e+01 1.169712482301702855e-01 1.114514000000000000e+06
2.775022854234286385e+01 1.161802884487057042e-01 1.123926000000000000e+06
2.784287660968246314e+01 1.154203821139872105e-01 1.125986000000000000e+06
2.793568416469878457e+01 1.140905075317825007e-01 1.143554000000000000e+06
2.802861592783098388e+01 1.137155166483213992e-01 1.144710000000000000e+06
2.812140751883790202e+01 1.127777104104961958e-01 1.154018000000000000e+06
2.821415297220768181e+01 1.118851711306060037e-01 1.159962000000000000e+06
2.830701588099581656e+01 1.112895190463421419e-01 1.170986000000000000e+06
2.839992722634268318e+01 1.106825010270408860e-01 1.178142000000000000e+06
2.849273563244681640e+01 1.100604105083057560e-01 1.182674000000000000e+06
2.858544978858025587e+01 1.091624295131326389e-01 1.191002000000000000e+06
2.867822438221558201e+01 1.081686890014311453e-01 1.200438000000000000e+06
2.877108010332264953e+01 1.075365022447320740e-01 1.208162000000000000e+06
2.886389791577798292e+01 1.068348565181220788e-01 1.215258000000000000e+06
2.895673333116943837e+01 1.062788635169842621e-01 1.224134000000000000e+06
2.904948939044354006e+01 1.052354219465428398e-01 1.228722000000000000e+06
2.914235076535885227e+01 1.047283700872940898e-01 1.243154000000000000e+06
2.923527658770126791e+01 1.039997904344991397e-01 1.245434000000000000e+06
2.932802979926940168e+01 1.032521901625134131e-01 1.255158000000000000e+06
2.942058824394615613e+01 1.023881569516012086e-01 1.255610000000000000e+06
2.951339246004798511e+01 1.019242057821851399e-01 1.277562000000000000e+06
2.960627197302490288e+01 1.010479559134629668e-01 1.274414000000000000e+06
2.969891521815626589e+01 1.006614095788938429e-01 1.285994000000000000e+06
2.979183962959107390e+01 9.979980758058434875e-02 1.299570000000000000e+06
2.988481123609084378e+01 9.920582398385097145e-02 1.302122000000000000e+06
2.997759947936779312e+01 9.834004913578665852e-02 1.311366000000000000e+06
3.007040646298238329e+01 9.776155878511445796e-02 1.319186000000000000e+06
3.016322573736947987e+01 9.735356899100068573e-02 1.327434000000000000e+06
3.025609686144010624e+01 9.644251165973974360e-02 1.337294000000000000e+06
3.034894988404106542e+01 9.600737629679831353e-02 1.342730000000000000e+06
3.044165094471177468e+01 9.532275608631911312e-02 1.350570000000000000e+06
3.053450326048112373e+01 9.487206464343639345e-02 1.362590000000000000e+06
3.062744560133972982e+01 9.409010120296590340e-02 1.369698000000000000e+06
3.072021929789155692e+01 9.359126279898234702e-02 1.374914000000000000e+06
3.081291312289377515e+01 9.298581974529659955e-02 1.383570000000000000e+06
3.090572029504880192e+01 9.232477166515930256e-02 1.395374000000000000e+06
3.099845695766758524e+01 9.167526623235318362e-02 1.396994000000000000e+06
3.109113206054739820e+01 9.121209565152707532e-02 1.411530000000000000e+06
3.118394331615222370e+01 9.076568158875657211e-02 1.417574000000000000e+06
3.127677461265226100e+01 8.987357108138524509e-02 1.428834000000000000e+06
3.136974533880736615e+01 8.924688029440910886e-02 1.439018000000000000e+06
3.146256300003442163e+01 8.865099590615105329e-02 1.440698000000000000e+06
3.155527893180424215e+01 8.835597953204304966e-02 1.453638000000000000e+06
3.164818579328392545e+01 8.776631535349241342e-02 1.463426000000000000e+06
3.174111455917423186e+01 8.701939091125386605e-02 1.471050000000000000e+06
3.183389631608551085e+01 8.650620637048483941e-02 1.476638000000000000e+06
3.192657087521692105e+01 8.578945644427019013e-02 1.484466000000000000e+06
3.201945846029641984e+01 8.534572610471677367e-02 1.501154000000000000e+06
3.211236004353790463e+01 8.495720346559181013e-02 1.501706000000000000e+06
3.220503963901818167e+01 8.429301615214535026e-02 1.511502000000000000e+06
3.229773462497095693e+01 8.381519617210245188e-02 1.520234000000000000e+06
3.239065263274142836e+01 8.314969751825720956e-02 1.535010000000000000e+06
3.248368752518695857e+01 8.283836790459504773e-02 1.543358000000000000e+06
3.257625592142824900e+01 8.214245860665184140e-02 1.535754000000000000e+06
3.266892399084635912e+01 8.181786437677099344e-02 1.564802000000000000e+06
3.276186949406748283e+01 8.125678666321611843e-02 1.563038000000000000e+06
3.285471600513321988e+01 8.086326980168852263e-02 1.578426000000000000e+06
3.294755030259601369e+01 8.008032576406180769e-02 1.581482000000000000e+06
3.304030649856900226e+01 7.999138895430993323e-02 1.592250000000000000e+06
3.313310097916252062e+01 7.937396725969429745e-02 1.602230000000000000e+06
3.322576853282869536e+01 7.912874613492161535e-02 1.604754000000000000e+06
3.331852700708301995e+01 7.842268151532098830e-02 1.623458000000000000e+06
3.341133761781185285e+01 7.799198301752097162e-02 1.624910000000000000e+06
3.350425975326123051e+01 7.748998820452221437e-02 1.645122000000000000e+06
3.359722040630907713e+01 7.695637084911223502e-02 1.645130000000000000e+06
3.368999010770548352e+01 7.643236857872111323e-02 1.655706000000000000e+06
3.378274571362823764e+01 7.610626369851072881e-02 1.663502000000000000e+06
3.387555504564890185e+01 7.572510211791724788e-02 1.675514000000000000e+06
3.396845401820915811e+01 7.523697682101325446e-02 1.685298000000000000e+06
3.406122811507054848e+01 7.479095685667205839e-02 1.689566000000000000e+06
3.415385801952775324e+01 7.438046187089554506e-02 1.697850000000000000e+06
3.424675544840175689e+01 7.399150484624793245e-02 1.718546000000000000e+06
3.433974804081596233e+01 7.348514846303860759e-02 1.719822000000000000e+06
3.443247047139207950e+01 7.293246434003287926e-02 1.726586000000000000e+06
3.452519365023140807e+01 7.256858866015480913e-02 1.739186000000000000e+06
3.461810139296383682e+01 7.196564533569925481e-02 1.751538000000000000e+06
3.471099447053352094e+01 7.170572002722315486e-02 1.758062000000000000e+06
3.480370336283946386e+01 7.127627697091905301e-02 1.763010000000000000e+06
3.489645832210796073e+01 7.089780872851308979e-02 1.778642000000000000e+06
3.498938004572897142e+01 7.037804162040095513e-02 1.788582000000000000e+06
3.508225051967435348e+01 7.011279381594943960e-02 1.794746000000000000e+06
3.517497091887818073e+01 6.971811331649374610e-02 1.803290000000000000e+06
3.526765764488786914e+01 6.924847675364345645e-02 1.811058000000000000e+06
3.536047867216754526e+01 6.894203364439568937e-02 1.828358000000000000e+06
3.545333343518007041e+01 6.841841362466841159e-02 1.831362000000000000e+06
3.554606440073841611e+01 6.822959973850151183e-02 1.842458000000000000e+06
3.563868401297916222e+01 6.778534597086732783e-02 1.846998000000000000e+06
3.573153274794054113e+01 6.737151353683708266e-02 1.869122000000000000e+06
3.582458183449941203e+01 6.700055253668565913e-02 1.876346000000000000e+06
3.591743722406722128e+01 6.659530399876349704e-02 1.879506000000000000e+06
3.601020902490290609e+01 6.609630024095163037e-02 1.893326000000000000e+06
3.610306469927505901e+01 6.597578787439019321e-02 1.901826000000000000e+06
3.619590916634738420e+01 6.548995874394993033e-02 1.911962000000000000e+06
3.628866380037784012e+01 6.514803400300542280e-02 1.919198000000000000e+06
3.638141506206108033e+01 6.475127212028336521e-02 1.930242000000000000e+06
3.647424016583105555e+01 6.438310400645168297e-02 1.942442000000000000e+06
3.656711395585448088e+01 6.400506789731592872e-02 1.951734000000000000e+06
3.665982022900305992e+01 6.372547930681261852e-02 1.955402000000000000e+06
3.675252232217314940e+01 6.335989647834681937e-02 1.971858000000000000e+06
3.684548010444684252e+01 6.300550062899958059e-02 1.984898000000000000e+06
3.693828650400439528e+01 6.260615427512380982e-02 1.986422000000000000e+06
3.703088902221119838e+01 6.224734125159182146e-02 1.996146000000000000e+06
3.712375381739045110e+01 6.186380078686990608e-02 2.017106000000000000e+06
3.721670141564808176e+01 6.147891547743830620e-02 2.020638000000000000e+06
3.730949090437132298e+01 6.121340169443751505e-02 2.029346000000000000e+06
3.740225243804549393e+01 6.096736201752864931e-02 2.041002000000000000e+06
3.749508345135090082e+01 6.057303218455239308e-02 2.051450000000000000e+06
3.758800630135719700e+01 6.025766608128425156e-02 2.065886000000000000e+06
3.768075606047879944e+01 5.993026130200053425e-02 2.064546000000000000e+06
3.777345360133958962e+01 5.964163370585552626e-02 2.082650000000000000e+06
3.786633681145083585e+01 5.925866836985999031e-02 2.095182000000000000e+06
3.795922733213078004e+01 5.892247903248679780e-02 2.101346000000000000e+06
3.805206637137605696e+01 5.862147249609322291e-02 2.115554000000000000e+06
3.814479291109532255e+01 5.831647167377085328e-02 2.115654000000000000e+06
3.823763672595041641e+01 5.790396144957698360e-02 2.141066000000000000e+06
3.833051501359481961e+01 5.769323281627228295e-02 2.139786000000000000e+06
3.842322954032661642e+01 5.738257041509114975e-02 2.152202000000000000e+06
3.851592140318456359e+01 5.706969710483525415e-02 2.161086000000000000e+06
3.860870728474886704e+01 5.675401273196761798e-02 2.176058000000000000e+06
3.870165367886090024e+01 5.646686891037959455e-02 2.190818000000000000e+06
3.879448153890955808e+01 5.611055960478431720e-02 2.191158000000000000e+06
3.888719386248246934e+01 5.587896156737771208e-02 2.205314000000000000e+06
3.897995085572294016e+01 5.558235589721578079e-02 2.215554000000000000e+06
3.907280855990038759e+01 5.530198919599634694e-02 2.230562000000000000e+06
3.916571400460815511e+01 5.503684172808349928e-02 2.239614000000000000e+06
3.925850597774706330e+01 5.460697479434084567e-02 2.245706000000000000e+06
3.935127688945335223e+01 5.436309963848767746e-02 2.259674000000000000e+06
3.944415076574067314e+01 5.410628478555032372e-02 2.273214000000000000e+06
3.953699940919273814e+01 5.395875908701150414e-02 2.278802000000000000e+06
3.962983241725806494e+01 5.366861048593874611e-02 2.294034000000000000e+06
3.972255848568113379e+01 5.326362823112740924e-02 2.294942000000000000e+06
3.981531149719255325e+01 5.297897987203555731e-02 2.317050000000000000e+06
3.990818154736818713e+01 5.273589690990605761e-02 2.322842000000000000e+06
4.000092259288955887e+01 5.245451822542377546e-02 2.330810000000000000e+06
4.009367019236291441e+01 5.218563695513730311e-02 2.345958000000000000e+06
4.018644329204576593e+01 5.189040189629781641e-02 2.353586000000000000e+06
4.027938686319814821e+01 5.164367903615420946e-02 2.376210000000000000e+06
4.037230694628584615e+01 5.136592193857911909e-02 2.374502000000000000e+06
4.046501398489662904e+01 5.120200965723327446e-02 2.386346000000000000e+06
4.055778644850862236e+01 5.089193809618400982e-02 2.401314000000000000e+06
4.065065221469840395e+01 5.063076675858923376e-02 2.411450000000000000e+06
4.074344052484122614e+01 5.033108332940888080e-02 2.420718000000000000e+06
4.083610119707590513e+01 5.017598072083978566e-02 2.425754000000000000e+06
4.092899447926185985e+01 4.986409302554803413e-02 2.455218000000000000e+06
4.102192302311860317e+01 4.954811124661456789e-02 2.450942000000000000e+06
4.111469268878612127e+01 4.934919952535942594e-02 2.467130000000000000e+06
4.120745344767445317e+01 4.921114165812077307e-02 2.474874000000000000e+06
4.130027243267931425e+01 4.887228430545438596e-02 2.490362000000000000e+06
4.139307784107282373e+01 4.865591420043376136e-02 2.498142000000000000e+06
4.148579007498820204e+01 4.839683407855321917e-02 2.507090000000000000e+06
4.157859616110052059e+01 4.818641293997137642e-02 2.525562000000000000e+06
4.167148795746529544e+01 4.787069440641710666e-02 2.534726000000000000e+06
4.176442582158765759e+01 4.765153597818899689e-02 2.549906000000000000e+06
4.185722428526626260e+01 4.746357869763871695e-02 2.551074000000000000e+06
4.195000646359475382e+01 4.717809388738951337e-02 2.570702000000000000e+06
4.204281367318225193e+01 4.697962923097657312e-02 2.574642000000000000e+06
4.213560692894990467e+01 4.674006162044450768e-02 2.594066000000000000e+06
4.222837072620590249e+01 4.652511480163033092e-02 2.594802000000000000e+06
4.232103746123068788e+01 4.627073459148631218e-02 2.612030000000000000e+06
4.241389573157469073e+01 4.603628609461962035e-02 2.627954000000000000e+06
4.250684752071458661e+01 4.583984453408988802e-02 2.640402000000000000e+06
4.259961485691435712e+01 4.557025576633172426e-02 2.641454000000000000e+06
4.269238042684992962e+01 4.534281215977405133e-02 2.661834000000000000e+06
4.278519950157976837e+01 4.520686430413114326e-02 2.669138000000000000e+06
4.287804122360751080e+01 4.501045772253132321e-02 2.684858000000000000e+06
4.297088998444318264e+01 4.478631025628176249e-02 2.693910000000000000e+06
4.306362412999418154e+01 4.450982989485809116e-02 2.701682000000000000e+06
4.315648137855832545e+01 4.433343208648186928e-02 2.722698000000000000e+06
4.324931022902555355e+01 4.408124051467345039e-02 2.725262000000000000e+06
4.334209579086088127e+01 4.393926393370890804e-02 2.742450000000000000e+06
4.343488409067640532e+01 4.367794777442406129e-02 2.749850000000000000e+06
4.352765530706857788e+01 4.349330844129060958e-02 2.763902000000000000e+06
4.362050698569215967e+01 4.326335049098469637e-02 2.778498000000000000e+06
4.371329616669063967e+01 4.310191318193734578e-02 2.784530000000000000e+06
4.380613896645522942e+01 4.281200719587632819e-02 2.804106000000000000e+06
4.389897731860441610e+01 4.260109018378597373e-02 2.809790000000000000e+06
4.399180186087737354e+01 4.243469569916794720e-02 2.825058000000000000e+06
4.408461408762251921e+01 4.222605077743240426e-02 2.834330000000000000e+06
4.417732169919744933e+01 4.204293193367257542e-02 2.842022000000000000e+06
4.427013872221877477e+01 4.185917065217467647e-02 2.864754000000000000e+06
4.436291768226293186e+01 4.162300333759749033e-02 2.864186000000000000e+06
4.445556865506748778e+01 4.136616001855158292e-02 2.879538000000000000e+06
4.454836924311927504e+01 4.125354560289627021e-02 2.899454000000000000e+06
4.464120033134182819e+01 4.104778548427859969e-02 2.904258000000000000e+06
4.473413570748626711e+01 4.084288788881706989e-02 2.930234000000000000e+06
4.482707945813238837e+01 4.065932135864300245e-02 2.929526000000000000e+06
4.491983848295910775e+01 4.044497999025978979e-02 2.942442000000000000e+06
4.501269347626183759e+01 4.030028680918396750e-02 2.960810000000000000e+06
4.510553413693262570e+01 4.010299622270700054e-02 2.964954000000000000e+06
4.519830875641729051e+01 3.993275648208097911e-02 2.980910000000000000e+06
4.529108908883235074e+01 3.973930621522458323e-02 2.990978000000000000e+06
4.538392124736010658e+01 3.960285298521159375e-02 3.007626000000000000e+06
4.547679500726437141e+01 3.941708105400630602e-02 3.019166000000000000e+06
4.556952030907464035e+01 3.922019608402927543e-02 3.021090000000000000e+06
4.566227743654595628e+01 3.900925265696884858e-02 3.047834000000000000e+06
4.575519423718680656e+01 3.883714458582467055e-02 3.055590000000000000e+06
4.584806772405067932e+01 3.866029912864268892e-02 3.068546000000000000e+06
4.594071005995490253e+01 3.854362772530266212e-02 3.067274000000000000e+06
4.603345637787467837e+01 3.840889750530816771e-02 3.098058000000000000e+06
4.612642296982802748e+01 3.818642699971761673e-02 3.109214000000000000e+06
4.621923213655359319e+01 3.803323049102610293e-02 3.110466000000000000e+06
4.631187638213997104e+01 3.783758805775244011e-02 3.124370000000000000e+06
4.640465044328173860e+01 3.764552659537926532e-02 3.144174000000000000e+06
4.649762178958166459e+01 3.747336462967519599e-02 3.161738000000000000e+06
4.659042440113063321e+01 3.731171466807389064e-02 3.159890000000000000e+06
4.668306857292922984e+01 3.712857927884673226e-02 3.174138000000000000e+06
4.677585028307100856e+01 3.701512048073078015e-02 3.195926000000000000e+06
4.686881213453650474e+01 3.682861737891365145e-02 3.211386000000000000e+06
4.696174959036412133e+01 3.664988391160352993e-02 3.219314000000000000e+06
4.705450542549368720e+01 3.648708054487157654e-02 3.225494000000000000e+06
4.714725667012604049e+01 3.630740859773845530e-02 3.242562000000000000e+06
4.724007331529262643e+01 3.618717286527805416e-02 3.257450000000000000e+06
4.733292172494311956e+01 3.601442537406113892e-02 3.269118000000000000e+06
4.742570057385004390e+01 3.581550660200126524e-02 3.278930000000000000e+06
