# k_mean_over_bin [h Mpc^-1] P_bin [h^-3 Mpc^3] N_modes
1.184378117322921753e-01 1.428195855034722172e+03 1.800000000000000000e+01
2.070391514608936889e-01 7.376519657258064626e+02 6.200000000000000000e+01
2.908789369524741875e-01 3.817792570153060865e+02 9.800000000000000000e+01
3.768593419165838232e-01 2.445829241071428726e+02 2.100000000000000000e+02
4.731028326920100890e-01 1.859083035714285757e+02 3.500000000000000000e+02
5.681715122858683742e-01 1.437116579861111063e+02 4.500000000000000000e+02
6.563231289584771089e-01 1.231632838455149539e+02 6.020000000000000000e+02
7.448014465216888924e-01 9.091074064960629642e+01 7.620000000000000000e+02
8.406094446282461607e-01 8.263839481173380364e+01 1.142000000000000000e+03
9.367566620826721646e-01 7.304769375000000764e+01 1.250000000000000000e+03
1.026586165316965005e+00 6.630658436213991536e+01 1.458000000000000000e+03
1.116414891845467494e+00 5.703205106119074230e+01 1.814000000000000000e+03
1.210674845154291912e+00 5.366701460629017362e+01 2.178000000000000000e+03
1.304317068633697341e+00 4.944436173939151047e+01 2.498000000000000000e+03
1.393679632202165841e+00 4.384757282131960210e+01 2.622000000000000000e+03
1.485376689304056974e+00 4.255808586728580423e+01 3.338000000000000000e+03
1.580706344632164528e+00 3.714439061660397812e+01 3.722000000000000000e+03
1.675439811953537861e+00 3.552676483812949471e+01 4.170000000000000000e+03
1.766748555541421517e+00 3.442863698944469775e+01 4.358000000000000000e+03
1.857907782910028338e+00 3.383703938220103424e+01 5.034000000000000000e+03
1.951978457904504527e+00 3.170404106142807166e+01 5.714000000000000000e+03
2.045143867328150122e+00 3.051476826312270063e+01 5.982000000000000000e+03
2.136626868203205465e+00 2.778972754468342998e+01 6.602000000000000000e+03
2.228263118257027831e+00 2.621182722650771524e+01 7.130000000000000000e+03
2.321607179952730249e+00 2.528472740851381673e+01 8.034000000000000000e+03
2.415682149437619053e+00 2.445625871485010450e+01 8.606000000000000000e+03
2.508500874081958099e+00 2.266874517427751812e+01 9.066000000000000000e+03
2.601200119124624788e+00 2.176089922957237377e+01 9.962000000000000000e+03
2.694235417018004508e+00 2.104595231042653936e+01 1.055000000000000000e+04
2.786566970183975478e+00 2.008926960849812815e+01 1.122600000000000000e+04
2.878995976455125838e+00 1.931824906347769044e+01 1.214600000000000000e+04
2.971084231821937927e+00 1.860498101102649571e+01 1.260600000000000000e+04
3.063445730324051208e+00 1.792735654253007027e+01 1.380200000000000000e+04
3.157146178691936811e+00 1.721761153754913920e+01 1.475400000000000000e+04
3.250117447778898327e+00 1.671482575358693978e+01 1.519400000000000000e+04
3.342583446669610492e+00 1.561452477361128111e+01 1.645400000000000000e+04
3.435721774499872705e+00 1.496034088259298045e+01 1.715400000000000000e+04
3.528640551307592244e+00 1.492495962443884849e+01 1.826600000000000000e+04
3.620705006688436089e+00 1.448413333333333242e+01 1.875000000000000000e+04
3.713051412232110327e+00 1.394968400958782162e+01 2.023400000000000000e+04
3.806600885969219750e+00 1.306880536130536186e+01 2.145000000000000000e+04
3.899856274575876913e+00 1.285920994217284452e+01 2.196200000000000000e+04
3.992461362383817214e+00 1.210307758290000990e+01 2.346200000000000000e+04
4.085101250274914442e+00 1.194653886947841315e+01 2.404200000000000000e+04
4.178282026464235521e+00 1.146234125684113181e+01 2.594600000000000000e+04
4.271026090126379238e+00 1.115836061337009077e+01 2.611800000000000000e+04
4.362660921192911267e+00 1.067784415218497784e+01 2.750600000000000000e+04
4.455056894016652613e+00 1.023926903426684198e+01 2.906600000000000000e+04
4.548567970163129637e+00 9.884940476190475778e+00 3.045000000000000000e+04
4.642183614914347167e+00 9.636800217377606614e+00 3.174200000000000000e+04
4.734802040159240555e+00 9.364822674418604720e+00 3.225000000000000000e+04
4.827364799750112567e+00 9.072684306569342993e+00 3.425000000000000000e+04
4.920584781699665733e+00 8.684949159474248503e+00 3.545400000000000000e+04
5.013359533259575507e+00 8.431707848438271924e+00 3.643400000000000000e+04
5.105449550528035729e+00 8.180155644604850451e+00 3.768200000000000000e+04
5.197645194343484931e+00 7.929074731511172480e+00 3.929400000000000000e+04
5.291033785789665878e+00 7.597052575677111896e+00 4.142600000000000000e+04
5.384218104832274143e+00 7.293482265963010747e+00 4.206600000000000000e+04
5.476570661294375419e+00 7.107111548631869447e+00 4.349000000000000000e+04
5.569480806496528658e+00 6.820288909675725542e+00 4.570200000000000000e+04
5.662608510701372388e+00 6.638697758073509370e+00 4.663400000000000000e+04
5.755555729077028282e+00 6.320128748403838870e+00 4.855400000000000000e+04
5.847514714447296313e+00 6.166686489666461490e+00 4.887000000000000000e+04
5.939621377759887189e+00 6.025123535516157425e+00 5.155400000000000000e+04
6.033286328455903735e+00 5.854977237012386482e+00 5.409000000000000000e+04
6.126578374222767742e+00 5.614508920352026422e+00 5.431400000000000000e+04
6.219411275944419337e+00 5.525624890177473603e+00 5.691000000000000000e+04
6.312091091589093317e+00 5.328990488326780905e+00 5.748200000000000000e+04
6.405038419545505235e+00 5.132839561409295648e+00 6.062600000000000000e+04
6.498048824028840542e+00 5.049309912426886982e+00 6.120600000000000000e+04
6.590076446975213109e+00 4.896185272494806284e+00 6.257000000000000000e+04
6.682696844855708918e+00 4.675650387950707199e+00 6.573000000000000000e+04
6.775704710713010392e+00 4.591354913325135456e+00 6.668600000000000000e+04
6.868912365054184122e+00 4.402004451347241165e+00 6.969800000000000000e+04
6.961799410462457871e+00 4.333331102019250203e+00 7.002600000000000000e+04
7.054359692053434827e+00 4.212231600362907002e+00 7.274600000000000000e+04
7.147428904826070628e+00 4.096945501268188572e+00 7.491000000000000000e+04
7.240028573551028579e+00 3.976005982409339445e+00 7.572200000000000000e+04
7.332338741767488344e+00 3.885546645742428140e+00 7.837800000000000000e+04
7.424902942254218097e+00 3.770753155066849605e+00 8.003000000000000000e+04
7.517937377185146097e+00 3.683591589930998111e+00 8.318600000000000000e+04
7.611148468634212350e+00 3.564609391609382616e+00 8.466600000000000000e+04
7.704079628122953771e+00 3.487531919441684281e+00 8.654600000000000000e+04
7.796582836970295638e+00 3.445620447273469722e+00 8.813400000000000000e+04
7.889454247622340155e+00 3.321691196552251313e+00 9.153800000000000000e+04
7.982724480689482149e+00 3.253571313534754594e+00 9.313800000000000000e+04
8.075298514297813313e+00 3.172105212324562551e+00 9.447800000000000000e+04
8.167792579920213569e+00 3.072576240824886451e+00 9.727400000000000000e+04
8.260620916421871129e+00 2.998852066405858441e+00 9.969000000000000000e+04
8.353834658350463016e+00 2.931463532020664786e+00 1.025900000000000000e+05
8.446891225035667361e+00 2.882073636407439743e+00 1.037700000000000000e+05
8.539478054243559768e+00 2.801157307280010222e+00 1.063460000000000000e+05
8.632282232760706719e+00 2.755207469644206153e+00 1.085460000000000000e+05
8.724804956440188164e+00 2.673545508733269571e+00 1.107260000000000000e+05
8.817075899639386094e+00 2.629427282722886172e+00 1.123220000000000000e+05
8.909466493352946159e+00 2.546924076710674001e+00 1.158900000000000000e+05
9.002493950022341096e+00 2.494773072680733339e+00 1.187660000000000000e+05
9.096187160700116792e+00 2.432314663772097596e+00 1.222980000000000000e+05
9.189103356582524640e+00 2.382665195757228460e+00 1.220900000000000000e+05
9.281626014779211786e+00 2.329829455130752791e+00 1.258100000000000000e+05
9.374389805679564702e+00 2.292413117247835252e+00 1.281900000000000000e+05
9.467351191509465025e+00 2.265697760966150831e+00 1.309940000000000000e+05
9.560372426970177528e+00 2.211764659143596212e+00 1.337220000000000000e+05
9.652537256107530439e+00 2.168723298179048076e+00 1.338860000000000000e+05
9.745402251297077711e+00 2.115052512487725522e+00 1.405380000000000000e+05
9.838629070867343174e+00 2.076425736517916842e+00 1.405940000000000000e+05
9.931170213630455379e+00 2.019665471746730390e+00 1.435940000000000000e+05
1.002375136780792531e+01 2.011473711639669038e+00 1.463100000000000000e+05
1.011689186080998404e+01 1.960534973448390339e+00 1.506500000000000000e+05
1.021012002451843514e+01 1.920828972313282534e+00 1.519140000000000000e+05
1.030237925119941700e+01 1.885334839763230352e+00 1.533980000000000000e+05
1.039484175099144103e+01 1.852992609238214738e+00 1.578660000000000000e+05
1.048776694495354178e+01 1.821652205305680505e+00 1.606580000000000000e+05
1.058087311811975262e+01 1.791623883316473931e+00 1.641020000000000000e+05
1.067357420590995609e+01 1.752946508660921054e+00 1.649940000000000000e+05
1.076619937485724954e+01 1.714899727700912369e+00 1.698500000000000000e+05
1.085949745140513656e+01 1.681749353993964746e+00 1.729860000000000000e+05
1.095226801904796865e+01 1.667109884469849534e+00 1.738940000000000000e+05
1.104446791814904572e+01 1.633782201405152179e+00 1.767780000000000000e+05
1.113720165152640007e+01 1.608836639585923267e+00 1.818020000000000000e+05
1.123030291713835993e+01 1.581952163422436719e+00 1.844300000000000000e+05
1.132332751062361176e+01 1.553325542613302579e+00 1.872420000000000000e+05
1.141615727416350623e+01 1.533327365308804424e+00 1.902500000000000000e+05
1.150885441619584704e+01 1.497700186945007061e+00 1.925700000000000000e+05
1.160194416347848723e+01 1.475867763071615268e+00 1.982540000000000000e+05
1.169484499814597278e+01 1.456181780546664362e+00 1.980740000000000000e+05
1.178720929573208309e+01 1.431617328631526798e+00 2.020500000000000000e+05
1.187972252840724430e+01 1.410801810931280320e+00 2.055020000000000000e+05
1.197285047754958498e+01 1.390246883692669799e+00 2.106660000000000000e+05
1.206594121592737601e+01 1.382020385922627215e+00 2.124260000000000000e+05
1.215842987893468319e+01 1.346517561635766969e+00 2.139180000000000000e+05
1.225127190843709890e+01 1.321547756952677233e+00 2.209940000000000000e+05
1.234433389150648885e+01 1.301821461299554894e+00 2.215220000000000000e+05
1.243714674042274559e+01 1.286547396537554011e+00 2.263140000000000000e+05
1.252968049476717027e+01 1.260144762950187847e+00 2.272940000000000000e+05
1.262230645131926110e+01 1.239853361277805099e+00 2.329620000000000000e+05
1.271556240267021742e+01 1.220634187698155904e+00 2.378180000000000000e+05
1.280855790613013667e+01 1.204812173340380266e+00 2.383980000000000000e+05
1.290095779016425226e+01 1.191651513143179075e+00 2.414180000000000000e+05
1.299356953205520782e+01 1.166078978234974750e+00 2.468180000000000000e+05
1.308650730001445872e+01 1.147962508903347612e+00 2.499060000000000000e+05
1.317952036632761192e+01 1.130964568397578196e+00 2.547020000000000000e+05
1.327210963258450249e+01 1.118968095810830787e+00 2.544180000000000000e+05
1.336446864997421180e+01 1.098556436620908405e+00 2.603540000000000000e+05
1.345732814632731511e+01 1.084587308566123509e+00 2.649740000000000000e+05
1.355044668211841774e+01 1.069489565424490696e+00 2.687220000000000000e+05
1.364337570066870065e+01 1.059434862020459445e+00 2.715620000000000000e+05
1.373626060296479423e+01 1.044678544084242322e+00 2.755860000000000000e+05
1.382931383021906768e+01 1.034137326457047035e+00 2.801900000000000000e+05
1.392229025170226109e+01 1.013000116676212814e+00 2.828340000000000000e+05
1.401494359777130683e+01 9.947927990321562275e-01 2.851700000000000000e+05
1.410740731889789679e+01 9.798845494435743930e-01 2.898860000000000000e+05
1.420022607003664383e+01 9.681662260505171647e-01 2.944740000000000000e+05
1.429327769672065251e+01 9.522102401351594247e-01 2.994980000000000000e+05
1.438599748305404979e+01 9.394639207822428340e-01 2.999580000000000000e+05
1.447856675525485137e+01 9.288673175133558280e-01 3.058580000000000000e+05
1.457147269892520924e+01 9.137581887037715678e-01 3.107940000000000000e+05
1.466439343727569877e+01 9.019019977194472348e-01 3.130820000000000000e+05
1.475681177890535523e+01 8.959274322408763425e-01 3.160460000000000000e+05
1.484948617057695408e+01 8.781345238316915491e-01 3.222180000000000000e+05
1.494277474550501061e+01 8.719441650282138134e-01 3.285620000000000000e+05
1.503571356719846897e+01 8.624424525137962538e-01 3.279900000000000000e+05
1.512847461878839894e+01 8.493426801915999746e-01 3.352820000000000000e+05
1.522116122993042175e+01 8.367958820728040870e-01 3.359700000000000000e+05
1.531400028021830018e+01 8.301126273738178574e-01 3.440660000000000000e+05
1.540669723612491637e+01 8.184682828656049125e-01 3.437180000000000000e+05
1.549928694728189349e+01 8.066153648100415907e-01 3.514980000000000000e+05
1.559221716463989260e+01 7.973897824283835423e-01 3.544580000000000000e+05
1.568495562812730881e+01 7.844813611720018454e-01 3.585660000000000000e+05
1.577810996268555854e+01 7.809183994679368412e-01 3.661220000000000000e+05
1.587105207565506504e+01 7.670214728957654993e-01 3.658100000000000000e+05
1.596362032366984884e+01 7.591051020929869830e-01 3.716220000000000000e+05
1.605643325699092117e+01 7.512875313176554659e-01 3.759860000000000000e+05
1.614940191658655522e+01 7.416552188816495361e-01 3.821700000000000000e+05
1.624206673023013181e+01 7.339284521683104856e-01 3.818180000000000000e+05
1.633452743085091186e+01 7.271881433309204112e-01 3.895740000000000000e+05
1.642739036007413844e+01 7.156073627501282619e-01 3.936980000000000000e+05
1.652036078669808461e+01 7.100497736933545356e-01 3.994580000000000000e+05
1.661323031703600961e+01 6.979922623576034768e-01 4.022220000000000000e+05
1.670599960969002851e+01 6.929788601992520336e-01 4.069220000000000000e+05
1.679888488517313760e+01 6.868929275606648899e-01 4.128420000000000000e+05
1.689174794609107622e+01 6.785898834947249325e-01 4.153460000000000000e+05
1.698445667499957779e+01 6.713374503183896502e-01 4.211820000000000000e+05
1.707725986777097660e+01 6.602414485974711367e-01 4.250180000000000000e+05
1.717015372762241299e+01 6.499235743543829713e-01 4.311380000000000000e+05
1.726300592750621021e+01 6.463994393183879472e-01 4.343820000000000000e+05
1.735581687644611648e+01 6.419179053454496797e-01 4.395140000000000000e+05
1.744865631689969732e+01 6.331626007896784536e-01 4.447380000000000000e+05
1.754154674112538004e+01 6.255007267603750476e-01 4.489100000000000000e+05
1.763402169990183310e+01 6.173878845274711757e-01 4.506180000000000000e+05
1.772664328480641416e+01 6.112277474464371529e-01 4.595540000000000000e+05
1.781956778894578974e+01 6.079716360833157252e-01 4.631060000000000000e+05
1.791222705892597489e+01 6.011371640397863425e-01 4.670940000000000000e+05
1.800517160424251628e+01 5.927011788907183831e-01 4.749380000000000000e+05
1.809809219722422569e+01 5.844431600046942066e-01 4.771860000000000000e+05
1.819102365274693156e+01 5.826062707615491387e-01 4.846700000000000000e+05
1.828394645064599899e+01 5.747805486540318309e-01 4.870100000000000000e+05
1.837673096011168639e+01 5.679649523427269253e-01 4.933140000000000000e+05
1.846951219997421134e+01 5.630696906443800609e-01 4.963220000000000000e+05
1.856207991712944860e+01 5.557507245336873458e-01 5.017020000000000000e+05
1.865487669732040032e+01 5.500700381664379579e-01 5.085620000000000000e+05
1.874791044409651164e+01 5.426014770283252853e-01 5.142420000000000000e+05
1.884068939554537536e+01 5.381414218127007487e-01 5.161580000000000000e+05
1.893333723456194662e+01 5.318196854393975048e-01 5.226020000000000000e+05
1.902628539519699302e+01 5.275709590734521948e-01 5.306580000000000000e+05
1.911907251291035692e+01 5.223803608959289857e-01 5.300420000000000000e+05
1.921163935532461053e+01 5.193778786664142721e-01 5.388780000000000000e+05
1.930450075711193136e+01 5.138963230294231188e-01 5.441300000000000000e+05
1.939755433126434170e+01 5.085666936124810800e-01 5.511060000000000000e+05
1.949049097704147471e+01 5.041774823008690065e-01 5.539820000000000000e+05
1.958322588034617695e+01 4.973420465497042642e-01 5.582420000000000000e+05
1.967588364885606111e+01 4.946533364863093252e-01 5.645460000000000000e+05
1.976869434771703382e+01 4.866498924616209920e-01 5.704940000000000000e+05
1.986165279807212158e+01 4.843073811208089552e-01 5.767620000000000000e+05
1.995432123101812394e+01 4.796726973854875120e-01 5.782340000000000000e+05
2.004690612719002019e+01 4.737584540506022401e-01 5.856660000000000000e+05
2.013984050223171707e+01 4.719545593712465292e-01 5.944460000000000000e+05
2.023272890486831344e+01 4.646570768584628031e-01 5.952500000000000000e+05
2.032543940168302399e+01 4.610822780666951615e-01 6.034020000000000000e+05
2.041822602890960425e+01 4.576535545175853259e-01 6.073820000000000000e+05
2.051122775200620652e+01 4.535760157858057529e-01 6.170100000000000000e+05
2.060407036601513653e+01 4.490036325874139367e-01 6.167780000000000000e+05
2.069669578816928990e+01 4.453303322470252290e-01 6.247460000000000000e+05
2.078928355938697337e+01 4.419457195308743036e-01 6.280620000000000000e+05
2.088217124601291275e+01 4.375253651804006383e-01 6.394100000000000000e+05
2.097529598369898807e+01 4.352815286941211781e-01 6.429540000000000000e+05
2.106805331952950766e+01 4.298824333487106242e-01 6.459740000000000000e+05
2.116077610440775203e+01 4.251331313409539292e-01 6.534900000000000000e+05
2.125372294569237752e+01 4.201231448998556384e-01 6.607460000000000000e+05
2.134664281150384824e+01 4.168304913442644755e-01 6.646460000000000000e+05
2.143921183983845680e+01 4.140214524419667530e-01 6.672900000000000000e+05
2.153196758259735688e+01 4.105300691865208518e-01 6.790340000000000000e+05
2.162501866851676624e+01 4.072776419245314750e-01 6.827220000000000000e+05
2.171804191565382425e+01 4.026393586579441464e-01 6.912380000000000000e+05
2.181071243003161442e+01 3.996169503573907544e-01 6.886020000000000000e+05
2.190321537359248794e+01 3.965983978191448545e-01 7.008260000000000000e+05
2.199607563002311039e+01 3.939521506046804178e-01 7.056620000000000000e+05
2.208877626216251144e+01 3.892387164440163083e-01 7.100820000000000000e+05
2.218151942702204238e+01 3.871951834218159694e-01 7.191620000000000000e+05
2.227434692035805597e+01 3.843487798546209588e-01 7.222500000000000000e+05
2.236714400582834372e+01 3.808726982542959272e-01 7.315100000000000000e+05
2.246009917686053114e+01 3.774835204265916677e-01 7.364420000000000000e+05
2.255286301271592464e+01 3.746413136491122953e-01 7.408980000000000000e+05
2.264570888917366176e+01 3.723403519658525229e-01 7.501580000000000000e+05
2.273871305043798685e+01 3.685839191989042085e-01 7.548660000000000000e+05
2.283153494245599902e+01 3.660903577164817957e-01 7.608260000000000000e+05
2.292422487509966089e+01 3.617006082190059590e-01 7.640340000000000000e+05
2.301692445698970957e+01 3.579741641101717997e-01 7.738460000000000000e+05
2.310982132709485271e+01 3.551533398784682549e-01 7.797140000000000000e+05
2.320261512238962709e+01 3.535867012446545776e-01 7.843140000000000000e+05
2.329531987918526781e+01 3.494298293279012313e-01 7.913420000000000000e+05
2.338820387812159041e+01 3.474477005045918387e-01 7.994580000000000000e+05
2.348111287834909788e+01 3.447432534082354172e-01 8.049620000000000000e+05
2.357389799310178802e+01 3.407056389352108861e-01 8.095500000000000000e+05
2.366643099319197319e+01 3.380684681938096459e-01 8.134580000000000000e+05
2.375923949250096001e+01 3.358979371575123163e-01 8.274020000000000000e+05
2.385219997560238525e+01 3.322993451143952948e-01 8.286180000000000000e+05
2.394495063937385737e+01 3.303003549929622862e-01 8.369180000000000000e+05
2.403777648419287516e+01 3.282134622138065394e-01 8.428740000000000000e+05
2.413057627806516692e+01 3.257247850678999246e-01 8.493380000000000000e+05
2.422351563940374319e+01 3.222269009432534026e-01 8.589420000000000000e+05
2.431642084497046952e+01 3.197906915159272057e-01 8.609780000000000000e+05
2.440907275640182661e+01 3.175063929009864783e-01 8.683460000000000000e+05
2.450180945052736092e+01 3.142993975917381388e-01 8.751540000000000000e+05
2.459476741534680144e+01 3.122356380625898042e-01 8.862140000000000000e+05
2.468767505041338950e+01 3.094773276151580044e-01 8.873460000000000000e+05
2.478037328616710866e+01 3.071697490240070660e-01 8.949860000000000000e+05
2.487311682666788926e+01 3.056542944302782505e-01 9.027740000000000000e+05
2.496609174295249645e+01 3.034148897506233067e-01 9.121140000000000000e+05
2.505897387407718213e+01 2.999999112047089800e-01 9.150260000000000000e+05
2.515160067989670623e+01 2.982080822851255753e-01 9.201420000000000000e+05
2.524426671215021045e+01 2.962096079426778106e-01 9.297620000000000000e+05
2.533712433447646362e+01 2.929346322056781138e-01 9.376980000000000000e+05
2.543007703004820996e+01 2.916452106456440818e-01 9.447620000000000000e+05
2.552282799960319792e+01 2.893527538507614794e-01 9.482540000000000000e+05
2.561553047524550308e+01 2.877174431073513672e-01 9.568020000000000000e+05
2.570846535527487831e+01 2.845970309241488416e-01 9.676580000000000000e+05
2.580136806021612017e+01 2.833335653633796691e-01 9.697020000000000000e+05
2.589392183549748694e+01 2.811751865844018816e-01 9.740900000000000000e+05
2.598668497370496056e+01 2.793724999544756615e-01 9.884820000000000000e+05
2.607964242247496500e+01 2.770431008151258978e-01 9.919940000000000000e+05
2.617250140478323672e+01 2.751983269732175552e-01 1.001030000000000000e+06
2.626534886654157575e+01 2.731741384454722255e-01 1.005450000000000000e+06
2.635812850384642658e+01 2.707887479309249446e-01 1.013738000000000000e+06
2.645098061359641051e+01 2.689450467843125803e-01 1.021710000000000000e+06
2.654364528239328891e+01 2.671374847844818490e-01 1.023626000000000000e+06
2.663629043480227665e+01 2.652390489209661140e-01 1.035834000000000000e+06
2.672907347283781476e+01 2.633291389872653987e-01 1.040786000000000000e+06
2.682198015084798115e+01 2.613773741794103156e-01 1.053206000000000000e+06
2.691493560669118779e+01 2.595855128467117745e-01 1.057002000000000000e+06
2.700775912755912600e+01 2.572465534759911243e-01 1.063898000000000000e+06
2.710060916593270619e+01 2.559132470529893455e-01 1.072782000000000000e+06
2.719348484061887206e+01 2.543773567285178561e-01 1.078826000000000000e+06
2.728634805343810754e+01 2.524595915424083792e-01 1.087922000000000000e+06
2.737909289752122888e+01 2.507966859515045610e-01 1.090494000000000000e+06
2.747180555352914055e+01 2.490782435747737888e-01 1.101362000000000000e+06
2.756466581029918217e+01 2.473131750077941782e-01 1.109802000000000000e+06
2.765748896754285724e+01 2.451138736256341377e-01 1.114514000000000000e+06
2.775022854234286385e+01 2.428654110679884792e-01 1.123926000000000000e+06
2.784287660968246314e+01 2.416329443705339253e-01 1.125986000000000000e+06
2.793568416469878457e+01 2.399371826778621819e-01 1.143554000000000000e+06
2.802861592783098388e+01 2.382245830821780042e-01 1.144710000000000000e+06
2.812140751883790202e+01 2.377302336272051064e-01 1.154018000000000000e+06
2.821415297220768181e+01 2.356490719092522168e-01 1.159962000000000000e+06
2.830701588099581656e+01 2.336016132985364591e-01 1.170986000000000000e+06
2.839992722634268318e+01 2.319295445710279624e-01 1.178142000000000000e+06
2.849273563244681640e+01 2.306838676592197213e-01 1.182674000000000000e+06
2.858544978858025587e+01 2.293034562494437600e-01 1.191002000000000000e+06
2.867822438221558201e+01 2.275217201971280467e-01 1.200438000000000000e+06
2.877108010332264953e+01 2.261912620161865561e-01 1.208162000000000000e+06
2.886389791577798292e+01 2.247095112725034649e-01 1.215258000000000000e+06
2.895673333116943837e+01 2.227319476462544245e-01 1.224134000000000000e+06
2.904948939044354006e+01 2.215078451431650164e-01 1.228722000000000000e+06
2.914235076535885227e+01 2.197247887228774565e-01 1.243154000000000000e+06
2.923527658770126791e+01 2.183242197097557957e-01 1.245434000000000000e+06
2.932802979926940168e+01 2.173202497215490081e-01 1.255158000000000000e+06
2.942058824394615613e+01 2.156534473283901743e-01 1.255610000000000000e+06
2.951339246004798511e+01 2.141025494261726836e-01 1.277562000000000000e+06
2.960627197302490288e+01 2.129223951165006012e-01 1.274414000000000000e+06
2.969891521815626589e+01 2.115728183801790785e-01 1.285994000000000000e+06
2.979183962959107390e+01 2.105406980770562486e-01 1.299570000000000000e+06
2.988481123609084378e+01 2.090928547785844971e-01 1.302122000000000000e+06
2.997759947936779312e+01 2.075273512505280971e-01 1.311366000000000000e+06
3.007040646298238329e+01 2.061237715909659540e-01 1.319186000000000000e+06
3.016322573736947987e+01 2.052338619095186723e-01 1.327434000000000000e+06
3.025609686144010624e+01 2.042598009487816280e-01 1.337294000000000000e+06
3.034894988404106542e+01 2.025334346815815534e-01 1.342730000000000000e+06
3.044165094471177468e+01 2.014685697520306185e-01 1.350570000000000000e+06
3.053450326048112373e+01 2.001527651384495676e-01 1.362590000000000000e+06
3.062744560133972982e+01 1.985718065223136541e-01 1.369698000000000000e+06
3.072021929789155692e+01 1.976491347822482147e-01 1.374914000000000000e+06
3.081291312289377515e+01 1.965986767926451162e-01 1.383570000000000000e+06
3.090572029504880192e+01 1.950792851952236340e-01 1.395374000000000000e+06
3.099845695766758524e+01 1.942050663782378395e-01 1.396994000000000000e+06
3.109113206054739820e+01 1.927550246895212982e-01 1.411530000000000000e+06
3.118394331615222370e+01 1.914484931650834443e-01 1.417574000000000000e+06
3.127677461265226100e+01 1.903840167927134952e-01 1.428834000000000000e+06
3.136974533880736615e+01 1.893134545572049965e-01 1.439018000000000000e+06
3.146256300003442163e+01 1.881331349456999424e-01 1.440698000000000000e+06
3.155527893180424215e+01 1.873113999152471176e-01 1.453638000000000000e+06
3.164818579328392545e+01 1.857781201441002228e-01 1.463426000000000000e+06
3.174111455917423186e+01 1.853849078889228952e-01 1.471050000000000000e+06
3.183389631608551085e+01 1.837530381515307121e-01 1.476638000000000000e+06
3.192657087521692105e+01 1.827061044173460269e-01 1.484466000000000000e+06
3.201945846029641984e+01 1.818069631763296889e-01 1.501154000000000000e+06
3.211236004353790463e+01 1.805830959921582712e-01 1.501706000000000000e+06
3.220503963901818167e+01 1.795102239361906216e-01 1.511502000000000000e+06
3.229773462497095693e+01 1.785939286320395447e-01 1.520234000000000000e+06
3.239065263274142836e+01 1.776565787845030275e-01 1.535010000000000000e+06
3.248368752518695857e+01 1.762946242867824698e-01 1.543358000000000000e+06
3.257625592142824900e+01 1.756576899685756976e-01 1.535754000000000000e+06
3.266892399084635912e+01 1.743846226231817176e-01 1.564802000000000000e+06
3.276186949406748283e+01 1.734780680316153623e-01 1.563038000000000000e+06
3.285471600513321988e+01 1.727514070979570826e-01 1.578426000000000000e+06
3.294755030259601369e+01 1.715894094905917322e-01 1.581482000000000000e+06
3.304030649856900226e+01 1.702123371015858144e-01 1.592250000000000000e+06
3.313310097916252062e+01 1.695407728603259279e-01 1.602230000000000000e+06
3.322576853282869536e+01 1.685349826203891843e-01 1.604754000000000000e+06
3.331852700708301995e+01 1.673558847842075148e-01 1.623458000000000000e+06
3.341133761781185285e+01 1.669026861487713231e-01 1.624910000000000000e+06
3.350425975326123051e+01 1.658556515869339665e-01 1.645122000000000000e+06
3.359722040630907713e+01 1.648564057247755565e-01 1.645130000000000000e+06
3.368999010770548352e+01 1.640865173225198315e-01 1.655706000000000000e+06
3.378274571362823764e+01 1.631848616653301109e-01 1.663502000000000000e+06
3.387555504564890185e+01 1.619193610139933182e-01 1.675514000000000000e+06
3.396845401820915811e+01 1.610583855199495817e-01 1.685298000000000000e+06
3.406122811507054848e+01 1.597973236914095041e-01 1.689566000000000000e+06
3.415385801952775324e+01 1.595320184350796644e-01 1.697850000000000000e+06
3.424675544840175689e+01 1.584949573651214527e-01 1.718546000000000000e+06
3.433974804081596233e+01 1.577198287090175455e-01 1.719822000000000000e+06
3.443247047139207950e+01 1.569399272610805529e-01 1.726586000000000000e+06
3.452519365023140807e+01 1.559538305563637206e-01 1.739186000000000000e+06
3.461810139296383682e+01 1.548490526611469575e-01 1.751538000000000000e+06
3.471099447053352094e+01 1.539765626866401727e-01 1.758062000000000000e+06
3.480370336283946386e+01 1.530862877975734671e-01 1.763010000000000000e+06
3.489645832210796073e+01 1.522449781912267874e-01 1.778642000000000000e+06
3.498938004572897142e+01 1.515057039598967092e-01 1.788582000000000000e+06
3.508225051967435348e+01 1.506892723260004341e-01 1.794746000000000000e+06
3.517497091887818073e+01 1.493650494374171855e-01 1.803290000000000000e+06
3.526765764488786914e+01 1.489756954222338503e-01 1.811058000000000000e+06
3.536047867216754526e+01 1.480569416656913051e-01 1.828358000000000000e+06
3.545333343518007041e+01 1.473263307582007298e-01 1.831362000000000000e+06
3.554606440073841611e+01 1.463790151525842242e-01 1.842458000000000000e+06
3.563868401297916222e+01 1.458724677828563132e-01 1.846998000000000000e+06
3.573153274794054113e+01 1.449021920452490397e-01 1.869122000000000000e+06
3.582458183449941203e+01 1.440412975538626628e-01 1.876346000000000000e+06
3.591743722406722128e+01 1.434664214958611406e-01 1.879506000000000000e+06
3.601020902490290609e+01 1.429779690607956566e-01 1.893326000000000000e+06
3.610306469927505901e+01 1.419170970425265021e-01 1.901826000000000000e+06
3.619590916634738420e+01 1.409489800267996751e-01 1.911962000000000000e+06
3.628866380037784012e+01 1.406646975715898085e-01 1.919198000000000000e+06
3.638141506206108033e+01 1.398273344741229329e-01 1.930242000000000000e+06
3.647424016583105555e+01 1.391056496152781041e-01 1.942442000000000000e+06
3.656711395585448088e+01 1.382148034773181267e-01 1.951734000000000000e+06
3.665982022900305992e+01 1.375078500482253829e-01 1.955402000000000000e+06
3.675252232217314940e+01 1.369181534623689911e-01 1.971858000000000000e+06
3.684548010444684252e+01 1.360363511122485991e-01 1.984898000000000000e+06
3.693828650400439528e+01 1.355796848554838840e-01 1.986422000000000000e+06
3.703088902221119838e+01 1.347929804483239402e-01 1.996146000000000000e+06
3.712375381739045110e+01 1.338568721723102373e-01 2.017106000000000000e+06
3.721670141564808176e+01 1.332090873031190892e-01 2.020638000000000000e+06
3.730949090437132298e+01 1.326741472375829178e-01 2.029346000000000000e+06
3.740225243804549393e+01 1.318102425916290177e-01 2.041002000000000000e+06
3.749508345135090082e+01 1.314892362719052299e-01 2.051450000000000000e+06
3.758800630135719700e+01 1.305957528634203446e-01 2.065886000000000000e+06
3.768075606047879944e+01 1.299918359774981935e-01 2.064546000000000000e+06
3.777345360133958962e+01 1.293349668691330945e-01 2.082650000000000000e+06
3.786633681145083585e+01 1.288629549843402500e-01 2.095182000000000000e+06
3.795922733213078004e+01 1.276345762430366182e-01 2.101346000000000000e+06
3.805206637137605696e+01 1.271645187265368626e-01 2.115554000000000000e+06
3.814479291109532255e+01 1.267031672003078036e-01 2.115654000000000000e+06
3.823763672595041641e+01 1.261764583623297964e-01 2.141066000000000000e+06
3.833051501359481961e+01 1.252732895953146686e-01 2.139786000000000000e+06
3.842322954032661642e+01 1.246180946305226050e-01 2.152202000000000000e+06
3.851592140318456359e+01 1.242435082407641334e-01 2.161086000000000000e+06
3.860870728474886704e+01 1.235636728203016593e-01 2.176058000000000000e+06
3.870165367886090024e+01 1.230790137519410521e-01 2.190818000000000000e+06
3.879448153890955808e+01 1.222513392461885423e-01 2.191158000000000000e+06
3.888719386248246934e+01 1.218865686473672300e-01 2.205314000000000000e+06
3.897995085572294016e+01 1.209629735948661161e-01 2.215554000000000000e+06
3.907280855990038759e+01 1.204657867613632694e-01 2.230562000000000000e+06
3.916571400460815511e+01 1.199896081422959504e-01 2.239614000000000000e+06
3.925850597774706330e+01 1.195294208146569503e-01 2.245706000000000000e+06
3.935127688945335223e+01 1.188368460450489883e-01 2.259674000000000000e+06
3.944415076574067314e+01 1.185448636819938645e-01 2.273214000000000000e+06
3.953699940919273814e+01 1.178261373739359491e-01 2.278802000000000000e+06
3.962983241725806494e+01 1.172373643982608793e-01 2.294034000000000000e+06
3.972255848568113379e+01 1.168734738176389620e-01 2.294942000000000000e+06
3.981531149719255325e+01 1.161008205476791594e-01 2.317050000000000000e+06
3.990818154736818713e+01 1.156023660886104226e-01 2.322842000000000000e+06
4.000092259288955887e+01 1.149678652485616598e-01 2.330810000000000000e+06
4.009367019236291441e+01 1.142175446022477836e-01 2.345958000000000000e+06
4.018644329204576593e+01 1.137826092821762197e-01 2.353586000000000000e+06
4.027938686319814821e+01 1.134407049461116646e-01 2.376210000000000000e+06
4.037230694628584615e+01 1.130072484672575567e-01 2.374502000000000000e+06
4.046501398489662904e+01 1.123639708994420700e-01 2.386346000000000000e+06
4.055778644850862236e+01 1.116890715874725298e-01 2.401314000000000000e+06
4.065065221469840395e+01 1.110701808040805427e-01 2.411450000000000000e+06
4.074344052484122614e+01 1.105996366573884226e-01 2.420718000000000000e+06
4.083610119707590513e+01 1.100278640167139804e-01 2.425754000000000000e+06
4.092899447926185985e+01 1.094238754970027067e-01 2.455218000000000000e+06
4.102192302311860317e+01 1.088746311622225266e-01 2.450942000000000000e+06
4.111469268878612127e+01 1.084040337355550720e-01 2.467130000000000000e+06
4.120745344767445317e+01 1.079778834195195270e-01 2.474874000000000000e+06
4.130027243267931425e+01 1.074038006321972466e-01 2.490362000000000000e+06
4.139307784107282373e+01 1.068158605475589551e-01 2.498142000000000000e+06
4.148579007498820204e+01 1.063255731744771754e-01 2.507090000000000000e+06
4.157859616110052059e+01 1.057968855050875762e-01 2.525562000000000000e+06
4.167148795746529544e+01 1.052507376536951089e-01 2.534726000000000000e+06
4.176442582158765759e+01 1.047754922142228040e-01 2.549906000000000000e+06
4.185722428526626260e+01 1.042749421420154782e-01 2.551074000000000000e+06
4.195000646359475382e+01 1.038094360995556881e-01 2.570702000000000000e+06
4.204281367318225193e+01 1.034180431687201501e-01 2.574642000000000000e+06
4.213560692894990467e+01 1.028372181933690094e-01 2.594066000000000000e+06
4.222837072620590249e+01 1.023287253709531525e-01 2.594802000000000000e+06
4.232103746123068788e+01 1.019224032648935879e-01 2.612030000000000000e+06
4.241389573157469073e+01 1.013887490991090407e-01 2.627954000000000000e+06
4.250684752071458661e+01 1.009396604191331454e-01 2.640402000000000000e+06
4.259961485691435712e+01 1.004792956833622658e-01 2.641454000000000000e+06
4.269238042684992962e+01 1.001269942077530062e-01 2.661834000000000000e+06
4.278519950157976837e+01 9.969394847699894480e-02 2.669138000000000000e+06
4.287804122360751080e+01 9.911107263400895095e-02 2.684858000000000000e+06
4.297088998444318264e+01 9.873624675657315108e-02 2.693910000000000000e+06
4.306362412999418154e+01 9.818722419959122205e-02 2.701682000000000000e+06
4.315648137855832545e+01 9.781546420131796704e-02 2.722698000000000000e+06
4.324931022902555355e+01 9.747485975660322155e-02 2.725262000000000000e+06
4.334209579086088127e+01 9.715039244106546401e-02 2.742450000000000000e+06
4.343488409067640532e+01 9.667270487481134655e-02 2.749850000000000000e+06
4.352765530706857788e+01 9.619562533331500742e-02 2.763902000000000000e+06
4.362050698569215967e+01 9.580920608904523739e-02 2.778498000000000000e+06
4.371329616669063967e+01 9.540307296024823358e-02 2.784530000000000000e+06
4.380613896645522942e+01 9.494747390077264149e-02 2.804106000000000000e+06
4.389897731860441610e+01 9.448785540912310599e-02 2.809790000000000000e+06
4.399180186087737354e+01 9.421347499768147060e-02 2.825058000000000000e+06
4.408461408762251921e+01 9.369315234993808028e-02 2.834330000000000000e+06
4.417732169919744933e+01 9.309689984806591989e-02 2.842022000000000000e+06
4.427013872221877477e+01 9.272532650272938270e-02 2.864754000000000000e+06
4.436291768226293186e+01 9.245546771403811981e-02 2.864186000000000000e+06
4.445556865506748778e+01 9.201567230576571110e-02 2.879538000000000000e+06
4.454836924311927504e+01 9.169639137230665982e-02 2.899454000000000000e+06
4.464120033134182819e+01 9.117763470049837504e-02 2.904258000000000000e+06
4.473413570748626711e+01 9.059470591768438441e-02 2.930234000000000000e+06
4.482707945813238837e+01 9.032564056437798750e-02 2.929526000000000000e+06
4.491983848295910775e+01 8.995222972959195096e-02 2.942442000000000000e+06
4.501269347626183759e+01 8.969987309216058413e-02 2.960810000000000000e+06
4.510553413693262570e+01 8.920167901424440327e-02 2.964954000000000000e+06
4.519830875641729051e+01 8.872060042067690666e-02 2.980910000000000000e+06
4.529108908883235074e+01 8.829831329418003083e-02 2.990978000000000000e+06
4.538392124736010658e+01 8.792999237604676166e-02 3.007626000000000000e+06
4.547679500726437141e+01 8.760104404660094823e-02 3.019166000000000000e+06
4.556952030907464035e+01 8.720069784415558634e-02 3.021090000000000000e+06
4.566227743654595628e+01 8.678354652845267359e-02 3.047834000000000000e+06
4.575519423718680656e+01 8.643510745878865698e-02 3.055590000000000000e+06
4.584806772405067932e+01 8.617486302959120881e-02 3.068546000000000000e+06
4.594071005995490253e+01 8.585308567151157810e-02 3.067274000000000000e+06
4.603345637787467837e+01 8.535009068584255287e-02 3.098058000000000000e+06
4.612642296982802748e+01 8.493475963700150566e-02 3.109214000000000000e+06
4.621923213655359319e+01 8.466755865519828839e-02 3.110466000000000000e+06
4.631187638213997104e+01 8.426759834782691916e-02 3.124370000000000000e+06
4.640465044328173860e+01 8.394194906197939565e-02 3.144174000000000000e+06
4.649762178958166459e+01 8.354069225533551635e-02 3.161738000000000000e+06
4.659042440113063321e+01 8.333972859814740841e-02 3.159890000000000000e+06
4.668306857292922984e+01 8.296230740440396767e-02 3.174138000000000000e+06
4.677585028307100856e+01 8.264880624582672530e-02 3.195926000000000000e+06
4.686881213453650474e+01 8.237071353303526688e-02 3.211386000000000000e+06
4.696174959036412133e+01 8.200288361122898273e-02 3.219314000000000000e+06
4.705450542549368720e+01 8.157358996792428429e-02 3.225494000000000000e+06
4.714725667012604049e+01 8.134693145420195115e-02 3.242562000000000000e+06
4.724007331529262643e+01 8.101484673594376573e-02 3.257450000000000000e+06
4.733292172494311956e+01 8.071190761544858039e-02 3.269118000000000000e+06
4.742570057385004390e+01 8.032376415477000819e-02 3.278930000000000000e+06
