0.02918211985019969
0.029250958939169618
0.029315238373755128
0.02937454730253976
0.029428449354952424
0.029476442569834584
0.029507900445411052
0.029530782980432154
0.02954555875061119
0.029551567784329744
0.0295481119605987
0.02953442122924095
0.02950977609341734
0.029473444802012954
0.029424543028259295
0.02935109312157545
0.02925809560923383
0.02914879783931387
0.02902207784295816
0.02887676117720537
0.028711562388180283
0.02852519108706623
0.028316262042718268
0.028083367851304032
0.027812750842911443
0.027502971168946212
0.02716271335221711
0.026790102130304125
0.02638319925054865
0.025939907974041967
0.0254581031483796
0.024935476315498695
0.024369644415146118
0.023745459127398297
0.0230470522761167
0.022294228323126008
0.021483837223989232
0.02061256431963684
0.01967688418811669
0.01867310916613334
0.017597394262498324
0.01644563491664976
0.015203838824143454
0.013824479729192003
0.012349771892580784
0.010774259771061657
0.009092216910897745
0.007297535583031325
0.005383884259168098
0.003344635295742987
0.0011728749782506066
-0.0010666620277131908
-0.003617280723838612
-0.006334230981109364
-0.009224589785957221
-0.012297823723253316
-0.015563840286511928
-0.01903295504462342
-0.02271559021634419
-0.02662364487364653
-0.030767713167670515
-0.035292712955224216
-0.04012800403470578
-0.04523977646747495
-0.05064962139850304
-0.056375446079448215
-0.0624319584279285
-0.06883213833885474
-0.07559292808753572
-0.08272951280829793
-0.09041998033909479
-0.09863884959424654
-0.10730416751881071
-0.11643193650905759
-0.12603667990222614
-0.13613760912715744
-0.14674677730602684
-0.15787956079556023
-0.16955299322976003
-0.18195759467658362
-0.1951916899981398
-0.20903663586504218
-0.22350308411388037
-0.23859769738372294
-0.25433054216664724
-0.2707080166352506
-0.28772654106115697
-0.30539764201549674
-0.3238608598791205
-0.3434807787514607
-0.36378068912029005
-0.3847466878940245
-0.40636910016637473
-0.42863281577750245
-0.45151135701058515
-0.4749850434797605
-0.4990305527849966
-0.5236632020193174
-0.5496865928686943
-0.5762231698813898
-0.6032316816193547
-0.6306666066049077
-0.6584787887739187
-0.6866102394712688
-0.7150212400082228
-0.7436248074971608
-0.7723964214440869
-0.8023064543699177
-0.8324313807431946
-0.8625444327627376
-0.892570525589233
-0.9224416001587135
-0.9520712588372171
-0.9813995717846973
-1.010306880928985
-1.038785324609901
-1.0676781079732347
-1.096410902493045
-1.1244463736174515
-1.1516993270772933
-1.1780853137561824
-1.2035196358854703
-1.2279190984744892
-1.251205352635924
-1.2733161733946556
-1.2948632471119366
-1.3158346721432534
-1.3353428939673289
-1.3533251964562119
-1.3697009307423291
-1.384399168128641
-1.397346855232843
-1.4084862069673862
-1.417785000847723
-1.4255786107381883
-1.4323399823806275
-1.4370256215121129
-1.4396125524544783
-1.44007084511906
-1.4383856747332076
-1.4345501290658293
-1.4285682457578983
-1.4204617837624676
-1.4103624571336386
-1.399114433361315
-1.3857268546358137
-1.370279504381425
-1.3528383042545058
-1.333491761313159
-1.3123213579422954
-1.2894328880471955