220.63884547743768
208.43367127527964
196.8365228543493
185.82630683960886
175.38166690953503
165.48053516646618
156.1007371613684
147.22023456339778
138.8171838720505
130.87003836651576
123.35781474879752
116.26009046559416
109.55715834949375
103.2300217857346
97.26033698674779
91.63039439669978
86.32335932221156
81.32297870665566
76.61359107249876
72.18049603739887
68.00923829494917
64.08638848390326
60.39892917950006
56.93424846779189
53.680719097197205
50.62689751860151
47.761993151721356
45.075740970672676
42.55834219051591
40.200471716001765
37.9932167608805
35.928114425549026
33.997141598192066
32.19266875411019
30.507444065081025
28.934592098424957
27.467571954124953
26.10020231281367
24.826624584175534
23.641138744443026
22.538386184174716
21.51354848060421
20.562092689621775
19.677993868898458
18.850684170190103
18.074007167297033
17.343807696913593
16.66215266504284
16.028717038384173
15.44034720580605
14.894074561240304
14.387113927810885
13.91685337741929
13.480863549136249
13.076831845324218
12.702614304668264
12.35620492426538
12.03572045529109
11.7394316598311
11.465716446762633
11.213060176156018
10.98006145485403
10.765414967889242
10.567920279596033
10.386447048120672
10.219949888598865
10.06747024945039
9.928123865729576
9.801094828651681
9.68562828223833
9.581028565497455
9.486657481574609
9.401925440126584
9.326294649693631
9.259276427083028
9.200413423366388
9.149292225962665
9.105520739554265
9.06874691192826
9.03864308137297
9.014906859290281
8.997253019645292
8.985418980604269
8.979156934477848
8.978234453873297
8.982430940951195
8.991535643173211
9.005347666233986
9.023674160866287
9.04632837334001
9.07312926894392
9.103901315783093
9.138473243868226
9.176677257842377
9.218350360126308
9.26333224946028
9.311466671447635
9.362601273556914
9.41658835361835
9.47328384107108
9.532547995693246
9.594245245039545
9.658245325575722
9.724423114726756
9.792658567488058
9.862835807497284
9.934845239005833
10.008583063279223
10.083949966604848
10.160853767022573
10.239205076405323
10.31892034460035
10.399922511367409
10.482138147447872
10.565499448371513
10.64994291528466
10.735409019114378
10.821843571909556
10.909195396708625
10.997417360930845
11.086466363275706
11.176301625789245
11.266886622673132
11.358187212242349
11.450172351384055
11.542813132424712
11.636083132027773
11.729958077354533
11.824415844045808
11.919436195189245
12.015000792571636
12.111092712194628
12.207696003127847
12.304795896270173
12.402379899230946
12.500437670433477
12.59895849312633
12.69793195552381
12.797349609511153
12.897204071173269
12.99748772950646
13.09819328446165
13.199314454413088
13.30084560812649
13.402781399606006
13.505117738684557
13.607850762830653
13.710976256459888
13.814491030886659
13.918391921798984
14.02267570257298
14.127339699066049
14.2323814524702
14.337798705911393
14.443589417464322
14.549751705484868
14.656283875447219
14.763184274990225
14.870451410287663
14.97808387994156
15.086080467090044
15.194439974591553
15.30316131693653
15.412243486832525
15.521685488711807
15.63148638693813
15.741645328785632
15.852161446580658
15.963033963557024
16.074262252985918
16.185845729054748
16.297783664655835
16.410075259002284
16.52272019222647
16.63571780314071
16.749067510562725
16.86276887352431
16.976821233499827
17.091224114218942
17.205976965735214
17.321079264015697
17.436530708733642
17.552330805890374
17.66847906181644
17.784974973560264
17.901818201789023
18.019008290182587
18.136544621314773
18.25442703632895
18.37265496345993
18.49122790913759
18.610145770766934
18.729407632309687
18.84901364804762
18.96896249802654
19.089254748970742
19.209890294717724
19.33086820788967
19.45218810904507
19.57384950675011
19.6958517042976
19.81819485335366
19.940878352409076
20.063901608345123
20.187264591612944
20.310966712862065
20.435007517368664
20.55938688646139
20.684104065793413
20.80915901041767
20.934551193081482
21.060280092888267
21.18634563534713
21.312746923456228
21.43948431066612
21.566556502758626
21.69396402138495
21.821706215187017
21.949782518012277
22.078192620802685
22.206935990415918
22.336012287813173
22.465421248123555
22.595162485972367
22.72523562301012
22.855640450122447
22.986376397733267
23.117442991525795
23.248839758211652
23.380566451893323
23.51262267900157
23.645008083899608
23.777722269566485
23.910765039754146
24.04413582680943
24.177834158225128
24.31185977520999
24.44621215551947
24.58089105677039
24.71589628434683
24.851227195155655
24.98688370718804
25.12286520075902
25.259171282790494
25.39580157017808
25.532755682891874
25.67003323784075
25.807633852745195
25.945557144675124
26.08380273411996
26.222370236528945
26.361259273468608
26.500469467002485
26.640000439003312
26.779851792667902
26.920023149177627
27.060514131993255
27.201324321580742
27.342453370624902
27.483900786149253
27.625666189948845
27.767749313203204
27.91014959641526
28.05286680600029
28.195900705830695
28.33925070575159
28.482916498975907
28.626897843204237
28.771194231528483
28.91580495262931
29.060730187065005
29.20596922473843
29.351521713571014
29.497387593522745
29.643566021659016
29.79005698904028
29.93685960736872
30.083974149580207
30.23139938002794
30.37913601077354
30.527182900052694
30.675540047658906
30.82420717058615
30.97318362603057
31.122469008673853
31.27206304055943
31.4219647987219
31.572173739289195
31.722690615137807
31.873514948236483
32.024646015325615
32.1760830897584
32.3278263094852
32.479874713096336
32.63222860022917
32.78488690307475
32.937849799653065
33.09111641785233
33.2446868592625
33.39856039862102
33.55273714044937
33.70721615370172
33.86199734557544
34.017079835950746
34.172464338735054
34.328149036772906
34.48413432144786
34.64042057708186
34.79700632655221
34.953891911195036
35.111076670213535
35.26856004271409
35.4263416516546
35.5844212976408
35.742797734276174
35.90147073300913
36.06044105106999
36.21970850933392
36.37927196404806
36.53913099095634
36.69928545316628
36.859734591050334
37.02047844599647
37.1815163380742
37.34284806336978
37.50447325766966
37.66639124716113
37.82860198319321
37.99110487820695
38.153899647356916
38.31698574398852
38.480362498695115
38.64403031857002
38.80798819899261
38.97223609890254
39.136773467546035
39.30160055728445
39.46671618380187
39.63212006436498
39.797811946538104
39.9637915577008
40.13005842457361
40.29661236490078
40.46345269414837
40.63057921349484
40.79799159845532
40.96568978090384
41.13367281683908
41.30194070503421
41.4704926127965
41.63932841706861
41.80844711484729
41.97784946237649
42.14753413032075
42.31750144307445
42.487750738264154
42.65828145250259
42.82909371384757
43.00018642214965
43.171560371601714
43.34321387306862
43.51514755626492
43.68736002646809
43.859851205784764
44.03262203608759
44.205670180384956
44.37899568673568
44.552599323269696
44.72648079253825
44.9006388527467
45.075073202734366
45.249783441337584
45.424769257963646
45.60002987916946
45.77556598203545
45.951375931284694
46.127460279401035
46.303818225862415
46.48044941649474
46.65735375950804
46.834530401248706
47.0119798764546
47.18970064290444
47.36769339354422
47.54595649562319
47.72449043335179
47.90329517205614
48.08236888348246
48.261712382337976
48.441326051643586
48.621207914518855
48.801358326195675
48.981777547661125
49.16246449333872
49.34341867982437
49.52463992038678
49.70612770034669
49.88788179738106
50.06990060681993
50.252184235813715
50.43473344116933
50.61754860385189
50.80062782031334
50.98397140223331
51.16757803441993
51.35144833931046
51.53558104751207
51.71997604623857
51.90463391413592
52.08955279494912
52.27473333442676
52.460175166550854
52.6458769698484
52.83184000587018
53.01806244559879
53.204543863650606
53.39128540255234
53.578284949307324
53.76554232508817
53.95305886570533
54.14083219987401
54.328861549537166
54.51714764663188
54.70569122309525
54.894492625845245
55.0835494758833
55.27286210700116
55.46242982777947
55.65225201306727
55.84232907246891
56.032659667329085
56.22324446787012
56.41408194593311
56.605172619329934
56.79651583956005
56.98811084222289
57.17995812337781
57.37205624101301
57.56440585198564
57.75700610462116
57.94985632941006
58.142956558716634
58.33630547078985
58.52990367857683
58.72375123261902
58.917846503826766
59.11219050469927
59.30678233196839
59.501620975927075
59.69670713290629
59.89203926897352
60.08761794360862
60.28344373376108
60.47951419107965
60.675830021854026
60.87239062333482
61.069194559337284
61.26624299673327
61.46353648834414
61.66107216751403
61.85885051354787
62.05687269899173
62.25513661875613
62.453641182510474
62.65238774096775
62.8513773212002
63.050606280251316
63.25007425875183
63.44978259639887
63.64973259666492
63.84992143078092
64.05034708516709
64.25101017785752
64.45191132688632
64.65305115028758
64.85443026609542
65.05604889517979
65.25790393011673
65.45999517032361
65.6623233529774
65.86488760263465
66.06768742555391
66.27072204089053
66.47399166718286
66.67749535365942
66.88123164447966
67.08520135625648
67.28940536554816
67.49384290863257
67.69851222344185
67.90341446881125
68.10854827206526
68.31391278233707
68.51950926659117
68.72533651461202
68.93139299109242
69.13768035897913
69.34419803407562
69.55094304954115
69.75791603768482
69.96511771224588
70.17254878696362
70.38020989735608
70.58809857956311
70.79621418317566
71.00455757024949
71.21312675598267
71.4219220457994
71.63094402420522
71.84019034455017
72.04966201835802
72.25935934239928
72.46927945941026
72.67942279253693
72.88979003130444
73.10038186523798
73.31119800654378
73.52223626772854
73.73349739295918
73.94498014901355
74.15668452402312
74.36861079130908
74.58075726094356
74.7931249544881
75.00571217414142
75.21851886594591
75.43154621577457
75.6447915234604
75.85825453381814
76.07193592930929
76.28583639239531
76.49995617081994
76.71429295804207
76.92884713638762
77.14361805369
77.3586050855702
77.57380887071515
77.78922770626882
78.00486233277037
78.2207117973412
78.43677538215026
78.6530538674975
78.8695455829646
79.08625076804717
79.30317033867685
79.52030216886345
79.7376463214337
79.95520364647749
80.17297191613329
80.39095125824238
80.60914283972886
80.82754563594638
81.04615760688132
81.26497974094971
81.48401302414854
81.7032555221887
81.92270611300614
82.14236564369924
82.36223477591892
82.58231139508254
82.80259546543995
83.02308789108058
83.24378680037859
83.4646920690227
83.68580466615946
83.90712270511541
84.12864601350957
84.35037578832525
84.57230990584524
84.79444764879656
85.01679012334336
85.23933808091508
85.4620886542149
85.68504165121432
85.90819793840011
86.1315576037129
86.35511800780182
86.5788798362725
86.80284424095873
87.02701199286619
87.25137958328939
87.47594672759377
87.70071450532863
87.92568394919815
88.15085241122274
88.3762184761533
88.60178302289688
88.82754693036061
89.05351107094441
89.27967330129893
89.50603178203478
89.73258707980116
89.9593397612473
90.18629039302239
90.41343785994528
90.6407811038621
90.8683207933468
91.0960555882691
91.32398550461568
91.55211034347737
91.78042930055416
92.00894229522545
92.2376492159638
92.46654889031296
92.69564095452863
92.92492562639306
93.15440271618509
93.38407049404388
93.61392963201308
93.8439811848436
94.0742245292754
94.30465740837013
94.53528048392278
94.76609444566256
94.99709749851107
95.22828929243529
95.45967112947064
95.69124367988363
95.92300352778493
96.15495088578035
96.38708690249334
96.61941121747785
96.85192110801232
97.08461697801091
97.31749937550148
97.55056884851196
97.78382561491931
98.017267602338
98.2508950943258
98.48470817040008
98.71870547188067
98.95288732683139
99.18725321339254
99.4218025157835
99.65653515824694
99.89145103748768
100.12654898331621
100.3618285632319
100.5972899912018
100.83293336948626
101.0687568990824
101.30476065530304
101.54094565477223
101.77731260526939
102.0138588247704
102.25058402179663
102.48748892164821
102.7245738209088
102.9618363512523
103.19927705055325
103.43689716613058
103.67469705022623
103.91267314349649
104.1508258581276
104.38915629774233
104.62766454815059
104.8663475745703
105.10520554551377
105.344238996922
105.583448464736
105.82283448239237
106.06239560891647
106.30213090498044
106.54204116962119
106.78212518436949
107.02238258099378
107.26281361511847
107.50341737099228
107.74419356776444
107.9851421328559
108.22626285381688
108.46755442143197
108.70901669651704
108.95064988611585
109.19245401495816
109.43442720194419
109.6765696724256
109.91888241349295
110.16136621744863
110.40401850008845
110.6468386952944
110.88982750408206
111.13298551756776
111.37631057039104
111.61980248032437
111.86346246317613
112.10729164776805
112.35128713429418
112.59544778814055
112.83977469489702
113.0842689094186
113.32892822729949
113.57375114415935
113.81873821221043
114.06388998366504
114.3092070107353
114.55468966202842
114.80033569462516
115.04614503567247
115.2921183713169
115.53825394082479
115.78455191005648
116.03101273539602
116.27763474812589
116.52441780586332
116.77136213235757
117.01846767729107
117.26573262822025
117.51315713137585
117.76074182444998
118.00848704416181
118.25639050185204
118.50445262764526
118.75267472841468
119.00105781031036
119.2495986497177
119.49829634515787
119.7471513142306
119.9961638588232
120.24533226759775
120.49465685783797
120.74413896999648
120.99377980038943
121.24357598491368
121.49352648284703
121.74363248532751
121.99389512208774
122.24431177745825
122.49488096429027
122.74560328318617
122.99647933474813
123.24750971957856
123.49869503827966
123.75003505338546
124.00152689732437
124.253171069694
124.50496829136969
124.75691650521232
125.00901566932083
125.26126674403851
125.51366965566031
125.76622194673824
126.01892419572752
126.2717772370289
126.52478107240215
126.77793328105027
127.03123424385143
127.2846846524422
127.53828460221385
127.79203214119971
128.045927790992
128.29997194076535
128.554162824817
128.808500898999
129.06298662768086
129.31761818720557
129.5723961021007
129.8273210622862
130.08239084882956
130.33760570884562
130.59296664768047
130.84847236396325
131.10412152610323
131.35991486056818
131.61585307147067
131.87193457340223
132.12815861328193
132.3845260120688
132.6410375262671
132.89769117419036
133.15448632709126
133.41142386997777
133.66850456601608
133.92572626713863
134.183088385742
134.4405915911846
134.69823637099822
134.95602065373535
135.21394451422708
135.4720090476859
135.7302149716555
135.98855921212413
136.24704166086286
136.50566334849637
136.76442480869048
137.02332295674236
137.2823576648543
137.54152966575163
137.80083969215985
138.06028847680432
138.31987488623804
138.57959635980134
138.83945371698834
139.0994478479957
139.3595789349206
139.6198439296268
139.88024309507088
140.14077729765788
140.40144740379293
140.66225282373034
140.92319047448478
141.18426093564125
141.44546500158816
141.70680346671412
141.9682766963314
142.22988133903453
142.4916171273635
142.75348483086086
143.01548521906938
143.27761905157337
143.539884085257
143.8022787762035
144.0648039997279
144.32746063114539
144.5902490923212
144.8531661549946
145.1162116465217
145.37938635938735
145.64269108607652
145.9061266115755
146.16969063079262
146.43338139097324
146.69719967436066
146.9611462631983
147.22522193972935
147.48942613551367
147.7537556712043
148.01821105802924
148.28279306208566
148.54750244947056
148.8123396660023
149.07730154003522
149.3423877233555
149.60759905265633
149.87293636463073
150.1383999917153
150.40398662965157
150.66969614845138
150.93552932322487
151.20148692908208
151.4675697411331
151.73377591080927
152.00010320229418
152.26655237953972
152.533124209915
152.79981946078922
153.06663819451632
153.33357699961527
153.60063594356677
153.86781577949654
154.13511726053048
154.4025411350642
154.67008520662895
154.93774772983497
155.20552947334474
155.47343120582104
155.7414536959265
156.0095961808398
156.27785569948122
156.5462328591907
156.81472843611584
157.08334320640432
157.35207736575734
157.62092757621443
157.88989379234948
158.15897676756947
158.42817725528135
158.69749600889202
158.96693113595293
159.23648052208213
159.50614492998773
159.77592512360195
160.04582186685704
160.31583522915906
160.58596178611504
160.85620163113154
161.12655556544792
161.3970243903034
161.66760882590688
161.93830589135743
162.20911435265864
162.48003505217034
162.75106883225234
163.0222165352646
163.29347881332924
163.56485196739118
163.8363348325008
164.10792814533872
164.37963264258565
164.65144906092218
164.92337813702903
165.1954191712445
165.4675681058054
165.73982538518823
166.01219185049428
166.284668342825
166.5572557032818
166.82995475345678
167.10276209299775
167.37567526079218
167.64869497815894
167.921821966417
168.19505694688524
168.46840064088263
168.74185376972795
169.01541692547545
169.2890857848264
169.5628585326659
169.83673597430507
170.11071891505483
170.38480816022627
170.65900451513042
170.93330878507828
171.20772144328333
171.4822376848075
171.75685605685376
172.0315770398022
172.30640111403275
172.58132875992555
172.85636045786057
173.1314966882179
173.40673793137762
173.6820846677197
173.95753613357752
174.23308873532622
174.5087429233813
174.78449950216717
175.06035927610807
175.33632116482457
175.6123825584298
175.88854423724263
176.1648070548373
176.44117186478803
176.71763876902278
176.99420378270673
177.27086694936418
177.54762918747986
177.82449141553832
178.10145455202425
178.37851929868793
178.6556809261502
178.93293810146332
179.21029206674737
179.48774406412264
179.76529533570928
180.04294712362747
180.32069849151912
180.59854099990173
180.87647553914607
181.1545042888351
181.43262942855185
181.7108531378793
181.98917759640045
182.26760458500266
182.54611909701737
182.824715596602
183.1033982429259
183.38217119515824
183.66103861246836
183.94000465402547
184.2190734789989
184.49824924655792
184.77750720196505
185.05682036173366
185.33619890041982
185.6156530732997
185.89519313564944
186.174829342745
186.4545719498626
186.73443121227825
187.01441738526805
187.29444352979368
187.57439110107015
187.85437389201158
188.1345111415163
188.41490490005125
188.6952992669208
188.97566111337818
189.25611038040225
189.53676700897162
189.81762355661306
190.09840923365027
190.3792138813055
190.6601543455188
190.94134377696662
191.22257561530986
191.50374835319616
191.78496508214204
192.06632889366415
192.3479425797279
192.62972544448886
192.91156101369018
193.19345923218958
193.47543004484507
193.75748339651437
194.0396292320554
194.32187749632604
194.6042381341841
194.88668065332996
195.1690514771245
195.45143707643888
195.7339569000818
196.01670884382145
196.29945043520365
196.58217604805532
196.8650106002072
197.1480786404462
197.4312248821878
197.71432676068258
197.99750116830532
198.28086499743108
198.56438105155306
198.84782623944312
199.131293458029
199.41488692015113
199.69870988175273
199.9825897389355
200.2664146598481
200.55029181421986
200.8343283717801
201.11860485484806
201.40287967289063
201.68712296726207
201.9714043087267
202.25579326804876
202.54035941599253
202.8249727868478
203.1094897176442
203.39400423128222
203.67861062535044
203.9634031974377
204.24847624513274
204.53366019993962
204.81876757181848
205.10387523687268
205.38906008072297
205.67439898899008
205.95996872020848
206.24560327154995
206.5311538270404
206.81669109787455
207.10228579524704
207.38800863035252
207.67393031438567
207.96008661084136
208.24621316358952
208.5323089644734
208.81845980189294
209.10475146424827
209.39126499319252
209.67780635850073
209.96429682544635
210.2508208958823
210.53746307166176
210.82430785463762
211.11126107410368
211.39814704517198
211.68504562299483
211.97203877966837
212.2592084872886
212.54654344279555
212.83380917100123
213.12105402778218
213.40835142736478
213.6957747839752
213.98339751183974
214.27114598465678
214.55881583375614
214.8464648468464
215.1341568169513
215.42195553709476
215.70992480030063
215.99811469051008
216.28641295356746
216.5747800884805
216.86321653880836
217.15172274811022
217.44029915994508
217.72894621044142
218.01766245117682
218.30644666502326
218.5952990143176
218.8842196613965
219.17320876859682
219.46226649825533
219.75139300986078
220.04058636297708
220.32984520675012
220.61917014420905
220.9085617783829
221.19802071230083
221.487547548992
221.77714289132976
222.06680443440575
222.35652998389068
222.6463201825008
222.93617567295234
223.22609709796146
223.51608510024445
223.80614032251745
224.09626040750427
224.3864428008853
224.6766882712884
224.9669975889689
225.25737152418185
225.54781084718252
225.83831632822614
226.12888589377002
226.4195165534994
226.71020863432153
227.00096247175466
227.29177840131692
227.58265675852638
227.87359787890128
228.1645995964722
228.45565953582664
228.74677917616984
229.0379600184117
229.3292035634622
229.62051131223117
229.9118847656286
230.20332541490325
230.49482561275673
230.7863792544799
231.07798845938984
231.36965534680368
231.66138203603862
231.9531706464117
232.24502329724015
232.5369417587342
232.82890966580257
233.12092231408636
233.41298692476417
233.70511071901478
233.99730091801678
234.28956474294884
234.5818710745058
234.87419509092712
235.16655455598718
235.4589672342923
235.75145089044892
236.04402328906355
236.33662745611414
236.62916830485796
236.92169768520398
237.2142702532643
237.50694066515092
237.79976357697586
238.09271468708832
238.38560924907844
238.67848438140484
238.97139349194117
239.26438998856096
239.557527279138
239.8508114932642
240.14404802934538
240.43725595146933
240.73049052377203
241.02380701038982
241.31726067545867
241.61088284105153
241.90448306266904
242.19804887069728
242.49163149590996
242.78528216908052
243.07905212098262
243.37298460096386
243.66691773690417
243.9608032793226
244.25468639918037
244.5486122674388
244.84262605505933
245.1367729330031
245.43107537296063
245.72537011818235
246.0196869794627
246.31411504493957
246.60861406236026
246.90317418777724
247.19779927348833
247.49249210009563
247.7872385964438
248.0820373267881
248.37688836400085
248.6717918431129
248.96674788279788
249.26175632275928
249.5568172797415
249.85193069846702
250.147096767809
250.4423155563569
250.7375871504144
251.03291185622476
251.32828975807752
251.62372160074443
251.91920719660754
252.21474740898626
252.51034279536893
252.80599393555698
253.10170157700765
253.3974666818303
253.6932903995529
253.98917396646064
254.2851191206947
254.5811281607854
254.87720346593423
255.17334826762192
255.4695673142549
255.76586628784727
256.06225083953854
256.3587207618537
256.65524028827707
256.951805005247
257.2484128166333
257.54506392929136
257.8417589850514
258.13849862574324
258.4352834931968
258.73211422924214
259.02899121293945
259.3259114737922
259.6228748322912
259.9198823556441
260.2169334125742
260.5140229634008
260.81115159196133
261.10832043933124
261.40553064658553
261.7027833547998
262.00007970504913
262.29742035188707
262.59479715700934
262.8922072069328
263.18965096585623
263.4871288979776
263.7846414674954
264.0821891386081
264.37977237551377
264.6773916424112
264.97504740349837
265.27274012297386
265.570470265036
265.86823829388294
266.16604467371343
266.4638898687255
266.7617743431176
267.0596985610883
267.3576629868356
267.6556680845581
267.9537143184541
268.251802152722
268.5499320515602
268.8481044791668
269.14631989974055
269.44457877747953
269.74288157658214
270.04122876124694
270.3396207956719
270.6380581440559
270.9365412705969
271.2350643825978
271.53361600087476
271.8321963264911
272.1308058530639
272.42944507420975
272.72811448354554
273.0268145746881
273.325545841254
273.6243087768604
273.92310387512384
274.2219316296611
274.52079253408925
274.81968708202476
275.1186157670847
275.41757908288565
275.7165775230445
276.0156115811782
276.31468175090316
276.6137885258366
276.91293239959504
277.2121138657954
277.5113334180545
277.8105915499891
278.109888755216
278.40922552735196
278.7086023600138
279.0080197468183
279.3074781813824
279.6069781573227
279.9065188642849
280.2060868948382
280.5056789551703
280.8052954926062
281.10493695447036
281.4046037880877
281.70429644078297
282.00401535988095
282.3037609927065
282.60353378658414
282.9033341888388
283.2031626467953
283.5030196077783
283.80290551911264
284.102820828123
284.40276598213427
284.7027414284711
285.00274761445826
285.3027849874207
285.60285399468296
285.9029550835699
286.20308870140633
286.5032552955169
286.8034553132266
287.10368920185994
287.4039574087418
287.70426038119695
288.0045985665501
288.30497241212623
288.6053823652498
288.90582197318554
289.20628223635094
289.5067633960054
289.8072657454183
290.1077895778589
290.4083351865966
290.70890286490084
291.00949290604086
291.3101056032863
291.61074124990614
291.91140013917
292.21208256434716
292.512788818707
292.81351919551906
293.11427398805245
293.4150534895766
293.71585799336094
294.0166877926748
294.3175431807877
294.61842445096875
294.91933189648745
295.2202658106131
295.5212264866152
295.82221421776313
296.1232292973261
296.4242720185735
296.72534267477477
297.0264415591992
297.32756896511637
297.62872518579536
297.9299105145057
298.2311252445167
298.53236953344555
298.83363631131095
299.1349217356724
299.4362261979862
299.73755008970863
300.0388938022962
300.34025772720514
300.64164225589167
300.94304777981216
301.244474690423
301.5459233791804
301.84739423754087
302.14888765696054
302.4504040288958
302.75194374480293
303.05350719613824
303.35509477435824
303.6567045557965
303.95833153789556
304.25997576733204
304.5616375008391
304.86331699514983
305.1650145069973
305.4667302931146
305.7684646102349
306.0702177150913
306.371989864417
306.6737813149449
306.9755923234082
307.27742314654006
307.5792740410735
307.88114526374187
308.1830370712779
308.4849493505286
308.78687866323514
309.08882431480833
309.3907865625419
309.6927656637293
309.9947618756641
310.29677545563993
310.5988066609504
310.9008557025582
311.2029211910806
311.5050025636011
311.8071000777661
312.10921398542285
312.41134380583685
312.7134892819124
313.01565032781207
313.3178267276021