738.9789342623185
732.2527265995845
725.1570569074648
717.6550075056954
709.7118945269417
701.2957781557784
692.3822371708802
682.9530675632861
672.9996808114239
662.521553495358
651.5257214468003
640.0285962502659
628.0507711338918
615.6209240263155
602.7720764023658
589.5417606340487
575.9708817437228
562.1045803354708
547.9863055668565
533.6643518216694
519.1857081859529
504.59960857160576
489.95241063086206
475.29070722733394
460.65796190704833
446.09606481512316
431.64484751753827
417.3406978905201
403.2175231614263
389.304730584098
375.6305136977792
362.21802794279415
349.08793092296906
336.25748965130884
323.74099675337044
311.5501428983656
299.6939393484487
288.17881937723513
277.0083354820446
266.1844719686071
255.70792273213888
245.57699607445636
235.78855491975781
226.33828615078522
217.22164661495611
208.43274554542694
199.96513161684035
191.81127226089257
183.96386020889133
176.41533433733983
169.15801323293095
162.1807626321517
155.48021289231525
149.04541957322652
142.8679761530548
136.93953573479257
131.2518569379767
125.7968343274616
120.56655298616262
115.55320356834673
110.74909835753645
106.14674973837097
101.73891926468045
97.51856413052973
93.47879212361833
89.61286764832776
85.914312163826
82.3769120839841
78.9945971577041
75.7614934949631
72.6718303569651
69.72005960427948
66.90082383540383
64.20896992165153
61.639465238917055
59.18742572411057
56.84814004550828
54.61707730862234
52.489878707441626
50.462279984425756
48.53015732999047
46.68951855463076
44.93653169566849
43.26752313557313
41.67892858983489
40.16734421279339
38.729471829669954
37.36212228305611
36.062174829145256
34.82665846195666
33.65269562680467
32.53755904368828
31.47858738865247
30.473244349105308
29.51909656516448
28.613809947676348
27.75515652447516
26.940940282927524
26.169067575399175
25.437506984227564
24.744358975973455
24.08779430118895
23.46607124929331
22.877506786171846
22.32049811215253
21.793514093341454
21.295080959536538
20.82376723478676
20.378196573830984
19.95710125821609
19.559263090556435
19.18352618645056
18.828791621175583
18.494016311237928
18.178203598863607
17.880402892773805
17.599696976546433
17.335178862960092
17.086037006269397
16.85151029046453
16.630879279807026
16.423465047501217
16.228626583193503
16.045755697976208
15.87427812391004
15.713628219814789
15.563247395191375
15.422639196995489
15.291328441421843
15.168939679974596
15.055100735327269
14.949444230329728
14.851652881574545
14.761221787081048
14.678151224742614
14.601951702383493
14.532350018067962
14.46910705842561
14.412000267345816
14.360821262661478
14.31537543164513
14.275480369565146
14.240964381873413
14.211663160666939
14.187397401520453
14.168009818147452
14.15336661285503
14.143335690716324
14.137799408406703
14.136643725209122
14.13976437619137