21.256135355115234
20.643368368218166
20.05265577786373
19.48393022863276
18.936921167372027
18.41148567476392
17.90740204952408
17.42416180065773
16.961376407661295
16.518673563107505
16.095632118996715
15.691902074958465
15.307093616622964
14.940621084540375
14.59213658911435
14.26116299531407
13.947155931605526
13.649389857117576
13.367133835324642
13.1001088979013
12.847953559388586
12.609944905750671
12.385435641933947
12.174029704416506
11.975694404993908
11.789445349791887
11.614630309909542
11.450806217661322
11.297505521922549
11.154277222742955
11.020763855287703
10.89649782544453
10.78111968864327
10.67450130094017
10.57638046727729
10.485845736917735
10.402713358769248
10.32666125277924
10.257439130574719
10.194856589694668
10.13882233952534
10.08880881103607
10.04541331732207
10.008619710251525
9.977723289980602
9.95255892652758
9.933136637469518
9.919494012587592
9.91165836333399
9.909761720439564
9.913955761114524
9.924473415354854
9.943124520942762
9.968635103816084
10.001137045310907
10.041050805350606
10.088808047275066
10.144897090428357
10.209891527686565
10.284566042352802
10.369153566153422
10.467826855915428
10.579340189461895
10.703976287726658
10.842865180924724
10.997204593028252
11.168313916517878
11.357675872488473
11.566919484082531
11.79776374888348
12.056752509662413
12.34485748643921
12.66195454979756
13.010574792214431
13.393927151326656
13.814913732164317
14.277134686740972
14.784347213368257
15.34071133128983
15.956962955990162
16.64154826547292
17.392190196631738
18.215024280819716
19.116634224696245
20.104362157704767
21.185658363171274
22.369205375353527
23.66389238677399
25.086956999151553
26.66711125353663
28.39518812220345
30.283903711108067
32.34656797839138
34.59818234527467
37.05388311663016
39.7298658593433
42.64365378500892
45.81722798544916
49.328246309634935
53.14364946191051
57.28448728930878
61.77160052473908
66.6260817596132
71.8710468320531
77.526855260583
83.61387642238289
90.15216806593774
97.2810170053334
104.93001554200343
113.09836535683984
121.79822213703427
131.03995355894824
140.82646335077732
151.15884771088665
162.03249796296254
173.4357936740451
185.53298812080672
198.22612785611588
211.4145267782715
225.0667546195192
239.14153889113433
253.59960709091416
268.38835335176924
283.45966409148434
298.7572471563794
314.4357258759755
330.4542226817341
346.5566809779094
362.6860101875056
378.78350322924297
394.7984666033932
410.677928290464
426.37637998805826
441.85295221938264
457.258842578543
472.77642991937773
487.99950355025027
502.90271885423334
517.4689478974238
531.6854275270678
545.5401151145464
559.0305470405242
572.1530272057282
585.0085365712125
598.1033244127393
610.8531965068755
623.2658608907545
635.3482769019756
647.111036007572
658.5651296064198
669.7212293343762