738.8515707730113
732.1374195746707
725.0527030648584
717.5592914884345
709.6238221961655
701.2168414999021
692.3095396568198
682.887311757602
672.9416101814867
662.4709503291789
651.4853623683284
639.9900686391654
628.0167106233957
615.5997954454815
602.7620596379065
589.5380656208195
575.9702527375872
562.1045803354707
547.9863055668567
533.6643518216699
519.1857081859533
504.59960857160564
489.9524106308617
475.29070722733366
460.65796190704816
446.0960648151234
431.64484751753866
417.34069789052035
403.2175231614264
389.30473058409797
375.6305136977791
362.21802794279415
349.08793092296906
336.2574896513089
323.7409967533704
311.5501428983656
299.6939393484487
288.17881937723513
277.0083354820445
266.1844719686071
255.70792273213905
245.5769960744567
235.7885549197579
226.33828615078505
217.22164661495603
208.43274554542703
199.96513161684038
191.81127226089257
183.96386020889136
176.41533433733983
169.15801323293095
162.4738067173084
155.7740442777953
149.3396209385084
143.16216730035555
137.23339038552177
131.54504094475848
126.08904472749725
120.85808574489947
115.84293769685148
111.03778584237146
106.43447812834779
102.0235137455181
97.81570158519813
93.79196178318584
89.9411284167727
86.25672652677085
82.73402381960368
79.36536776323804
76.14504112771486
73.0689500996894
70.13104959236817
67.32505585051625
64.6461006616202
62.08985971955329
59.65023697742528
57.32378753300776
55.105717696739426
52.990866096673614
50.976622486764
49.05875018122912
47.2323613591626
45.49374705605462
43.83968787617083
42.266208167825226
40.76982620704907
39.348155218315846
37.996722205556786
36.71458365138434
35.497981362214034
34.34349803128619
33.24881742585107
32.21107478022495
31.22772744086213
30.296845599554377
29.415878424765438
28.5824478132156
27.795102646468713
27.052723005604797
26.35223800557484
25.691793016316307
25.06965757375284
24.484194856729175
23.93403616104036
23.417180177223187
22.933138268456997
22.479477706554647
22.057841212229594
21.664854896431912
21.299435671668434
20.96061956166379
20.647315749059906
20.358884151695378
20.094163214294976
19.853252128800673
19.634107756551188
19.439559133830528
19.267171879230453
19.115933951326543
18.985482746917736
18.87551825084128
18.785823913744466
18.71624339990303
18.66663743374372
18.63673021837065
18.62989686011654
18.644762059867915
18.680465222061454
18.737116269954075
18.815208818593522
18.915240742078073
19.037888302868637
19.183780818856725
19.353372905147346
19.550584059837906
19.777931701020155
20.03300468239016
20.316938114398706
20.63121601522938
20.977381613466502
21.3571528695536
21.77239445654866
22.22502627342437
22.719509299747962
23.264869499660527
23.856387577106382
24.496634094154494
25.188828128625232
25.93622810289498
26.742683717019162
27.612055452943792