# k_mean_over_subbox_bin [h Mpc^-1] sig_ratio [dimensionless]
1.675516e-01 2.485647e-04
2.582554e-01 4.724203e-05
3.667461e-01 1.191236e-04
4.104159e-01 2.214930e-04
5.073153e-01 2.509207e-04
6.016466e-01 2.899670e-04
6.974692e-01 3.604893e-04
7.602353e-01 4.422585e-04
8.494037e-01 6.633873e-04
9.254992e-01 4.845188e-04
1.006579e+00 8.164925e-04
1.092071e+00 7.012225e-04
1.177146e+00 8.240360e-04
1.250602e+00 1.077803e-03
1.343624e+00 1.372706e-03
1.425400e+00 1.503116e-03
1.507295e+00 1.446552e-03
1.587950e+00 1.579219e-03
1.681693e+00 1.863481e-03
1.760574e+00 1.665840e-03
1.846544e+00 2.441648e-03
1.933114e+00 2.437382e-03
2.020497e+00 2.511835e-03
2.099726e+00 2.672881e-03
2.180675e+00 2.262758e-03
2.267425e+00 2.537711e-03
2.353452e+00 2.568043e-03
2.428061e+00 2.930298e-03
2.511826e+00 2.934044e-03
2.595648e+00 3.143031e-03
2.681033e+00 3.427054e-03
2.760959e+00 3.687306e-03
2.849255e+00 3.417361e-03
2.936231e+00 3.721168e-03
3.021232e+00 3.745587e-03
3.101115e+00 3.705784e-03
3.184828e+00 4.012362e-03
3.268721e+00 3.588563e-03
3.356329e+00 3.785385e-03
3.437715e+00 3.757735e-03
3.522154e+00 3.762367e-03
3.603047e+00 4.228663e-03
3.689916e+00 3.932268e-03
3.771967e+00 3.768671e-03
3.852524e+00 4.107334e-03
3.935949e+00 4.014117e-03
4.023176e+00 3.835615e-03
4.104943e+00 3.825361e-03
4.188864e+00 3.827830e-03
4.273640e+00 3.767433e-03
4.359669e+00 4.127623e-03
4.441621e+00 3.960196e-03
4.526180e+00 3.622711e-03
4.609084e+00 3.843471e-03
4.693279e+00 3.751957e-03
4.776936e+00 4.015875e-03
4.862208e+00 4.232081e-03
4.944878e+00 3.938874e-03
5.029779e+00 3.615592e-03
5.112100e+00 4.099994e-03
5.194215e+00 3.735615e-03
5.274540e+00 3.343896e-03
5.359699e+00 3.877823e-03
5.443568e+00 3.469404e-03
5.527187e+00 3.737000e-03
5.612048e+00 3.111381e-03
5.700345e+00 3.490709e-03
5.781614e+00 2.779079e-03
5.864867e+00 2.873004e-03
5.950376e+00 3.259743e-03
6.035867e+00 3.240775e-03
6.118068e+00 3.802423e-03
6.202446e+00 3.378036e-03
6.285506e+00 4.109625e-03
6.367886e+00 3.349078e-03
6.449987e+00 3.668298e-03
6.535020e+00 3.706186e-03
6.617965e+00 3.291702e-03
6.702816e+00 4.213654e-03
6.785116e+00 3.483106e-03
6.870591e+00 3.758062e-03
6.954002e+00 3.587046e-03
7.038958e+00 3.364759e-03
7.123151e+00 3.214257e-03
7.205912e+00 3.449037e-03
7.289958e+00 3.867549e-03
7.375485e+00 3.989881e-03
7.457811e+00 3.528164e-03
7.540006e+00 3.769473e-03
7.624077e+00 3.663981e-03
7.709513e+00 3.233861e-03
7.790610e+00 3.907222e-03
7.874630e+00 3.546971e-03
7.958929e+00 3.681159e-03
8.042492e+00 3.580763e-03
8.124683e+00 3.807980e-03
8.209304e+00 2.841266e-03
8.294390e+00 3.063777e-03
8.379018e+00 3.350135e-03
8.461267e+00 2.803861e-03
8.546503e+00 3.284583e-03
8.630412e+00 3.039898e-03
8.715529e+00 3.122023e-03
8.797825e+00 3.202545e-03
8.881617e+00 3.550478e-03
8.964756e+00 3.638873e-03
9.048280e+00 3.728714e-03
9.132336e+00 3.530813e-03
9.216785e+00 3.059270e-03
9.299401e+00 2.516824e-03
9.383776e+00 3.948563e-03
9.466669e+00 3.201855e-03
9.549656e+00 3.282691e-03
9.633580e+00 3.621459e-03
9.718236e+00 3.797734e-03
9.801986e+00 3.031254e-03
9.887961e+00 2.821113e-03
9.971989e+00 3.677627e-03
1.005675e+01 4.016632e-03
1.013918e+01 3.513951e-03
1.022127e+01 4.495272e-03
1.030456e+01 4.929658e-03
1.038926e+01 4.216740e-03
1.047164e+01 4.726501e-03
1.055514e+01 4.746301e-03
1.063864e+01 4.913283e-03
1.072267e+01 4.324732e-03
1.080620e+01 5.021266e-03
1.089053e+01 4.883421e-03
1.097289e+01 4.776128e-03
1.105831e+01 5.114320e-03
1.114326e+01 4.657112e-03
1.122690e+01 5.020144e-03
1.131132e+01 4.823221e-03
1.139579e+01 5.321977e-03
1.147831e+01 5.159349e-03
1.156191e+01 5.501426e-03
1.164489e+01 5.230531e-03
1.172951e+01 5.238849e-03
1.181237e+01 5.500701e-03
1.189671e+01 5.592711e-03
1.198076e+01 5.924575e-03
1.206451e+01 6.171749e-03
1.214723e+01 6.010019e-03
1.223118e+01 5.394310e-03
1.231456e+01 5.824417e-03
1.239884e+01 5.211247e-03
1.248267e+01 6.033127e-03
1.256753e+01 6.040617e-03
1.265134e+01 6.217621e-03
1.273551e+01 6.406618e-03
1.281880e+01 6.336332e-03
1.290182e+01 5.813518e-03
1.298477e+01 5.779497e-03
1.306955e+01 6.284336e-03
1.315360e+01 6.194229e-03
1.323682e+01 6.112300e-03
1.331995e+01 6.383658e-03
1.340485e+01 6.819899e-03
1.348738e+01 6.657320e-03
1.357082e+01 6.185590e-03
1.365553e+01 6.865517e-03
1.374094e+01 6.900269e-03
1.382308e+01 6.896369e-03
1.390727e+01 6.534965e-03
1.399223e+01 6.477694e-03
1.407635e+01 7.465424e-03
1.415938e+01 7.383090e-03
1.424315e+01 7.301708e-03
1.432663e+01 7.703425e-03
1.440980e+01 6.844815e-03
1.449314e+01 6.877254e-03
1.457706e+01 6.946308e-03
1.466045e+01 7.184126e-03
1.474475e+01 6.273861e-03
1.482835e+01 6.951643e-03
1.491252e+01 6.987248e-03
1.499594e+01 7.003188e-03
1.508031e+01 7.784577e-03
1.516356e+01 6.639670e-03
1.524751e+01 7.080397e-03
1.533118e+01 6.950660e-03
1.541614e+01 7.279026e-03
1.549952e+01 6.664801e-03
1.558285e+01 6.767467e-03
1.566698e+01 6.958858e-03
1.575123e+01 6.866990e-03
1.583314e+01 6.351200e-03
1.591616e+01 6.031062e-03
1.600039e+01 6.541775e-03
1.608467e+01 6.222194e-03
1.616752e+01 6.971399e-03
1.625202e+01 6.564206e-03
1.633684e+01 6.596457e-03
1.642086e+01 6.793601e-03
1.650431e+01 6.745585e-03
1.658838e+01 6.756328e-03
1.667177e+01 6.838101e-03
1.675634e+01 6.932319e-03
1.684029e+01 7.395242e-03
1.692383e+01 7.097388e-03
1.700671e+01 6.207915e-03
1.709155e+01 6.833453e-03
1.717485e+01 6.277393e-03
1.725767e+01 7.001149e-03
1.734074e+01 6.790044e-03
1.742554e+01 6.899117e-03
1.750897e+01 7.298982e-03
1.759292e+01 7.345425e-03
1.767697e+01 6.844680e-03
1.776114e+01 6.969259e-03
1.784446e+01 7.712393e-03
1.792884e+01 7.814751e-03
1.801324e+01 7.664380e-03
1.809686e+01 7.349421e-03
1.817985e+01 7.776202e-03
1.826445e+01 7.466380e-03
1.834787e+01 7.481678e-03
1.843162e+01 6.791650e-03
1.851482e+01 7.650591e-03
1.859834e+01 7.162898e-03
1.868160e+01 7.503584e-03
1.876532e+01 6.729979e-03
1.884907e+01 7.221847e-03
1.893342e+01 6.918958e-03
1.901718e+01 6.886159e-03
1.910155e+01 7.779056e-03
1.918523e+01 8.061504e-03
1.926828e+01 7.312046e-03
1.935220e+01 6.828201e-03
1.943700e+01 7.269143e-03
1.952003e+01 7.233030e-03
1.960381e+01 7.665147e-03
1.968779e+01 7.834471e-03
1.977191e+01 7.381029e-03
1.985549e+01 7.669627e-03
1.993932e+01 7.715131e-03
2.002252e+01 7.861039e-03
2.010636e+01 7.665452e-03
2.018959e+01 7.918761e-03
2.027373e+01 8.533282e-03
2.035726e+01 7.067946e-03
2.044164e+01 8.568179e-03
2.052570e+01 7.616301e-03
2.060972e+01 8.223346e-03
2.069314e+01 7.334863e-03
2.077710e+01 8.707953e-03
2.086068e+01 8.025431e-03
2.094417e+01 8.321077e-03
2.102788e+01 8.720548e-03
2.111239e+01 7.809517e-03
2.119576e+01 7.838651e-03
2.127892e+01 8.606077e-03
2.136183e+01 8.369475e-03
2.144629e+01 8.953933e-03
2.152998e+01 9.004412e-03
2.161338e+01 9.551912e-03
2.169780e+01 8.635949e-03
2.178237e+01 9.467886e-03
2.186554e+01 9.299006e-03
2.195026e+01 1.053709e-02
2.203408e+01 9.586435e-03
2.211749e+01 9.802535e-03
2.220085e+01 1.010885e-02
2.228520e+01 1.044193e-02
2.236860e+01 1.077331e-02
2.245206e+01 1.132420e-02
2.253557e+01 1.098566e-02
2.261958e+01 1.004355e-02
2.270314e+01 1.163090e-02
2.278709e+01 1.101694e-02
2.287076e+01 1.144983e-02
2.295474e+01 1.086585e-02
2.303852e+01 1.130862e-02
2.312313e+01 1.093801e-02
2.320671e+01 1.245746e-02
2.328990e+01 1.090393e-02
2.337403e+01 1.128621e-02
2.345878e+01 1.201381e-02
2.354168e+01 1.079398e-02
2.362535e+01 1.197405e-02
2.370946e+01 1.138660e-02
2.379305e+01 1.197674e-02
2.387584e+01 1.131263e-02
2.395969e+01 1.136671e-02
2.404337e+01 1.170250e-02
2.412705e+01 1.179770e-02
2.421069e+01 1.185544e-02
2.429522e+01 1.162890e-02
2.437895e+01 1.170695e-02
2.446303e+01 1.164429e-02
2.454631e+01 1.124028e-02
2.462983e+01 1.152048e-02
2.471381e+01 1.170358e-02
2.479853e+01 1.195850e-02
2.488243e+01 1.253763e-02
2.496578e+01 1.214855e-02
2.504926e+01 1.271592e-02
2.513350e+01 1.250621e-02
2.521683e+01 1.348942e-02
2.530040e+01 1.303000e-02
2.538415e+01 1.324240e-02
2.546853e+01 1.224030e-02
2.555147e+01 1.319266e-02
2.563535e+01 1.306791e-02
2.571954e+01 1.240586e-02
2.580335e+01 1.269388e-02
2.588639e+01 1.216262e-02
2.597043e+01 1.303413e-02
2.605479e+01 1.226978e-02
2.613881e+01 1.305280e-02
2.622279e+01 1.247581e-02
2.630664e+01 1.292044e-02
2.638995e+01 1.252876e-02
2.647375e+01 1.246292e-02
2.655660e+01 1.285265e-02
2.664008e+01 1.277287e-02
2.672375e+01 1.292334e-02
2.680812e+01 1.251973e-02
2.689195e+01 1.290590e-02
2.697591e+01 1.322908e-02
2.705939e+01 1.233824e-02
2.714362e+01 1.261713e-02
2.722711e+01 1.283031e-02
2.731096e+01 1.283628e-02
2.739515e+01 1.201484e-02
2.747954e+01 1.212768e-02
2.756249e+01 1.175150e-02
2.764634e+01 1.247361e-02
2.773045e+01 1.202327e-02
2.781398e+01 1.194994e-02
2.789703e+01 1.271607e-02
2.798099e+01 1.239183e-02
2.806521e+01 1.250621e-02
2.814898e+01 1.302463e-02
2.823267e+01 1.246014e-02
2.831660e+01 1.298308e-02
2.839955e+01 1.301308e-02
2.848374e+01 1.342167e-02
2.856784e+01 1.289701e-02
2.865198e+01 1.259130e-02
2.873556e+01 1.333769e-02
2.881971e+01 1.344762e-02
2.890295e+01 1.271317e-02
2.898634e+01 1.347189e-02
2.907043e+01 1.399464e-02
2.915443e+01 1.313094e-02
2.923773e+01 1.350688e-02
2.932147e+01 1.406470e-02
2.940510e+01 1.440301e-02
2.948952e+01 1.524968e-02
2.957285e+01 1.481610e-02
2.965631e+01 1.467030e-02
2.974069e+01 1.458121e-02
2.982479e+01 1.515323e-02
2.990802e+01 1.542232e-02
2.999223e+01 1.535048e-02
3.007616e+01 1.643542e-02
3.016013e+01 1.491252e-02
3.024389e+01 1.568162e-02
3.032768e+01 1.594751e-02
3.041099e+01 1.600635e-02
3.049492e+01 1.540118e-02
3.057850e+01 1.583326e-02
3.066245e+01 1.573047e-02
3.074602e+01 1.533423e-02
3.082981e+01 1.562431e-02
3.091312e+01 1.594506e-02
3.099706e+01 1.597449e-02
3.108079e+01 1.585301e-02
3.116462e+01 1.696104e-02
3.124866e+01 1.615919e-02
3.133252e+01 1.674851e-02
3.141629e+01 1.722082e-02
3.150043e+01 1.628077e-02
3.158365e+01 1.776851e-02
3.166734e+01 1.705293e-02
3.175091e+01 1.740986e-02
3.183484e+01 1.709302e-02
3.191841e+01 1.781748e-02
3.200237e+01 1.671534e-02
3.208582e+01 1.853932e-02
3.216935e+01 1.809283e-02
3.225290e+01 1.871424e-02
3.233692e+01 1.758669e-02
3.242088e+01 1.781445e-02
3.250530e+01 1.825773e-02
3.258908e+01 1.791792e-02
3.267295e+01 1.777699e-02
3.275661e+01 1.758106e-02
3.284076e+01 1.792298e-02
3.292464e+01 1.812714e-02
3.300802e+01 1.966869e-02
3.309151e+01 1.852647e-02
3.317571e+01 2.009226e-02
3.325943e+01 1.850622e-02
3.334298e+01 2.021198e-02
3.342683e+01 1.948141e-02
3.351081e+01 1.857002e-02
3.359380e+01 1.978715e-02
3.367798e+01 1.963944e-02
3.376178e+01 2.027441e-02
3.384567e+01 1.999319e-02
3.392926e+01 2.013083e-02
3.401360e+01 2.034388e-02
3.409748e+01 2.130618e-02
3.418102e+01 2.110756e-02
3.426468e+01 2.075967e-02
3.434833e+01 2.067293e-02
3.443138e+01 2.078790e-02
3.451579e+01 2.082224e-02
3.460003e+01 2.105056e-02
3.468341e+01 2.153523e-02
3.476663e+01 2.086837e-02
3.485092e+01 2.164766e-02
3.493454e+01 2.161259e-02
3.501798e+01 2.364940e-02
3.510194e+01 2.176354e-02
3.518627e+01 2.152602e-02
3.526965e+01 2.252064e-02
3.535347e+01 2.214589e-02
3.543777e+01 2.187026e-02
3.552174e+01 2.232511e-02
3.560497e+01 2.220092e-02
3.568886e+01 2.143350e-02
3.577261e+01 2.207195e-02
3.585644e+01 2.220728e-02
3.593972e+01 2.326685e-02
3.602370e+01 2.265632e-02
3.610755e+01 2.304429e-02
3.619137e+01 2.249954e-02
3.627492e+01 2.293259e-02
3.635873e+01 2.269806e-02
3.644250e+01 2.436496e-02
3.652652e+01 2.395213e-02
3.661056e+01 2.309475e-02
3.669443e+01 2.373083e-02
3.677757e+01 2.310345e-02
3.686221e+01 2.298266e-02
3.694601e+01 2.334696e-02
3.702912e+01 2.421177e-02
3.711288e+01 2.307101e-02
3.719660e+01 2.368338e-02
3.727989e+01 2.292705e-02
3.736388e+01 2.450079e-02
3.744774e+01 2.373557e-02
3.753166e+01 2.378833e-02
3.761513e+01 2.409505e-02
3.769895e+01 2.543256e-02
3.778277e+01 2.457417e-02
3.786695e+01 2.452244e-02
3.795050e+01 2.504288e-02
3.803447e+01 2.461707e-02
3.811861e+01 2.491033e-02
3.820197e+01 2.546193e-02
3.828567e+01 2.423526e-02
3.836983e+01 2.477912e-02
3.845330e+01 2.536569e-02
3.853725e+01 2.424976e-02
3.862063e+01 2.422745e-02
3.870429e+01 2.546878e-02
3.878800e+01 2.572151e-02
3.887225e+01 2.500220e-02
3.895590e+01 2.477072e-02
3.903965e+01 2.523456e-02
3.912346e+01 2.501476e-02
3.920748e+01 2.482394e-02
3.929069e+01 2.579718e-02
3.937471e+01 2.498856e-02
3.945896e+01 2.570506e-02
3.954285e+01 2.555943e-02
3.962602e+01 2.490377e-02
3.970989e+01 2.631364e-02
3.979393e+01 2.653846e-02
3.987788e+01 2.549925e-02
3.996131e+01 2.654781e-02
4.004486e+01 2.517775e-02
4.012840e+01 2.697412e-02
4.021228e+01 2.662211e-02
4.029611e+01 2.663835e-02
4.037995e+01 2.749745e-02
4.046362e+01 2.740811e-02
4.054774e+01 2.787243e-02
4.063149e+01 2.802630e-02
4.071514e+01 2.801903e-02
4.079895e+01 2.860454e-02
4.088298e+01 2.849588e-02
4.096621e+01 2.899437e-02
4.105011e+01 2.934570e-02
4.113402e+01 2.899574e-02
4.121795e+01 2.948638e-02
4.130167e+01 3.005165e-02
4.138543e+01 2.981097e-02
4.146893e+01 2.983627e-02
4.155270e+01 2.913405e-02
4.163640e+01 2.958711e-02
4.172073e+01 2.937918e-02
4.180469e+01 2.966480e-02
4.188837e+01 2.976444e-02
4.197206e+01 3.036103e-02
4.205609e+01 2.986490e-02
4.213935e+01 3.077819e-02
4.222339e+01 3.028972e-02
4.230737e+01 3.059783e-02
4.239087e+01 3.093619e-02
4.247467e+01 3.195646e-02
4.255866e+01 3.116365e-02
4.264175e+01 3.127167e-02
4.272538e+01 3.155076e-02
4.280916e+01 3.199676e-02
