# k_mean_over_subbox_bin [h Mpc^-1] sig_ratio [dimensionless]
3.141593e-02 3.295588e-04
4.842289e-02 1.038584e-04
6.876489e-02 2.284488e-04
7.695299e-02 1.446526e-04
9.512161e-02 1.329647e-04
1.128087e-01 6.590096e-05
1.307755e-01 6.909553e-05
1.425441e-01 9.783177e-05
1.592632e-01 1.142515e-04
1.735311e-01 1.586720e-04
1.887335e-01 1.810688e-04
2.047633e-01 7.429768e-05
2.207149e-01 1.735915e-04
2.344879e-01 1.083975e-04
2.519295e-01 1.697410e-04
2.672626e-01 1.733417e-04
2.826179e-01 1.424954e-04
2.977407e-01 2.063938e-04
3.153175e-01 1.446314e-04
3.301076e-01 1.776090e-04
3.462269e-01 1.064891e-04
3.624588e-01 1.106402e-04
3.788431e-01 1.046203e-04
3.936987e-01 1.613325e-04
4.088766e-01 1.927935e-04
4.251422e-01 1.573116e-04
4.412722e-01 1.963447e-04
4.552614e-01 1.914181e-04
4.709673e-01 2.002771e-04
4.866840e-01 3.601167e-04
5.026937e-01 2.464396e-04
5.176797e-01 2.373493e-04
5.342353e-01 2.832930e-04
5.505433e-01 3.795001e-04
5.664810e-01 2.346015e-04
5.814590e-01 6.169093e-05
5.971553e-01 3.756992e-04
6.128851e-01 2.998432e-04
6.293116e-01 2.421483e-04
6.445715e-01 4.050448e-04
6.604038e-01 3.931388e-04
6.755714e-01 3.011750e-04
6.918592e-01 2.889587e-04
7.072437e-01 2.838507e-04
7.223483e-01 4.099751e-04
7.379903e-01 2.146019e-04
7.543455e-01 5.111670e-04
7.696768e-01 4.407310e-04
7.854119e-01 2.675942e-04
8.013075e-01 3.122943e-04
8.174378e-01 4.412081e-04
8.328039e-01 3.255274e-04
8.486588e-01 3.623139e-04
8.642032e-01 4.715386e-04
8.799899e-01 4.976914e-04
8.956755e-01 3.275823e-04
9.116640e-01 4.048091e-04
9.271646e-01 6.040637e-04
9.430836e-01 6.807425e-04
9.585188e-01 8.986274e-04
9.739154e-01 6.724660e-04
9.889763e-01 4.495581e-04
1.004944e+00 5.777262e-04
1.020669e+00 7.010748e-04
1.036348e+00 5.366305e-04
1.052259e+00 9.207488e-04
1.068815e+00 9.793020e-04
1.084053e+00 9.348061e-04
1.099663e+00 1.298650e-03
1.115695e+00 1.010250e-03
1.131725e+00 5.594635e-04
1.147138e+00 5.873404e-04
1.162959e+00 7.738139e-04
1.178532e+00 5.156462e-04
1.193979e+00 6.435039e-04
1.209373e+00 1.051519e-03
1.225316e+00 7.162724e-04
1.240868e+00 7.866477e-04
1.256778e+00 8.413488e-04
1.272209e+00 6.734201e-04
1.288236e+00 6.911936e-04
1.303875e+00 1.074383e-03
1.319805e+00 7.587055e-04
1.335591e+00 6.136040e-04
1.351109e+00 1.223061e-03
1.366867e+00 6.599749e-04
1.382903e+00 9.167497e-04
1.398340e+00 1.042880e-03
1.413751e+00 1.537538e-03
1.429514e+00 9.069717e-04
1.445534e+00 1.215504e-03
1.460739e+00 7.074044e-04
1.476493e+00 7.314179e-04
1.492299e+00 7.492081e-04
1.507967e+00 1.396763e-03
1.523378e+00 1.457998e-03
1.539245e+00 1.488228e-03
1.555198e+00 1.347385e-03
1.571066e+00 1.142119e-03
1.586488e+00 9.816229e-04
1.602469e+00 1.154182e-03
1.618202e+00 1.358499e-03
1.634162e+00 1.150619e-03
1.649592e+00 9.286575e-04
1.665303e+00 1.041710e-03
1.680892e+00 8.555577e-04
1.696553e+00 9.616770e-04
1.712313e+00 1.169335e-03
1.728147e+00 1.334874e-03
1.743638e+00 9.636810e-04
1.759458e+00 1.905209e-03
1.775000e+00 1.220050e-03
1.790560e+00 1.197947e-03
1.806296e+00 1.049650e-03
1.822169e+00 3.665002e-04
1.837872e+00 1.014251e-03
1.853993e+00 1.164371e-03
1.869748e+00 1.009623e-03
1.885641e+00 1.438793e-03
1.901097e+00 1.059710e-03
1.916488e+00 1.168401e-03
1.932106e+00 1.045970e-03
1.947985e+00 1.339254e-03
1.963433e+00 1.193361e-03
1.979088e+00 1.148882e-03
1.994746e+00 9.611994e-04
2.010501e+00 1.213434e-03
2.026163e+00 9.707734e-04
2.041975e+00 9.857293e-04
2.057417e+00 1.347991e-03
2.073433e+00 6.774636e-04
2.089361e+00 1.139119e-03
2.105043e+00 1.162696e-03
2.120872e+00 1.373512e-03
2.136710e+00 7.261466e-04
2.152184e+00 5.731200e-04
2.167858e+00 1.053823e-03
2.183418e+00 8.561097e-04
2.199283e+00 6.156706e-04
2.214820e+00 1.247074e-03
2.230634e+00 1.349862e-03
2.246393e+00 9.242784e-04
2.262096e+00 1.317840e-03
2.277605e+00 1.293643e-03
2.293346e+00 1.125626e-03
2.308981e+00 1.283827e-03
2.324783e+00 1.456984e-03
2.340501e+00 1.193244e-03
2.356413e+00 1.355640e-03
2.372126e+00 1.303296e-03
2.387908e+00 8.721860e-04
2.403525e+00 9.872397e-04
2.419091e+00 8.122140e-04
2.434645e+00 8.253536e-04
2.450540e+00 7.856569e-04
2.466301e+00 9.354605e-04
2.481905e+00 8.542374e-04
2.497491e+00 1.067745e-03
2.513410e+00 1.026442e-03
2.528884e+00 1.307372e-03
2.544529e+00 7.305214e-04
2.560412e+00 1.246815e-03
2.576426e+00 8.621474e-04
2.591827e+00 1.020787e-03
2.607612e+00 8.670350e-04
2.623543e+00 1.054983e-03
2.639315e+00 1.197045e-03
2.654884e+00 1.197742e-03
2.670591e+00 7.567555e-04
2.686243e+00 9.181597e-04
2.701838e+00 9.929542e-04
2.717464e+00 8.859152e-04
2.733198e+00 1.415774e-03
2.748835e+00 8.654398e-04
2.764641e+00 1.411895e-03
2.780316e+00 1.194757e-03
2.796098e+00 8.004262e-04
2.811738e+00 1.049257e-03
2.827557e+00 7.197718e-04
2.843167e+00 9.600311e-04
2.858909e+00 1.521389e-03
2.874597e+00 1.101609e-03
2.890527e+00 1.023917e-03
2.906161e+00 1.214091e-03
2.921785e+00 1.116153e-03
2.937559e+00 8.793372e-04
2.953355e+00 1.034964e-03
2.968714e+00 5.787442e-04
2.984280e+00 8.016616e-04
3.000073e+00 1.021813e-03
3.015876e+00 7.879429e-04
3.031409e+00 9.991456e-04
3.047253e+00 4.382733e-04
3.063157e+00 1.098189e-03
3.078912e+00 1.044209e-03
3.094558e+00 8.772297e-04
3.110322e+00 1.217656e-03
3.125957e+00 6.487711e-04
3.141814e+00 5.603676e-04
3.157554e+00 7.496089e-04
3.173218e+00 6.612311e-04
3.188758e+00 1.055802e-03
3.204665e+00 9.986927e-04
3.220284e+00 9.994337e-04
3.235814e+00 1.215761e-03
3.251388e+00 6.903233e-04
3.267288e+00 7.916249e-04
3.282933e+00 8.393901e-04
3.298673e+00 1.177732e-03
3.314432e+00 8.328424e-04
3.330213e+00 1.002881e-03
3.345836e+00 9.013037e-04
3.361658e+00 9.645725e-04
3.377483e+00 8.137448e-04
3.393162e+00 1.179193e-03
3.408722e+00 1.169971e-03
3.424584e+00 7.501416e-04
3.440226e+00 1.172625e-03
3.455929e+00 9.423797e-04
3.471529e+00 1.094284e-03
3.487189e+00 1.240677e-03
3.502799e+00 8.737628e-04
3.518498e+00 1.169669e-03
3.534201e+00 1.166153e-03
3.550017e+00 9.279962e-04
3.565721e+00 1.227343e-03
3.581541e+00 1.182245e-03
3.597230e+00 8.280384e-04
3.612802e+00 1.136418e-03
3.628538e+00 1.061569e-03
3.644437e+00 9.269530e-04
3.660005e+00 1.040285e-03
3.675714e+00 9.337520e-04
3.691461e+00 8.570627e-04
3.707234e+00 9.686231e-04
3.722904e+00 8.741250e-04
3.738623e+00 8.629965e-04
3.754223e+00 6.589616e-04
3.769942e+00 1.073863e-03
3.785547e+00 1.074956e-03
3.801324e+00 3.665877e-04
3.816986e+00 1.029224e-03
3.832808e+00 9.311819e-04
3.848570e+00 6.861999e-04
3.864323e+00 7.789362e-04
3.879963e+00 6.646170e-04
3.895707e+00 6.627262e-04
3.911378e+00 1.016260e-03
3.927033e+00 9.195301e-04
3.942728e+00 1.010344e-03
3.958574e+00 9.298704e-04
3.974206e+00 9.725108e-04
3.989797e+00 8.818505e-04
4.005343e+00 7.281170e-04
4.021180e+00 1.035740e-03
4.036870e+00 7.030171e-04
4.052509e+00 1.183434e-03
4.068338e+00 6.412408e-04
4.084195e+00 8.967703e-04
4.099789e+00 7.889161e-04
4.115674e+00 1.127137e-03
4.131390e+00 7.246513e-04
4.147029e+00 6.253620e-04
4.162659e+00 9.675234e-04
4.178475e+00 9.378439e-04
4.194113e+00 8.409275e-04
4.209761e+00 4.435496e-04
4.225420e+00 8.610738e-04
4.241171e+00 7.425206e-04
4.256839e+00 7.691956e-04
4.272580e+00 6.552108e-04
4.288267e+00 7.715145e-04
4.304013e+00 6.538388e-04
4.319722e+00 5.635137e-04
4.335587e+00 3.199784e-04
4.351258e+00 7.341251e-04
4.366857e+00 8.456473e-04
4.382631e+00 6.569146e-04
4.398520e+00 5.867366e-04
4.414066e+00 8.035314e-04
4.429754e+00 6.297542e-04
4.445525e+00 3.448301e-04
4.461196e+00 7.787501e-04
4.476721e+00 6.403385e-04
4.492443e+00 6.560722e-04
4.508133e+00 8.199886e-04
4.523823e+00 5.901186e-04
4.539504e+00 6.814076e-04
4.555353e+00 6.492787e-04
4.571052e+00 3.697311e-04
4.586817e+00 5.975179e-04
4.602433e+00 6.738665e-04
4.618094e+00 7.740142e-04
4.633840e+00 5.925436e-04
4.649724e+00 6.316084e-04
4.665456e+00 8.256692e-04
4.681084e+00 7.348139e-04
4.696737e+00 6.340807e-04
4.712531e+00 7.694199e-04
4.728155e+00 7.818126e-04
4.743825e+00 8.640158e-04
4.759527e+00 6.793683e-04
4.775350e+00 5.568859e-04
4.790901e+00 8.704488e-04
4.806628e+00 6.722306e-04
4.822413e+00 7.484203e-04
4.838128e+00 7.266904e-04
4.853698e+00 5.879469e-04
4.869455e+00 6.693017e-04
4.885273e+00 8.649835e-04
4.901026e+00 7.264655e-04
4.916773e+00 7.000484e-04
4.932495e+00 6.552209e-04
4.948116e+00 8.867709e-04
4.963827e+00 4.211063e-04
4.979363e+00 8.351802e-04
4.995014e+00 5.851794e-04
5.010702e+00 3.650033e-04
5.026523e+00 1.087609e-03
5.042241e+00 7.918196e-04
5.057982e+00 7.285109e-04
5.073636e+00 5.580372e-04
5.089430e+00 8.260247e-04
5.105084e+00 5.271353e-04
5.120805e+00 8.400459e-04
5.136591e+00 4.463494e-04
5.152413e+00 6.333913e-04
5.167966e+00 5.247639e-04
5.183688e+00 8.990347e-04
5.199459e+00 8.262687e-04
5.215122e+00 5.148699e-04
5.230692e+00 7.018822e-04
5.246436e+00 6.593196e-04
5.262226e+00 6.637547e-04
5.277934e+00 3.067315e-04
5.293625e+00 6.022896e-04
5.309363e+00 5.347447e-04
5.324915e+00 7.238975e-04
5.340701e+00 6.836529e-04
5.356470e+00 6.298584e-04
5.372246e+00 6.985472e-04
5.387918e+00 7.721507e-04
5.403696e+00 2.591356e-04
5.419302e+00 3.682427e-04
5.434938e+00 1.056119e-03
5.450706e+00 7.907582e-04
5.466455e+00 7.653362e-04
5.482074e+00 4.032120e-04
5.497776e+00 9.442125e-04
5.513457e+00 3.342938e-04
5.529284e+00 7.860647e-04
5.544910e+00 4.995288e-04
5.560558e+00 6.525422e-04
5.576380e+00 6.462669e-04
5.592148e+00 8.982211e-04
5.607754e+00 9.878709e-04
5.623543e+00 6.437303e-04
5.639280e+00 7.431930e-04
5.655024e+00 7.632223e-04
5.670730e+00 8.319970e-04
5.686441e+00 5.208891e-04
5.702062e+00 7.348363e-04
5.717797e+00 9.385567e-04
5.733470e+00 8.228768e-04
5.749209e+00 8.645269e-04
5.764880e+00 6.066507e-04
5.780589e+00 9.237680e-04
5.796210e+00 5.197230e-04
5.811948e+00 6.335195e-04
5.827649e+00 3.759864e-04
5.843367e+00 7.211830e-04
5.859125e+00 6.988192e-04
5.874847e+00 5.283620e-04
5.890555e+00 5.782384e-04
5.906331e+00 6.846947e-04
5.921935e+00 9.216470e-04
5.937626e+00 8.215352e-04
5.953296e+00 5.245728e-04
5.969033e+00 6.512516e-04
5.984702e+00 7.016085e-04
6.000444e+00 6.378958e-04
6.016091e+00 6.932387e-04
6.031753e+00 5.195157e-04
6.047419e+00 4.918144e-04
6.063173e+00 7.915063e-04
6.078915e+00 6.540656e-04
6.094744e+00 5.472857e-04
6.110453e+00 3.999636e-04
6.126177e+00 6.613099e-04
6.141865e+00 8.548444e-04
6.157642e+00 8.209676e-04
6.173370e+00 8.153462e-04
6.189004e+00 7.275633e-04
6.204659e+00 5.606054e-04
6.220446e+00 7.210663e-04
6.236143e+00 7.401747e-04
6.251809e+00 7.645905e-04
6.267531e+00 5.022608e-04
6.283276e+00 6.276598e-04
6.298837e+00 5.094283e-04
6.314621e+00 2.925907e-04
6.330334e+00 8.448067e-04
6.346064e+00 4.652074e-04
6.361736e+00 5.109586e-04
6.377551e+00 5.716351e-04
6.393278e+00 6.263653e-04
6.408941e+00 5.737469e-04
6.424628e+00 6.379279e-04
6.440313e+00 7.783218e-04
6.455883e+00 4.889783e-04
6.471711e+00 6.008791e-04
6.487506e+00 7.323377e-04
6.503140e+00 5.401740e-04
6.518743e+00 8.221017e-04
6.534547e+00 7.810348e-04
6.550227e+00 5.348420e-04
6.565871e+00 5.271826e-04
6.581613e+00 6.238841e-04
6.597425e+00 5.018543e-04
6.613060e+00 6.512931e-04
6.628776e+00 9.531192e-04
6.644582e+00 6.939159e-04
6.660326e+00 8.887652e-04
6.675932e+00 7.696203e-04
6.691662e+00 7.596445e-04
6.707365e+00 7.670626e-04
6.723083e+00 8.530776e-04
6.738697e+00 8.274497e-04
6.754444e+00 7.270871e-04
6.770165e+00 6.525257e-04
6.785881e+00 6.677083e-04
6.801547e+00 7.340832e-04
6.817261e+00 9.009703e-04
6.832968e+00 8.969444e-04
6.848723e+00 5.982591e-04
6.864480e+00 5.963113e-04
6.880205e+00 8.017658e-04
6.895794e+00 8.399774e-04
6.911665e+00 6.084531e-04
6.927377e+00 8.211750e-04
6.942960e+00 1.142481e-03
6.958665e+00 4.244906e-04
6.974363e+00 6.619720e-04
6.989979e+00 8.915620e-04
7.005727e+00 5.345719e-04
7.021451e+00 7.520191e-04
7.037185e+00 7.589167e-04
7.052836e+00 6.919954e-04
7.068553e+00 7.989017e-04
7.084270e+00 6.640758e-04
7.100053e+00 7.429618e-04
7.115718e+00 8.533796e-04
7.131463e+00 8.433612e-04
7.147240e+00 6.881157e-04
7.162869e+00 8.539466e-04
7.178563e+00 6.805047e-04
7.194343e+00 7.552860e-04
7.209995e+00 7.384213e-04
7.225734e+00 5.395731e-04
7.241367e+00 6.417920e-04
7.257054e+00 5.807464e-04
7.272749e+00 6.476654e-04
7.288546e+00 1.130908e-03
7.304232e+00 6.492836e-04
7.319934e+00 9.845966e-04
7.335649e+00 7.494378e-04
7.351402e+00 8.603907e-04
7.367005e+00 6.104566e-04
7.382758e+00 7.928436e-04
7.398556e+00 7.933308e-04
7.414285e+00 7.829654e-04
7.429878e+00 8.639561e-04
7.445604e+00 8.004468e-04
7.461361e+00 7.220845e-04
7.477102e+00 8.767032e-04
7.492745e+00 6.328597e-04
7.508411e+00 7.106817e-04
7.524074e+00 6.680691e-04
7.539803e+00 8.624521e-04
7.555520e+00 6.414583e-04
7.571240e+00 8.945833e-04
7.586929e+00 8.501560e-04
7.602700e+00 8.248212e-04
7.618405e+00 1.026790e-03
7.634088e+00 7.101502e-04
7.649802e+00 7.719623e-04
7.665559e+00 1.072790e-03
7.681164e+00 7.271504e-04
7.696895e+00 9.684615e-04
7.712628e+00 7.231584e-04
7.728366e+00 7.971281e-04
7.744063e+00 6.261094e-04
7.759768e+00 8.075179e-04
7.775425e+00 6.640624e-04
7.791131e+00 7.962527e-04
7.806826e+00 8.449100e-04
7.822638e+00 7.437373e-04
7.838380e+00 9.455614e-04
7.854069e+00 1.019825e-03
7.869761e+00 8.823475e-04
7.885517e+00 5.349991e-04
7.901128e+00 9.396289e-04
7.916886e+00 8.886229e-04
7.932631e+00 7.911086e-04
7.948289e+00 7.496783e-04
7.964001e+00 8.690353e-04
7.979748e+00 8.461331e-04
7.995329e+00 6.541907e-04
8.011008e+00 8.530967e-04
8.026718e+00 8.701086e-04
8.042433e+00 9.658757e-04
