# k_mean_over_subbox_bin [h Mpc^-1] sig_ratio [dimensionless]
3.141593e-02 6.164928e-05
4.842289e-02 3.322619e-05
6.876489e-02 2.601375e-05
7.695299e-02 2.588168e-05
9.512161e-02 3.670781e-05
1.128087e-01 4.093310e-05
1.307755e-01 3.306075e-05
1.425441e-01 3.987527e-05
1.592632e-01 2.990056e-05
1.735311e-01 1.491300e-05
1.887335e-01 4.105949e-05
2.047633e-01 3.183877e-05
2.207149e-01 3.068034e-05
2.344879e-01 3.500232e-05
2.519295e-01 1.813938e-05
2.672626e-01 5.996520e-05
2.826179e-01 5.489068e-05
2.977407e-01 2.864162e-05
3.153175e-01 2.287113e-05
3.301076e-01 7.089827e-05
3.462269e-01 5.743094e-05
3.624588e-01 6.534794e-05
3.788431e-01 6.818094e-05
3.936987e-01 5.711462e-05
4.088766e-01 7.933295e-05
4.251422e-01 6.705821e-05
4.412722e-01 7.831547e-05
4.552614e-01 1.183762e-04
4.709673e-01 8.161914e-05
4.866840e-01 6.715336e-05
5.026937e-01 9.045569e-05
5.176797e-01 7.230532e-05
5.342353e-01 8.038244e-05
5.505433e-01 8.985580e-05
5.664810e-01 7.826982e-05
5.814590e-01 9.470463e-05
5.971553e-01 9.382175e-05
6.128851e-01 1.223058e-04
6.293116e-01 1.128525e-04
6.445715e-01 1.279532e-04
6.604038e-01 1.206890e-04
6.755714e-01 6.407988e-05
6.918592e-01 1.642533e-04
7.072437e-01 1.355493e-04
7.223483e-01 1.302477e-04
7.379903e-01 9.192640e-05
7.543455e-01 1.299368e-04
7.696768e-01 1.476239e-04
7.854119e-01 8.453431e-05
8.013075e-01 1.773967e-04
8.174378e-01 1.495304e-04
8.328039e-01 1.398272e-04
8.486588e-01 1.647590e-04
8.642032e-01 2.164915e-04
8.799899e-01 2.638199e-04
8.956755e-01 1.876791e-04
9.116640e-01 2.280484e-04
9.271646e-01 1.973053e-04
9.430836e-01 2.334775e-04
9.585188e-01 2.945220e-04
9.739154e-01 2.881674e-04
9.889763e-01 2.370909e-04
1.004944e+00 1.640421e-04
1.020669e+00 3.223201e-04
1.036348e+00 2.923134e-04
1.052259e+00 3.289012e-04
1.068815e+00 2.653296e-04
1.084053e+00 3.010208e-04
1.099663e+00 2.386398e-04
1.115695e+00 4.396137e-04
1.131725e+00 3.280576e-04
1.147138e+00 3.686928e-04
1.162959e+00 2.774676e-04
1.178532e+00 3.947368e-04
1.193979e+00 3.369980e-04
1.209373e+00 3.696907e-04
1.225316e+00 3.560422e-04
1.240868e+00 3.252472e-04
1.256778e+00 4.126418e-04
1.272209e+00 3.535735e-04
1.288236e+00 3.627647e-04
1.303875e+00 3.609151e-04
1.319805e+00 3.414716e-04
1.335591e+00 4.031297e-04
1.351109e+00 4.037568e-04
1.366867e+00 2.916961e-04
1.382903e+00 3.069272e-04
1.398340e+00 3.528672e-04
1.413751e+00 3.746397e-04
1.429514e+00 3.747049e-04
1.445534e+00 5.390425e-04
1.460739e+00 5.260991e-04
1.476493e+00 4.103840e-04
1.492299e+00 4.561948e-04
1.507967e+00 4.171430e-04
1.523378e+00 4.065331e-04
1.539245e+00 3.507372e-04
1.555198e+00 4.494531e-04
1.571066e+00 4.665928e-04
1.586488e+00 4.175015e-04
1.602469e+00 4.984770e-04
1.618202e+00 5.040760e-04
1.634162e+00 4.664123e-04
1.649592e+00 5.177186e-04
1.665303e+00 4.879344e-04
1.680892e+00 5.133448e-04
1.696553e+00 3.815724e-04
1.712313e+00 5.254571e-04
1.728147e+00 5.115473e-04
1.743638e+00 5.555923e-04
1.759458e+00 4.358245e-04
1.775000e+00 5.334588e-04
1.790560e+00 6.779386e-04
1.806296e+00 5.913374e-04
1.822169e+00 6.023658e-04
1.837872e+00 4.068893e-04
1.853993e+00 6.693148e-04
1.869748e+00 3.920933e-04
1.885641e+00 5.246929e-04
1.901097e+00 6.040548e-04
1.916488e+00 5.618999e-04
1.932106e+00 5.164864e-04
1.947985e+00 5.140113e-04
1.963433e+00 6.629712e-04
1.979088e+00 5.683616e-04
1.994746e+00 6.568337e-04
2.010501e+00 6.452160e-04
2.026163e+00 5.993994e-04
2.041975e+00 6.252883e-04
2.057417e+00 6.544509e-04
2.073433e+00 6.590311e-04
2.089361e+00 6.316131e-04
2.105043e+00 5.474303e-04
2.120872e+00 6.047144e-04
2.136710e+00 6.223542e-04
2.152184e+00 7.854786e-04
2.167858e+00 7.846588e-04
2.183418e+00 7.052870e-04
2.199283e+00 5.969515e-04
2.214820e+00 6.442396e-04
2.230634e+00 7.024705e-04
2.246393e+00 7.628489e-04
2.262096e+00 7.960879e-04
2.277605e+00 7.454292e-04
2.293346e+00 8.030904e-04
2.308981e+00 7.429719e-04
2.324783e+00 6.332135e-04
2.340501e+00 7.928070e-04
2.356413e+00 7.746407e-04
2.372126e+00 7.558359e-04
2.387908e+00 8.139940e-04
2.403525e+00 7.133183e-04
2.419091e+00 6.722786e-04
2.434645e+00 6.399093e-04
2.450540e+00 7.067443e-04
2.466301e+00 7.493188e-04
2.481905e+00 7.226375e-04
2.497491e+00 7.134531e-04
2.513410e+00 7.182339e-04
2.528884e+00 8.197017e-04
2.544529e+00 7.312362e-04
2.560412e+00 7.445068e-04
2.576426e+00 6.351635e-04
2.591827e+00 7.333681e-04
2.607612e+00 6.896504e-04
2.623543e+00 7.485527e-04
2.639315e+00 7.897106e-04
2.654884e+00 4.700631e-04
2.670591e+00 7.709122e-04
2.686243e+00 6.863261e-04
2.701838e+00 6.655665e-04
2.717464e+00 7.891371e-04
2.733198e+00 6.303120e-04
2.748835e+00 5.848128e-04
2.764641e+00 6.577512e-04
2.780316e+00 7.346747e-04
2.796098e+00 7.139565e-04
2.811738e+00 6.910782e-04
2.827557e+00 7.362599e-04
2.843167e+00 6.236944e-04
2.858909e+00 7.119556e-04
2.874597e+00 7.564954e-04
2.890527e+00 8.115658e-04
2.906161e+00 6.825037e-04
2.921785e+00 5.619608e-04
2.937559e+00 6.377812e-04
2.953355e+00 6.812050e-04
2.968714e+00 5.562612e-04
2.984280e+00 5.866086e-04
3.000073e+00 6.499638e-04
3.015876e+00 6.452001e-04
3.031409e+00 5.471496e-04
3.047253e+00 5.834729e-04
3.063157e+00 7.341566e-04
3.078912e+00 6.353216e-04
3.094558e+00 4.661288e-04
3.110322e+00 6.402893e-04
3.125957e+00 7.010960e-04
3.141814e+00 6.406831e-04
3.157554e+00 8.062126e-04
3.173218e+00 5.999733e-04
3.188758e+00 6.122200e-04
3.204665e+00 6.604066e-04
3.220284e+00 6.658260e-04
3.235814e+00 6.688255e-04
3.251388e+00 6.939863e-04
3.267288e+00 6.249219e-04
3.282933e+00 7.249054e-04
3.298673e+00 5.685064e-04
3.314432e+00 5.639122e-04
3.330213e+00 6.583213e-04
3.345836e+00 5.950665e-04
3.361658e+00 6.821771e-04
3.377483e+00 6.093532e-04
3.393162e+00 6.651162e-04
3.408722e+00 6.513559e-04
3.424584e+00 6.284058e-04
3.440226e+00 6.012651e-04
3.455929e+00 5.436688e-04
3.471529e+00 6.088992e-04
3.487189e+00 5.273057e-04
3.502799e+00 6.593539e-04
3.518498e+00 6.330462e-04
3.534201e+00 5.620310e-04
3.550017e+00 6.184294e-04
3.565721e+00 5.788298e-04
3.581541e+00 5.763436e-04
3.597230e+00 6.773448e-04
3.612802e+00 6.916928e-04
3.628538e+00 6.973583e-04
3.644437e+00 5.258429e-04
3.660005e+00 5.959590e-04
3.675714e+00 6.452195e-04
3.691461e+00 4.296669e-04
3.707234e+00 5.129019e-04
3.722904e+00 6.813958e-04
3.738623e+00 6.664706e-04
3.754223e+00 5.221844e-04
3.769942e+00 5.882786e-04
3.785547e+00 4.731379e-04
3.801324e+00 4.065986e-04
3.816986e+00 6.313732e-04
3.832808e+00 4.085843e-04
3.848570e+00 5.199511e-04
3.864323e+00 5.262004e-04
3.879963e+00 3.267231e-04
3.895707e+00 5.020843e-04
3.911378e+00 4.041230e-04
3.927033e+00 5.574113e-04
3.942728e+00 4.641885e-04
3.958574e+00 4.546661e-04
3.974206e+00 5.488359e-04
3.989797e+00 2.945586e-04
4.005343e+00 3.789983e-04
4.021180e+00 4.191708e-04
4.036870e+00 5.591191e-04
4.052509e+00 4.295647e-04
4.068338e+00 6.266460e-04
4.084195e+00 5.013987e-04
4.099789e+00 4.938414e-04
4.115674e+00 4.746078e-04
4.131390e+00 3.624014e-04
4.147029e+00 5.507071e-04
4.162659e+00 6.350150e-04
4.178475e+00 5.944455e-04
4.194113e+00 5.867681e-04
4.209761e+00 4.545095e-04
4.225420e+00 6.257316e-04
4.241171e+00 6.269573e-04
4.256839e+00 3.979561e-04
4.272580e+00 3.575218e-04
4.288267e+00 5.084454e-04
4.304013e+00 4.524056e-04
4.319722e+00 5.160701e-04
4.335587e+00 5.317517e-04
4.351258e+00 6.397960e-04
4.366857e+00 5.330128e-04
4.382631e+00 4.317504e-04
4.398520e+00 6.006502e-04
4.414066e+00 4.505549e-04
4.429754e+00 5.129887e-04
4.445525e+00 6.065470e-04
4.461196e+00 4.427541e-04
4.476721e+00 4.437049e-04
4.492443e+00 4.815979e-04
4.508133e+00 4.614781e-04
4.523823e+00 5.081397e-04
4.539504e+00 5.566781e-04
4.555353e+00 5.670557e-04
4.571052e+00 5.024669e-04
4.586817e+00 5.702590e-04
4.602433e+00 5.937840e-04
4.618094e+00 6.538705e-04
4.633840e+00 6.623425e-04
4.649724e+00 5.668677e-04
4.665456e+00 5.481873e-04
4.681084e+00 7.377460e-04
4.696737e+00 6.255805e-04
4.712531e+00 5.542651e-04
4.728155e+00 3.661399e-04
4.743825e+00 7.949555e-04
4.759527e+00 6.840261e-04
4.775350e+00 6.821015e-04
4.790901e+00 7.020251e-04
4.806628e+00 6.888026e-04
4.822413e+00 6.261083e-04
4.838128e+00 5.129194e-04
4.853698e+00 7.502978e-04
4.869455e+00 4.122307e-04
4.885273e+00 5.354861e-04
4.901026e+00 6.516225e-04
4.916773e+00 6.372654e-04
4.932495e+00 6.385584e-04
4.948116e+00 5.910066e-04
4.963827e+00 6.528580e-04
4.979363e+00 6.728574e-04
4.995014e+00 5.673004e-04
5.010702e+00 6.138180e-04
5.026523e+00 6.577870e-04
5.042241e+00 5.679386e-04
5.057982e+00 7.713571e-04
5.073636e+00 6.013387e-04
5.089430e+00 6.478785e-04
5.105084e+00 4.938268e-04
5.120805e+00 6.961008e-04
5.136591e+00 7.325821e-04
5.152413e+00 5.723319e-04
5.167966e+00 6.203207e-04
5.183688e+00 7.299995e-04
5.199459e+00 5.822944e-04
5.215122e+00 5.671169e-04
5.230692e+00 7.664982e-04
5.246436e+00 8.219724e-04
5.262226e+00 6.473012e-04
5.277934e+00 6.711114e-04
5.293625e+00 7.351179e-04
5.309363e+00 7.095735e-04
5.324915e+00 6.935392e-04
5.340701e+00 7.923749e-04
5.356470e+00 7.944829e-04
5.372246e+00 8.088024e-04
5.387918e+00 9.432813e-04
5.403696e+00 7.937179e-04
5.419302e+00 8.300766e-04
5.434938e+00 7.267283e-04
5.450706e+00 7.344756e-04
5.466455e+00 8.304566e-04
5.482074e+00 8.647477e-04
5.497776e+00 6.719272e-04
5.513457e+00 6.657219e-04
5.529284e+00 8.085324e-04
5.544910e+00 8.827917e-04
5.560558e+00 8.774903e-04
5.576380e+00 7.526308e-04
5.592148e+00 7.597781e-04
5.607754e+00 9.089097e-04
5.623543e+00 8.679480e-04
5.639280e+00 8.286875e-04
5.655024e+00 9.184211e-04
5.670730e+00 6.304485e-04
5.686441e+00 8.159821e-04
5.702062e+00 7.232291e-04
5.717797e+00 8.250078e-04
5.733470e+00 8.287760e-04
5.749209e+00 9.094402e-04
5.764880e+00 7.594171e-04
5.780589e+00 7.984557e-04
5.796210e+00 8.093184e-04
5.811948e+00 8.962569e-04
5.827649e+00 8.207310e-04
5.843367e+00 8.398916e-04
5.859125e+00 8.115339e-04
5.874847e+00 7.869117e-04
5.890555e+00 8.412490e-04
5.906331e+00 7.489729e-04
5.921935e+00 9.218289e-04
5.937626e+00 8.196427e-04
5.953296e+00 7.956702e-04
5.969033e+00 7.062046e-04
5.984702e+00 8.364958e-04
6.000444e+00 5.900023e-04
6.016091e+00 7.123111e-04
6.031753e+00 7.371281e-04
6.047419e+00 7.511096e-04
6.063173e+00 8.340367e-04
6.078915e+00 7.602719e-04
6.094744e+00 7.924269e-04
6.110453e+00 8.591263e-04
6.126177e+00 8.183923e-04
6.141865e+00 8.737452e-04
6.157642e+00 7.831375e-04
6.173370e+00 9.434583e-04
6.189004e+00 7.007271e-04
6.204659e+00 8.803322e-04
6.220446e+00 9.385452e-04
6.236143e+00 9.009791e-04
6.251809e+00 8.052474e-04
6.267531e+00 6.578653e-04
6.283276e+00 8.901130e-04
6.298837e+00 1.006760e-03
6.314621e+00 7.980217e-04
6.330334e+00 8.294811e-04
6.346064e+00 8.706672e-04
6.361736e+00 7.329722e-04
6.377551e+00 8.518053e-04
6.393278e+00 6.920853e-04
6.408941e+00 7.098198e-04
6.424628e+00 6.698450e-04
6.440313e+00 7.351797e-04
6.455883e+00 7.404967e-04
6.471711e+00 8.107666e-04
6.487506e+00 8.450384e-04
6.503140e+00 8.403378e-04
6.518743e+00 8.510547e-04
6.534547e+00 8.005674e-04
6.550227e+00 7.562071e-04
6.565871e+00 7.169465e-04
6.581613e+00 7.273412e-04
6.597425e+00 6.794150e-04
6.613060e+00 8.636587e-04
6.628776e+00 6.207237e-04
6.644582e+00 6.309337e-04
6.660326e+00 6.134679e-04
6.675932e+00 8.213884e-04
6.691662e+00 6.682278e-04
6.707365e+00 6.749757e-04
6.723083e+00 6.240026e-04
6.738697e+00 7.301375e-04
6.754444e+00 7.155205e-04
6.770165e+00 4.689066e-04
6.785881e+00 6.940307e-04
6.801547e+00 7.371170e-04
6.817261e+00 7.675992e-04
6.832968e+00 8.846459e-04
6.848723e+00 7.294377e-04
6.864480e+00 7.477113e-04
6.880205e+00 7.792700e-04
6.895794e+00 8.946797e-04
6.911665e+00 6.976784e-04
6.927377e+00 7.128231e-04
6.942960e+00 7.501678e-04
6.958665e+00 8.799072e-04
6.974363e+00 7.571855e-04
6.989979e+00 6.822839e-04
7.005727e+00 8.212599e-04
7.021451e+00 5.087972e-04
7.037185e+00 8.984502e-04
7.052836e+00 5.948659e-04
7.068553e+00 7.171446e-04
7.084270e+00 6.156365e-04
7.100053e+00 7.972187e-04
7.115718e+00 6.935888e-04
7.131463e+00 6.721836e-04
7.147240e+00 5.343518e-04
7.162869e+00 6.643506e-04
7.178563e+00 8.625413e-04
7.194343e+00 6.898961e-04
7.209995e+00 6.664292e-04
7.225734e+00 8.997692e-04
7.241367e+00 6.413391e-04
7.257054e+00 6.499229e-04
7.272749e+00 6.619028e-04
7.288546e+00 6.041589e-04
7.304232e+00 7.450395e-04
7.319934e+00 6.909453e-04
7.335649e+00 7.484196e-04
7.351402e+00 7.233267e-04
7.367005e+00 7.121339e-04
7.382758e+00 7.035526e-04
7.398556e+00 5.384370e-04
7.414285e+00 7.070096e-04
7.429878e+00 8.316415e-04
7.445604e+00 8.526911e-04
7.461361e+00 5.838755e-04
7.477102e+00 7.296220e-04
7.492745e+00 5.951015e-04
7.508411e+00 7.629016e-04
7.524074e+00 7.892565e-04
7.539803e+00 7.667992e-04
7.555520e+00 8.701928e-04
7.571240e+00 6.524984e-04
7.586929e+00 7.643504e-04
7.602700e+00 6.909164e-04
7.618405e+00 7.714693e-04
7.634088e+00 9.404689e-04
7.649802e+00 7.723385e-04
7.665559e+00 7.373888e-04
7.681164e+00 7.113103e-04
7.696895e+00 8.534946e-04
7.712628e+00 7.122103e-04
7.728366e+00 5.981482e-04
7.744063e+00 7.661320e-04
7.759768e+00 6.904301e-04
7.775425e+00 6.284629e-04
7.791131e+00 7.916599e-04
7.806826e+00 8.675657e-04
7.822638e+00 8.162438e-04
7.838380e+00 8.091987e-04
7.854069e+00 8.901172e-04
7.869761e+00 7.074946e-04
7.885517e+00 6.838104e-04
7.901128e+00 9.467949e-04
7.916886e+00 7.696031e-04
7.932631e+00 7.032617e-04
7.948289e+00 9.697437e-04
7.964001e+00 7.914123e-04
7.979748e+00 7.826385e-04
7.995329e+00 8.550878e-04
8.011008e+00 7.288324e-04
8.026718e+00 7.889285e-04
8.042433e+00 7.540268e-04
