# k_mean_over_bin [h Mpc^-1] P_bin [h^-3 Mpc^3] N_modes
2.004559772710005558e-02 1.120522894965277828e+03 1.800000000000000000e+01
3.504137442477287673e-02 2.658963961693548299e+03 6.200000000000000000e+01
4.923125820196404961e-02 1.351715561224489647e+03 9.800000000000000000e+01
6.378344006481624640e-02 1.148607663690476329e+03 2.100000000000000000e+02
8.007265176091875325e-02 8.569233928571428578e+02 3.500000000000000000e+02
9.616302738587061139e-02 6.420422222222222217e+02 4.500000000000000000e+02
1.110826890383447979e-01 5.286348629568105935e+02 6.020000000000000000e+02
1.260576397180557251e-01 4.807754675196850371e+02 7.620000000000000000e+02
1.422731428555557009e-01 3.408384413309982506e+02 1.142000000000000000e+03
1.585460595607757484e-01 2.930575249999999983e+02 1.250000000000000000e+03
1.737497011902237598e-01 2.591687242798353736e+02 1.458000000000000000e+03
1.889532144205047226e-01 2.370297684674752077e+02 1.814000000000000000e+03
2.049067109494826788e-01 2.060369892102846734e+02 2.178000000000000000e+03
2.207556613284745450e-01 1.825252702161729133e+02 2.498000000000000000e+03
2.358802738624342921e-01 1.605380673150266944e+02 2.622000000000000000e+03
2.513999951464319649e-01 1.487054561114439934e+02 3.338000000000000000e+03
2.675345382307371400e-01 1.274944670204191368e+02 3.722000000000000000e+03
2.835681791499936044e-01 1.145691771582733907e+02 4.170000000000000000e+03
2.990221799979137507e-01 1.032690310922441483e+02 4.358000000000000000e+03
3.144508804126917023e-01 9.346933973976956622e+01 5.034000000000000000e+03
3.303723395141972552e-01 8.556000065628280993e+01 5.714000000000000000e+03
3.461405835555014798e-01 7.717246008859912365e+01 5.982000000000000000e+03
3.616240832326051979e-01 7.314254203271735832e+01 6.602000000000000000e+03
3.771335216675366642e-01 6.623358607994390468e+01 7.130000000000000000e+03
3.929320011962133541e-01 6.188474374533233657e+01 8.034000000000000000e+03
4.088541926781908975e-01 5.872756289216825820e+01 8.606000000000000000e+03
4.245637628236880179e-01 5.440670154974630179e+01 9.066000000000000000e+03
4.402531073637167558e-01 5.127323516864083786e+01 9.962000000000000000e+03
4.559993315308014661e-01 4.759586789099525816e+01 1.055000000000000000e+04
4.716264483403250773e-01 4.504774630322465612e+01 1.122600000000000000e+04
4.872700578197112775e-01 4.143672556808826357e+01 1.214600000000000000e+04
5.028559864371159316e-01 3.978320343487228428e+01 1.260600000000000000e+04
5.184881697096974662e-01 3.736991695044196859e+01 1.380200000000000000e+04
5.343469721895739433e-01 3.556833740002711153e+01 1.475400000000000000e+04
5.500823565575736485e-01 3.391803096617085345e+01 1.519400000000000000e+04
5.657322269403529669e-01 3.258188358453871558e+01 1.645400000000000000e+04
5.814958906429442687e-01 3.053636360324122379e+01 1.715400000000000000e+04
5.972223875100493018e-01 2.897549750903317545e+01 1.826600000000000000e+04
6.128042965698242694e-01 2.767416666666666814e+01 1.875000000000000000e+04
6.284339241893368566e-01 2.634629522091529097e+01 2.023400000000000000e+04
6.442671741027654608e-01 2.514223776223776241e+01 2.145000000000000000e+04
6.600506477327297006e-01 2.376550689827884710e+01 2.196200000000000000e+04
6.757240646605540135e-01 2.326413722189071720e+01 2.346200000000000000e+04
6.914033637984144942e-01 2.229841787288911092e+01 2.404200000000000000e+04
7.071742118944099875e-01 2.172250057812379609e+01 2.594600000000000000e+04
7.228711511166978632e-01 2.027502584424534859e+01 2.611800000000000000e+04
7.383803448867409802e-01 1.992108539954918811e+01 2.750600000000000000e+04
7.540183656477988938e-01 1.911419054909516291e+01 2.906600000000000000e+04
7.698451130026079392e-01 1.861502463054187118e+01 3.045000000000000000e+04
7.856895634322977884e-01 1.780138893264444633e+01 3.174200000000000000e+04
8.013652298136274554e-01 1.717239922480620251e+01 3.225000000000000000e+04
8.170314793099452411e-01 1.662009124087591161e+01 3.425000000000000000e+04
8.328089595358807440e-01 1.597377940429852750e+01 3.545400000000000000e+04
8.485110835048260691e-01 1.551115887632431267e+01 3.643400000000000000e+04
8.640973204722621759e-01 1.498157608407197117e+01 3.768200000000000000e+04
8.797014300262691044e-01 1.447223335623759333e+01 3.929400000000000000e+04
8.955074489672053550e-01 1.405824089943513755e+01 4.142600000000000000e+04
9.112788985619241222e-01 1.376893898873199262e+01 4.206600000000000000e+04
9.269095651252046153e-01 1.318997183260519712e+01 4.349000000000000000e+04
9.426346125839982770e-01 1.275102976893790263e+01 4.570200000000000000e+04
9.583964670696782928e-01 1.240693351417420942e+01 4.663400000000000000e+04
9.741277885224883804e-01 1.222304933682085881e+01 4.855400000000000000e+04
9.896918448392955092e-01 1.185349268467362371e+01 4.887000000000000000e+04
1.005280879626296420e+00 1.148713242425417924e+01 5.155400000000000000e+04
1.021133664452582135e+00 1.128091606581623196e+01 5.409000000000000000e+04
1.036923334995100809e+00 1.106461961925102067e+01 5.431400000000000000e+04
1.052635308833600680e+00 1.058626120189773268e+01 5.691000000000000000e+04
1.068321370297892425e+00 1.037198492571587671e+01 5.748200000000000000e+04
1.084052701550582753e+00 1.008264296671394966e+01 6.062600000000000000e+04
1.099794715754920382e+00 9.867274041760612846e+00 6.120600000000000000e+04
1.115370388947033220e+00 9.694221471951415481e+00 6.257000000000000000e+04
1.131046383902849950e+00 9.318122432679142975e+00 6.573000000000000000e+04
1.146787968622316356e+00 9.222843812794289775e+00 6.668600000000000000e+04
1.162563353468210270e+00 9.016349106143648484e+00 6.969800000000000000e+04
1.178284495947235833e+00 8.698977879644703037e+00 7.002600000000000000e+04
1.193950312022173277e+00 8.575466348665219840e+00 7.274600000000000000e+04
1.209702279395532543e+00 8.402079995995194395e+00 7.491000000000000000e+04
1.225374778796072261e+00 8.238086355352473689e+00 7.572200000000000000e+04
1.240998268267369031e+00 8.051293092449412825e+00 7.837800000000000000e+04
1.256664763601604173e+00 7.832072347869548423e+00 8.003000000000000000e+04
1.272410839108921055e+00 7.731375321568533465e+00 8.318600000000000000e+04
1.288186821427190987e+00 7.524107965417050181e+00 8.466600000000000000e+04
1.303915415643678744e+00 7.420730738566773788e+00 8.654600000000000000e+04
1.319571589153230251e+00 7.363879149930786738e+00 8.813400000000000000e+04
1.335290070384270056e+00 7.117382944787956411e+00 9.153800000000000000e+04
1.351076062681103140e+00 7.020829307049753609e+00 9.313800000000000000e+04
1.366744220099084473e+00 6.868308627405322220e+00 9.447800000000000000e+04
1.382398842931918725e+00 6.783166622118963041e+00 9.727400000000000000e+04
1.398110035554206876e+00 6.711651118467249155e+00 9.969000000000000000e+04
1.413886464447384306e+00 6.503461594697339088e+00 1.025900000000000000e+05
1.429636290478455862e+00 6.371066420930905139e+00 1.037700000000000000e+05
1.445306609637929229e+00 6.336122773776164507e+00 1.063460000000000000e+05
1.461013715221450848e+00 6.199293387135408118e+00 1.085460000000000000e+05
1.476673179078200837e+00 6.034833733721076676e+00 1.107260000000000000e+05
1.492290038154521659e+00 5.950967419561617788e+00 1.123220000000000000e+05
1.507927148623363189e+00 5.886533027008369778e+00 1.158900000000000000e+05
1.523672044743926701e+00 5.780872156172641496e+00 1.187660000000000000e+05
1.539529615911521709e+00 5.700539358779375121e+00 1.222980000000000000e+05
1.555255688786340684e+00 5.552394749774756555e+00 1.220900000000000000e+05
1.570915144657768492e+00 5.477502781972816592e+00 1.258100000000000000e+05
1.586615423455384422e+00 5.413629670801154425e+00 1.281900000000000000e+05
1.602349133342779730e+00 5.318121440676671696e+00 1.309940000000000000e+05
1.618092974080486135e+00 5.223448179805865621e+00 1.337220000000000000e+05
1.633691874209366679e+00 5.205872906801308986e+00 1.338860000000000000e+05
1.649409270104698511e+00 5.083646415915979766e+00 1.405380000000000000e+05
1.665187916060468121e+00 4.990699727584392065e+00 1.405940000000000000e+05
1.680850499408222509e+00 4.965455555246040653e+00 1.435940000000000000e+05
1.696519861906699678e+00 4.882007381587040840e+00 1.463100000000000000e+05
1.712283893956166425e+00 4.819339943577829466e+00 1.506500000000000000e+05
1.728062756067172412e+00 4.733924292691917834e+00 1.519140000000000000e+05
1.743677627348828585e+00 4.666927290447072885e+00 1.533980000000000000e+05
1.759326903275710174e+00 4.603741860185220247e+00 1.578660000000000000e+05
1.775054497456971747e+00 4.550499741687310973e+00 1.606580000000000000e+05
1.790812710658242546e+00 4.504451499677029958e+00 1.641020000000000000e+05
1.806502375897273804e+00 4.425952989199607224e+00 1.649940000000000000e+05
1.822179186865621636e+00 4.365372387400647369e+00 1.698500000000000000e+05
1.837969883527481585e+00 4.306138213497045619e+00 1.729860000000000000e+05
1.853671301775014824e+00 4.251965277697908441e+00 1.738940000000000000e+05
1.869276135303816311e+00 4.180558030411024362e+00 1.767780000000000000e+05
1.884971321406135658e+00 4.162553561016930637e+00 1.818020000000000000e+05
1.900728707982397125e+00 4.089361817491731443e+00 1.844300000000000000e+05
1.916473119999263952e+00 4.037216877089542244e+00 1.872420000000000000e+05
1.932184555202840048e+00 3.998777266754271142e+00 1.902500000000000000e+05
1.947873548384971176e+00 3.935489042945422344e+00 1.925700000000000000e+05
1.963628993658796507e+00 3.892929335599786267e+00 1.982540000000000000e+05
1.979352447076785815e+00 3.847282455042055016e+00 1.980740000000000000e+05
1.994985104292756439e+00 3.806641610987379298e+00 2.020500000000000000e+05
2.010642935442618739e+00 3.758538846337261763e+00 2.055020000000000000e+05
2.026404838719640278e+00 3.718031742189057187e+00 2.106660000000000000e+05
2.042160439755924539e+00 3.673704901942323797e+00 2.124260000000000000e+05
2.057814152054247447e+00 3.630165238549350804e+00 2.139180000000000000e+05
2.073527659517757193e+00 3.590797148338868539e+00 2.209940000000000000e+05
2.089278401895053872e+00 3.555185263766126980e+00 2.215220000000000000e+05
2.104986979127729807e+00 3.508688426257323467e+00 2.263140000000000000e+05
2.120648321356923383e+00 3.485757983052785836e+00 2.272940000000000000e+05
2.136325257483229656e+00 3.434984300014594982e+00 2.329620000000000000e+05
2.152108829701105730e+00 3.402823535224415608e+00 2.378180000000000000e+05
2.167848322413291839e+00 3.361927323215798680e+00 2.383980000000000000e+05
2.183487000865677263e+00 3.328869947559834230e+00 2.414180000000000000e+05
2.199161537811643807e+00 3.291735458921148272e+00 2.468180000000000000e+05
2.214891256735060487e+00 3.250470176786471654e+00 2.499060000000000000e+05
2.230633713071271895e+00 3.233337635746872607e+00 2.547020000000000000e+05
2.246304443991349320e+00 3.207698059885699671e+00 2.544180000000000000e+05
2.261936208784359970e+00 3.152575915868394585e+00 2.603540000000000000e+05
2.277652670266802293e+00 3.131179615735883548e+00 2.649740000000000000e+05
2.293412982496121355e+00 3.105175143828938555e+00 2.687220000000000000e+05
2.309141221738169047e+00 3.071500476870843599e+00 2.715620000000000000e+05
2.324861988404599789e+00 3.027453771236564783e+00 2.755860000000000000e+05
2.340611247586814159e+00 3.017005424890252918e+00 2.801900000000000000e+05
2.356347504876110666e+00 2.983187797435951527e+00 2.828340000000000000e+05
2.372029085968939910e+00 2.956552232001963709e+00 2.851700000000000000e+05
2.387678571697246621e+00 2.924066055276901999e+00 2.898860000000000000e+05
2.403388139521258626e+00 2.902077093393644169e+00 2.944740000000000000e+05
2.419137128499648348e+00 2.883083526434233157e+00 2.994980000000000000e+05
2.434829956177893884e+00 2.842834871882063297e+00 2.999580000000000000e+05
2.450497304476752181e+00 2.814429204075093782e+00 3.058580000000000000e+05
2.466221630284449073e+00 2.787384891600223735e+00 3.107940000000000000e+05
2.481948461430914410e+00 2.766894335988654863e+00 3.130820000000000000e+05
2.497590267743403203e+00 2.740502964758294802e+00 3.160460000000000000e+05
2.513275415567109317e+00 2.705253896430366733e+00 3.222180000000000000e+05
2.529064511226168488e+00 2.695061738728155021e+00 3.285620000000000000e+05
2.544794397904540872e+00 2.674168038659715307e+00 3.279900000000000000e+05
2.560494206000486273e+00 2.649631877046784822e+00 3.352820000000000000e+05
2.576181416838396743e+00 2.632958671905229586e+00 3.359700000000000000e+05
2.591894431456594372e+00 2.610033939709242023e+00 3.440660000000000000e+05
2.607583386084574517e+00 2.583714702168637967e+00 3.437180000000000000e+05
2.623254195933073518e+00 2.568349606541146635e+00 3.514980000000000000e+05
2.638982638468245323e+00 2.552361986469482869e+00 3.544580000000000000e+05
2.654678623100330981e+00 2.515645829498613928e+00 3.585660000000000000e+05
2.670444987332728282e+00 2.491125567433805976e+00 3.661220000000000000e+05
2.686175436888973866e+00 2.473068669527896724e+00 3.658100000000000000e+05
2.701842624139498383e+00 2.456171190080242983e+00 3.716220000000000000e+05
2.717551210176916143e+00 2.431912025979690917e+00 3.759860000000000000e+05
2.733286152591690943e+00 2.417134063374937636e+00 3.821700000000000000e+05
2.748969669686326611e+00 2.395777405727335996e+00 3.818180000000000000e+05
2.764618652904751617e+00 2.389712384553384084e+00 3.895740000000000000e+05
2.780335698310803405e+00 2.359457153706648214e+00 3.936980000000000000e+05
2.796070939832780322e+00 2.339276907709947118e+00 3.994580000000000000e+05
2.811789110373833278e+00 2.325066754180527440e+00 4.022220000000000000e+05
2.827490318755497611e+00 2.301262281223428907e+00 4.069220000000000000e+05
2.843211165013692643e+00 2.300152964087956331e+00 4.128420000000000000e+05
2.858928238366322816e+00 2.269149696879228628e+00 4.153460000000000000e+05
2.874619182965964193e+00 2.258999820742576770e+00 4.211820000000000000e+05
2.890326122379585971e+00 2.241424774950707910e+00 4.250180000000000000e+05
2.906048410595298837e+00 2.227476614216329587e+00 4.311380000000000000e+05
2.921763637537025282e+00 2.201594017477703780e+00 4.343820000000000000e+05
2.937471882413853042e+00 2.191061746611029371e+00 4.395140000000000000e+05
2.953184966193053373e+00 2.175181651893923984e+00 4.447380000000000000e+05
2.968906669185866321e+00 2.163635945957986806e+00 4.489100000000000000e+05
2.984558054153132023e+00 2.142708596860312120e+00 4.506180000000000000e+05
3.000234266597839206e+00 2.126766114537137931e+00 4.595540000000000000e+05
3.015961738166995865e+00 2.112807462006538461e+00 4.631060000000000000e+05
3.031644318942089189e+00 2.088271177750088636e+00 4.670940000000000000e+05
3.047375183469438475e+00 2.082901083930955188e+00 4.749380000000000000e+05
3.063101994982958765e+00 2.068775068841080866e+00 4.771860000000000000e+05
3.078830638657798602e+00 2.056407581447170507e+00 4.846700000000000000e+05
3.094557820700788220e+00 2.040266113632163592e+00 4.870100000000000000e+05
3.110261604918990841e+00 2.024225569312851469e+00 4.933140000000000000e+05
3.125964826756857384e+00 2.008994161048673899e+00 4.963220000000000000e+05
3.141631907395710410e+00 2.002146817234134790e+00 5.017020000000000000e+05
3.157337759020614865e+00 1.983195264294225657e+00 5.085620000000000000e+05
3.173083732250922218e+00 1.969610489808300446e+00 5.142420000000000000e+05
3.188786566155163538e+00 1.947543557399090908e+00 5.161580000000000000e+05
3.204467208631248454e+00 1.943313578019219223e+00 5.226020000000000000e+05
3.220198682476764773e+00 1.935898450602836496e+00 5.306580000000000000e+05
3.235902901074469540e+00 1.929880792465502815e+00 5.300420000000000000e+05
3.251569839460216826e+00 1.905903214642275190e+00 5.388780000000000000e+05
3.267286640001119125e+00 1.891435755242313332e+00 5.441300000000000000e+05
3.283035953778620897e+00 1.885639967628732094e+00 5.511060000000000000e+05
3.298765470797303756e+00 1.868155237895816168e+00 5.539820000000000000e+05
3.314460854810658219e+00 1.863220834333497056e+00 5.582420000000000000e+05
3.330143183999465961e+00 1.847375922422619166e+00 5.645460000000000000e+05
3.345851390644388967e+00 1.841126506150809750e+00 5.704940000000000000e+05
3.361584614506297086e+00 1.820477727381484945e+00 5.767620000000000000e+05
3.377268741275611497e+00 1.811976963478453273e+00 5.782340000000000000e+05
3.392938742749323389e+00 1.803520906113723399e+00 5.856660000000000000e+05
3.408667877553761993e+00 1.790230946124627076e+00 5.944460000000000000e+05
3.424389245726590758e+00 1.777320243595128080e+00 5.952500000000000000e+05
3.440080490503192756e+00 1.768781633140095622e+00 6.034020000000000000e+05
3.455784632582446392e+00 1.754513222321372634e+00 6.073820000000000000e+05
3.471525169349745088e+00 1.739326955802985353e+00 6.170100000000000000e+05
3.487238775590668638e+00 1.732975438488402631e+00 6.167780000000000000e+05
3.502915637500682244e+00 1.724977830990514605e+00 6.247460000000000000e+05
3.518586117849470174e+00 1.709139583353235681e+00 6.280620000000000000e+05
3.534307361823285198e+00 1.706080410065529129e+00 6.394100000000000000e+05
3.550068718511843802e+00 1.696904055344550244e+00 6.429540000000000000e+05
3.565767899937936303e+00 1.685725934789945146e+00 6.459740000000000000e+05
3.581461234185308484e+00 1.676294204961055190e+00 6.534900000000000000e+05
3.597192479322759873e+00 1.666664837925617482e+00 6.607460000000000000e+05
3.612919168611930854e+00 1.655296014720618158e+00 6.646460000000000000e+05
3.628586482304986038e+00 1.648268743724617291e+00 6.672900000000000000e+05
3.644285394494611641e+00 1.635775601810807833e+00 6.790340000000000000e+05
3.660034289703634869e+00 1.628340671605719381e+00 6.827220000000000000e+05
3.675778468055097559e+00 1.618016515295744862e+00 6.912380000000000000e+05
3.691462948962963786e+00 1.605407405148402189e+00 6.886020000000000000e+05
3.707119074879760223e+00 1.597860774286342211e+00 7.008260000000000000e+05
3.722835664250375487e+00 1.589715933407211956e+00 7.056620000000000000e+05
3.738525251797470528e+00 1.582182233882847289e+00 7.100820000000000000e+05
3.754222032949778853e+00 1.573997757111749607e+00 7.191620000000000000e+05
3.769933086185316640e+00 1.563720318449290270e+00 7.222500000000000000e+05
3.785638995718866973e+00 1.558353269264945107e+00 7.315100000000000000e+05
3.801371660419305520e+00 1.545087393168776524e+00 7.364420000000000000e+05
3.817071936206203997e+00 1.538037455898112915e+00 7.408980000000000000e+05
3.832786102847733023e+00 1.535066612633605221e+00 7.501580000000000000e+05
3.848527046055627121e+00 1.524834705762347253e+00 7.548660000000000000e+05
3.864237159299509283e+00 1.510474964052227476e+00 7.608260000000000000e+05
3.879924927323326056e+00 1.504561478939419050e+00 7.640340000000000000e+05
3.895614328144405114e+00 1.498510200996063801e+00 7.738460000000000000e+05
3.911337128038584687e+00 1.493367119225767370e+00 7.797140000000000000e+05
3.927042484287095014e+00 1.486204823578311629e+00 7.843140000000000000e+05
3.942732759911325768e+00 1.475510904261368550e+00 7.913420000000000000e+05
3.958453369699379998e+00 1.471281480703176436e+00 7.994580000000000000e+05
3.974178216354418591e+00 1.459195278783346206e+00 8.049620000000000000e+05
3.989882109912799013e+00 1.452185010190846670e+00 8.095500000000000000e+05
4.005543243773400874e+00 1.444251731496893676e+00 8.134580000000000000e+05
4.021251057898795445e+00 1.436650201474011235e+00 8.274020000000000000e+05
4.036984636136614846e+00 1.429410476238749395e+00 8.286180000000000000e+05
4.052682677778184583e+00 1.425780811262274295e+00 8.369180000000000000e+05
4.068393456235992467e+00 1.415491224073823551e+00 8.428740000000000000e+05
4.084099822251435974e+00 1.413992132696288095e+00 8.493380000000000000e+05
4.099829813320492455e+00 1.396223348025827038e+00 8.589420000000000000e+05
4.115554009414900349e+00 1.396040607309362080e+00 8.609780000000000000e+05
4.131235359039446386e+00 1.385113048254958290e+00 8.683460000000000000e+05
4.146931044915801223e+00 1.378252998900765025e+00 8.751540000000000000e+05
4.162664159049392687e+00 1.370490648985459359e+00 8.862140000000000000e+05
4.178388788086889960e+00 1.363916668357100681e+00 8.873460000000000000e+05
4.194077965975033351e+00 1.357753361505096068e+00 8.949860000000000000e+05
4.209774792532540388e+00 1.357371695463094774e+00 9.027740000000000000e+05
4.225510803750013977e+00 1.343288777499303865e+00 9.121140000000000000e+05
4.241231113843379141e+00 1.343758811225036265e+00 9.150260000000000000e+05
4.256908196003403866e+00 1.331752734903960400e+00 9.201420000000000000e+05
4.272591924000948893e+00 1.326528321226292162e+00 9.297620000000000000e+05
4.288308084378355645e+00 1.319657155075514510e+00 9.376980000000000000e+05
4.304040323784237287e+00 1.316357585296614285e+00 9.447620000000000000e+05
4.319738418983270378e+00 1.308198409919705041e+00 9.482540000000000000e+05
4.335428335028543856e+00 1.299878005062698350e+00 9.568020000000000000e+05
4.351157550879730884e+00 1.298611828765948273e+00 9.676580000000000000e+05
4.366881330891844826e+00 1.288063368952523602e+00 9.697020000000000000e+05
4.382546060772999574e+00 1.278942654169532789e+00 9.740900000000000000e+05
4.398246218400761798e+00 1.277484946615113026e+00 9.884820000000000000e+05
4.413979276240257654e+00 1.272174907307906944e+00 9.919940000000000000e+05
4.429695644229851403e+00 1.261172742075661990e+00 1.001030000000000000e+06
4.445410080183695989e+00 1.257323462131384018e+00 1.005450000000000000e+06
4.461113024304604657e+00 1.252369325210261453e+00 1.013738000000000000e+06
4.476828248264367538e+00 1.246901028667625866e+00 1.021710000000000000e+06
4.492511743566732996e+00 1.241596906487330454e+00 1.023626000000000000e+06
4.508191947536588806e+00 1.234259060814763664e+00 1.035834000000000000e+06
4.523895481465870283e+00 1.230232607855985760e+00 1.040786000000000000e+06
4.539619934096997156e+00 1.224626639992556054e+00 1.053206000000000000e+06
4.555352618284365995e+00 1.216351411823251016e+00 1.057002000000000000e+06
4.571063001207543941e+00 1.212030312116387121e+00 1.063898000000000000e+06
4.586777862326684385e+00 1.206307409147431509e+00 1.072782000000000000e+06
4.602497075350756361e+00 1.203190783314454837e+00 1.078826000000000000e+06
4.618214180504660149e+00 1.199240846310672959e+00 1.087922000000000000e+06
4.633911241501361467e+00 1.189274195914878929e+00 1.090494000000000000e+06
4.649602871383847535e+00 1.188408307168760114e+00 1.101362000000000000e+06
4.665319460688174047e+00 1.179802005222553074e+00 1.109802000000000000e+06
4.681029772111457099e+00 1.175072161498195600e+00 1.114514000000000000e+06
4.696725943447952467e+00 1.169136468949023344e+00 1.123926000000000000e+06
4.712406639130506392e+00 1.163381804924750407e+00 1.125986000000000000e+06
4.728114319510818397e+00 1.160082951920066829e+00 1.143554000000000000e+06
4.743843011674210075e+00 1.153224834237492447e+00 1.144710000000000000e+06
4.759548004017718270e+00 1.150101753178893293e+00 1.154018000000000000e+06
4.775245153331388437e+00 1.142692713209570776e+00 1.159962000000000000e+06
4.790962201099520534e+00 1.137592592908881928e+00 1.170986000000000000e+06
4.806687457227775795e+00 1.132537291769583065e+00 1.178142000000000000e+06
4.822395257046031780e+00 1.130753487436098270e+00 1.182674000000000000e+06
4.838087143849061356e+00 1.125197627711792325e+00 1.191002000000000000e+06
4.853789225034707222e+00 1.119927372342428340e+00 1.200438000000000000e+06
4.869505077076887289e+00 1.116286350671515937e+00 1.208162000000000000e+06
4.885214479826415435e+00 1.108871531806414845e+00 1.215258000000000000e+06
4.900926872777207954e+00 1.105181295511765915e+00 1.224134000000000000e+06
4.916625834276870499e+00 1.101155509545690636e+00 1.228722000000000000e+06
4.932342625999591945e+00 1.095941150493020100e+00 1.243154000000000000e+06
4.948070313168653200e+00 1.091758475358790559e+00 1.245434000000000000e+06
4.963768791695496674e+00 1.086372990492033619e+00 1.255158000000000000e+06
4.979434313641077026e+00 1.081246565414420102e+00 1.255610000000000000e+06
4.995141420885109262e+00 1.076681797047814637e+00 1.277562000000000000e+06
5.010861277833007499e+00 1.071848218082977811e+00 1.274414000000000000e+06
5.026541148359606304e+00 1.065553474588528449e+00 1.285994000000000000e+06
5.042268620369379839e+00 1.063274102203036309e+00 1.299570000000000000e+06
5.058004053481842455e+00 1.059351581495435957e+00 1.302122000000000000e+06
5.073708460591943137e+00 1.053848143843900242e+00 1.311366000000000000e+06
5.089416057291027862e+00 1.051971253485103786e+00 1.319186000000000000e+06
5.105125712135527571e+00 1.047424862554371838e+00 1.327434000000000000e+06
5.120844156875770103e+00 1.042058814292145197e+00 1.337294000000000000e+06
5.136559512122237159e+00 1.036922259128789880e+00 1.342730000000000000e+06
5.152249183032828306e+00 1.034502561881279759e+00 1.350570000000000000e+06
5.167964432416064291e+00 1.029077895772022355e+00 1.362590000000000000e+06
5.183694924160209716e+00 1.025452691031161656e+00 1.369698000000000000e+06
5.199396868456950926e+00 1.022495770644564095e+00 1.374914000000000000e+06
5.215085298788597612e+00 1.016444054149772125e+00 1.383570000000000000e+06
5.230792912992411559e+00 1.013134023566441666e+00 1.395374000000000000e+06
5.246488594245054315e+00 1.006007720863511201e+00 1.396994000000000000e+06
5.262173859327344161e+00 1.005960819111177296e+00 1.411530000000000000e+06
5.277882164810089982e+00 1.000969702463504696e+00 1.417574000000000000e+06
5.293593858628555360e+00 9.972253599788358791e-01 1.428834000000000000e+06
5.309329156889964985e+00 9.912885036879316436e-01 1.439018000000000000e+06
5.325038538485003414e+00 9.877745023592731100e-01 1.440698000000000000e+06
5.340730702455575241e+00 9.845844529380767263e-01 1.453638000000000000e+06
5.356455193601842524e+00 9.804381977633306322e-01 1.463426000000000000e+06
5.372183381207660702e+00 9.770361306549742997e-01 1.471050000000000000e+06
5.387886700194870926e+00 9.747116422576148631e-01 1.476638000000000000e+06
5.403571860691538831e+00 9.702478029136403226e-01 1.484466000000000000e+06
5.419293096268920529e+00 9.648693605053179079e-01 1.501154000000000000e+06
5.435016687773623012e+00 9.615742861785196993e-01 1.501706000000000000e+06
5.450702718101835487e+00 9.565223863415331929e-01 1.511502000000000000e+06
5.466391329901655105e+00 9.539550325805106201e-01 1.520234000000000000e+06
5.482117701107046770e+00 9.517114709350428248e-01 1.535010000000000000e+06
5.497863840523032231e+00 9.467792793376520466e-01 1.543358000000000000e+06
5.513531058043433575e+00 9.439164736018919033e-01 1.535754000000000000e+06
5.529215137958169990e+00 9.401341192048578987e-01 1.564802000000000000e+06
5.544946163489404611e+00 9.355265195088027230e-01 1.563038000000000000e+06
5.560660431796565106e+00 9.315581630054244888e-01 1.578426000000000000e+06
5.576372624871568817e+00 9.283176318162330576e-01 1.581482000000000000e+06
5.592071612679278658e+00 9.251782069398649666e-01 1.592250000000000000e+06
5.607777081388953810e+00 9.209225579348783164e-01 1.602230000000000000e+06
5.623461069047772654e+00 9.179787836640382892e-01 1.604754000000000000e+06
5.639160434689571844e+00 9.141229708437175194e-01 1.623458000000000000e+06
5.654868627057174635e+00 9.123889938519672560e-01 1.624910000000000000e+06
5.670595730029768688e+00 9.075484219407435882e-01 1.645122000000000000e+06
5.686329334746649700e+00 9.064240363983394611e-01 1.645130000000000000e+06
5.702030598096980540e+00 9.006518971363274284e-01 1.655706000000000000e+06
5.717729473142792784e+00 8.981909850423984709e-01 1.663502000000000000e+06
5.733437455346763301e+00 8.954106023584403884e-01 1.675514000000000000e+06
5.749160590029285700e+00 8.909221840885113153e-01 1.685298000000000000e+06
5.764862617007506351e+00 8.893984461098293215e-01 1.689566000000000000e+06
5.780540238679900078e+00 8.841369231675354490e-01 1.697850000000000000e+06
5.796263103923236848e+00 8.807933421625024906e-01 1.718546000000000000e+06
5.812002103804656983e+00 8.790338476888887032e-01 1.719822000000000000e+06
5.827695391299545058e+00 8.761527082925496535e-01 1.726586000000000000e+06
5.843388778895907798e+00 8.734537306533055601e-01 1.739186000000000000e+06
5.859113417771065535e+00 8.695021889333831577e-01 1.751538000000000000e+06
5.874835560723500549e+00 8.649764627186071753e-01 1.758062000000000000e+06
5.890526541065327137e+00 8.637187962632089100e-01 1.763010000000000000e+06
5.906225317694219434e+00 8.590383843404124642e-01 1.778642000000000000e+06
5.921952321011594300e+00 8.578209581668606587e-01 1.788582000000000000e+06
5.937670655764399896e+00 8.525581753629760673e-01 1.794746000000000000e+06
5.953363581550269679e+00 8.483968191472254228e-01 1.803290000000000000e+06
5.969050809995837703e+00 8.479346740965778562e-01 1.811058000000000000e+06
5.984760752596141486e+00 8.436841964210510803e-01 1.828358000000000000e+06
6.000476440810660783e+00 8.422631626079387646e-01 1.831362000000000000e+06
6.016171166004743220e+00 8.388725143259710970e-01 1.842458000000000000e+06
6.031847027098122815e+00 8.350714916854269365e-01 1.846998000000000000e+06
6.047561666320434348e+00 8.325405591502319513e-01 1.869122000000000000e+06
6.063310221741519790e+00 8.295035270680354289e-01 1.876346000000000000e+06
6.079025995273507732e+00 8.260318801855380810e-01 1.879506000000000000e+06
6.094727650148782594e+00 8.224519971732284773e-01 1.893326000000000000e+06
6.110443441650997620e+00 8.220913085634543593e-01 1.901826000000000000e+06
6.126157369603382641e+00 8.160990516547922402e-01 1.911962000000000000e+06
6.141856103084946561e+00 8.164258586138585239e-01 1.919198000000000000e+06
6.157554247585426133e+00 8.121840422081791910e-01 1.930242000000000000e+06
6.173264897526903994e+00 8.077050691861070719e-01 1.942442000000000000e+06
6.188983783131053684e+00 8.050313849120833698e-01 1.951734000000000000e+06
6.204674330135580007e+00 8.037637529265082570e-01 1.955402000000000000e+06
6.220364153407833108e+00 8.005244292438908893e-01 1.971858000000000000e+06
6.236097253224911263e+00 7.974055215935530461e-01 1.984898000000000000e+06
6.251804727814884721e+00 7.945355392761457303e-01 1.986422000000000000e+06
6.267477703420695434e+00 7.922834802664735498e-01 1.996146000000000000e+06
6.283195068785119908e+00 7.908237717799659894e-01 2.017106000000000000e+06
6.298926466691256110e+00 7.862175832583570001e-01 2.020638000000000000e+06
6.314631082636630310e+00 7.835028501793187550e-01 2.029346000000000000e+06
6.330330969697290477e+00 7.816402801173149006e-01 2.041002000000000000e+06
6.346042618354868381e+00 7.793866533427575849e-01 2.051450000000000000e+06
6.361769829008385280e+00 7.771097969587866805e-01 2.065886000000000000e+06
6.377467710730222450e+00 7.734951170862746084e-01 2.064546000000000000e+06
6.393156758488530933e+00 7.710899575060620181e-01 2.082650000000000000e+06
6.408877231485442749e+00 7.679779727966352665e-01 2.095182000000000000e+06
6.424598957671957322e+00 7.659493605527124549e-01 2.101346000000000000e+06
6.440311953715900373e+00 7.635352252885059254e-01 2.115554000000000000e+06
6.456005935746694568e+00 7.613913357288101258e-01 2.115654000000000000e+06
6.471719753415134946e+00 7.584916228644983383e-01 2.141066000000000000e+06
6.487439387114228850e+00 7.559119229679978069e-01 2.139786000000000000e+06
6.503131318747780831e+00 7.544478283172304511e-01 2.152202000000000000e+06
6.518819434526843537e+00 7.511241454527954886e-01 2.161086000000000000e+06
6.534523450777902198e+00 7.487727808725685996e-01 2.176058000000000000e+06
6.550254613659266312e+00 7.465049584219227707e-01 2.190818000000000000e+06
6.565965738846988309e+00 7.439687142597658509e-01 2.191158000000000000e+06
6.581657291702928347e+00 7.402009985879561826e-01 2.205314000000000000e+06
6.597356411838022794e+00 7.390921751399424089e-01 2.215554000000000000e+06
6.613072568835591802e+00 7.362667457797631432e-01 2.230562000000000000e+06
6.628796834083485301e+00 7.336970790502291839e-01 2.239614000000000000e+06
6.644501868950448475e+00 7.328084686953679761e-01 2.245706000000000000e+06
6.660203335766918364e+00 7.299389757106556909e-01 2.259674000000000000e+06
6.675922241577704419e+00 7.259057550235041845e-01 2.273214000000000000e+06
6.691636876769640807e+00 7.235733402902051470e-01 2.278802000000000000e+06
6.707348854586632214e+00 7.228294131647569065e-01 2.294034000000000000e+06
6.723042755046850338e+00 7.200283275132879357e-01 2.294942000000000000e+06
6.738741204690306574e+00 7.179944865238125917e-01 2.317050000000000000e+06
6.754459451825965743e+00 7.140184846838485422e-01 2.322842000000000000e+06
6.770155876549564411e+00 7.136289530249140256e-01 2.330810000000000000e+06
6.785853403723873356e+00 7.108314066151226740e-01 2.345958000000000000e+06
6.801555230257334550e+00 7.083957204028236143e-01 2.353586000000000000e+06
6.817285949066600459e+00 7.065093678589012827e-01 2.376210000000000000e+06
6.833012673954052651e+00 7.044393413861095299e-01 2.374502000000000000e+06
6.848703343789808606e+00 7.011043767332985066e-01 2.386346000000000000e+06
6.864405076602009714e+00 7.006620646029632082e-01 2.401314000000000000e+06
6.880122619459167588e+00 6.976280868357213061e-01 2.411450000000000000e+06
6.895827031199952550e+00 6.959494559052313845e-01 2.420718000000000000e+06
6.911509854271036701e+00 6.936461817645152017e-01 2.425754000000000000e+06
6.927232044479275430e+00 6.908374327656444658e-01 2.455218000000000000e+06
6.942960195844471549e+00 6.882260473728060157e-01 2.450942000000000000e+06
6.958661448092413160e+00 6.868668756814597653e-01 2.467130000000000000e+06
6.974361211749578793e+00 6.852187727536835915e-01 2.474874000000000000e+06
6.990070831352309000e+00 6.825636694584963360e-01 2.490362000000000000e+06
7.005778159324729693e+00 6.804858370741134754e-01 2.498142000000000000e+06
7.021469697735486015e+00 6.775916500803720321e-01 2.507090000000000000e+06
7.037177120604764191e+00 6.759041650927595235e-01 2.525562000000000000e+06
7.052899061516400003e+00 6.735275824684798796e-01 2.534726000000000000e+06
7.068628793135065536e+00 6.710136569740218215e-01 2.549906000000000000e+06
7.084334935478915796e+00 6.696571718421339137e-01 2.551074000000000000e+06
7.100038328422084710e+00 6.681815900870656799e-01 2.570702000000000000e+06
7.115745931638459254e+00 6.656452625258191258e-01 2.574642000000000000e+06
7.131451190238497162e+00 6.634351728136446136e-01 2.594066000000000000e+06
7.147151468730735147e+00 6.617208654070715346e-01 2.594802000000000000e+06
7.162835307179018507e+00 6.596645138072686487e-01 2.612030000000000000e+06
7.178551581855800556e+00 6.568156729531795524e-01 2.627954000000000000e+06
7.194283665259025184e+00 6.559893626046336967e-01 2.640402000000000000e+06
7.209984529526630936e+00 6.539552647897710624e-01 2.641454000000000000e+06
7.225685108067660956e+00 6.506520973884922787e-01 2.661834000000000000e+06
7.241394735953288198e+00 6.499368429058369756e-01 2.669138000000000000e+06
7.257108192998378726e+00 6.480629981175912713e-01 2.684858000000000000e+06
7.272822849503533860e+00 6.456272202857555875e-01 2.693910000000000000e+06
7.288518104809805997e+00 6.441178125330812021e-01 2.701682000000000000e+06
7.304234199753477874e+00 6.413553761746620951e-01 2.722698000000000000e+06
7.319945495172938799e+00 6.390271375742956339e-01 2.725262000000000000e+06
7.335649438298961655e+00 6.381682893033601145e-01 2.742450000000000000e+06
7.351353846506168743e+00 6.369739258505009438e-01 2.749850000000000000e+06
7.367055388436875241e+00 6.353806140738709196e-01 2.763902000000000000e+06
7.382770533642191602e+00 6.335145823390910813e-01 2.778498000000000000e+06
7.398475089415688544e+00 6.313135430395794279e-01 2.784530000000000000e+06
7.414188731852492609e+00 6.295965630400561786e-01 2.804106000000000000e+06
7.429901641940141133e+00 6.265985180387145803e-01 2.809790000000000000e+06
7.445612173277812218e+00 6.251279177277068166e-01 2.825058000000000000e+06
7.461320649323638143e+00 6.228292929898776586e-01 2.834330000000000000e+06
7.477011404590944821e+00 6.216781573119419813e-01 2.842022000000000000e+06
7.492720686839765776e+00 6.194831650466322559e-01 2.864754000000000000e+06
7.508423522993188826e+00 6.178693964009320805e-01 2.864186000000000000e+06
7.524104703200965361e+00 6.165074484170723901e-01 2.879538000000000000e+06
7.539811207090460599e+00 6.143243693467804745e-01 2.899454000000000000e+06
7.555522870235571453e+00 6.133828761081143721e-01 2.904258000000000000e+06
7.571252185241664989e+00 6.111071675504413658e-01 2.930234000000000000e+06
7.586982910029617777e+00 6.086895542145726035e-01 2.929526000000000000e+06
7.602682376348832705e+00 6.065262713759522750e-01 2.942442000000000000e+06
7.618398087127784990e+00 6.059883106312123902e-01 2.960810000000000000e+06
7.634111360506788735e+00 6.036613890131179438e-01 2.964954000000000000e+06
7.649813471415971122e+00 6.031017793224217050e-01 2.980910000000000000e+06
7.665516544353160100e+00 6.002507791765769873e-01 2.990978000000000000e+06
7.681228381318442544e+00 5.987131129335895308e-01 3.007626000000000000e+06
7.696947282980596938e+00 5.960687901890787677e-01 3.019166000000000000e+06
7.712641051068838571e+00 5.952178683852517027e-01 3.021090000000000000e+06
7.728340175203005202e+00 5.937239364086102089e-01 3.047834000000000000e+06
7.744066325082287428e+00 5.928323171629702459e-01 3.055590000000000000e+06
7.759785182459853381e+00 5.912232943550462805e-01 3.068546000000000000e+06
7.775464898067028230e+00 5.882337215390603946e-01 3.067274000000000000e+06
7.791162210093558471e+00 5.882621468029326506e-01 3.098058000000000000e+06
7.806896787352753719e+00 5.858204838907840051e-01 3.109214000000000000e+06
7.822604758484962950e+00 5.848915001803588476e-01 3.110466000000000000e+06
7.838284799897788702e+00 5.827606045378748156e-01 3.124370000000000000e+06
7.853986825204827937e+00 5.814092190826589679e-01 3.144174000000000000e+06
7.869722202747719386e+00 5.791857990763308317e-01 3.161738000000000000e+06
7.885429030328279687e+00 5.767433360022026223e-01 3.159890000000000000e+06
7.901109098578781520e+00 5.767377237536616130e-01 3.174138000000000000e+06
7.916812369163124252e+00 5.745436142764256404e-01 3.195926000000000000e+06
7.932546153031187153e+00 5.728979247589669477e-01 3.211386000000000000e+06
7.948275829971742645e+00 5.721326034055702614e-01 3.219314000000000000e+06
7.963974762265003449e+00 5.696814580960311014e-01 3.225494000000000000e+06
7.979672909422356852e+00 5.690595893000658378e-01 3.242562000000000000e+06
7.995382124285669967e+00 5.673849560238837242e-01 3.257450000000000000e+06
8.011096558073175444e+00 5.664151997572434150e-01 3.269118000000000000e+06
8.026799325701325927e+00 5.642323486625210327e-01 3.278930000000000000e+06
8.042482997119602572e+00 5.624486559262470431e-01 3.286650000000000000e+06
8.058198313138401403e+00 5.608989676205523578e-01 3.316610000000000000e+06
8.073929632859263350e+00 5.605306586519152034e-01 3.321542000000000000e+06
8.089631173905692307e+00 5.581932810347240981e-01 3.328578000000000000e+06
8.105328344487277903e+00 5.572407740456564174e-01 3.345074000000000000e+06
8.121039774478980178e+00 5.554156456016414722e-01 3.361686000000000000e+06
8.136750954641513545e+00 5.537077687714297980e-01 3.369722000000000000e+06
8.152451824383751600e+00 5.529099057983215548e-01 3.385290000000000000e+06
8.168148505929304193e+00 5.516154607135169696e-01 3.391370000000000000e+06
8.183868116116777003e+00 5.500750299593978321e-01 3.422966000000000000e+06
8.199591131301563252e+00 5.476461293894088200e-01 3.419538000000000000e+06
8.215300984565764963e+00 5.468015755878311568e-01 3.441890000000000000e+06
8.231010872605484252e+00 5.452580605769493660e-01 3.447582000000000000e+06
8.246721005479363598e+00 5.444527201642790359e-01 3.466298000000000000e+06
8.262408288354077257e+00 5.418270010276400317e-01 3.466194000000000000e+06
8.278098173695775941e+00 5.419706895238400879e-01 3.492062000000000000e+06
8.293810268215034753e+00 5.399065303041807873e-01 3.503114000000000000e+06
8.309519053075314687e+00 5.386979954770146906e-01 3.517146000000000000e+06
8.325241433409063418e+00 5.365326967230872324e-01 3.535706000000000000e+06
8.340952984226902345e+00 5.352936739457282433e-01 3.539742000000000000e+06
8.356659711712842054e+00 5.343616893032226978e-01 3.558698000000000000e+06
8.372371429175492707e+00 5.332619235421086623e-01 3.570122000000000000e+06
8.388083579962753333e+00 5.322437279194817128e-01 3.585174000000000000e+06
8.403790832576294889e+00 5.305850782652822284e-01 3.594314000000000000e+06
8.419496525959527133e+00 5.293781964078977387e-01 3.612258000000000000e+06
8.435201663874629219e+00 5.274410598400898209e-01 3.620282000000000000e+06
8.450905678681708721e+00 5.272158565988418477e-01 3.639078000000000000e+06
8.466617353651699318e+00 5.254093673382733698e-01 3.650450000000000000e+06
8.482317771685245589e+00 5.236716348693321033e-01 3.661418000000000000e+06
8.498018574275240766e+00 5.225401093728841984e-01 3.677694000000000000e+06
8.513736467920875128e+00 5.211037849792395926e-01 3.695978000000000000e+06
8.529447827058733722e+00 5.197475700886623473e-01 3.702810000000000000e+06
8.545145453356283838e+00 5.184557010700825419e-01 3.716162000000000000e+06
8.560863155475518127e+00 5.174851888749320006e-01 3.740094000000000000e+06
8.576575892842692284e+00 5.162911653016851732e-01 3.740954000000000000e+06
8.592276429309924524e+00 5.151741742636027910e-01 3.760946000000000000e+06
8.607993113742812952e+00 5.144741533047594295e-01 3.778278000000000000e+06
8.623706693511682175e+00 5.127050504607492121e-01 3.784922000000000000e+06
8.639416117971885356e+00 5.113618863963780292e-01 3.805266000000000000e+06
8.655118251607849089e+00 5.101631607753370767e-01 3.807686000000000000e+06
8.670819176621002100e+00 5.092316527224487466e-01 3.833130000000000000e+06
8.686531013296711734e+00 5.082301117832904724e-01 3.841898000000000000e+06
8.702242672461403927e+00 5.062165733472193674e-01 3.858074000000000000e+06
8.717947060126663317e+00 5.052395996974907710e-01 3.868974000000000000e+06
8.733653634556446832e+00 5.040183514431859635e-01 3.885362000000000000e+06
8.749361177527063660e+00 5.027206800930664743e-01 3.898290000000000000e+06
8.765057838444775484e+00 5.015101409298513557e-01 3.907334000000000000e+06
8.780760279838380811e+00 5.002126959602721801e-01 3.928730000000000000e+06
8.796461536498792810e+00 4.996469728445339098e-01 3.936666000000000000e+06
8.812176163138749629e+00 4.980383245997698771e-01 3.961346000000000000e+06
8.827908468663524744e+00 4.973129760393825149e-01 3.975774000000000000e+06
8.843605203440207063e+00 4.962075005050243237e-01 3.970106000000000000e+06
8.859298780821674768e+00 4.943383306229813257e-01 4.003170000000000000e+06
8.875033023597818982e+00 4.941889755042718768e-01 4.019558000000000000e+06
8.890757701901966570e+00 4.921871778464155800e-01 4.025642000000000000e+06
8.906442147587496194e+00 4.909829033733034143e-01 4.028514000000000000e+06
8.922138549702236077e+00 4.902174842181032943e-01 4.059398000000000000e+06
8.937858770665876307e+00 4.893413452772875094e-01 4.069674000000000000e+06
8.953569902743538478e+00 4.877806524870350602e-01 4.083698000000000000e+06
8.969276596619630837e+00 4.865565196900769607e-01 4.095210000000000000e+06
8.984978332063514372e+00 4.860183984111004496e-01 4.110518000000000000e+06
9.000686439228440250e+00 4.849115245283933673e-01 4.126850000000000000e+06
9.016395212272197313e+00 4.833762427797881345e-01 4.140114000000000000e+06
9.032081625028110849e+00 4.821613775829075577e-01 4.144070000000000000e+06
9.047784840512392179e+00 4.812186976298206131e-01 4.175802000000000000e+06
9.063510534008996089e+00 4.798204080248679171e-01 4.187882000000000000e+06
9.079229438028200150e+00 4.792032803476811709e-01 4.199250000000000000e+06
9.094931536527573357e+00 4.775010595520517986e-01 4.209326000000000000e+06
9.110624252584134553e+00 4.770278567926615199e-01 4.222130000000000000e+06
9.126345788688972505e+00 4.759253552558401212e-01 4.254258000000000000e+06
9.142067210789587506e+00 4.743128594668802323e-01 4.252478000000000000e+06
9.157769224107168426e+00 4.736689412363037643e-01 4.270698000000000000e+06
9.173460189222041095e+00 4.730073441103362364e-01 4.278122000000000000e+06
9.189172851773026451e+00 4.715106076756341302e-01 4.309898000000000000e+06
9.204899411326563197e+00 4.703527211238896499e-01 4.317150000000000000e+06
9.220610370561862723e+00 4.692689305351089302e-01 4.329698000000000000e+06
9.236312329177842173e+00 4.678086325045048843e-01 4.340826000000000000e+06
9.252011696799515406e+00 4.673739388336976552e-01 4.359590000000000000e+06
9.267725419345696380e+00 4.664698927310736987e-01 4.376850000000000000e+06
9.283431809080884278e+00 4.651791995484506059e-01 4.386674000000000000e+06
9.299131961634870436e+00 4.643466555136079310e-01 4.401782000000000000e+06
9.314836560434526902e+00 4.630448654850075063e-01 4.419210000000000000e+06
9.330566699333866509e+00 4.620290265427814957e-01 4.446482000000000000e+06
9.346274096307771728e+00 4.608210721817387334e-01 4.435554000000000000e+06
9.361966720359685468e+00 4.606260967380588212e-01 4.468934000000000000e+06
9.377681860044402740e+00 4.596244681920204078e-01 4.477650000000000000e+06
9.393384317371491932e+00 4.579952754464379217e-01 4.491218000000000000e+06
9.409088966137430177e+00 4.577924856519149932e-01 4.510358000000000000e+06
9.424791439829672157e+00 4.558914233055680332e-01 4.518594000000000000e+06
9.440499207501432011e+00 4.551554261285244429e-01 4.544474000000000000e+06
9.456214212898441218e+00 4.544625082764034985e-01 4.552098000000000000e+06
9.471927439984570540e+00 4.534000620766384104e-01 4.574990000000000000e+06
9.487631754062700651e+00 4.524234195066426656e-01 4.577210000000000000e+06
9.503344281547928318e+00 4.517696876818774188e-01 4.608186000000000000e+06
9.519057247113778431e+00 4.507596528392056046e-01 4.610198000000000000e+06
9.534757011366917112e+00 4.497329331948986542e-01 4.628898000000000000e+06
9.550453458784650351e+00 4.490227141001083555e-01 4.641170000000000000e+06
9.566158712525282937e+00 4.479028997984326743e-01 4.662462000000000000e+06
9.581880158653657276e+00 4.467749733949496482e-01 4.681442000000000000e+06
9.597589579516229819e+00 4.461369284426763282e-01 4.687850000000000000e+06
9.613296380928980867e+00 4.450327821121988769e-01 4.708818000000000000e+06
9.629006062959270196e+00 4.440250774430513636e-01 4.721534000000000000e+06
9.644707396083033402e+00 4.432846409185318692e-01 4.732770000000000000e+06
9.660406197323647248e+00 4.422515739439123461e-01 4.753346000000000000e+06
9.676122008914001427e+00 4.414558089172881949e-01 4.772886000000000000e+06
9.691840694543541801e+00 4.403209714827157062e-01 4.785098000000000000e+06
9.707543237507161749e+00 4.390938992708420252e-01 4.795394000000000000e+06
9.723244122996092642e+00 4.382515861076455299e-01 4.813986000000000000e+06
9.738952330288141113e+00 4.371282839615664439e-01 4.832654000000000000e+06
9.754669949504904736e+00 4.365734090381374055e-01 4.849362000000000000e+06
9.770377600734033052e+00 4.355358702037452345e-01 4.858322000000000000e+06
9.786069629200518705e+00 4.351614234926876046e-01 4.871286000000000000e+06
9.801770721287397237e+00 4.338508837705363219e-01 4.894370000000000000e+06
9.817489821034564912e+00 4.325974891396132116e-01 4.914650000000000000e+06
9.833199646667972971e+00 4.325289481504608347e-01 4.919658000000000000e+06
9.848902655768293712e+00 4.315933299849158966e-01 4.941638000000000000e+06
9.864627278272442013e+00 4.300214017286507207e-01 4.965954000000000000e+06
9.880352198135229358e+00 4.290613805546113491e-01 4.971770000000000000e+06
9.896056604692210712e+00 4.289864295940671868e-01 4.985702000000000000e+06
9.911750273437519354e+00 4.278639212827696214e-01 4.996314000000000000e+06
9.927450557379374985e+00 4.272259063366192766e-01 5.021258000000000000e+06
9.943165753651260985e+00 4.256975827979525562e-01 5.038470000000000000e+06
9.958875512968258903e+00 4.252221916305012894e-01 5.048570000000000000e+06
9.974579326095815546e+00 4.244320399480167039e-01 5.067786000000000000e+06
9.990292534396033375e+00 4.236179102281841247e-01 5.084402000000000000e+06
1.000600856325589305e+01 4.229955578090206503e-01 5.104238000000000000e+06
1.002170444839863528e+01 4.220364413972076956e-01 5.101890000000000000e+06
1.003739052522703901e+01 4.213204787747334423e-01 5.129594000000000000e+06
1.005309882194248416e+01 4.204763233707885517e-01 5.149086000000000000e+06
1.006881895908520086e+01 4.201739212363949094e-01 5.168834000000000000e+06
1.008452231173344416e+01 4.184265683430175575e-01 5.172306000000000000e+06
1.010022729382937889e+01 4.176923818158808088e-01 5.199218000000000000e+06
1.011594565713278016e+01 4.167754144912308445e-01 5.215430000000000000e+06
1.013166058960754867e+01 4.160443279928002225e-01 5.229066000000000000e+06
1.014737047935454051e+01 4.153542357465778712e-01 5.244530000000000000e+06
1.016308234466913696e+01 4.144854423536967758e-01 5.262870000000000000e+06
1.017878958276594581e+01 4.139819503307879400e-01 5.272562000000000000e+06
1.019448555450210314e+01 4.130831791773990069e-01 5.290098000000000000e+06
1.021019673146567186e+01 4.119868759312037554e-01 5.314358000000000000e+06
1.022590751621006078e+01 4.109674887610111349e-01 5.322098000000000000e+06
1.024160880192673417e+01 4.103451284453585868e-01 5.341026000000000000e+06
1.025732775208617475e+01 4.093490548846270838e-01 5.366858000000000000e+06
1.027304584666867804e+01 4.087710734289194403e-01 5.374422000000000000e+06
1.028873472736696293e+01 4.080083046192352625e-01 5.377730000000000000e+06
1.030442576009853184e+01 4.074073697501206515e-01 5.409410000000000000e+06
1.032014867554843818e+01 4.064403404187033608e-01 5.434014000000000000e+06
1.033586943357362209e+01 4.058939870363063585e-01 5.438882000000000000e+06
1.035157161316932140e+01 4.051980159005076354e-01 5.456178000000000000e+06
1.036727210965784174e+01 4.045223725700928807e-01 5.469242000000000000e+06
1.038298135070349915e+01 4.033754207927187085e-01 5.496174000000000000e+06
1.039869418006627910e+01 4.026028829195372749e-01 5.505530000000000000e+06
1.041439794625569881e+01 4.018228729903379759e-01 5.521202000000000000e+06
1.043010482665170713e+01 4.010352578566936943e-01 5.544126000000000000e+06
1.044582478281855487e+01 4.005443871034113368e-01 5.560106000000000000e+06
1.046154309703894825e+01 3.996888572506960280e-01 5.579754000000000000e+06
1.047723959228104285e+01 3.987863302888848827e-01 5.576270000000000000e+06
1.049292720351744279e+01 3.979881536712668866e-01 5.607138000000000000e+06
1.050863523850499526e+01 3.970735868598651575e-01 5.625026000000000000e+06
1.052435348202229015e+01 3.966946257795264108e-01 5.646698000000000000e+06
1.054005549761004978e+01 3.959105355412501082e-01 5.649126000000000000e+06
1.055575482461481052e+01 3.951150053008631868e-01 5.676434000000000000e+06
1.057145826219870344e+01 3.942508270009343341e-01 5.687418000000000000e+06
1.058717117850224376e+01 3.939634313826688161e-01 5.715830000000000000e+06
1.060289400134469062e+01 3.929047809383841572e-01 5.729210000000000000e+06
1.061860918710306834e+01 3.920176013028821571e-01 5.744802000000000000e+06
1.063431091651675153e+01 3.908115985768114142e-01 5.752154000000000000e+06
1.065002180958671651e+01 3.907404488677035381e-01 5.786382000000000000e+06
1.066572980082734468e+01 3.898199492198156646e-01 5.784146000000000000e+06
1.068142742642893950e+01 3.892620298939496459e-01 5.812146000000000000e+06
1.069714023788434787e+01 3.885930520674711341e-01 5.830166000000000000e+06
1.071285364357418146e+01 3.874594370365301854e-01 5.845850000000000000e+06
1.072856242199254062e+01 3.871333812282592435e-01 5.862834000000000000e+06
1.074426756718287557e+01 3.862450660016412685e-01 5.876066000000000000e+06
1.075998381704133955e+01 3.854330381347049750e-01 5.905854000000000000e+06
1.077568840897438562e+01 3.850554040696856917e-01 5.902274000000000000e+06
1.079138304940738280e+01 3.841655092393552740e-01 5.931258000000000000e+06
1.080709884248571484e+01 3.835849776472275430e-01 5.954966000000000000e+06
1.082281622961874490e+01 3.827940994537449848e-01 5.965346000000000000e+06
1.083851693336031374e+01 3.819852829243045034e-01 5.977818000000000000e+06
1.085422396324159422e+01 3.814858999206957035e-01 6.004718000000000000e+06
1.086993137901790796e+01 3.804627172386673695e-01 6.011706000000000000e+06
1.088564351758435222e+01 3.797520828612401811e-01 6.045770000000000000e+06
1.090135356744657535e+01 3.793734790831414516e-01 6.041586000000000000e+06
1.091705034221926418e+01 3.787771896898586288e-01 6.073166000000000000e+06
1.093275207829069018e+01 3.778660731881528512e-01 6.078962000000000000e+06
1.094846122315083825e+01 3.769763640984727937e-01 6.114258000000000000e+06
1.096418118107341577e+01 3.764137070751578662e-01 6.123086000000000000e+06
1.097988849072496542e+01 3.753949145886190664e-01 6.136770000000000000e+06
1.099558679320981724e+01 3.750323319736574290e-01 6.154898000000000000e+06
1.101129673485095672e+01 3.744877084004331058e-01 6.178610000000000000e+06
1.102701485690355909e+01 3.736630729163137321e-01 6.197982000000000000e+06
1.104272390432796591e+01 3.728847189557608632e-01 6.205322000000000000e+06
1.105841361686979951e+01 3.725638984699743972e-01 6.218850000000000000e+06
1.107411347758379350e+01 3.715756690650290905e-01 6.249542000000000000e+06
1.108984077014840963e+01 3.708228976501343754e-01 6.274146000000000000e+06
1.110554794633057796e+01 3.700399841026869585e-01 6.270242000000000000e+06
1.112124931961106533e+01 3.695001936490102667e-01 6.305222000000000000e+06
1.113697510740422381e+01 3.690292735555553150e-01 6.325026000000000000e+06
1.115268911253386719e+01 3.684344579734241676e-01 6.331922000000000000e+06
1.116838422783226115e+01 3.678910550281555003e-01 6.343698000000000000e+06
1.118408594539889478e+01 3.665940122582059812e-01 6.375158000000000000e+06
1.119980416311440052e+01 3.662691730424277869e-01 6.392178000000000000e+06
1.121552521724412621e+01 3.655446912172574114e-01 6.412826000000000000e+06
1.123121923820420243e+01 3.651504632845112841e-01 6.407078000000000000e+06
1.124691480473033778e+01 3.638430888309687194e-01 6.447954000000000000e+06
1.126262248805396560e+01 3.638537855950394473e-01 6.456026000000000000e+06
1.127833175656502007e+01 3.629781176710890622e-01 6.482034000000000000e+06
1.129403915665967872e+01 3.622837592204874446e-01 6.492878000000000000e+06
1.130972772992016750e+01 3.618094011233953800e-01 6.502074000000000000e+06
1.132543464171678238e+01 3.612903546270554989e-01 6.542930000000000000e+06
1.134116092480786619e+01 3.606668427742558136e-01 6.556598000000000000e+06
1.135687931575279030e+01 3.594889069498792278e-01 6.570330000000000000e+06
1.137258152843119419e+01 3.591621666872787944e-01 6.581882000000000000e+06
1.138829329520135047e+01 3.583052957211941836e-01 6.612546000000000000e+06
1.140401544384409860e+01 3.576935372087893805e-01 6.628622000000000000e+06
1.141971418729731447e+01 3.570814487009423832e-01 6.629498000000000000e+06
1.143540805815246841e+01 3.567446409130157203e-01 6.659250000000000000e+06
1.145112342906401892e+01 3.554902209181385886e-01 6.686006000000000000e+06
1.146683855971028443e+01 3.548143382534189039e-01 6.693786000000000000e+06
1.148253750634374093e+01 3.546592190124671085e-01 6.711554000000000000e+06
1.149824439280081201e+01 3.539186404100670980e-01 6.735678000000000000e+06
1.151395944216632472e+01 3.533085734876503237e-01 6.754754000000000000e+06
1.152967750311644046e+01 3.524953258064182915e-01 6.776570000000000000e+06
1.154536786069484400e+01 3.519212860962432354e-01 6.767394000000000000e+06
1.156106414707133290e+01 3.513413493734312554e-01 6.818246000000000000e+06
1.157679140551482533e+01 3.503718288480509035e-01 6.830562000000000000e+06
1.159249865891797526e+01 3.499767369976485853e-01 6.839186000000000000e+06
1.160819828013273636e+01 3.493307257258000953e-01 6.861462000000000000e+06
1.162390472506793770e+01 3.491103852482866365e-01 6.880394000000000000e+06
1.163962004466343636e+01 3.483185173452892358e-01 6.907178000000000000e+06
1.165533434666404133e+01 3.478024323720253497e-01 6.917034000000000000e+06
1.167104051015950716e+01 3.465132415500060681e-01 6.937934000000000000e+06
1.168673926950135034e+01 3.463394868473136934e-01 6.947250000000000000e+06
1.170244721913763897e+01 3.458406747190603814e-01 6.982106000000000000e+06
1.171816433671575730e+01 3.453043704734810593e-01 6.995718000000000000e+06
1.173387031746687015e+01 3.443071913353567548e-01 7.006682000000000000e+06
1.174957622851401240e+01 3.439210965643745843e-01 7.035866000000000000e+06
1.176529536104995444e+01 3.433967573513880267e-01 7.054110000000000000e+06
1.178099828544282701e+01 3.427596691633634229e-01 7.059194000000000000e+06
1.179669856151566165e+01 3.423761337386463932e-01 7.091802000000000000e+06
1.181240716294206905e+01 3.417543861378636860e-01 7.100666000000000000e+06
1.182811135021641213e+01 3.404877845216837118e-01 7.129070000000000000e+06
1.184382402706377313e+01 3.401252743486817831e-01 7.143282000000000000e+06
1.185952830171168593e+01 3.400815990321556237e-01 7.161482000000000000e+06
1.187523683486437243e+01 3.389146079151039714e-01 7.184694000000000000e+06
1.189095187450934432e+01 3.384752372113270513e-01 7.203914000000000000e+06
1.190666038869163401e+01 3.375034246357143664e-01 7.219746000000000000e+06
1.192235843864241396e+01 3.373113094396534284e-01 7.228634000000000000e+06
1.193806809039961259e+01 3.368585834138935753e-01 7.271990000000000000e+06
1.195377948291443992e+01 3.362792023874103253e-01 7.266786000000000000e+06
1.196947381174999947e+01 3.355303243232126698e-01 7.293650000000000000e+06
1.198518648559551458e+01 3.348801816363161099e-01 7.324086000000000000e+06
1.200090807358362710e+01 3.345756031422673082e-01 7.338650000000000000e+06
1.201661637889760037e+01 3.337245214270693761e-01 7.351962000000000000e+06
1.203230565217210035e+01 3.332603888169260453e-01 7.357190000000000000e+06
1.204801118703936780e+01 3.325694412751102336e-01 7.406042000000000000e+06
1.206372840719771133e+01 3.320563759055997766e-01 7.408626000000000000e+06
1.207943832024087349e+01 3.313421158452365956e-01 7.435610000000000000e+06
1.209515324384951640e+01 3.306246546943721332e-01 7.453542000000000000e+06
1.211085873951972935e+01 3.304481965572892421e-01 7.464002000000000000e+06
1.212656505101618798e+01 3.297293097286651542e-01 7.493546000000000000e+06
1.214227798456889929e+01 3.291863083669049339e-01 7.510806000000000000e+06
1.215799402266435081e+01 3.285322686300286565e-01 7.532114000000000000e+06
1.217369248650853386e+01 3.279048262036449723e-01 7.536234000000000000e+06
1.218938816956664795e+01 3.276259431544493173e-01 7.565834000000000000e+06
1.220511056850387632e+01 3.266540835784319530e-01 7.603062000000000000e+06
1.222082302231588535e+01 3.258964443783094467e-01 7.593890000000000000e+06
1.223651649645578665e+01 3.255975805027636061e-01 7.622906000000000000e+06
1.225222107367874180e+01 3.250875353849059235e-01 7.646622000000000000e+06
1.226793902491068877e+01 3.247725382159519780e-01 7.672058000000000000e+06
1.228364718069601835e+01 3.238650465807895729e-01 7.679346000000000000e+06
1.229933962477952214e+01 3.233886316728666332e-01 7.693058000000000000e+06
1.231504373451924117e+01 3.230732610482093259e-01 7.732158000000000000e+06
1.233076331536994985e+01 3.221270802670775923e-01 7.746962000000000000e+06
1.234648244688633945e+01 3.217926914293758878e-01 7.770986000000000000e+06
1.236218576653318735e+01 3.211443402511601208e-01 7.772094000000000000e+06
1.237788516389707461e+01 3.205940669041743574e-01 7.803818000000000000e+06
1.239360390984925964e+01 3.199447100699510105e-01 7.834338000000000000e+06
1.240931454438657155e+01 3.196355558222094273e-01 7.833710000000000000e+06
1.242501025862532238e+01 3.189823718499301131e-01 7.858794000000000000e+06
1.244071609171995973e+01 3.185983138621232835e-01 7.884290000000000000e+06
1.245642554635569788e+01 3.177713736669973144e-01 7.901522000000000000e+06
1.247213990979998322e+01 3.170310687808912120e-01 7.930662000000000000e+06
1.248784889213827753e+01 3.167294332318431049e-01 7.934426000000000000e+06
1.250355459696362281e+01 3.163044935299464400e-01 7.967322000000000000e+06
1.251926642764211373e+01 3.159306065422239351e-01 7.981934000000000000e+06
1.253497567568721927e+01 3.150805507040736475e-01 8.003282000000000000e+06
1.255068061703326165e+01 3.144249710648797103e-01 8.019666000000000000e+06
1.256637936912699516e+01 3.139871991747569813e-01 8.034482000000000000e+06
1.258208508998344399e+01 3.136472797687612224e-01 8.068542000000000000e+06
1.259780313698870202e+01 3.129420433738157592e-01 8.088290000000000000e+06
1.261351163942811127e+01 3.125846526360981925e-01 8.096322000000000000e+06
1.262921162496122385e+01 3.123763487907758596e-01 8.122646000000000000e+06
1.264492727534496019e+01 3.115666875824679161e-01 8.150138000000000000e+06
1.266064123044320411e+01 3.107744556797638058e-01 8.165322000000000000e+06
1.267635049109034462e+01 3.105443348266694881e-01 8.182574000000000000e+06
1.269205751319950970e+01 3.099026195259746985e-01 8.203698000000000000e+06
1.270776623809462613e+01 3.094148668625927301e-01 8.226914000000000000e+06
1.272347983526652904e+01 3.089350383623030161e-01 8.246898000000000000e+06
1.273918476699724422e+01 3.082518657615180846e-01 8.261774000000000000e+06
1.275488532096565741e+01 3.079095700595669283e-01 8.279426000000000000e+06
1.277058911046302292e+01 3.073089038241982318e-01 8.308722000000000000e+06
1.278629950396799053e+01 3.070649217039100876e-01 8.326214000000000000e+06
1.280200365974331511e+01 3.062633215553463017e-01 8.342682000000000000e+06
1.281770065856501084e+01 3.057658781408649218e-01 8.360834000000000000e+06
1.283340848437807935e+01 3.054728896850865127e-01 8.393226000000000000e+06
1.284913125601308792e+01 3.046416631532692376e-01 8.420150000000000000e+06
1.286484437274510917e+01 3.040047501860012602e-01 8.421986000000000000e+06
1.288054190366636220e+01 3.036375610161556327e-01 8.445714000000000000e+06
1.289624751817243542e+01 3.028693115092315202e-01 8.472590000000000000e+06
1.291196350413541616e+01 3.024572796711620937e-01 8.495370000000000000e+06
1.292767561271233312e+01 3.022495119703242361e-01 8.512802000000000000e+06
1.294337627341686670e+01 3.013892229409065870e-01 8.523290000000000000e+06
1.295909254465509619e+01 3.010838781367176087e-01 8.570982000000000000e+06
1.297481202941889933e+01 3.004537105742947078e-01 8.568458000000000000e+06
1.299050877709477980e+01 3.000683747902812004e-01 8.586498000000000000e+06
1.300620190024628187e+01 2.995257896594174518e-01 8.608838000000000000e+06
1.302191363383399469e+01 2.989482812664461808e-01 8.645610000000000000e+06
1.303763169598336091e+01 2.984875876404678441e-01 8.658386000000000000e+06
1.305333181807477239e+01 2.981179886297645742e-01 8.668598000000000000e+06
1.306903073371036683e+01 2.975814626074427260e-01 8.697426000000000000e+06
1.308473895878913140e+01 2.966629529259866560e-01 8.722562000000000000e+06
1.310044895130510945e+01 2.967179875581972270e-01 8.737962000000000000e+06
1.311616215419301668e+01 2.959280230696108016e-01 8.771366000000000000e+06
1.313186858979111094e+01 2.954449373561311987e-01 8.771010000000000000e+06
1.314758318782488900e+01 2.953424085685223965e-01 8.822618000000000000e+06
1.316329275779432884e+01 2.942832236152668757e-01 8.807726000000000000e+06
1.317898595262972350e+01 2.941078122311218124e-01 8.844618000000000000e+06
1.319469240226760220e+01 2.934355141586352245e-01 8.868722000000000000e+06
1.321040689247021405e+01 2.930266896281955580e-01 8.891394000000000000e+06
1.322611949941154208e+01 2.926553035513952405e-01 8.911934000000000000e+06
1.324182463394985909e+01 2.924622235161203343e-01 8.923938000000000000e+06
1.325752875752444560e+01 2.917578768153704649e-01 8.953682000000000000e+06
1.327324685934994797e+01 2.911167499409372250e-01 8.981966000000000000e+06
1.328896030804089534e+01 2.907024482222342332e-01 8.990442000000000000e+06
1.330465770248929935e+01 2.902880857347693855e-01 9.007874000000000000e+06
1.332036222917837698e+01 2.897165023671913753e-01 9.038982000000000000e+06
1.333608106842605068e+01 2.893657434413584584e-01 9.068570000000000000e+06
1.335180331535189246e+01 2.887921356044137466e-01 9.085250000000000000e+06
1.336750361723562541e+01 2.878661242155758915e-01 9.084690000000000000e+06
1.338320275923961589e+01 2.876808563453056578e-01 9.128654000000000000e+06
1.339890831652831338e+01 2.873175742923869680e-01 9.133170000000000000e+06
1.341462514739588485e+01 2.866833854386546809e-01 9.185882000000000000e+06
1.343033068227095939e+01 2.863115275425083817e-01 9.163254000000000000e+06
1.344603079414738112e+01 2.857735736914772673e-01 9.220130000000000000e+06
1.346175097817287813e+01 2.854554161326300910e-01 9.233138000000000000e+06
1.347746169624149459e+01 2.849301325991866474e-01 9.249378000000000000e+06
1.349316675243398933e+01 2.841334242925940279e-01 9.271550000000000000e+06
1.350886780744113125e+01 2.839384258430676100e-01 9.286266000000000000e+06
1.352457420959309786e+01 2.837199093807995509e-01 9.320762000000000000e+06
1.354027528269936731e+01 2.828293403960535635e-01 9.326718000000000000e+06
1.355597266711250448e+01 2.825821451302791831e-01 9.354602000000000000e+06
1.357167854077304803e+01 2.819630861576607472e-01 9.384122000000000000e+06
1.358738838662311110e+01 2.817249424018896109e-01 9.400482000000000000e+06
1.360310113866151482e+01 2.811029109778197532e-01 9.432638000000000000e+06
1.361881507393887070e+01 2.806038793416502641e-01 9.445314000000000000e+06
1.363453202384387275e+01 2.802223525923550063e-01 9.477290000000000000e+06
1.365024566205330991e+01 2.797619699991000242e-01 9.489182000000000000e+06
1.366595033684499860e+01 2.796416550590709593e-01 9.506706000000000000e+06
1.368165392332742947e+01 2.788928975921697861e-01 9.533978000000000000e+06
1.369736167268202998e+01 2.782893093768651349e-01 9.553662000000000000e+06
1.371307055606699343e+01 2.779741199598392276e-01 9.579506000000000000e+06
1.372878654632152795e+01 2.776312398611721077e-01 9.607866000000000000e+06
1.374449164540093271e+01 2.770424309928630757e-01 9.608354000000000000e+06
1.376018948147827103e+01 2.764621683719655221e-01 9.643862000000000000e+06
1.377590285876657106e+01 2.760816364854303262e-01 9.670578000000000000e+06
1.379161550194992891e+01 2.758471658947407312e-01 9.687890000000000000e+06
1.380731081996385612e+01 2.750596701183313231e-01 9.693294000000000000e+06
1.382300999567189415e+01 2.745398691089205312e-01 9.736034000000000000e+06
1.383872564254849102e+01 2.745955095970404880e-01 9.758946000000000000e+06
1.385444081006387584e+01 2.740892877120079674e-01 9.778994000000000000e+06
1.387015071998694360e+01 2.738312935205261534e-01 9.796814000000000000e+06
1.388585452423644107e+01 2.730615739294818822e-01 9.816882000000000000e+06
1.390156760444444295e+01 2.725608024109198446e-01 9.850514000000000000e+06
1.391727461050539816e+01 2.722253319835041818e-01 9.856062000000000000e+06
1.393297592547683017e+01 2.719307876657806600e-01 9.886706000000000000e+06
1.394868876145243419e+01 2.712727786487436621e-01 9.916194000000000000e+06
1.396439742877755918e+01 2.709572604292214137e-01 9.924854000000000000e+06
1.398010702101767677e+01 2.705222562086595506e-01 9.961490000000000000e+06
1.399582173626056658e+01 2.699902836909708892e-01 9.979098000000000000e+06
1.401152670862070160e+01 2.694478555425851574e-01 9.990266000000000000e+06
1.402722014478893797e+01 2.692830428834331324e-01 1.001239800000000000e+07
1.404291897715275006e+01 2.688268180576637856e-01 1.003881800000000000e+07
1.405862735443806244e+01 2.683014792770749835e-01 1.007208200000000000e+07
1.407433479531513143e+01 2.680225575170068764e-01 1.008267000000000000e+07
1.409004917104677368e+01 2.674177184229612481e-01 1.012322600000000000e+07
1.410576653922355916e+01 2.672021071090063815e-01 1.013483400000000000e+07
1.412147260933269344e+01 2.666575957129276864e-01 1.015145000000000000e+07
1.413717993358438640e+01 2.662075891108096060e-01 1.018411800000000000e+07
1.415289157905369954e+01 2.658596581701031525e-01 1.019981000000000000e+07
1.416860366393267157e+01 2.653793806020613433e-01 1.023038600000000000e+07
1.418430896436029265e+01 2.649993641543633704e-01 1.023833400000000000e+07
1.420001284291687682e+01 2.646621352051103382e-01 1.027159400000000000e+07
1.421572657614547808e+01 2.642643268121375177e-01 1.029841800000000000e+07
1.423143337578410517e+01 2.638040474971218297e-01 1.030681400000000000e+07
1.424713778177505397e+01 2.633145658778494602e-01 1.034130600000000000e+07
1.426285025225489456e+01 2.631734856133095546e-01 1.036284200000000000e+07
1.427856427368283398e+01 2.626141682502579067e-01 1.038883400000000000e+07
1.429426790244143852e+01 2.622413696909182135e-01 1.039563000000000000e+07
1.430996575509801971e+01 2.619217682800846769e-01 1.042536200000000000e+07
1.432567210679634506e+01 2.612237827323064532e-01 1.045427400000000000e+07
1.434138366999696146e+01 2.609827277226617337e-01 1.047829400000000000e+07
1.435709809438420237e+01 2.605726456124072832e-01 1.050181800000000000e+07
1.437280392282341523e+01 2.601904123802522006e-01 1.051481000000000000e+07
1.438851160269255303e+01 2.595494605000245314e-01 1.054884200000000000e+07
1.440422192675342039e+01 2.591988926851769293e-01 1.056646200000000000e+07
1.441992714275331444e+01 2.589308063524328740e-01 1.058681000000000000e+07
1.443563532454286502e+01 2.586549362342973613e-01 1.061495400000000000e+07
1.445133980253338457e+01 2.579722104694416873e-01 1.063105400000000000e+07
1.446704700330820970e+01 2.575336262265340292e-01 1.066236200000000000e+07
1.448275628028434348e+01 2.573208282717206474e-01 1.068335400000000000e+07
1.449846208348667354e+01 2.570174463782576857e-01 1.069929800000000000e+07
1.451417198299666467e+01 2.565474836904222400e-01 1.073878200000000000e+07
1.452988075651297706e+01 2.561463615445800368e-01 1.074420200000000000e+07
1.454558861043286200e+01 2.558452664422594669e-01 1.078218600000000000e+07
1.456129125218806841e+01 2.553682830339938370e-01 1.078496600000000000e+07
1.457699892464232683e+01 2.551042612575408763e-01 1.083393800000000000e+07
1.459271566640466311e+01 2.546995853113225294e-01 1.084813800000000000e+07
1.460843060267550619e+01 2.543609086309195910e-01 1.087376600000000000e+07
1.462413856613178353e+01 2.538909356781546833e-01 1.088697000000000000e+07
1.463984038393505038e+01 2.535499157750391586e-01 1.091244200000000000e+07
1.465554487563843367e+01 2.532682396460064767e-01 1.093669800000000000e+07
1.467125359738870749e+01 2.526525281179105575e-01 1.096614200000000000e+07
1.468695215062295389e+01 2.523860749442096707e-01 1.096874600000000000e+07
1.470265208970906734e+01 2.521646719509247903e-01 1.101460200000000000e+07
1.471836994524712061e+01 2.516711154280618090e-01 1.104277400000000000e+07
1.473408908505314230e+01 2.510836937283403847e-01 1.106147400000000000e+07
1.474979494899728394e+01 2.508155376632994482e-01 1.107245000000000000e+07
1.476549319820674455e+01 2.503312855582836560e-01 1.109692200000000000e+07
1.478120959716355998e+01 2.503197633056254423e-01 1.114652600000000000e+07
1.479692708607952589e+01 2.497876068067027555e-01 1.114560200000000000e+07
1.481262773648680664e+01 2.494630405924120886e-01 1.116844200000000000e+07
1.482831807978547367e+01 2.490171124701124616e-01 1.118108600000000000e+07
1.484403479212634736e+01 2.487271684535818927e-01 1.125011400000000000e+07
1.485975910022496826e+01 2.483343645754629847e-01 1.124210600000000000e+07
1.487546116254211981e+01 2.480461714520667826e-01 1.126544600000000000e+07
1.489116101759013233e+01 2.475870786292841408e-01 1.128549000000000000e+07
1.490687605691364404e+01 2.474432604599784702e-01 1.133592200000000000e+07
1.492259047301397423e+01 2.468240876318276988e-01 1.133013000000000000e+07
1.493828361520856873e+01 2.465704346202916564e-01 1.135727000000000000e+07
1.495398746968900205e+01 2.462576492010166151e-01 1.138909800000000000e+07
1.496970470176504620e+01 2.459846252293543534e-01 1.142664200000000000e+07
1.498541811108218447e+01 2.456781381529648534e-01 1.143135800000000000e+07
1.500112369815582269e+01 2.451450616621553558e-01 1.146229800000000000e+07
1.501682771044461795e+01 2.449355582382816976e-01 1.147920200000000000e+07
1.503253401606537842e+01 2.443999850213896818e-01 1.150974600000000000e+07
1.504823456875438481e+01 2.442124758158898956e-01 1.152306200000000000e+07
1.506393551489705551e+01 2.437056569584664933e-01 1.155621000000000000e+07
1.507964770104679175e+01 2.433396080626964442e-01 1.158828200000000000e+07
1.509535661435938536e+01 2.431277859686407639e-01 1.159964600000000000e+07
1.511107216380126061e+01 2.428260597389121089e-01 1.164527400000000000e+07
1.512678669010588095e+01 2.423377620256189635e-01 1.164933800000000000e+07
1.514248358802091232e+01 2.421009471954035375e-01 1.166538600000000000e+07
1.515819551110980434e+01 2.415715001750106672e-01 1.171928600000000000e+07
1.517391026295977774e+01 2.413791691274047579e-01 1.172073800000000000e+07
1.518961803510608810e+01 2.411016723501697989e-01 1.175507400000000000e+07
1.520532275548752743e+01 2.407645137325333806e-01 1.176716600000000000e+07
1.522103567250607448e+01 2.405509836078618402e-01 1.181334600000000000e+07
1.523675395281714806e+01 2.400458122101061520e-01 1.182545000000000000e+07
1.525244943101724004e+01 2.397680359163649189e-01 1.182881400000000000e+07
1.526815365307287742e+01 2.393158209346053222e-01 1.188441800000000000e+07
1.528387066072771638e+01 2.392410560404047426e-01 1.190037800000000000e+07
1.529957321464638476e+01 2.387290285977446136e-01 1.190800200000000000e+07
1.531526583627620397e+01 2.386594269975128579e-01 1.193747000000000000e+07
1.533097536464771871e+01 2.381742209932005971e-01 1.198134600000000000e+07
1.534669338573561426e+01 2.379484585712101918e-01 1.199815400000000000e+07
1.536240004252223734e+01 2.375293551040055517e-01 1.201579800000000000e+07
1.537810801182491893e+01 2.374233455022028705e-01 1.204658600000000000e+07
1.539381960142510408e+01 2.369010569337474392e-01 1.207322600000000000e+07
1.540952845721061593e+01 2.365850329669784424e-01 1.208937000000000000e+07
1.542523709037442003e+01 2.363241815880383345e-01 1.212366200000000000e+07
1.544094016867252428e+01 2.361741074174347754e-01 1.212901800000000000e+07
1.545664017249611355e+01 2.357521938665911310e-01 1.216869800000000000e+07
1.547234727593419557e+01 2.354626173092271568e-01 1.219107000000000000e+07
1.548806833453869558e+01 2.349030708596429318e-01 1.223729000000000000e+07
1.550378623459487315e+01 2.347456378518568698e-01 1.223743400000000000e+07
1.551949330626827894e+01 2.344190805929859678e-01 1.226943000000000000e+07
1.553520078467428966e+01 2.342195601447033260e-01 1.228831400000000000e+07
1.555090402017178697e+01 2.338036908328106900e-01 1.231201800000000000e+07
1.556660515225103758e+01 2.336844087412040250e-01 1.233377000000000000e+07
1.558230564648683369e+01 2.332763256174604782e-01 1.236265400000000000e+07
1.559802032509431058e+01 2.328599220880266940e-01 1.240528200000000000e+07
1.561373656517381825e+01 2.327680448933623081e-01 1.241484200000000000e+07
1.562943874868456007e+01 2.324700895451706217e-01 1.243327800000000000e+07
1.564514468723513119e+01 2.320148928877490968e-01 1.246944200000000000e+07
1.566085762263859849e+01 2.317007433561018015e-01 1.249710600000000000e+07
1.567656801168175562e+01 2.314738368845257466e-01 1.251307400000000000e+07
1.569226784315055134e+01 2.312097956080410022e-01 1.253190200000000000e+07
1.570797061764651303e+01 2.309312610352419748e-01 1.256769000000000000e+07
1.572368763200833186e+01 2.306056538355156227e-01 1.260333800000000000e+07
1.573939902922757739e+01 2.303291334482331643e-01 1.261272600000000000e+07
1.575510155432147918e+01 2.300895573986833920e-01 1.263480200000000000e+07
1.577080131559525533e+01 2.297111088998975703e-01 1.266273000000000000e+07
1.578651124257762106e+01 2.293969030527078790e-01 1.269908600000000000e+07
1.580221945868158429e+01 2.291444058936325801e-01 1.271107400000000000e+07
1.581792010585497543e+01 2.289694293897417132e-01 1.273909800000000000e+07
1.583362809238100866e+01 2.285011186821086782e-01 1.276949000000000000e+07
1.584933934958661794e+01 2.284529284546511774e-01 1.279968600000000000e+07
1.586505742005159547e+01 2.280602770709816984e-01 1.282862600000000000e+07
1.588076352344777042e+01 2.278745961323777047e-01 1.283279400000000000e+07
1.589646872608305905e+01 2.276166473878182828e-01 1.287594200000000000e+07
1.591218765353894682e+01 2.270873969128598402e-01 1.290631400000000000e+07
1.592789674253093146e+01 2.271476061327384888e-01 1.291312200000000000e+07
1.594359563934946422e+01 2.268002069357965833e-01 1.293734600000000000e+07
1.595929854003116333e+01 2.265777198745677068e-01 1.297337400000000000e+07
1.597501474699522639e+01 2.261645950198990229e-01 1.300817000000000000e+07
1.599073061961361475e+01 2.261248820610772259e-01 1.302581000000000000e+07
1.600643059467362406e+01 2.258320424380389213e-01 1.303359000000000000e+07
1.602213644221637878e+01 2.255335800321896511e-01 1.308369800000000000e+07
1.603784671360493164e+01 2.252526517204739287e-01 1.309470600000000000e+07
1.605354767035452213e+01 2.249762596270661608e-01 1.311900200000000000e+07
1.606924881116611203e+01 2.245199948761318620e-01 1.314631800000000000e+07
