# k_mean_over_bin [h Mpc^-1] P_bin [h^-3 Mpc^3] N_modes
2.004559772710005558e-02 4.062214843750000000e+03 1.800000000000000000e+01
3.504137442477287673e-02 9.692596774193547390e+03 6.200000000000000000e+01
4.923125820196404961e-02 4.864102040816325825e+03 9.800000000000000000e+01
6.378344006481624640e-02 4.206505357142857974e+03 2.100000000000000000e+02
8.007265176091875325e-02 3.137936071428571267e+03 3.500000000000000000e+02
9.616302738587061139e-02 2.356717500000000200e+03 4.500000000000000000e+02
1.110826890383447979e-01 1.922254983388704431e+03 6.020000000000000000e+02
1.260576397180557251e-01 1.697944389763779554e+03 7.620000000000000000e+02
1.422731428555557009e-01 1.269702605078809029e+03 1.142000000000000000e+03
1.585460595607757484e-01 1.112263100000000122e+03 1.250000000000000000e+03
1.737497011902237598e-01 9.869807956104251616e+02 1.458000000000000000e+03
1.889532144205047226e-01 8.722327728776185722e+02 1.814000000000000000e+03
2.049067109494826788e-01 7.747801882460972820e+02 2.178000000000000000e+03
2.207556613284745450e-01 6.977718174539630809e+02 2.498000000000000000e+03
2.358802738624342921e-01 6.125814263920671010e+02 2.622000000000000000e+03
2.513999951464319649e-01 5.736003594967046411e+02 3.338000000000000000e+03
2.675345382307371400e-01 4.962284725953788893e+02 3.722000000000000000e+03
2.835681791499936044e-01 4.627345323741007519e+02 4.170000000000000000e+03
2.990221799979137507e-01 4.142962081229921978e+02 4.358000000000000000e+03
3.144508804126917023e-01 3.824001291219706218e+02 5.034000000000000000e+03
3.303723395141972552e-01 3.522549002450122657e+02 5.714000000000000000e+03
3.461405835555014798e-01 3.136695712136408929e+02 5.982000000000000000e+03
3.616240832326051979e-01 3.028173470160557486e+02 6.602000000000000000e+03
3.771335216675366642e-01 2.814328541374474071e+02 7.130000000000000000e+03
3.929320011962133541e-01 2.576570201643017413e+02 8.034000000000000000e+03
4.088541926781908975e-01 2.461248838019986067e+02 8.606000000000000000e+03
4.245637628236880179e-01 2.276072413412750848e+02 9.066000000000000000e+03
4.402531073637167558e-01 2.116865589239108658e+02 9.962000000000000000e+03
4.559993315308014661e-01 2.008156161137440563e+02 1.055000000000000000e+04
4.716264483403250773e-01 1.919755255656511679e+02 1.122600000000000000e+04
4.872700578197112775e-01 1.771079573522147257e+02 1.214600000000000000e+04
5.028559864371159316e-01 1.698991948278597590e+02 1.260600000000000000e+04
5.184881697096974662e-01 1.606297456890305853e+02 1.380200000000000000e+04
5.343469721895739433e-01 1.525913650535447914e+02 1.475400000000000000e+04
5.500823565575736485e-01 1.470216039226010025e+02 1.519400000000000000e+04
5.657322269403529669e-01 1.382867235930472987e+02 1.645400000000000000e+04
5.814958906429442687e-01 1.346993558353736660e+02 1.715400000000000000e+04
5.972223875100493018e-01 1.256691667579108724e+02 1.826600000000000000e+04
6.128042965698242694e-01 1.218418400000000048e+02 1.875000000000000000e+04
6.284339241893368566e-01 1.158945833745181346e+02 2.023400000000000000e+04
6.442671741027654608e-01 1.102129836829836762e+02 2.145000000000000000e+04
6.600506477327297006e-01 1.049323149075676156e+02 2.196200000000000000e+04
6.757240646605540135e-01 1.015652224874264817e+02 2.346200000000000000e+04
6.914033637984144942e-01 9.782147907827967970e+01 2.404200000000000000e+04
7.071742118944099875e-01 9.247502505203114254e+01 2.594600000000000000e+04
7.228711511166978632e-01 8.938617045715599829e+01 2.611800000000000000e+04
7.383803448867409802e-01 8.510590416636370037e+01 2.750600000000000000e+04
7.540183656477988938e-01 8.256876591206220439e+01 2.906600000000000000e+04
7.698451130026079392e-01 7.972835796387521157e+01 3.045000000000000000e+04
7.856895634322977884e-01 7.696917333501355074e+01 3.174200000000000000e+04
8.013652298136274554e-01 7.389582945736434283e+01 3.225000000000000000e+04
8.170314793099452411e-01 7.127262043795620627e+01 3.425000000000000000e+04
8.328089595358807440e-01 6.819305297004569866e+01 3.545400000000000000e+04
8.485110835048260691e-01 6.665370258549705795e+01 3.643400000000000000e+04
8.640973204722621759e-01 6.331745262990287415e+01 3.768200000000000000e+04
8.797014300262691044e-01 6.107627118644067821e+01 3.929400000000000000e+04
8.955074489672053550e-01 5.915697870902332056e+01 4.142600000000000000e+04
9.112788985619241222e-01 5.789627014691199491e+01 4.206600000000000000e+04
9.269095651252046153e-01 5.561379627500574685e+01 4.349000000000000000e+04
9.426346125839982770e-01 5.424840816594460335e+01 4.570200000000000000e+04
9.583964670696782928e-01 5.226640434018099057e+01 4.663400000000000000e+04
9.741277885224883804e-01 5.088404662849610816e+01 4.855400000000000000e+04
9.896918448392955092e-01 4.932777266216492507e+01 4.887000000000000000e+04
1.005280879626296420e+00 4.756335104938510483e+01 5.155400000000000000e+04
1.021133664452582135e+00 4.575944259567387462e+01 5.409000000000000000e+04
1.036923334995100809e+00 4.439666568472216568e+01 5.431400000000000000e+04
1.052635308833600680e+00 4.335372518010894538e+01 5.691000000000000000e+04
1.068321370297892425e+00 4.216521258828851160e+01 5.748200000000000000e+04
1.084052701550582753e+00 4.113969666479727749e+01 6.062600000000000000e+04
1.099794715754920382e+00 3.994749289285364569e+01 6.120600000000000000e+04
1.115370388947033220e+00 3.877192344574077509e+01 6.257000000000000000e+04
1.131046383902849950e+00 3.784696105279172684e+01 6.573000000000000000e+04
1.146787968622316356e+00 3.716912095492307344e+01 6.668600000000000000e+04
1.162563353468210270e+00 3.527813925794140459e+01 6.969800000000000000e+04
1.178284495947235833e+00 3.496866163996229915e+01 7.002600000000000000e+04
1.193950312022173277e+00 3.378955543947433426e+01 7.274600000000000000e+04
1.209702279395532543e+00 3.298667067147243159e+01 7.491000000000000000e+04
1.225374778796072261e+00 3.200918161168485199e+01 7.572200000000000000e+04
1.240998268267369031e+00 3.139329276072367492e+01 7.837800000000000000e+04
1.256664763601604173e+00 3.043354367112332781e+01 8.003000000000000000e+04
1.272410839108921055e+00 2.959274998196812234e+01 8.318600000000000000e+04
1.288186821427190987e+00 2.925869888739281066e+01 8.466600000000000000e+04
1.303915415643678744e+00 2.821085029926281962e+01 8.654600000000000000e+04
1.319571589153230251e+00 2.756926101164136256e+01 8.813400000000000000e+04
1.335290070384270056e+00 2.701816458738447224e+01 9.153800000000000000e+04
1.351076062681103140e+00 2.631870450299555486e+01 9.313800000000000000e+04
1.366744220099084473e+00 2.574280784944643230e+01 9.447800000000000000e+04
1.382398842931918725e+00 2.544876328720932790e+01 9.727400000000000000e+04
1.398110035554206876e+00 2.462460878724044733e+01 9.969000000000000000e+04
1.413886464447384306e+00 2.407540695974266498e+01 1.025900000000000000e+05
1.429636290478455862e+00 2.355541341428158475e+01 1.037700000000000000e+05
1.445306609637929229e+00 2.304837511519004067e+01 1.063460000000000000e+05
1.461013715221450848e+00 2.255617664400346101e+01 1.085460000000000000e+05
1.476673179078200837e+00 2.206873724328522712e+01 1.107260000000000000e+05
1.492290038154521659e+00 2.160279152792863400e+01 1.123220000000000000e+05
1.507927148623363189e+00 2.110983907153335082e+01 1.158900000000000000e+05
1.523672044743926701e+00 2.081523121095262852e+01 1.187660000000000000e+05
1.539529615911521709e+00 2.032629724116502246e+01 1.222980000000000000e+05
1.555255688786340684e+00 1.980199238266852291e+01 1.220900000000000000e+05
1.570915144657768492e+00 1.957072172323344716e+01 1.258100000000000000e+05
1.586615423455384422e+00 1.917058077853186404e+01 1.281900000000000000e+05
1.602349133342779730e+00 1.855968784829839535e+01 1.309940000000000000e+05
1.618092974080486135e+00 1.833218729902334587e+01 1.337220000000000000e+05
1.633691874209366679e+00 1.812731913717640353e+01 1.338860000000000000e+05
1.649409270104698511e+00 1.764569369138595789e+01 1.405380000000000000e+05
1.665187916060468121e+00 1.731342731553266745e+01 1.405940000000000000e+05
1.680850499408222509e+00 1.698926487179129907e+01 1.435940000000000000e+05
1.696519861906699678e+00 1.672767240790103216e+01 1.463100000000000000e+05
1.712283893956166425e+00 1.636797543976103597e+01 1.506500000000000000e+05
1.728062756067172412e+00 1.602743657595745219e+01 1.519140000000000000e+05
1.743677627348828585e+00 1.581452170171710314e+01 1.533980000000000000e+05
1.759326903275710174e+00 1.553373272268886218e+01 1.578660000000000000e+05
1.775054497456971747e+00 1.510697724358575478e+01 1.606580000000000000e+05
1.790812710658242546e+00 1.494023686487672187e+01 1.641020000000000000e+05
1.806502375897273804e+00 1.461147678097385416e+01 1.649940000000000000e+05
1.822179186865621636e+00 1.446311598469237403e+01 1.698500000000000000e+05
1.837969883527481585e+00 1.398687032476616565e+01 1.729860000000000000e+05
1.853671301775014824e+00 1.381303265207540321e+01 1.738940000000000000e+05
1.869276135303816311e+00 1.371783677833214554e+01 1.767780000000000000e+05
1.884971321406135658e+00 1.338390116720388257e+01 1.818020000000000000e+05
1.900728707982397125e+00 1.324671826709320754e+01 1.844300000000000000e+05
1.916473119999263952e+00 1.291671606797620164e+01 1.872420000000000000e+05
1.932184555202840048e+00 1.269476741130092101e+01 1.902500000000000000e+05
1.947873548384971176e+00 1.255910058679960528e+01 1.925700000000000000e+05
1.963628993658796507e+00 1.236044417767106829e+01 1.982540000000000000e+05
1.979352447076785815e+00 1.217956672758666059e+01 1.980740000000000000e+05
1.994985104292756439e+00 1.196866369710467737e+01 2.020500000000000000e+05
2.010642935442618739e+00 1.177639268717579313e+01 2.055020000000000000e+05
2.026404838719640278e+00 1.150921007661416517e+01 2.106660000000000000e+05
2.042160439755924539e+00 1.141671923399207245e+01 2.124260000000000000e+05
2.057814152054247447e+00 1.123291751979730613e+01 2.139180000000000000e+05
2.073527659517757193e+00 1.098888770735857001e+01 2.209940000000000000e+05
2.089278401895053872e+00 1.085323466743709453e+01 2.215220000000000000e+05
2.104986979127729807e+00 1.068927463612502926e+01 2.263140000000000000e+05
2.120648321356923383e+00 1.054338213943174907e+01 2.272940000000000000e+05
2.136325257483229656e+00 1.034668851572359571e+01 2.329620000000000000e+05
2.152108829701105730e+00 1.021621260796070985e+01 2.378180000000000000e+05
2.167848322413291839e+00 1.011336085034270482e+01 2.383980000000000000e+05
2.183487000865677263e+00 9.907915938331028016e+00 2.414180000000000000e+05
2.199161537811643807e+00 9.753689965885794066e+00 2.468180000000000000e+05
2.214891256735060487e+00 9.628929477483533006e+00 2.499060000000000000e+05
2.230633713071271895e+00 9.512856200579498989e+00 2.547020000000000000e+05
2.246304443991349320e+00 9.360978782947746879e+00 2.544180000000000000e+05
2.261936208784359970e+00 9.173517595274127245e+00 2.603540000000000000e+05
2.277652670266802293e+00 9.097119906103994680e+00 2.649740000000000000e+05
2.293412982496121355e+00 8.941720439710929114e+00 2.687220000000000000e+05
2.309141221738169047e+00 8.851331371841421713e+00 2.715620000000000000e+05
2.324861988404599789e+00 8.703461895742163890e+00 2.755860000000000000e+05
2.340611247586814159e+00 8.570298725864592626e+00 2.801900000000000000e+05
2.356347504876110666e+00 8.416922116860066083e+00 2.828340000000000000e+05
2.372029085968939910e+00 8.343744959147175067e+00 2.851700000000000000e+05
2.387678571697246621e+00 8.196284056491172976e+00 2.898860000000000000e+05
2.403388139521258626e+00 8.102385949183968705e+00 2.944740000000000000e+05
2.419137128499648348e+00 7.988135146144548671e+00 2.994980000000000000e+05
2.434829956177893884e+00 7.878011254909019989e+00 2.999580000000000000e+05
2.450497304476752181e+00 7.794371898070346028e+00 3.058580000000000000e+05
2.466221630284449073e+00 7.707634317264812296e+00 3.107940000000000000e+05
2.481948461430914410e+00 7.561416018806574435e+00 3.130820000000000000e+05
2.497590267743403203e+00 7.474773450700214816e+00 3.160460000000000000e+05
2.513275415567109317e+00 7.364066408456386270e+00 3.222180000000000000e+05
2.529064511226168488e+00 7.292696659991112718e+00 3.285620000000000000e+05
2.544794397904540872e+00 7.187463032409524999e+00 3.279900000000000000e+05
2.560494206000486273e+00 7.079358569800944245e+00 3.352820000000000000e+05
2.576181416838396743e+00 6.986770396166324559e+00 3.359700000000000000e+05
2.591894431456594372e+00 6.897702039724936895e+00 3.440660000000000000e+05
2.607583386084574517e+00 6.794023007232673272e+00 3.437180000000000000e+05
2.623254195933073518e+00 6.732650683645426071e+00 3.514980000000000000e+05
2.638982638468245323e+00 6.636331384818511481e+00 3.544580000000000000e+05
2.654678623100330981e+00 6.573202004651863106e+00 3.585660000000000000e+05
2.670444987332728282e+00 6.482608256264304813e+00 3.661220000000000000e+05
2.686175436888973866e+00 6.392841229053333407e+00 3.658100000000000000e+05
2.701842624139498383e+00 6.319516201947140033e+00 3.716220000000000000e+05
2.717551210176916143e+00 6.245051677456075367e+00 3.759860000000000000e+05
2.733286152591690943e+00 6.189142920689745253e+00 3.821700000000000000e+05
2.748969669686326611e+00 6.117538329780156658e+00 3.818180000000000000e+05
2.764618652904751617e+00 6.021400298787906280e+00 3.895740000000000000e+05
2.780335698310803405e+00 5.930816260179121890e+00 3.936980000000000000e+05
2.796070939832780322e+00 5.878917182782670281e+00 3.994580000000000000e+05
2.811789110373833278e+00 5.806994023201117905e+00 4.022220000000000000e+05
2.827490318755497611e+00 5.745473948324248958e+00 4.069220000000000000e+05
2.843211165013692643e+00 5.666794439519235560e+00 4.128420000000000000e+05
2.858928238366322816e+00 5.601435309356537218e+00 4.153460000000000000e+05
2.874619182965964193e+00 5.537472517818899931e+00 4.211820000000000000e+05
2.890326122379585971e+00 5.466093788968938050e+00 4.250180000000000000e+05
2.906048410595298837e+00 5.413689468337284261e+00 4.311380000000000000e+05
2.921763637537025282e+00 5.352806400817713417e+00 4.343820000000000000e+05
2.937471882413853042e+00 5.297722598142494022e+00 4.395140000000000000e+05
2.953184966193053373e+00 5.234917524475084072e+00 4.447380000000000000e+05
2.968906669185866321e+00 5.169941079503685977e+00 4.489100000000000000e+05
2.984558054153132023e+00 5.133252000585862618e+00 4.506180000000000000e+05
3.000234266597839206e+00 5.069718139761595133e+00 4.595540000000000000e+05
3.015961738166995865e+00 5.008347980807849709e+00 4.631060000000000000e+05
3.031644318942089189e+00 4.965801316223286577e+00 4.670940000000000000e+05
3.047375183469438475e+00 4.895185792671885139e+00 4.749380000000000000e+05
3.063101994982958765e+00 4.848527094256747105e+00 4.771860000000000000e+05
3.078830638657798602e+00 4.783344337384200173e+00 4.846700000000000000e+05
3.094557820700788220e+00 4.727113406295559095e+00 4.870100000000000000e+05
3.110261604918990841e+00 4.673572004848838723e+00 4.933140000000000000e+05
3.125964826756857384e+00 4.640785619013462870e+00 4.963220000000000000e+05
3.141631907395710410e+00 4.573912900486742927e+00 5.017020000000000000e+05
3.157337759020614865e+00 4.533555397375344853e+00 5.085620000000000000e+05
3.173083732250922218e+00 4.490662470198856226e+00 5.142420000000000000e+05
3.188786566155163538e+00 4.444395417682182270e+00 5.161580000000000000e+05
3.204467208631248454e+00 4.391263810701068415e+00 5.226020000000000000e+05
3.220198682476764773e+00 4.347068168198727101e+00 5.306580000000000000e+05
3.235902901074469540e+00 4.321831571837703834e+00 5.300420000000000000e+05
3.251569839460216826e+00 4.278540318959022315e+00 5.388780000000000000e+05
3.267286640001119125e+00 4.230361310716189038e+00 5.441300000000000000e+05
3.283035953778620897e+00 4.161820956404031158e+00 5.511060000000000000e+05
3.298765470797303756e+00 4.141321378672953912e+00 5.539820000000000000e+05
3.314460854810658219e+00 4.101165802644731073e+00 5.582420000000000000e+05
3.330143183999465961e+00 4.046088804100993919e+00 5.645460000000000000e+05
3.345851390644388967e+00 4.018025167661710917e+00 5.704940000000000000e+05
3.361584614506297086e+00 3.981977401423811180e+00 5.767620000000000000e+05
3.377268741275611497e+00 3.943071057737870699e+00 5.782340000000000000e+05
3.392938742749323389e+00 3.911867002694368267e+00 5.856660000000000000e+05
3.408667877553761993e+00 3.873883834696507655e+00 5.944460000000000000e+05
3.424389245726590758e+00 3.823084838303233646e+00 5.952500000000000000e+05
3.440080490503192756e+00 3.795014766275219387e+00 6.034020000000000000e+05
3.455784632582446392e+00 3.758138617871454645e+00 6.073820000000000000e+05
3.471525169349745088e+00 3.730890504205766511e+00 6.170100000000000000e+05
3.487238775590668638e+00 3.691870089400075994e+00 6.167780000000000000e+05
3.502915637500682244e+00 3.660407589644431692e+00 6.247460000000000000e+05
3.518586117849470174e+00 3.617742754696192442e+00 6.280620000000000000e+05
3.534307361823285198e+00 3.587037268732112150e+00 6.394100000000000000e+05
3.550068718511843802e+00 3.552503756100747534e+00 6.429540000000000000e+05
3.565767899937936303e+00 3.529932706269911957e+00 6.459740000000000000e+05
3.581461234185308484e+00 3.487867450152259519e+00 6.534900000000000000e+05
3.597192479322759873e+00 3.460724317665184735e+00 6.607460000000000000e+05
3.612919168611930854e+00 3.445354745232800830e+00 6.646460000000000000e+05
3.628586482304986038e+00 3.407590028323517206e+00 6.672900000000000000e+05
3.644285394494611641e+00 3.379563468103217172e+00 6.790340000000000000e+05
3.660034289703634869e+00 3.352806852569567120e+00 6.827220000000000000e+05
3.675778468055097559e+00 3.320404838854345453e+00 6.912380000000000000e+05
3.691462948962963786e+00 3.283562202839956701e+00 6.886020000000000000e+05
3.707119074879760223e+00 3.260939591282287164e+00 7.008260000000000000e+05
3.722835664250375487e+00 3.230130359860670097e+00 7.056620000000000000e+05
3.738525251797470528e+00 3.191082508780676008e+00 7.100820000000000000e+05
3.754222032949778853e+00 3.179026770046248451e+00 7.191620000000000000e+05
3.769933086185316640e+00 3.142541017653166957e+00 7.222500000000000000e+05
3.785638995718866973e+00 3.127769613539117977e+00 7.315100000000000000e+05
3.801371660419305520e+00 3.103430752184150432e+00 7.364420000000000000e+05
3.817071936206203997e+00 3.080102119320068610e+00 7.408980000000000000e+05
3.832786102847733023e+00 3.048305157046915514e+00 7.501580000000000000e+05
3.848527046055627121e+00 3.028914734535665954e+00 7.548660000000000000e+05
3.864237159299509283e+00 3.002502871878721002e+00 7.608260000000000000e+05
3.879924927323326056e+00 2.977263773601698471e+00 7.640340000000000000e+05
3.895614328144405114e+00 2.960886274530074580e+00 7.738460000000000000e+05
3.911337128038584687e+00 2.934124884252431009e+00 7.797140000000000000e+05
3.927042484287095014e+00 2.913243930364624035e+00 7.843140000000000000e+05
3.942732759911325768e+00 2.883148183718291069e+00 7.913420000000000000e+05
3.958453369699379998e+00 2.858582627229948159e+00 7.994580000000000000e+05
3.974178216354418591e+00 2.837740166616560700e+00 8.049620000000000000e+05
3.989882109912799013e+00 2.811215798900623675e+00 8.095500000000000000e+05
4.005543243773400874e+00 2.791574672570679816e+00 8.134580000000000000e+05
4.021251057898795445e+00 2.774825900831760173e+00 8.274020000000000000e+05
4.036984636136614846e+00 2.748410908283430931e+00 8.286180000000000000e+05
4.052682677778184583e+00 2.729017060213784429e+00 8.369180000000000000e+05
4.068393456235992467e+00 2.709182807869265908e+00 8.428740000000000000e+05
4.084099822251435974e+00 2.693451841316413464e+00 8.493380000000000000e+05
4.099829813320492455e+00 2.674735896020918435e+00 8.589420000000000000e+05
4.115554009414900349e+00 2.653040495808255184e+00 8.609780000000000000e+05
4.131235359039446386e+00 2.623129777761399328e+00 8.683460000000000000e+05
4.146931044915801223e+00 2.608539468482118817e+00 8.751540000000000000e+05
4.162664159049392687e+00 2.593558102219102768e+00 8.862140000000000000e+05
4.178388788086889960e+00 2.574513211306525218e+00 8.873460000000000000e+05
4.194077965975033351e+00 2.558127445568980640e+00 8.949860000000000000e+05
4.209774792532540388e+00 2.533980819119735273e+00 9.027740000000000000e+05
4.225510803750013977e+00 2.515272487868841278e+00 9.121140000000000000e+05
4.241231113843379141e+00 2.502650744350433776e+00 9.150260000000000000e+05
4.256908196003403866e+00 2.481887034827233052e+00 9.201420000000000000e+05
4.272591924000948893e+00 2.466701693551683228e+00 9.297620000000000000e+05
4.288308084378355645e+00 2.440851958732982219e+00 9.376980000000000000e+05
4.304040323784237287e+00 2.428333537970409406e+00 9.447620000000000000e+05
4.319738418983270378e+00 2.421856116610106469e+00 9.482540000000000000e+05
4.335428335028543856e+00 2.399672555032284826e+00 9.568020000000000000e+05
4.351157550879730884e+00 2.379245043186745789e+00 9.676580000000000000e+05
4.366881330891844826e+00 2.366511309660081164e+00 9.697020000000000000e+05
4.382546060772999574e+00 2.354597111149893784e+00 9.740900000000000000e+05
4.398246218400761798e+00 2.335896860033870315e+00 9.884820000000000000e+05
4.413979276240257654e+00 2.324589160821536993e+00 9.919940000000000000e+05
4.429695644229851403e+00 2.309893309890812318e+00 1.001030000000000000e+06
4.445410080183695989e+00 2.291345666119648072e+00 1.005450000000000000e+06
4.461113024304604657e+00 2.279279261505438026e+00 1.013738000000000000e+06
4.476828248264367538e+00 2.267256364330387353e+00 1.021710000000000000e+06
4.492511743566732996e+00 2.247383810102518087e+00 1.023626000000000000e+06
4.508191947536588806e+00 2.235429373818584864e+00 1.035834000000000000e+06
4.523895481465870283e+00 2.217666503969115688e+00 1.040786000000000000e+06
4.539619934096997156e+00 2.204445046837940403e+00 1.053206000000000000e+06
4.555352618284365995e+00 2.187409768382652331e+00 1.057002000000000000e+06
4.571063001207543941e+00 2.173855247401536683e+00 1.063898000000000000e+06
4.586777862326684385e+00 2.163576103998761990e+00 1.072782000000000000e+06
4.602497075350756361e+00 2.152171897970571735e+00 1.078826000000000000e+06
4.618214180504660149e+00 2.130966190590869669e+00 1.087922000000000000e+06
4.633911241501361467e+00 2.121300300597710908e+00 1.090494000000000000e+06
4.649602871383847535e+00 2.103578569080828853e+00 1.101362000000000000e+06
4.665319460688174047e+00 2.096489508939432422e+00 1.109802000000000000e+06
4.681029772111457099e+00 2.085852218994108664e+00 1.114514000000000000e+06
4.696725943447952467e+00 2.078880193179978075e+00 1.123926000000000000e+06
4.712406639130506392e+00 2.059341768014877783e+00 1.125986000000000000e+06
4.728114319510818397e+00 2.051556813233131216e+00 1.143554000000000000e+06
4.743843011674210075e+00 2.035546120851569274e+00 1.144710000000000000e+06
4.759548004017718270e+00 2.027628685167822464e+00 1.154018000000000000e+06
4.775245153331388437e+00 2.014215120840165518e+00 1.159962000000000000e+06
4.790962201099520534e+00 2.000006191363517871e+00 1.170986000000000000e+06
4.806687457227775795e+00 1.985903651682055404e+00 1.178142000000000000e+06
4.822395257046031780e+00 1.976752258018693365e+00 1.182674000000000000e+06
4.838087143849061356e+00 1.961979492897577115e+00 1.191002000000000000e+06
4.853789225034707222e+00 1.955393989527155929e+00 1.200438000000000000e+06
4.869505077076887289e+00 1.943112140590417480e+00 1.208162000000000000e+06
4.885214479826415435e+00 1.934836265221047791e+00 1.215258000000000000e+06
4.900926872777207954e+00 1.921754481127066372e+00 1.224134000000000000e+06
4.916625834276870499e+00 1.916188120665211603e+00 1.228722000000000000e+06
4.932342625999591945e+00 1.902917900758876346e+00 1.243154000000000000e+06
4.948070313168653200e+00 1.890909915740215830e+00 1.245434000000000000e+06
4.963768791695496674e+00 1.883306324781421903e+00 1.255158000000000000e+06
4.979434313641077026e+00 1.867641823496149156e+00 1.255610000000000000e+06
4.995141420885109262e+00 1.859775689946945976e+00 1.277562000000000000e+06
5.010861277833007499e+00 1.853190368279067801e+00 1.274414000000000000e+06
5.026541148359606304e+00 1.843265404037655042e+00 1.285994000000000000e+06
5.042268620369379839e+00 1.831482144093815601e+00 1.299570000000000000e+06
5.058004053481842455e+00 1.819036349896553384e+00 1.302122000000000000e+06
5.073708460591943137e+00 1.814192795908998734e+00 1.311366000000000000e+06
5.089416057291027862e+00 1.799324166569384431e+00 1.319186000000000000e+06
5.105125712135527571e+00 1.794778874128581947e+00 1.327434000000000000e+06
5.120844156875770103e+00 1.780746791655387629e+00 1.337294000000000000e+06
5.136559512122237159e+00 1.775345937008929731e+00 1.342730000000000000e+06
5.152249183032828306e+00 1.765051422732623942e+00 1.350570000000000000e+06
5.167964432416064291e+00 1.753425645278477107e+00 1.362590000000000000e+06
5.183694924160209716e+00 1.747678685374440155e+00 1.369698000000000000e+06
5.199396868456950926e+00 1.737125740228116166e+00 1.374914000000000000e+06
5.215085298788597612e+00 1.725732525278807827e+00 1.383570000000000000e+06
5.230792912992411559e+00 1.721340479326689543e+00 1.395374000000000000e+06
5.246488594245054315e+00 1.710706882062485557e+00 1.396994000000000000e+06
5.262173859327344161e+00 1.704783107691653754e+00 1.411530000000000000e+06
5.277882164810089982e+00 1.695323489285215590e+00 1.417574000000000000e+06
5.293593858628555360e+00 1.686227546376975805e+00 1.428834000000000000e+06
5.309329156889964985e+00 1.676602898643380524e+00 1.439018000000000000e+06
5.325038538485003414e+00 1.669386471002250349e+00 1.440698000000000000e+06
5.340730702455575241e+00 1.664745108479552593e+00 1.453638000000000000e+06
5.356455193601842524e+00 1.654253272799581120e+00 1.463426000000000000e+06
5.372183381207660702e+00 1.646845790421807676e+00 1.471050000000000000e+06
5.387886700194870926e+00 1.639387581790526793e+00 1.476638000000000000e+06
5.403571860691538831e+00 1.631786447112968608e+00 1.484466000000000000e+06
5.419293096268920529e+00 1.623263502611990594e+00 1.501154000000000000e+06
5.435016687773623012e+00 1.615095098507963733e+00 1.501706000000000000e+06
5.450702718101835487e+00 1.607869026967877035e+00 1.511502000000000000e+06
5.466391329901655105e+00 1.598925395695662610e+00 1.520234000000000000e+06
5.482117701107046770e+00 1.594512087869134342e+00 1.535010000000000000e+06
5.497863840523032231e+00 1.586140901851676777e+00 1.543358000000000000e+06
5.513531058043433575e+00 1.580492220759314170e+00 1.535754000000000000e+06
5.529215137958169990e+00 1.573628005332303958e+00 1.564802000000000000e+06
5.544946163489404611e+00 1.564962911970150472e+00 1.563038000000000000e+06
5.560660431796565106e+00 1.558709752626984191e+00 1.578426000000000000e+06
5.576372624871568817e+00 1.553514678004555005e+00 1.581482000000000000e+06
5.592071612679278658e+00 1.544136756162662882e+00 1.592250000000000000e+06
5.607777081388953810e+00 1.538286794030819582e+00 1.602230000000000000e+06
5.623461069047772654e+00 1.535139186442283421e+00 1.604754000000000000e+06
5.639160434689571844e+00 1.523799506978314122e+00 1.623458000000000000e+06
5.654868627057174635e+00 1.519992953455883811e+00 1.624910000000000000e+06
5.670595730029768688e+00 1.511497779495988736e+00 1.645122000000000000e+06
5.686329334746649700e+00 1.505965789937573351e+00 1.645130000000000000e+06
5.702030598096980540e+00 1.499973878212677914e+00 1.655706000000000000e+06
5.717729473142792784e+00 1.491722582840297129e+00 1.663502000000000000e+06
5.733437455346763301e+00 1.486137537495956451e+00 1.675514000000000000e+06
5.749160590029285700e+00 1.479167779229548563e+00 1.685298000000000000e+06
5.764862617007506351e+00 1.472649633101044797e+00 1.689566000000000000e+06
5.780540238679900078e+00 1.465518597049209282e+00 1.697850000000000000e+06
5.796263103923236848e+00 1.462779000387536943e+00 1.718546000000000000e+06
5.812002103804656983e+00 1.456959790024781487e+00 1.719822000000000000e+06
5.827695391299545058e+00 1.450648997501427839e+00 1.726586000000000000e+06
5.843388778895907798e+00 1.441903712426388040e+00 1.739186000000000000e+06
5.859113417771065535e+00 1.438909689655605728e+00 1.751538000000000000e+06
5.874835560723500549e+00 1.431703916016613620e+00 1.758062000000000000e+06
5.890526541065327137e+00 1.426264173203782182e+00 1.763010000000000000e+06
5.906225317694219434e+00 1.423614336105860412e+00 1.778642000000000000e+06
5.921952321011594300e+00 1.415473123401666644e+00 1.788582000000000000e+06
5.937670655764399896e+00 1.407493455898494616e+00 1.794746000000000000e+06
5.953363581550269679e+00 1.402710601178956296e+00 1.803290000000000000e+06
5.969050809995837703e+00 1.399174267196301891e+00 1.811058000000000000e+06
5.984760752596141486e+00 1.391111177351481487e+00 1.828358000000000000e+06
6.000476440810660783e+00 1.385931481596756942e+00 1.831362000000000000e+06
6.016171166004743220e+00 1.383870351454415948e+00 1.842458000000000000e+06
6.031847027098122815e+00 1.373377908368065503e+00 1.846998000000000000e+06
6.047561666320434348e+00 1.371778300185862554e+00 1.869122000000000000e+06
6.063310221741519790e+00 1.365997529240342567e+00 1.876346000000000000e+06
6.079025995273507732e+00 1.360169241279357344e+00 1.879506000000000000e+06
6.094727650148782594e+00 1.354159954492781370e+00 1.893326000000000000e+06
6.110443441650997620e+00 1.349682752260196406e+00 1.901826000000000000e+06
6.126157369603382641e+00 1.346771536254381507e+00 1.911962000000000000e+06
6.141856103084946561e+00 1.338833460643456430e+00 1.919198000000000000e+06
6.157554247585426133e+00 1.335921091759479040e+00 1.930242000000000000e+06
6.173264897526903994e+00 1.331372699931323567e+00 1.942442000000000000e+06
6.188983783131053684e+00 1.324813601648585415e+00 1.951734000000000000e+06
6.204674330135580007e+00 1.318793654706295726e+00 1.955402000000000000e+06
6.220364153407833108e+00 1.317079373869720849e+00 1.971858000000000000e+06
6.236097253224911263e+00 1.311147474580557803e+00 1.984898000000000000e+06
6.251804727814884721e+00 1.306366044073212995e+00 1.986422000000000000e+06
6.267477703420695434e+00 1.302198586676525771e+00 1.996146000000000000e+06
6.283195068785119908e+00 1.296536225661913733e+00 2.017106000000000000e+06
6.298926466691256110e+00 1.292649772002703923e+00 2.020638000000000000e+06
6.314631082636630310e+00 1.287688619880493324e+00 2.029346000000000000e+06
6.330330969697290477e+00 1.283144137046411615e+00 2.041002000000000000e+06
6.346042618354868381e+00 1.276671744375929229e+00 2.051450000000000000e+06
6.361769829008385280e+00 1.274673070053236268e+00 2.065886000000000000e+06
6.377467710730222450e+00 1.269089426924854047e+00 2.064546000000000000e+06
6.393156758488530933e+00 1.265717475331908926e+00 2.082650000000000000e+06
6.408877231485442749e+00 1.259167103382904163e+00 2.095182000000000000e+06
6.424598957671957322e+00 1.256981477586270879e+00 2.101346000000000000e+06
6.440311953715900373e+00 1.251810873180263739e+00 2.115554000000000000e+06
6.456005935746694568e+00 1.247022670058525629e+00 2.115654000000000000e+06
6.471719753415134946e+00 1.243703370190363033e+00 2.141066000000000000e+06
6.487439387114228850e+00 1.237538122971175714e+00 2.139786000000000000e+06
6.503131318747780831e+00 1.234970160793457117e+00 2.152202000000000000e+06
6.518819434526843537e+00 1.230704840066522143e+00 2.161086000000000000e+06
6.534523450777902198e+00 1.226733271815365178e+00 2.176058000000000000e+06
6.550254613659266312e+00 1.222206956488398388e+00 2.190818000000000000e+06
6.565965738846988309e+00 1.216673215715160739e+00 2.191158000000000000e+06
6.581657291702928347e+00 1.213679208493665840e+00 2.205314000000000000e+06
6.597356411838022794e+00 1.208859386862157326e+00 2.215554000000000000e+06
6.613072568835591802e+00 1.203580420539756224e+00 2.230562000000000000e+06
6.628796834083485301e+00 1.201223067903665509e+00 2.239614000000000000e+06
6.644501868950448475e+00 1.199324622190081957e+00 2.245706000000000000e+06
6.660203335766918364e+00 1.193711792054960252e+00 2.259674000000000000e+06
6.675922241577704419e+00 1.189360416573186585e+00 2.273214000000000000e+06
6.691636876769640807e+00 1.187497312184208953e+00 2.278802000000000000e+06
6.707348854586632214e+00 1.184152676028341400e+00 2.294034000000000000e+06
6.723042755046850338e+00 1.178470523438065021e+00 2.294942000000000000e+06
6.738741204690306574e+00 1.174945296821389151e+00 2.317050000000000000e+06
6.754459451825965743e+00 1.170439487489893793e+00 2.322842000000000000e+06
6.770155876549564411e+00 1.167073249213792518e+00 2.330810000000000000e+06
6.785853403723873356e+00 1.162565357095054486e+00 2.345958000000000000e+06
6.801555230257334550e+00 1.159770877291078417e+00 2.353586000000000000e+06
6.817285949066600459e+00 1.157592552846760103e+00 2.376210000000000000e+06
6.833012673954052651e+00 1.154254765841426833e+00 2.374502000000000000e+06
6.848703343789808606e+00 1.148748023128247198e+00 2.386346000000000000e+06
6.864405076602009714e+00 1.145205708208089312e+00 2.401314000000000000e+06
6.880122619459167588e+00 1.142199299176843930e+00 2.411450000000000000e+06
6.895827031199952550e+00 1.137945952399246785e+00 2.420718000000000000e+06
6.911509854271036701e+00 1.135299478017968822e+00 2.425754000000000000e+06
6.927232044479275430e+00 1.132385189421061700e+00 2.455218000000000000e+06
6.942960195844471549e+00 1.128376864895211718e+00 2.450942000000000000e+06
6.958661448092413160e+00 1.125203475293154343e+00 2.467130000000000000e+06
6.974361211749578793e+00 1.123104246923277705e+00 2.474874000000000000e+06
6.990070831352309000e+00 1.117616836427796301e+00 2.490362000000000000e+06
7.005778159324729693e+00 1.114861765263944093e+00 2.498142000000000000e+06
7.021469697735486015e+00 1.111899652585268239e+00 2.507090000000000000e+06
7.037177120604764191e+00 1.109594418984764408e+00 2.525562000000000000e+06
7.052899061516400003e+00 1.105443251065401089e+00 2.534726000000000000e+06
7.068628793135065536e+00 1.101819733747047891e+00 2.549906000000000000e+06
7.084334935478915796e+00 1.098630615968019697e+00 2.551074000000000000e+06
7.100038328422084710e+00 1.094809608426025260e+00 2.570702000000000000e+06
7.115745931638459254e+00 1.088994897154633490e+00 2.574642000000000000e+06
7.131451190238497162e+00 1.090271989995628354e+00 2.594066000000000000e+06
7.147151468730735147e+00 1.086721164081112967e+00 2.594802000000000000e+06
7.162835307179018507e+00 1.082026240127410555e+00 2.612030000000000000e+06
7.178551581855800556e+00 1.080658470429847862e+00 2.627954000000000000e+06
7.194283665259025184e+00 1.075766398449933048e+00 2.640402000000000000e+06
7.209984529526630936e+00 1.073483486746314775e+00 2.641454000000000000e+06
7.225685108067660956e+00 1.069923218352459182e+00 2.661834000000000000e+06
7.241394735953288198e+00 1.067757081125067398e+00 2.669138000000000000e+06
7.257108192998378726e+00 1.063979547521693769e+00 2.684858000000000000e+06
7.272822849503533860e+00 1.059829207360305281e+00 2.693910000000000000e+06
7.288518104809805997e+00 1.059057376108661241e+00 2.701682000000000000e+06
7.304234199753477874e+00 1.055178447995334112e+00 2.722698000000000000e+06
7.319945495172938799e+00 1.053660437051556986e+00 2.725262000000000000e+06
7.335649438298961655e+00 1.050184962351182305e+00 2.742450000000000000e+06
7.351353846506168743e+00 1.046477989708529455e+00 2.749850000000000000e+06
7.367055388436875241e+00 1.044454452437170389e+00 2.763902000000000000e+06
7.382770533642191602e+00 1.041170085420252134e+00 2.778498000000000000e+06
7.398475089415688544e+00 1.038231856004424580e+00 2.784530000000000000e+06
7.414188731852492609e+00 1.035251342138991948e+00 2.804106000000000000e+06
7.429901641940141133e+00 1.032320120008968667e+00 2.809790000000000000e+06
7.445612173277812218e+00 1.030163186030162992e+00 2.825058000000000000e+06
7.461320649323638143e+00 1.027505177590471108e+00 2.834330000000000000e+06
7.477011404590944821e+00 1.025738980908663001e+00 2.842022000000000000e+06
7.492720686839765776e+00 1.022558481461235402e+00 2.864754000000000000e+06
7.508423522993188826e+00 1.020239781913604871e+00 2.864186000000000000e+06
7.524104703200965361e+00 1.017067668494043176e+00 2.879538000000000000e+06
7.539811207090460599e+00 1.013722238738741899e+00 2.899454000000000000e+06
7.555522870235571453e+00 1.010591775937261794e+00 2.904258000000000000e+06
7.571252185241664989e+00 1.008791192102746814e+00 2.930234000000000000e+06
7.586982910029617777e+00 1.007019138932373270e+00 2.929526000000000000e+06
7.602682376348832705e+00 1.003371519302674431e+00 2.942442000000000000e+06
7.618398087127784990e+00 1.000725814895248256e+00 2.960810000000000000e+06
7.634111360506788735e+00 9.970909329453341297e-01 2.964954000000000000e+06
7.649813471415971122e+00 9.963850803949130253e-01 2.980910000000000000e+06
7.665516544353160100e+00 9.946136347375339470e-01 2.990978000000000000e+06
7.681228381318442544e+00 9.909758560406114469e-01 3.007626000000000000e+06
7.696947282980596938e+00 9.873151227855639922e-01 3.019166000000000000e+06
7.712641051068838571e+00 9.863274513503405005e-01 3.021090000000000000e+06
7.728340175203005202e+00 9.824146426609848826e-01 3.047834000000000000e+06
7.744066325082287428e+00 9.815620714821033932e-01 3.055590000000000000e+06
7.759785182459853381e+00 9.773752780632911641e-01 3.068546000000000000e+06
7.775464898067028230e+00 9.752695716131000170e-01 3.067274000000000000e+06
7.791162210093558471e+00 9.739634474241605222e-01 3.098058000000000000e+06
7.806896787352753719e+00 9.720657696768379985e-01 3.109214000000000000e+06
7.822604758484962950e+00 9.695332628615777049e-01 3.110466000000000000e+06
7.838284799897788702e+00 9.660333123157628377e-01 3.124370000000000000e+06
7.853986825204827937e+00 9.637308558623027821e-01 3.144174000000000000e+06
7.869722202747719386e+00 9.622884628644119420e-01 3.161738000000000000e+06
7.885429030328279687e+00 9.587947681723097970e-01 3.159890000000000000e+06
7.901109098578781520e+00 9.580000932536644198e-01 3.174138000000000000e+06
7.916812369163124252e+00 9.551643248310505152e-01 3.195926000000000000e+06
7.932546153031187153e+00 9.519902777180943021e-01 3.211386000000000000e+06
7.948275829971742645e+00 9.501872137977220856e-01 3.219314000000000000e+06
7.963974762265003449e+00 9.481364714986293407e-01 3.225494000000000000e+06
7.979672909422356852e+00 9.462397326558442678e-01 3.242562000000000000e+06
7.995382124285669967e+00 9.434197762053140313e-01 3.257450000000000000e+06
8.011096558073175444e+00 9.405201953554445105e-01 3.269118000000000000e+06
8.026799325701325927e+00 9.383288145828060367e-01 3.278930000000000000e+06
8.042482997119602572e+00 9.372075669754916794e-01 3.286650000000000000e+06
8.058198313138401403e+00 9.342885506586545707e-01 3.316610000000000000e+06
8.073929632859263350e+00 9.334605734324599169e-01 3.321542000000000000e+06
8.089631173905692307e+00 9.307846323565197588e-01 3.328578000000000000e+06
8.105328344487277903e+00 9.278369477028011181e-01 3.345074000000000000e+06
8.121039774478980178e+00 9.248729655297965868e-01 3.361686000000000000e+06
8.136750954641513545e+00 9.232528677439859610e-01 3.369722000000000000e+06
8.152451824383751600e+00 9.225606964248261876e-01 3.385290000000000000e+06
8.168148505929304193e+00 9.196449370018605629e-01 3.391370000000000000e+06
8.183868116116777003e+00 9.170771780964228626e-01 3.422966000000000000e+06
8.199591131301563252e+00 9.161158612654692890e-01 3.419538000000000000e+06
8.215300984565764963e+00 9.124704014364201088e-01 3.441890000000000000e+06
8.231010872605484252e+00 9.110174899393256309e-01 3.447582000000000000e+06
8.246721005479363598e+00 9.075830323878674166e-01 3.466298000000000000e+06
8.262408288354077257e+00 9.060049004758532476e-01 3.466194000000000000e+06
8.278098173695775941e+00 9.053416004641384740e-01 3.492062000000000000e+06
8.293810268215034753e+00 9.024185339101153946e-01 3.503114000000000000e+06
8.309519053075314687e+00 9.008175236399058594e-01 3.517146000000000000e+06
8.325241433409063418e+00 8.983284385070477995e-01 3.535706000000000000e+06
8.340952984226902345e+00 8.963081207613435852e-01 3.539742000000000000e+06
8.356659711712842054e+00 8.946557842222071510e-01 3.558698000000000000e+06
8.372371429175492707e+00 8.927675300732019759e-01 3.570122000000000000e+06
8.388083579962753333e+00 8.904351643741698075e-01 3.585174000000000000e+06
8.403790832576294889e+00 8.890005853690021720e-01 3.594314000000000000e+06
8.419496525959527133e+00 8.884363326207596057e-01 3.612258000000000000e+06
8.435201663874629219e+00 8.846201069419453722e-01 3.620282000000000000e+06
8.450905678681708721e+00 8.841020307891175323e-01 3.639078000000000000e+06
8.466617353651699318e+00 8.804252215480282695e-01 3.650450000000000000e+06
8.482317771685245589e+00 8.775636242570501455e-01 3.661418000000000000e+06
8.498018574275240766e+00 8.772658220069424750e-01 3.677694000000000000e+06
8.513736467920875128e+00 8.753777078759668040e-01 3.695978000000000000e+06
8.529447827058733722e+00 8.725246501980927771e-01 3.702810000000000000e+06
8.545145453356283838e+00 8.714733103669861647e-01 3.716162000000000000e+06
8.560863155475518127e+00 8.697097586317349416e-01 3.740094000000000000e+06
8.576575892842692284e+00 8.671654342715788832e-01 3.740954000000000000e+06
8.592276429309924524e+00 8.653788169253160412e-01 3.760946000000000000e+06
8.607993113742812952e+00 8.637375942162011100e-01 3.778278000000000000e+06
8.623706693511682175e+00 8.627564848099907868e-01 3.784922000000000000e+06
8.639416117971885356e+00 8.600760761534147480e-01 3.805266000000000000e+06
8.655118251607849089e+00 8.581577498774847212e-01 3.807686000000000000e+06
8.670819176621002100e+00 8.572599937909749501e-01 3.833130000000000000e+06
8.686531013296711734e+00 8.552215597603060049e-01 3.841898000000000000e+06
8.702242672461403927e+00 8.530916592061219550e-01 3.858074000000000000e+06
8.717947060126663317e+00 8.511087823283381981e-01 3.868974000000000000e+06
8.733653634556446832e+00 8.497235907490731099e-01 3.885362000000000000e+06
8.749361177527063660e+00 8.485774531910145191e-01 3.898290000000000000e+06
8.765057838444775484e+00 8.463429284519827789e-01 3.907334000000000000e+06
8.780760279838380811e+00 8.448569257749960482e-01 3.928730000000000000e+06
8.796461536498792810e+00 8.428072765126631838e-01 3.936666000000000000e+06
8.812176163138749629e+00 8.402146012996591917e-01 3.961346000000000000e+06
8.827908468663524744e+00 8.393584494490883285e-01 3.975774000000000000e+06
8.843605203440207063e+00 8.386986392806641266e-01 3.970106000000000000e+06
8.859298780821674768e+00 8.363315822210898309e-01 4.003170000000000000e+06
8.875033023597818982e+00 8.348292274921770284e-01 4.019558000000000000e+06
8.890757701901966570e+00 8.330769974081153606e-01 4.025642000000000000e+06
8.906442147587496194e+00 8.309429978398983341e-01 4.028514000000000000e+06
8.922138549702236077e+00 8.293319600591023688e-01 4.059398000000000000e+06
8.937858770665876307e+00 8.279411323855423444e-01 4.069674000000000000e+06
8.953569902743538478e+00 8.262550879129652026e-01 4.083698000000000000e+06
8.969276596619630837e+00 8.259331023317485476e-01 4.095210000000000000e+06
8.984978332063514372e+00 8.236775754296660201e-01 4.110518000000000000e+06
9.000686439228440250e+00 8.213167427941409082e-01 4.126850000000000000e+06
9.016395212272197313e+00 8.190610814098355785e-01 4.140114000000000000e+06
9.032081625028110849e+00 8.185906608720411315e-01 4.144070000000000000e+06
9.047784840512392179e+00 8.165593100439149099e-01 4.175802000000000000e+06
9.063510534008996089e+00 8.149475080720993692e-01 4.187882000000000000e+06
9.079229438028200150e+00 8.135856998273501839e-01 4.199250000000000000e+06
9.094931536527573357e+00 8.120721108319953752e-01 4.209326000000000000e+06
9.110624252584134553e+00 8.101638272625428794e-01 4.222130000000000000e+06
9.126345788688972505e+00 8.091005529048779232e-01 4.254258000000000000e+06
9.142067210789587506e+00 8.082922474848781569e-01 4.252478000000000000e+06
9.157769224107168426e+00 8.059585927171624142e-01 4.270698000000000000e+06
9.173460189222041095e+00 8.047250055047517892e-01 4.278122000000000000e+06
9.189172851773026451e+00 8.033777713532895826e-01 4.309898000000000000e+06
9.204899411326563197e+00 8.016009983438148190e-01 4.317150000000000000e+06
9.220610370561862723e+00 8.004771926356064604e-01 4.329698000000000000e+06
9.236312329177842173e+00 7.979022886427605821e-01 4.340826000000000000e+06
9.252011696799515406e+00 7.967835278088076789e-01 4.359590000000000000e+06
9.267725419345696380e+00 7.952965031929355444e-01 4.376850000000000000e+06
9.283431809080884278e+00 7.942833226266642344e-01 4.386674000000000000e+06
9.299131961634870436e+00 7.919693092479364038e-01 4.401782000000000000e+06
9.314836560434526902e+00 7.905737677096132954e-01 4.419210000000000000e+06
9.330566699333866509e+00 7.893476798061929145e-01 4.446482000000000000e+06
9.346274096307771728e+00 7.886656322975664768e-01 4.435554000000000000e+06
9.361966720359685468e+00 7.872070833894615483e-01 4.468934000000000000e+06
9.377681860044402740e+00 7.853434279141960905e-01 4.477650000000000000e+06
9.393384317371491932e+00 7.832917484744673642e-01 4.491218000000000000e+06
9.409088966137430177e+00 7.819485171687037273e-01 4.510358000000000000e+06
9.424791439829672157e+00 7.800371088882958048e-01 4.518594000000000000e+06
9.440499207501432011e+00 7.805804368118289815e-01 4.544474000000000000e+06
9.456214212898441218e+00 7.782034240036131978e-01 4.552098000000000000e+06
9.471927439984570540e+00 7.763522433928816691e-01 4.574990000000000000e+06
9.487631754062700651e+00 7.747977479731102957e-01 4.577210000000000000e+06
9.503344281547928318e+00 7.742789679062433983e-01 4.608186000000000000e+06
9.519057247113778431e+00 7.717481982335683277e-01 4.610198000000000000e+06
9.534757011366917112e+00 7.709505048501824609e-01 4.628898000000000000e+06
9.550453458784650351e+00 7.698057817317616180e-01 4.641170000000000000e+06
9.566158712525282937e+00 7.689834791146823445e-01 4.662462000000000000e+06
9.581880158653657276e+00 7.668474264980746913e-01 4.681442000000000000e+06
9.597589579516229819e+00 7.655624646693047763e-01 4.687850000000000000e+06
9.613296380928980867e+00 7.641414469618490468e-01 4.708818000000000000e+06
9.629006062959270196e+00 7.634119017251597139e-01 4.721534000000000000e+06
9.644707396083033402e+00 7.614563986840687804e-01 4.732770000000000000e+06
9.660406197323647248e+00 7.609391889418527510e-01 4.753346000000000000e+06
9.676122008914001427e+00 7.593666075410140381e-01 4.772886000000000000e+06
9.691840694543541801e+00 7.568877899679379295e-01 4.785098000000000000e+06
9.707543237507161749e+00 7.557524470356346002e-01 4.795394000000000000e+06
9.723244122996092642e+00 7.546943946243299672e-01 4.813986000000000000e+06
9.738952330288141113e+00 7.539683163743979843e-01 4.832654000000000000e+06
9.754669949504904736e+00 7.529233226968826687e-01 4.849362000000000000e+06
9.770377600734033052e+00 7.515948922282220668e-01 4.858322000000000000e+06
9.786069629200518705e+00 7.504517800843556463e-01 4.871286000000000000e+06
9.801770721287397237e+00 7.491476941874030127e-01 4.894370000000000000e+06
9.817489821034564912e+00 7.474861383821839178e-01 4.914650000000000000e+06
9.833199646667972971e+00 7.455449647109615441e-01 4.919658000000000000e+06
9.848902655768293712e+00 7.445724474354454836e-01 4.941638000000000000e+06
9.864627278272442013e+00 7.434247276555522310e-01 4.965954000000000000e+06
9.880352198135229358e+00 7.427430774150856063e-01 4.971770000000000000e+06
9.896056604692210712e+00 7.418446289008047145e-01 4.985702000000000000e+06
9.911750273437519354e+00 7.402895414499568449e-01 4.996314000000000000e+06
9.927450557379374985e+00 7.382873475133124863e-01 5.021258000000000000e+06
9.943165753651260985e+00 7.366075911933582798e-01 5.038470000000000000e+06
9.958875512968258903e+00 7.365055847497409269e-01 5.048570000000000000e+06
9.974579326095815546e+00 7.349318814961799395e-01 5.067786000000000000e+06
9.990292534396033375e+00 7.338309893670877937e-01 5.084402000000000000e+06
1.000600856325589305e+01 7.311831364446563786e-01 5.104238000000000000e+06
1.002170444839863528e+01 7.316230847783860014e-01 5.101890000000000000e+06
1.003739052522703901e+01 7.295204552251113306e-01 5.129594000000000000e+06
1.005309882194248416e+01 7.282992554406743091e-01 5.149086000000000000e+06
1.006881895908520086e+01 7.278659945357115468e-01 5.168834000000000000e+06
1.008452231173344416e+01 7.259892396157535677e-01 5.172306000000000000e+06
1.010022729382937889e+01 7.244452915803877291e-01 5.199218000000000000e+06
1.011594565713278016e+01 7.235201124355997715e-01 5.215430000000000000e+06
1.013166058960754867e+01 7.234862784290732041e-01 5.229066000000000000e+06
1.014737047935454051e+01 7.216511775125702410e-01 5.244530000000000000e+06
1.016308234466913696e+01 7.209970510386918274e-01 5.262870000000000000e+06
1.017878958276594581e+01 7.196272893519317648e-01 5.272562000000000000e+06
1.019448555450210314e+01 7.184597525414463393e-01 5.290098000000000000e+06
1.021019673146567186e+01 7.165339162322147404e-01 5.314358000000000000e+06
1.022590751621006078e+01 7.170320332320073708e-01 5.322098000000000000e+06
1.024160880192673417e+01 7.155810044736722331e-01 5.341026000000000000e+06
1.025732775208617475e+01 7.139070010795888210e-01 5.366858000000000000e+06
1.027304584666867804e+01 7.120837831491461101e-01 5.374422000000000000e+06
1.028873472736696293e+01 7.114800761659659800e-01 5.377730000000000000e+06
1.030442576009853184e+01 7.102922499865974570e-01 5.409410000000000000e+06
1.032014867554843818e+01 7.096416663630237265e-01 5.434014000000000000e+06
1.033586943357362209e+01 7.086362142072579751e-01 5.438882000000000000e+06
1.035157161316932140e+01 7.073226899855540317e-01 5.456178000000000000e+06
1.036727210965784174e+01 7.061188278010005481e-01 5.469242000000000000e+06
1.038298135070349915e+01 7.052001992658892826e-01 5.496174000000000000e+06
1.039869418006627910e+01 7.026017931062041866e-01 5.505530000000000000e+06
1.041439794625569881e+01 7.028909646848638948e-01 5.521202000000000000e+06
1.043010482665170713e+01 7.014669219278205636e-01 5.544126000000000000e+06
1.044582478281855487e+01 7.001425872096683767e-01 5.560106000000000000e+06
1.046154309703894825e+01 6.989994989026397931e-01 5.579754000000000000e+06
1.047723959228104285e+01 6.983885733653499850e-01 5.576270000000000000e+06
1.049292720351744279e+01 6.972144701985220072e-01 5.607138000000000000e+06
1.050863523850499526e+01 6.962523373225296686e-01 5.625026000000000000e+06
1.052435348202229015e+01 6.949334814789103199e-01 5.646698000000000000e+06
1.054005549761004978e+01 6.941930928784382226e-01 5.649126000000000000e+06
1.055575482461481052e+01 6.935385842590612304e-01 5.676434000000000000e+06
1.057145826219870344e+01 6.926723602872164598e-01 5.687418000000000000e+06
1.058717117850224376e+01 6.915116877163945963e-01 5.715830000000000000e+06
1.060289400134469062e+01 6.896804271444055834e-01 5.729210000000000000e+06
1.061860918710306834e+01 6.891095202236735551e-01 5.744802000000000000e+06
1.063431091651675153e+01 6.873737212181733058e-01 5.752154000000000000e+06
1.065002180958671651e+01 6.869972462931068780e-01 5.786382000000000000e+06
1.066572980082734468e+01 6.858948581173435199e-01 5.784146000000000000e+06
1.068142742642893950e+01 6.846481488937132820e-01 5.812146000000000000e+06
1.069714023788434787e+01 6.844534100744301686e-01 5.830166000000000000e+06
1.071285364357418146e+01 6.827718809069681649e-01 5.845850000000000000e+06
1.072856242199254062e+01 6.815788661251538372e-01 5.862834000000000000e+06
1.074426756718287557e+01 6.808464625822786553e-01 5.876066000000000000e+06
1.075998381704133955e+01 6.798630223503662195e-01 5.905854000000000000e+06
1.077568840897438562e+01 6.787457681564766920e-01 5.902274000000000000e+06
1.079138304940738280e+01 6.781802443933478974e-01 5.931258000000000000e+06
1.080709884248571484e+01 6.764675902431684928e-01 5.954966000000000000e+06
1.082281622961874490e+01 6.757247190691033634e-01 5.965346000000000000e+06
1.083851693336031374e+01 6.743546725577794776e-01 5.977818000000000000e+06
1.085422396324159422e+01 6.751696749122939600e-01 6.004718000000000000e+06
1.086993137901790796e+01 6.732802635391683665e-01 6.011706000000000000e+06
1.088564351758435222e+01 6.719529108781842064e-01 6.045770000000000000e+06
1.090135356744657535e+01 6.715616561611471580e-01 6.041586000000000000e+06
1.091705034221926418e+01 6.705477011496145945e-01 6.073166000000000000e+06
1.093275207829069018e+01 6.696823816302849286e-01 6.078962000000000000e+06
1.094846122315083825e+01 6.689047550823010724e-01 6.114258000000000000e+06
1.096418118107341577e+01 6.674496732529969778e-01 6.123086000000000000e+06
1.097988849072496542e+01 6.658407028453078302e-01 6.136770000000000000e+06
1.099558679320981724e+01 6.655241484099330140e-01 6.154898000000000000e+06
1.101129673485095672e+01 6.635572564055669531e-01 6.178610000000000000e+06
1.102701485690355909e+01 6.636285407088952093e-01 6.197982000000000000e+06
1.104272390432796591e+01 6.621664838665906050e-01 6.205322000000000000e+06
1.105841361686979951e+01 6.614627302475538650e-01 6.218850000000000000e+06
1.107411347758379350e+01 6.602117803192617540e-01 6.249542000000000000e+06
1.108984077014840963e+01 6.595776142282949728e-01 6.274146000000000000e+06
1.110554794633057796e+01 6.588760051047471977e-01 6.270242000000000000e+06
1.112124931961106533e+01 6.576798961241967501e-01 6.305222000000000000e+06
1.113697510740422381e+01 6.567398300022797564e-01 6.325026000000000000e+06
1.115268911253386719e+01 6.556576739258632713e-01 6.331922000000000000e+06
1.116838422783226115e+01 6.551027492166241473e-01 6.343698000000000000e+06
1.118408594539889478e+01 6.542941367100234551e-01 6.375158000000000000e+06
1.119980416311440052e+01 6.529007796716549406e-01 6.392178000000000000e+06
1.121552521724412621e+01 6.520227977493854299e-01 6.412826000000000000e+06
1.123121923820420243e+01 6.515136853336263023e-01 6.407078000000000000e+06
1.124691480473033778e+01 6.503069810981901844e-01 6.447954000000000000e+06
1.126262248805396560e+01 6.500628250257975971e-01 6.456026000000000000e+06
1.127833175656502007e+01 6.487158968928580238e-01 6.482034000000000000e+06
1.129403915665967872e+01 6.480623076546332406e-01 6.492878000000000000e+06
1.130972772992016750e+01 6.462163457382982257e-01 6.502074000000000000e+06
1.132543464171678238e+01 6.461467568810914663e-01 6.542930000000000000e+06
1.134116092480786619e+01 6.449821996102247379e-01 6.556598000000000000e+06
1.135687931575279030e+01 6.443629163223155709e-01 6.570330000000000000e+06
1.137258152843119419e+01 6.432696605621309738e-01 6.581882000000000000e+06
1.138829329520135047e+01 6.429486464063917106e-01 6.612546000000000000e+06
1.140401544384409860e+01 6.415314525402111556e-01 6.628622000000000000e+06
1.141971418729731447e+01 6.413622117391091226e-01 6.629498000000000000e+06
1.143540805815246841e+01 6.403384765551676239e-01 6.659250000000000000e+06
1.145112342906401892e+01 6.398052140545491540e-01 6.686006000000000000e+06
1.146683855971028443e+01 6.389372919899142245e-01 6.693786000000000000e+06
1.148253750634374093e+01 6.372042152979771057e-01 6.711554000000000000e+06
1.149824439280081201e+01 6.363280726899356310e-01 6.735678000000000000e+06
1.151395944216632472e+01 6.354982727720358548e-01 6.754754000000000000e+06
1.152967750311644046e+01 6.350342429872339878e-01 6.776570000000000000e+06
1.154536786069484400e+01 6.339319832715517578e-01 6.767394000000000000e+06
1.156106414707133290e+01 6.328806558167598961e-01 6.818246000000000000e+06
1.157679140551482533e+01 6.322290171731110853e-01 6.830562000000000000e+06
1.159249865891797526e+01 6.315072436982998028e-01 6.839186000000000000e+06
1.160819828013273636e+01 6.305150418380222055e-01 6.861462000000000000e+06
1.162390472506793770e+01 6.297666238299725050e-01 6.880394000000000000e+06
1.163962004466343636e+01 6.289148042804167948e-01 6.907178000000000000e+06
1.165533434666404133e+01 6.278772809270563027e-01 6.917034000000000000e+06
1.167104051015950716e+01 6.277277933171460100e-01 6.937934000000000000e+06
1.168673926950135034e+01 6.269678649825470851e-01 6.947250000000000000e+06
1.170244721913763897e+01 6.255982077613831960e-01 6.982106000000000000e+06
1.171816433671575730e+01 6.248173525576645737e-01 6.995718000000000000e+06
1.173387031746687015e+01 6.241016075797360951e-01 7.006682000000000000e+06
1.174957622851401240e+01 6.237586815894446968e-01 7.035866000000000000e+06
1.176529536104995444e+01 6.225136126315012897e-01 7.054110000000000000e+06
1.178099828544282701e+01 6.217051125100118147e-01 7.059194000000000000e+06
1.179669856151566165e+01 6.207527367515336403e-01 7.091802000000000000e+06
1.181240716294206905e+01 6.199605783457495800e-01 7.100666000000000000e+06
1.182811135021641213e+01 6.194212569100877586e-01 7.129070000000000000e+06
1.184382402706377313e+01 6.188115630882276008e-01 7.143282000000000000e+06
1.185952830171168593e+01 6.174590678298150781e-01 7.161482000000000000e+06
1.187523683486437243e+01 6.167001684414116225e-01 7.184694000000000000e+06
1.189095187450934432e+01 6.159180273390270077e-01 7.203914000000000000e+06
1.190666038869163401e+01 6.156864798290687668e-01 7.219746000000000000e+06
1.192235843864241396e+01 6.143287237948413804e-01 7.228634000000000000e+06
1.193806809039961259e+01 6.138347962524700607e-01 7.271990000000000000e+06
1.195377948291443992e+01 6.135389840845731912e-01 7.266786000000000000e+06
1.196947381174999947e+01 6.122350949113269936e-01 7.293650000000000000e+06
1.198518648559551458e+01 6.112570223779458800e-01 7.324086000000000000e+06
1.200090807358362710e+01 6.109434296498674755e-01 7.338650000000000000e+06
1.201661637889760037e+01 6.096589590642607082e-01 7.351962000000000000e+06
1.203230565217210035e+01 6.094756965634977597e-01 7.357190000000000000e+06
1.204801118703936780e+01 6.083350594014994561e-01 7.406042000000000000e+06
1.206372840719771133e+01 6.082168947386465963e-01 7.408626000000000000e+06
1.207943832024087349e+01 6.070634420040856849e-01 7.435610000000000000e+06
1.209515324384951640e+01 6.060607158314798015e-01 7.453542000000000000e+06
1.211085873951972935e+01 6.057271286904799545e-01 7.464002000000000000e+06
1.212656505101618798e+01 6.050052938889012299e-01 7.493546000000000000e+06
1.214227798456889929e+01 6.041470116522780209e-01 7.510806000000000000e+06
1.215799402266435081e+01 6.031040555148261539e-01 7.532114000000000000e+06
1.217369248650853386e+01 6.026964528967651002e-01 7.536234000000000000e+06
1.218938816956664795e+01 6.011887783950849995e-01 7.565834000000000000e+06
1.220511056850387632e+01 6.014851647928163292e-01 7.603062000000000000e+06
1.222082302231588535e+01 6.000811836884654138e-01 7.593890000000000000e+06
1.223651649645578665e+01 5.995757392259591922e-01 7.622906000000000000e+06
1.225222107367874180e+01 5.992384611139403017e-01 7.646622000000000000e+06
1.226793902491068877e+01 5.987198610855132275e-01 7.672058000000000000e+06
1.228364718069601835e+01 5.974945001826978963e-01 7.679346000000000000e+06
1.229933962477952214e+01 5.966996479163422240e-01 7.693058000000000000e+06
1.231504373451924117e+01 5.959235442421120243e-01 7.732158000000000000e+06
1.233076331536994985e+01 5.949290186269146075e-01 7.746962000000000000e+06
1.234648244688633945e+01 5.949596357527860979e-01 7.770986000000000000e+06
1.236218576653318735e+01 5.937060205396383905e-01 7.772094000000000000e+06
1.237788516389707461e+01 5.939950803568202486e-01 7.803818000000000000e+06
1.239360390984925964e+01 5.926368635103566040e-01 7.834338000000000000e+06
1.240931454438657155e+01 5.920285535206180061e-01 7.833710000000000000e+06
1.242501025862532238e+01 5.915585139399250902e-01 7.858794000000000000e+06
1.244071609171995973e+01 5.911700990196960825e-01 7.884290000000000000e+06
1.245642554635569788e+01 5.901258010798425824e-01 7.901522000000000000e+06
1.247213990979998322e+01 5.893709125417273542e-01 7.930662000000000000e+06
1.248784889213827753e+01 5.886096864473876478e-01 7.934426000000000000e+06
1.250355459696362281e+01 5.879733491378910104e-01 7.967322000000000000e+06
1.251926642764211373e+01 5.867950048196338697e-01 7.981934000000000000e+06
1.253497567568721927e+01 5.867190485103486175e-01 8.003282000000000000e+06
1.255068061703326165e+01 5.864632641808273927e-01 8.019666000000000000e+06
1.256637936912699516e+01 5.849997548068437414e-01 8.034482000000000000e+06
1.258208508998344399e+01 5.845352853092913303e-01 8.068542000000000000e+06
1.259780313698870202e+01 5.839389413584330502e-01 8.088290000000000000e+06
1.261351163942811127e+01 5.830638899984461609e-01 8.096322000000000000e+06
1.262921162496122385e+01 5.826394502481088145e-01 8.122646000000000000e+06
1.264492727534496019e+01 5.816437095911750621e-01 8.150138000000000000e+06
1.266064123044320411e+01 5.806383385737881042e-01 8.165322000000000000e+06
1.267635049109034462e+01 5.806601321295720153e-01 8.182574000000000000e+06
1.269205751319950970e+01 5.799654009691725953e-01 8.203698000000000000e+06
1.270776623809462613e+01 5.794093629762022690e-01 8.226914000000000000e+06
1.272347983526652904e+01 5.785860938258240438e-01 8.246898000000000000e+06
1.273918476699724422e+01 5.772553207095716399e-01 8.261774000000000000e+06
1.275488532096565741e+01 5.775360514122597211e-01 8.279426000000000000e+06
1.277058911046302292e+01 5.766598039987377300e-01 8.308722000000000000e+06
1.278629950396799053e+01 5.762049834414536553e-01 8.326214000000000000e+06
1.280200365974331511e+01 5.749420869691544977e-01 8.342682000000000000e+06
1.281770065856501084e+01 5.741867378302212277e-01 8.360834000000000000e+06
1.283340848437807935e+01 5.742127043880386195e-01 8.393226000000000000e+06
1.284913125601308792e+01 5.734320053680753704e-01 8.420150000000000000e+06
1.286484437274510917e+01 5.731682527137899053e-01 8.421986000000000000e+06
1.288054190366636220e+01 5.723141939213191032e-01 8.445714000000000000e+06
1.289624751817243542e+01 5.714194832984954564e-01 8.472590000000000000e+06
1.291196350413541616e+01 5.708656597652603804e-01 8.495370000000000000e+06
1.292767561271233312e+01 5.699165210232776113e-01 8.512802000000000000e+06
1.294337627341686670e+01 5.689490795221093800e-01 8.523290000000000000e+06
1.295909254465509619e+01 5.684027804515281446e-01 8.570982000000000000e+06
1.297481202941889933e+01 5.685827601652478913e-01 8.568458000000000000e+06
1.299050877709477980e+01 5.677336674392750027e-01 8.586498000000000000e+06
1.300620190024628187e+01 5.669507313298264295e-01 8.608838000000000000e+06
1.302191363383399469e+01 5.662728830007367486e-01 8.645610000000000000e+06
1.303763169598336091e+01 5.655657416982795560e-01 8.658386000000000000e+06
1.305333181807477239e+01 5.649158029937482173e-01 8.668598000000000000e+06
1.306903073371036683e+01 5.639920362645224339e-01 8.697426000000000000e+06
1.308473895878913140e+01 5.640006342173320419e-01 8.722562000000000000e+06
1.310044895130510945e+01 5.634067188664817483e-01 8.737962000000000000e+06
1.311616215419301668e+01 5.624307547991954648e-01 8.771366000000000000e+06
1.313186858979111094e+01 5.615581899918025144e-01 8.771010000000000000e+06
1.314758318782488900e+01 5.614722296715102257e-01 8.822618000000000000e+06
1.316329275779432884e+01 5.610662729517243985e-01 8.807726000000000000e+06
1.317898595262972350e+01 5.604067920174732320e-01 8.844618000000000000e+06
1.319469240226760220e+01 5.602146509948107145e-01 8.868722000000000000e+06
1.321040689247021405e+01 5.588176049784769894e-01 8.891394000000000000e+06
1.322611949941154208e+01 5.581826009932299160e-01 8.911934000000000000e+06
1.324182463394985909e+01 5.581159909448047962e-01 8.923938000000000000e+06
1.325752875752444560e+01 5.576457819252459425e-01 8.953682000000000000e+06
1.327324685934994797e+01 5.564880227780866218e-01 8.981966000000000000e+06
1.328896030804089534e+01 5.561248824028895976e-01 8.990442000000000000e+06
1.330465770248929935e+01 5.556308292056483245e-01 9.007874000000000000e+06
1.332036222917837698e+01 5.546549379122560630e-01 9.038982000000000000e+06
1.333608106842605068e+01 5.549564595079489182e-01 9.068570000000000000e+06
1.335180331535189246e+01 5.536350127954651201e-01 9.085250000000000000e+06
1.336750361723562541e+01 5.532719333295907926e-01 9.084690000000000000e+06
1.338320275923961589e+01 5.528282154192720732e-01 9.128654000000000000e+06
1.339890831652831338e+01 5.519233190666548161e-01 9.133170000000000000e+06
1.341462514739588485e+01 5.514604912190249619e-01 9.185882000000000000e+06
1.343033068227095939e+01 5.504732816530023554e-01 9.163254000000000000e+06
1.344603079414738112e+01 5.503164814378973535e-01 9.220130000000000000e+06
1.346175097817287813e+01 5.494732126824055651e-01 9.233138000000000000e+06
1.347746169624149459e+01 5.496391757370062692e-01 9.249378000000000000e+06
1.349316675243398933e+01 5.484307370396536152e-01 9.271550000000000000e+06
1.350886780744113125e+01 5.482013437909273312e-01 9.286266000000000000e+06
1.352457420959309786e+01 5.471397081054102385e-01 9.320762000000000000e+06
1.354027528269936731e+01 5.465430068755161575e-01 9.326718000000000000e+06
1.355597266711250448e+01 5.461584576233173838e-01 9.354602000000000000e+06
1.357167854077304803e+01 5.463177055882265654e-01 9.384122000000000000e+06
1.358738838662311110e+01 5.452848587976659722e-01 9.400482000000000000e+06
1.360310113866151482e+01 5.445282115141065749e-01 9.432638000000000000e+06
1.361881507393887070e+01 5.442294983523046081e-01 9.445314000000000000e+06
1.363453202384387275e+01 5.438557330207264284e-01 9.477290000000000000e+06
1.365024566205330991e+01 5.431601480506960122e-01 9.489182000000000000e+06
1.366595033684499860e+01 5.423737727873355619e-01 9.506706000000000000e+06
1.368165392332742947e+01 5.422056774202751450e-01 9.533978000000000000e+06
1.369736167268202998e+01 5.417158886299305864e-01 9.553662000000000000e+06
1.371307055606699343e+01 5.406253725400871346e-01 9.579506000000000000e+06
1.372878654632152795e+01 5.406284288311264952e-01 9.607866000000000000e+06
1.374449164540093271e+01 5.401162883882087984e-01 9.608354000000000000e+06
1.376018948147827103e+01 5.393311828808832198e-01 9.643862000000000000e+06
1.377590285876657106e+01 5.382018013814686697e-01 9.670578000000000000e+06
1.379161550194992891e+01 5.379569751514519105e-01 9.687890000000000000e+06
1.380731081996385612e+01 5.371477951664316297e-01 9.693294000000000000e+06
1.382300999567189415e+01 5.370729498274142699e-01 9.736034000000000000e+06
1.383872564254849102e+01 5.369643914414528041e-01 9.758946000000000000e+06
1.385444081006387584e+01 5.364040002478782654e-01 9.778994000000000000e+06
1.387015071998694360e+01 5.356556733648306645e-01 9.796814000000000000e+06
1.388585452423644107e+01 5.350190620606420921e-01 9.816882000000000000e+06
1.390156760444444295e+01 5.344914488726172364e-01 9.850514000000000000e+06
1.391727461050539816e+01 5.339190743727058042e-01 9.856062000000000000e+06
1.393297592547683017e+01 5.331728282402652397e-01 9.886706000000000000e+06
1.394868876145243419e+01 5.331267218047569534e-01 9.916194000000000000e+06
1.396439742877755918e+01 5.325265741944414932e-01 9.924854000000000000e+06
1.398010702101767677e+01 5.319808080919621318e-01 9.961490000000000000e+06
1.399582173626056658e+01 5.314706299106392029e-01 9.979098000000000000e+06
1.401152670862070160e+01 5.304922811865069310e-01 9.990266000000000000e+06
1.402722014478893797e+01 5.306793137867671373e-01 1.001239800000000000e+07
1.404291897715275006e+01 5.299270292578269759e-01 1.003881800000000000e+07
1.405862735443806244e+01 5.292868445669922650e-01 1.007208200000000000e+07
1.407433479531513143e+01 5.287077728419158351e-01 1.008267000000000000e+07
1.409004917104677368e+01 5.283741566176631821e-01 1.012322600000000000e+07
1.410576653922355916e+01 5.281575406168468323e-01 1.013483400000000000e+07
1.412147260933269344e+01 5.278001172246329364e-01 1.015145000000000000e+07
1.413717993358438640e+01 5.265287578168280636e-01 1.018411800000000000e+07
1.415289157905369954e+01 5.265968189603531524e-01 1.019981000000000000e+07
1.416860366393267157e+01 5.262063425563805463e-01 1.023038600000000000e+07
1.418430896436029265e+01 5.250892869875117830e-01 1.023833400000000000e+07
1.420001284291687682e+01 5.249502170743898244e-01 1.027159400000000000e+07
1.421572657614547808e+01 5.247579288391672758e-01 1.029841800000000000e+07
1.423143337578410517e+01 5.242324155650814888e-01 1.030681400000000000e+07
1.424713778177505397e+01 5.240956509748382341e-01 1.034130600000000000e+07
1.426285025225489456e+01 5.232796659449212573e-01 1.036284200000000000e+07
1.427856427368283398e+01 5.224116103886152773e-01 1.038883400000000000e+07
1.429426790244143852e+01 5.219580727671145892e-01 1.039563000000000000e+07
1.430996575509801971e+01 5.217454319571829258e-01 1.042536200000000000e+07
1.432567210679634506e+01 5.208980556660367522e-01 1.045427400000000000e+07
1.434138366999696146e+01 5.208067744615678674e-01 1.047829400000000000e+07
1.435709809438420237e+01 5.202426379889653063e-01 1.050181800000000000e+07
1.437280392282341523e+01 5.199690246423853690e-01 1.051481000000000000e+07
1.438851160269255303e+01 5.194505709726242593e-01 1.054884200000000000e+07
1.440422192675342039e+01 5.185919373958852718e-01 1.056646200000000000e+07
1.441992714275331444e+01 5.189369130077898795e-01 1.058681000000000000e+07
1.443563532454286502e+01 5.179886789900360888e-01 1.061495400000000000e+07
1.445133980253338457e+01 5.176296724670949034e-01 1.063105400000000000e+07
1.446704700330820970e+01 5.169103243727796171e-01 1.066236200000000000e+07
1.448275628028434348e+01 5.167606072025695552e-01 1.068335400000000000e+07
1.449846208348667354e+01 5.161001684409575185e-01 1.069929800000000000e+07
1.451417198299666467e+01 5.153820051473249064e-01 1.073878200000000000e+07
1.452988075651297706e+01 5.157063316568322175e-01 1.074420200000000000e+07
1.454558861043286200e+01 5.148673005640971301e-01 1.078218600000000000e+07
1.456129125218806841e+01 5.151077898622953288e-01 1.078496600000000000e+07
1.457699892464232683e+01 5.144705000157837604e-01 1.083393800000000000e+07
1.459271566640466311e+01 5.135974487050219972e-01 1.084813800000000000e+07
1.460843060267550619e+01 5.130202360433359088e-01 1.087376600000000000e+07
1.462413856613178353e+01 5.125173027940740367e-01 1.088697000000000000e+07
1.463984038393505038e+01 5.125161260880012337e-01 1.091244200000000000e+07
1.465554487563843367e+01 5.118522062143436857e-01 1.093669800000000000e+07
1.467125359738870749e+01 5.113319251200650895e-01 1.096614200000000000e+07
1.468695215062295389e+01 5.112624998336181559e-01 1.096874600000000000e+07
1.470265208970906734e+01 5.105258456002313983e-01 1.101460200000000000e+07
1.471836994524712061e+01 5.099206956512919442e-01 1.104277400000000000e+07
1.473408908505314230e+01 5.096963117212045535e-01 1.106147400000000000e+07
1.474979494899728394e+01 5.090518810200090893e-01 1.107245000000000000e+07
1.476549319820674455e+01 5.090659373833573698e-01 1.109692200000000000e+07
1.478120959716355998e+01 5.081668494739975950e-01 1.114652600000000000e+07
1.479692708607952589e+01 5.081461728132764533e-01 1.114560200000000000e+07
1.481262773648680664e+01 5.074596349249071991e-01 1.116844200000000000e+07
1.482831807978547367e+01 5.067645039131261075e-01 1.118108600000000000e+07
1.484403479212634736e+01 5.067160652772051410e-01 1.125011400000000000e+07
1.485975910022496826e+01 5.062157392929759192e-01 1.124210600000000000e+07
1.487546116254211981e+01 5.059089981879102416e-01 1.126544600000000000e+07
1.489116101759013233e+01 5.052357053171816492e-01 1.128549000000000000e+07
1.490687605691364404e+01 5.050221322976640170e-01 1.133592200000000000e+07
1.492259047301397423e+01 5.048795997927649770e-01 1.133013000000000000e+07
1.493828361520856873e+01 5.041226016463463688e-01 1.135727000000000000e+07
1.495398746968900205e+01 5.037962181026101049e-01 1.138909800000000000e+07
1.496970470176504620e+01 5.036539606299033078e-01 1.142664200000000000e+07
1.498541811108218447e+01 5.030264120850733711e-01 1.143135800000000000e+07
1.500112369815582269e+01 5.026922611853225087e-01 1.146229800000000000e+07
1.501682771044461795e+01 5.024109254284400139e-01 1.147920200000000000e+07
1.503253401606537842e+01 5.019851002793632722e-01 1.150974600000000000e+07
1.504823456875438481e+01 5.015892911102969309e-01 1.152306200000000000e+07
1.506393551489705551e+01 5.008560765164357109e-01 1.155621000000000000e+07
1.507964770104679175e+01 5.005659596478581053e-01 1.158828200000000000e+07
1.509535661435938536e+01 4.999580590649059242e-01 1.159964600000000000e+07
1.511107216380126061e+01 4.998344392755378340e-01 1.164527400000000000e+07
1.512678669010588095e+01 4.995290290315209103e-01 1.164933800000000000e+07
1.514248358802091232e+01 4.990278932904577136e-01 1.166538600000000000e+07
1.515819551110980434e+01 4.985213262992302385e-01 1.171928600000000000e+07
1.517391026295977774e+01 4.983206688862083511e-01 1.172073800000000000e+07
1.518961803510608810e+01 4.977581595828320382e-01 1.175507400000000000e+07
1.520532275548752743e+01 4.974072771642721325e-01 1.176716600000000000e+07
1.522103567250607448e+01 4.969663548329152913e-01 1.181334600000000000e+07
1.523675395281714806e+01 4.966120105365968707e-01 1.182545000000000000e+07
1.525244943101724004e+01 4.965260253479342745e-01 1.182881400000000000e+07
1.526815365307287742e+01 4.960167170155072025e-01 1.188441800000000000e+07
1.528387066072771638e+01 4.957361018280259102e-01 1.190037800000000000e+07
1.529957321464638476e+01 4.953233968217338190e-01 1.190800200000000000e+07
1.531526583627620397e+01 4.950785216633004637e-01 1.193747000000000000e+07
1.533097536464771871e+01 4.944881401471921123e-01 1.198134600000000000e+07
1.534669338573561426e+01 4.943287525731041576e-01 1.199815400000000000e+07
1.536240004252223734e+01 4.937956680030739509e-01 1.201579800000000000e+07
1.537810801182491893e+01 4.934334092663265614e-01 1.204658600000000000e+07
1.539381960142510408e+01 4.930815922769937187e-01 1.207322600000000000e+07
1.540952845721061593e+01 4.929581938512925254e-01 1.208937000000000000e+07
1.542523709037442003e+01 4.924823456807027600e-01 1.212366200000000000e+07
1.544094016867252428e+01 4.918673135780654571e-01 1.212901800000000000e+07
1.545664017249611355e+01 4.915530815211290316e-01 1.216869800000000000e+07
1.547234727593419557e+01 4.914796650335039874e-01 1.219107000000000000e+07
1.548806833453869558e+01 4.910466696466292968e-01 1.223729000000000000e+07
1.550378623459487315e+01 4.907348632074338690e-01 1.223743400000000000e+07
1.551949330626827894e+01 4.902895652039255259e-01 1.226943000000000000e+07
1.553520078467428966e+01 4.899750689964465500e-01 1.228831400000000000e+07
1.555090402017178697e+01 4.894215148158490569e-01 1.231201800000000000e+07
1.556660515225103758e+01 4.892369080986591623e-01 1.233377000000000000e+07
1.558230564648683369e+01 4.890203996649910567e-01 1.236265400000000000e+07
1.559802032509431058e+01 4.887036022236334598e-01 1.240528200000000000e+07
1.561373656517381825e+01 4.883988857852560317e-01 1.241484200000000000e+07
1.562943874868456007e+01 4.882867173081789081e-01 1.243327800000000000e+07
1.564514468723513119e+01 4.870621716673448343e-01 1.246944200000000000e+07
1.566085762263859849e+01 4.870776482171151889e-01 1.249710600000000000e+07
1.567656801168175562e+01 4.871494406570280322e-01 1.251307400000000000e+07
1.569226784315055134e+01 4.864134749856805495e-01 1.253190200000000000e+07
1.570797061764651303e+01 4.864525620857930166e-01 1.256769000000000000e+07
1.572368763200833186e+01 4.861653317557618204e-01 1.260333800000000000e+07
1.573939902922757739e+01 4.856390680333498300e-01 1.261272600000000000e+07
1.575510155432147918e+01 4.856580657140491253e-01 1.263480200000000000e+07
1.577080131559525533e+01 4.850184359928703670e-01 1.266273000000000000e+07
1.578651124257762106e+01 4.849247418278764266e-01 1.269908600000000000e+07
1.580221945868158429e+01 4.845703832736714123e-01 1.271107400000000000e+07
1.581792010585497543e+01 4.837346804302784520e-01 1.273909800000000000e+07
1.583362809238100866e+01 4.837305953487570642e-01 1.276949000000000000e+07
1.584933934958661794e+01 4.832113850292890089e-01 1.279968600000000000e+07
1.586505742005159547e+01 4.829862917509638032e-01 1.282862600000000000e+07
1.588076352344777042e+01 4.828284861426124230e-01 1.283279400000000000e+07
1.589646872608305905e+01 4.825200750360633672e-01 1.287594200000000000e+07
1.591218765353894682e+01 4.820814835281397870e-01 1.290631400000000000e+07
1.592789674253093146e+01 4.820447371286355476e-01 1.291312200000000000e+07
1.594359563934946422e+01 4.817438986326871286e-01 1.293734600000000000e+07
1.595929854003116333e+01 4.812700998213725878e-01 1.297337400000000000e+07
1.597501474699522639e+01 4.807678174562601825e-01 1.300817000000000000e+07
1.599073061961361475e+01 4.808370074490569412e-01 1.302581000000000000e+07
1.600643059467362406e+01 4.802658745595035361e-01 1.303359000000000000e+07
1.602213644221637878e+01 4.801733806451355946e-01 1.308369800000000000e+07
1.603784671360493164e+01 4.798570506279408177e-01 1.309470600000000000e+07
1.605354767035452213e+01 4.794660066367853468e-01 1.311900200000000000e+07
1.606924881116611203e+01 4.793631190117263463e-01 1.314631800000000000e+07
