# k_mean_over_bin [h Mpc^-1] P_bin [h^-3 Mpc^3] N_modes
2.004559772710005558e-02 1.947293836805555429e+03 1.800000000000000000e+01
3.504137442477287673e-02 4.633181451612903402e+03 6.200000000000000000e+01
4.923125820196404961e-02 2.344617346938775427e+03 9.800000000000000000e+01
6.378344006481624640e-02 2.006090625000000273e+03 2.100000000000000000e+02
8.007265176091875325e-02 1.496640089285714339e+03 3.500000000000000000e+02
9.616302738587061139e-02 1.123160833333333358e+03 4.500000000000000000e+02
1.110826890383447979e-01 9.208021179401993095e+02 6.020000000000000000e+02
1.260576397180557251e-01 8.299212598425197029e+02 7.620000000000000000e+02
1.422731428555557009e-01 5.997690455341505640e+02 1.142000000000000000e+03
1.585460595607757484e-01 5.192652000000000498e+02 1.250000000000000000e+03
1.737497011902237598e-01 4.596435613854595204e+02 1.458000000000000000e+03
1.889532144205047226e-01 4.165133682469680139e+02 1.814000000000000000e+03
2.049067109494826788e-01 3.642794421487603245e+02 2.178000000000000000e+03
2.207556613284745450e-01 3.258976931545236084e+02 2.498000000000000000e+03
2.358802738624342921e-01 2.862324799771167250e+02 2.622000000000000000e+03
2.513999951464319649e-01 2.668104591072498692e+02 3.338000000000000000e+03
2.675345382307371400e-01 2.298604748790972678e+02 3.722000000000000000e+03
2.835681791499936044e-01 2.102144334532374046e+02 4.170000000000000000e+03
2.990221799979137507e-01 1.882032612436897807e+02 4.358000000000000000e+03
3.144508804126917023e-01 1.716824220301946866e+02 5.034000000000000000e+03
3.303723395141972552e-01 1.574830897794889779e+02 5.714000000000000000e+03
3.461405835555014798e-01 1.416877820962888563e+02 5.982000000000000000e+03
3.616240832326051979e-01 1.358168831414722888e+02 6.602000000000000000e+03
3.771335216675366642e-01 1.241798913043478336e+02 7.130000000000000000e+03
3.929320011962133541e-01 1.153033591610654724e+02 8.034000000000000000e+03
4.088541926781908975e-01 1.101423135022077560e+02 8.606000000000000000e+03
4.245637628236880179e-01 1.018120656849768295e+02 9.066000000000000000e+03
4.402531073637167558e-01 9.568139555310179389e+01 9.962000000000000000e+03
4.559993315308014661e-01 9.069370853080567940e+01 1.055000000000000000e+04
4.716264483403250773e-01 8.592029106538393535e+01 1.122600000000000000e+04
4.872700578197112775e-01 7.903021056314835846e+01 1.214600000000000000e+04
5.028559864371159316e-01 7.605958967951769978e+01 1.260600000000000000e+04
5.184881697096974662e-01 7.195617482973482026e+01 1.380200000000000000e+04
5.343469721895739433e-01 6.872040209434729263e+01 1.475400000000000000e+04
5.500823565575736485e-01 6.601826378833749231e+01 1.519400000000000000e+04
5.657322269403529669e-01 6.300461134070742730e+01 1.645400000000000000e+04
5.814958906429442687e-01 6.030003934942287458e+01 1.715400000000000000e+04
5.972223875100493018e-01 5.653256049490857293e+01 1.826600000000000000e+04
6.128042965698242694e-01 5.447008999999999901e+01 1.875000000000000000e+04
6.284339241893368566e-01 5.230674854205791746e+01 2.023400000000000000e+04
6.442671741027654608e-01 4.992152097902097552e+01 2.145000000000000000e+04
6.600506477327297006e-01 4.731478519715872721e+01 2.196200000000000000e+04
6.757240646605540135e-01 4.650050080982013867e+01 2.346200000000000000e+04
6.914033637984144942e-01 4.452428042592130453e+01 2.404200000000000000e+04
7.071742118944099875e-01 4.323083519617667037e+01 2.594600000000000000e+04
7.228711511166978632e-01 4.099183991882993183e+01 2.611800000000000000e+04
7.383803448867409802e-01 4.012116447320584456e+01 2.750600000000000000e+04
7.540183656477988938e-01 3.857188381614257366e+01 2.906600000000000000e+04
7.698451130026079392e-01 3.772158866995074078e+01 3.045000000000000000e+04
7.856895634322977884e-01 3.619899502236783917e+01 3.174200000000000000e+04
8.013652298136274554e-01 3.495226744186046375e+01 3.225000000000000000e+04
8.170314793099452411e-01 3.393233211678832362e+01 3.425000000000000000e+04
8.328089595358807440e-01 3.271748251255147721e+01 3.545400000000000000e+04
8.485110835048260691e-01 3.154892065104023757e+01 3.643400000000000000e+04
8.640973204722621759e-01 3.097312377262353422e+01 3.768200000000000000e+04
8.797014300262691044e-01 2.981517216368911249e+01 3.929400000000000000e+04
8.955074489672053550e-01 2.898561893496837882e+01 4.142600000000000000e+04
9.112788985619241222e-01 2.851925842723339599e+01 4.206600000000000000e+04
9.269095651252046153e-01 2.749594734421706121e+01 4.349000000000000000e+04
9.426346125839982770e-01 2.667504977900311047e+01 4.570200000000000000e+04
9.583964670696782928e-01 2.581116245657674924e+01 4.663400000000000000e+04
9.741277885224883804e-01 2.545334833381389927e+01 4.855400000000000000e+04
9.896918448392955092e-01 2.459045426642111565e+01 4.887000000000000000e+04
1.005280879626296420e+00 2.416628438142529944e+01 5.155400000000000000e+04
1.021133664452582135e+00 2.343570207062303723e+01 5.409000000000000000e+04
1.036923334995100809e+00 2.313716307029494956e+01 5.431400000000000000e+04
1.052635308833600680e+00 2.232498462484624824e+01 5.691000000000000000e+04
1.068321370297892425e+00 2.182681752548623777e+01 5.748200000000000000e+04
1.084052701550582753e+00 2.136840629432916572e+01 6.062600000000000000e+04
1.099794715754920382e+00 2.087119318367480503e+01 6.120600000000000000e+04
1.115370388947033220e+00 2.053502876778008712e+01 6.257000000000000000e+04
1.131046383902849950e+00 1.994664536741214178e+01 6.573000000000000000e+04
1.146787968622316356e+00 1.974228661188255529e+01 6.668600000000000000e+04
1.162563353468210270e+00 1.901024419639013985e+01 6.969800000000000000e+04
1.178284495947235833e+00 1.864747558049867138e+01 7.002600000000000000e+04
1.193950312022173277e+00 1.824420586698925106e+01 7.274600000000000000e+04
1.209702279395532543e+00 1.779144640234948582e+01 7.491000000000000000e+04
1.225374778796072261e+00 1.747747352156572731e+01 7.572200000000000000e+04
1.240998268267369031e+00 1.715202288907601869e+01 7.837800000000000000e+04
1.256664763601604173e+00 1.673424965637885720e+01 8.003000000000000000e+04
1.272410839108921055e+00 1.642343363065900519e+01 8.318600000000000000e+04
1.288186821427190987e+00 1.616080687643209757e+01 8.466600000000000000e+04
1.303915415643678744e+00 1.582144610958334319e+01 8.654600000000000000e+04
1.319571589153230251e+00 1.564571135997458384e+01 8.813400000000000000e+04
1.335290070384270056e+00 1.520361352662282250e+01 9.153800000000000000e+04
1.351076062681103140e+00 1.495469625716678408e+01 9.313800000000000000e+04
1.366744220099084473e+00 1.458524338999555603e+01 9.447800000000000000e+04
1.382398842931918725e+00 1.451374082488640482e+01 9.727400000000000000e+04
1.398110035554206876e+00 1.419961631056274598e+01 9.969000000000000000e+04
1.413886464447384306e+00 1.396321888098255215e+01 1.025900000000000000e+05
1.429636290478455862e+00 1.360677941601618990e+01 1.037700000000000000e+05
1.445306609637929229e+00 1.341648957177514845e+01 1.063460000000000000e+05
1.461013715221450848e+00 1.317784856190002252e+01 1.085460000000000000e+05
1.476673179078200837e+00 1.295234407456243275e+01 1.107260000000000000e+05
1.492290038154521659e+00 1.278569425401969362e+01 1.123220000000000000e+05
1.507927148623363189e+00 1.249019652256450108e+01 1.158900000000000000e+05
1.523672044743926701e+00 1.235425332165771195e+01 1.187660000000000000e+05
1.539529615911521709e+00 1.205358632193494550e+01 1.222980000000000000e+05
1.555255688786340684e+00 1.185986772053403371e+01 1.220900000000000000e+05
1.570915144657768492e+00 1.162426476432715994e+01 1.258100000000000000e+05
1.586615423455384422e+00 1.147459142678835953e+01 1.281900000000000000e+05
1.602349133342779730e+00 1.135841336244408062e+01 1.309940000000000000e+05
1.618092974080486135e+00 1.114778140470528456e+01 1.337220000000000000e+05
1.633691874209366679e+00 1.100286904530720200e+01 1.338860000000000000e+05
1.649409270104698511e+00 1.079170758086780779e+01 1.405380000000000000e+05
1.665187916060468121e+00 1.063248787288219965e+01 1.405940000000000000e+05
1.680850499408222509e+00 1.053599210273409703e+01 1.435940000000000000e+05
1.696519861906699678e+00 1.029158294033217125e+01 1.463100000000000000e+05
1.712283893956166425e+00 1.017607616993030284e+01 1.506500000000000000e+05
1.728062756067172412e+00 9.958484734784155634e+00 1.519140000000000000e+05
1.743677627348828585e+00 9.883781079283954440e+00 1.533980000000000000e+05
1.759326903275710174e+00 9.742079516805391748e+00 1.578660000000000000e+05
1.775054497456971747e+00 9.576471448667355446e+00 1.606580000000000000e+05
1.790812710658242546e+00 9.446755676347637021e+00 1.641020000000000000e+05
1.806502375897273804e+00 9.312738645041637398e+00 1.649940000000000000e+05
1.822179186865621636e+00 9.186295996467471525e+00 1.698500000000000000e+05
1.837969883527481585e+00 9.045991438613528501e+00 1.729860000000000000e+05
1.853671301775014824e+00 8.946244551278365265e+00 1.738940000000000000e+05
1.869276135303816311e+00 8.754817482944710960e+00 1.767780000000000000e+05
1.884971321406135658e+00 8.692947547331712599e+00 1.818020000000000000e+05
1.900728707982397125e+00 8.577783576424661049e+00 1.844300000000000000e+05
1.916473119999263952e+00 8.421563404578032319e+00 1.872420000000000000e+05
1.932184555202840048e+00 8.305117608409988250e+00 1.902500000000000000e+05
1.947873548384971176e+00 8.242526094407228499e+00 1.925700000000000000e+05
1.963628993658796507e+00 8.124679703814299714e+00 1.982540000000000000e+05
1.979352447076785815e+00 8.004170158627584186e+00 1.980740000000000000e+05
1.994985104292756439e+00 7.921183494184607987e+00 2.020500000000000000e+05
2.010642935442618739e+00 7.823790036106704093e+00 2.055020000000000000e+05
2.026404838719640278e+00 7.702898782907540820e+00 2.106660000000000000e+05
2.042160439755924539e+00 7.599977756960071495e+00 2.124260000000000000e+05
2.057814152054247447e+00 7.518355164128310619e+00 2.139180000000000000e+05
2.073527659517757193e+00 7.356738757613328517e+00 2.209940000000000000e+05
2.089278401895053872e+00 7.353256674280657990e+00 2.215220000000000000e+05
2.104986979127729807e+00 7.236893762648355377e+00 2.263140000000000000e+05
2.120648321356923383e+00 7.163606386442228136e+00 2.272940000000000000e+05
2.136325257483229656e+00 7.071963989835252207e+00 2.329620000000000000e+05
2.152108829701105730e+00 6.968822271653113631e+00 2.378180000000000000e+05
2.167848322413291839e+00 6.881943221000176081e+00 2.383980000000000000e+05
2.183487000865677263e+00 6.772661421269334348e+00 2.414180000000000000e+05
2.199161537811643807e+00 6.706479065546272267e+00 2.468180000000000000e+05
2.214891256735060487e+00 6.621169559754467748e+00 2.499060000000000000e+05
2.230633713071271895e+00 6.555788725648011628e+00 2.547020000000000000e+05
2.246304443991349320e+00 6.488251617417006401e+00 2.544180000000000000e+05
2.261936208784359970e+00 6.419540318182167304e+00 2.603540000000000000e+05
2.277652670266802293e+00 6.339289420848838397e+00 2.649740000000000000e+05
2.293412982496121355e+00 6.257389607103251983e+00 2.687220000000000000e+05
2.309141221738169047e+00 6.204893357686274591e+00 2.715620000000000000e+05
2.324861988404599789e+00 6.139451024362630349e+00 2.755860000000000000e+05
2.340611247586814159e+00 6.062159159855812440e+00 2.801900000000000000e+05
2.356347504876110666e+00 5.989524774249205485e+00 2.828340000000000000e+05
2.372029085968939910e+00 5.913535347336676296e+00 2.851700000000000000e+05
2.387678571697246621e+00 5.891049843731673619e+00 2.898860000000000000e+05
2.403388139521258626e+00 5.756811721917724611e+00 2.944740000000000000e+05
2.419137128499648348e+00 5.717925912693907264e+00 2.994980000000000000e+05
2.434829956177893884e+00 5.615441995212663073e+00 2.999580000000000000e+05
2.450497304476752181e+00 5.602607255654584506e+00 3.058580000000000000e+05
2.466221630284449073e+00 5.522348002213685270e+00 3.107940000000000000e+05
2.481948461430914410e+00 5.482373627356411205e+00 3.130820000000000000e+05
2.497590267743403203e+00 5.423169412047613491e+00 3.160460000000000000e+05
2.513275415567109317e+00 5.386365364442705861e+00 3.222180000000000000e+05
2.529064511226168488e+00 5.295213308294933974e+00 3.285620000000000000e+05
2.544794397904540872e+00 5.253256959053629771e+00 3.279900000000000000e+05
2.560494206000486273e+00 5.204011846743934910e+00 3.352820000000000000e+05
2.576181416838396743e+00 5.143052951156352748e+00 3.359700000000000000e+05
2.591894431456594372e+00 5.082154295978097203e+00 3.440660000000000000e+05
2.607583386084574517e+00 5.035395294980187231e+00 3.437180000000000000e+05
2.623254195933073518e+00 4.994599186908602384e+00 3.514980000000000000e+05
2.638982638468245323e+00 4.928156862025965701e+00 3.544580000000000000e+05
2.654678623100330981e+00 4.874718322428785555e+00 3.585660000000000000e+05
2.670444987332728282e+00 4.837673644304357090e+00 3.661220000000000000e+05
2.686175436888973866e+00 4.796843990049478812e+00 3.658100000000000000e+05
2.701842624139498383e+00 4.750663644778835071e+00 3.716220000000000000e+05
2.717551210176916143e+00 4.683564680599809904e+00 3.759860000000000000e+05
2.733286152591690943e+00 4.658609715571603971e+00 3.821700000000000000e+05
2.748969669686326611e+00 4.599893142806258162e+00 3.818180000000000000e+05
2.764618652904751617e+00 4.556167762735706006e+00 3.895740000000000000e+05
2.780335698310803405e+00 4.518769145385548747e+00 3.936980000000000000e+05
2.796070939832780322e+00 4.466698626639096226e+00 3.994580000000000000e+05
2.811789110373833278e+00 4.434640882398277917e+00 4.022220000000000000e+05
2.827490318755497611e+00 4.388860150102477320e+00 4.069220000000000000e+05
2.843211165013692643e+00 4.351150076784823462e+00 4.128420000000000000e+05
2.858928238366322816e+00 4.310466755428004504e+00 4.153460000000000000e+05
2.874619182965964193e+00 4.268677495714441328e+00 4.211820000000000000e+05
2.890326122379585971e+00 4.217344618345576279e+00 4.250180000000000000e+05
2.906048410595298837e+00 4.183646825378416700e+00 4.311380000000000000e+05
2.921763637537025282e+00 4.152614519017822303e+00 4.343820000000000000e+05
2.937471882413853042e+00 4.115429770155216715e+00 4.395140000000000000e+05
2.953184966193053373e+00 4.058539803209979979e+00 4.447380000000000000e+05
2.968906669185866321e+00 4.046685582856251351e+00 4.489100000000000000e+05
2.984558054153132023e+00 3.997549476496722765e+00 4.506180000000000000e+05
3.000234266597839206e+00 3.980834678840789120e+00 4.595540000000000000e+05
3.015961738166995865e+00 3.940698781704404574e+00 4.631060000000000000e+05
3.031644318942089189e+00 3.916008340933516241e+00 4.670940000000000000e+05
3.047375183469438475e+00 3.863888286471075961e+00 4.749380000000000000e+05
3.063101994982958765e+00 3.836105575184519445e+00 4.771860000000000000e+05
3.078830638657798602e+00 3.788800111416015248e+00 4.846700000000000000e+05
3.094557820700788220e+00 3.770081979836143127e+00 4.870100000000000000e+05
3.110261604918990841e+00 3.738315758320258642e+00 4.933140000000000000e+05
3.125964826756857384e+00 3.713011663798904571e+00 4.963220000000000000e+05
3.141631907395710410e+00 3.685226987335111115e+00 5.017020000000000000e+05
3.157337759020614865e+00 3.645785076352539456e+00 5.085620000000000000e+05
3.173083732250922218e+00 3.610659475499862214e+00 5.142420000000000000e+05
3.188786566155163538e+00 3.595034611494929866e+00 5.161580000000000000e+05
3.204467208631248454e+00 3.555854885744792249e+00 5.226020000000000000e+05
3.220198682476764773e+00 3.521981436254612241e+00 5.306580000000000000e+05
3.235902901074469540e+00 3.493783039834579274e+00 5.300420000000000000e+05
3.251569839460216826e+00 3.465266488889878538e+00 5.388780000000000000e+05
3.267286640001119125e+00 3.439017560141877983e+00 5.441300000000000000e+05
3.283035953778620897e+00 3.402620367043726723e+00 5.511060000000000000e+05
3.298765470797303756e+00 3.392090582365492324e+00 5.539820000000000000e+05
3.314460854810658219e+00 3.351738582908487807e+00 5.582420000000000000e+05
3.330143183999465961e+00 3.330002559578847166e+00 5.645460000000000000e+05
3.345851390644388967e+00 3.305591951887311808e+00 5.704940000000000000e+05
3.361584614506297086e+00 3.277230035959373122e+00 5.767620000000000000e+05
3.377268741275611497e+00 3.251863216275763691e+00 5.782340000000000000e+05
3.392938742749323389e+00 3.234931684612048386e+00 5.856660000000000000e+05
3.408667877553761993e+00 3.203002038873169255e+00 5.944460000000000000e+05
3.424389245726590758e+00 3.171310373792524118e+00 5.952500000000000000e+05
3.440080490503192756e+00 3.146530008186913641e+00 6.034020000000000000e+05
3.455784632582446392e+00 3.123192241455953422e+00 6.073820000000000000e+05
3.471525169349745088e+00 3.105416038637947462e+00 6.170100000000000000e+05
3.487238775590668638e+00 3.081387873756846307e+00 6.167780000000000000e+05
3.502915637500682244e+00 3.050706407083839000e+00 6.247460000000000000e+05
3.518586117849470174e+00 3.039332900255070413e+00 6.280620000000000000e+05
3.534307361823285198e+00 3.015029089316713762e+00 6.394100000000000000e+05
3.550068718511843802e+00 2.994967369360794329e+00 6.429540000000000000e+05
3.565767899937936303e+00 2.957508351729326801e+00 6.459740000000000000e+05
3.581461234185308484e+00 2.951375499242528289e+00 6.534900000000000000e+05
3.597192479322759873e+00 2.926202920638187877e+00 6.607460000000000000e+05
3.612919168611930854e+00 2.897330496234085562e+00 6.646460000000000000e+05
3.628586482304986038e+00 2.875888107119842996e+00 6.672900000000000000e+05
3.644285394494611641e+00 2.867303220457296575e+00 6.790340000000000000e+05
3.660034289703634869e+00 2.834610390466397511e+00 6.827220000000000000e+05
3.675778468055097559e+00 2.813165834343597904e+00 6.912380000000000000e+05
3.691462948962963786e+00 2.791180718324953958e+00 6.886020000000000000e+05
3.707119074879760223e+00 2.781146818183115599e+00 7.008260000000000000e+05
3.722835664250375487e+00 2.753382816419192469e+00 7.056620000000000000e+05
3.738525251797470528e+00 2.743225254266408619e+00 7.100820000000000000e+05
3.754222032949778853e+00 2.714342005000264013e+00 7.191620000000000000e+05
3.769933086185316640e+00 2.704591208030460159e+00 7.222500000000000000e+05
3.785638995718866973e+00 2.684503458599335701e+00 7.315100000000000000e+05
3.801371660419305520e+00 2.664945100904076991e+00 7.364420000000000000e+05
3.817071936206203997e+00 2.652393615585411535e+00 7.408980000000000000e+05
3.832786102847733023e+00 2.628147003697887563e+00 7.501580000000000000e+05
3.848527046055627121e+00 2.612378057827482003e+00 7.548660000000000000e+05
3.864237159299509283e+00 2.584166254833562437e+00 7.608260000000000000e+05
3.879924927323326056e+00 2.565293069418376870e+00 7.640340000000000000e+05
3.895614328144405114e+00 2.552846270446574639e+00 7.738460000000000000e+05
3.911337128038584687e+00 2.534523556073124073e+00 7.797140000000000000e+05
3.927042484287095014e+00 2.511598033440688216e+00 7.843140000000000000e+05
3.942732759911325768e+00 2.509735518903331464e+00 7.913420000000000000e+05
3.958453369699379998e+00 2.479363987851769480e+00 7.994580000000000000e+05
3.974178216354418591e+00 2.466903872480936677e+00 8.049620000000000000e+05
3.989882109912799013e+00 2.455907448582545616e+00 8.095500000000000000e+05
4.005543243773400874e+00 2.436556497077907224e+00 8.134580000000000000e+05
4.021251057898795445e+00 2.423717552048460178e+00 8.274020000000000000e+05
4.036984636136614846e+00 2.401552947196416099e+00 8.286180000000000000e+05
4.052682677778184583e+00 2.391817358450887721e+00 8.369180000000000000e+05
4.068393456235992467e+00 2.369029801607357655e+00 8.428740000000000000e+05
4.084099822251435974e+00 2.357540372619616686e+00 8.493380000000000000e+05
4.099829813320492455e+00 2.346764537070022971e+00 8.589420000000000000e+05
4.115554009414900349e+00 2.331170337685747995e+00 8.609780000000000000e+05
4.131235359039446386e+00 2.314318111674378731e+00 8.683460000000000000e+05
4.146931044915801223e+00 2.299629979409338443e+00 8.751540000000000000e+05
4.162664159049392687e+00 2.284284608458002186e+00 8.862140000000000000e+05
4.178388788086889960e+00 2.271056470643920022e+00 8.873460000000000000e+05
4.194077965975033351e+00 2.256592561224421090e+00 8.949860000000000000e+05
4.209774792532540388e+00 2.243512911315567404e+00 9.027740000000000000e+05
4.225510803750013977e+00 2.224825789320194591e+00 9.121140000000000000e+05
4.241231113843379141e+00 2.211565573000111584e+00 9.150260000000000000e+05
4.256908196003403866e+00 2.199731943547843738e+00 9.201420000000000000e+05
4.272591924000948893e+00 2.185961165330482459e+00 9.297620000000000000e+05
4.288308084378355645e+00 2.174852804421039565e+00 9.376980000000000000e+05
4.304040323784237287e+00 2.154713568073229002e+00 9.447620000000000000e+05
4.319738418983270378e+00 2.141937313209330007e+00 9.482540000000000000e+05
4.335428335028543856e+00 2.136040293603065354e+00 9.568020000000000000e+05
4.351157550879730884e+00 2.121800651676521987e+00 9.676580000000000000e+05
4.366881330891844826e+00 2.105813693278966170e+00 9.697020000000000000e+05
4.382546060772999574e+00 2.094523734973154472e+00 9.740900000000000000e+05
4.398246218400761798e+00 2.082042970939278703e+00 9.884820000000000000e+05
4.413979276240257654e+00 2.069532804633898770e+00 9.919940000000000000e+05
4.429695644229851403e+00 2.059756450855618759e+00 1.001030000000000000e+06
4.445410080183695989e+00 2.042973792829081869e+00 1.005450000000000000e+06
4.461113024304604657e+00 2.031034769338823320e+00 1.013738000000000000e+06
4.476828248264367538e+00 2.025543329320453001e+00 1.021710000000000000e+06
4.492511743566732996e+00 2.009402726191011457e+00 1.023626000000000000e+06
4.508191947536588806e+00 2.000091230834284417e+00 1.035834000000000000e+06
4.523895481465870283e+00 1.980571534398041456e+00 1.040786000000000000e+06
4.539619934096997156e+00 1.973068302877119873e+00 1.053206000000000000e+06
4.555352618284365995e+00 1.966946845890547246e+00 1.057002000000000000e+06
4.571063001207543941e+00 1.954751888808889726e+00 1.063898000000000000e+06
4.586777862326684385e+00 1.939403928291115964e+00 1.072782000000000000e+06
4.602497075350756361e+00 1.929483878771924399e+00 1.078826000000000000e+06
4.618214180504660149e+00 1.920174079575557968e+00 1.087922000000000000e+06
4.633911241501361467e+00 1.907054165359919340e+00 1.090494000000000000e+06
4.649602871383847535e+00 1.901162719432847759e+00 1.101362000000000000e+06
4.665319460688174047e+00 1.886577515628913959e+00 1.109802000000000000e+06
4.681029772111457099e+00 1.878830817737596748e+00 1.114514000000000000e+06
4.696725943447952467e+00 1.866005635602344004e+00 1.123926000000000000e+06
4.712406639130506392e+00 1.859754250940953035e+00 1.125986000000000000e+06
4.728114319510818397e+00 1.849665603898023258e+00 1.143554000000000000e+06
4.743843011674210075e+00 1.834062338933004854e+00 1.144710000000000000e+06
4.759548004017718270e+00 1.827219982703909285e+00 1.154018000000000000e+06
4.775245153331388437e+00 1.817302204727396342e+00 1.159962000000000000e+06
4.790962201099520534e+00 1.807164645862546770e+00 1.170986000000000000e+06
4.806687457227775795e+00 1.796555084191888696e+00 1.178142000000000000e+06
4.822395257046031780e+00 1.786363148255563305e+00 1.182674000000000000e+06
4.838087143849061356e+00 1.774784173326325210e+00 1.191002000000000000e+06
4.853789225034707222e+00 1.767644809644479675e+00 1.200438000000000000e+06
4.869505077076887289e+00 1.759642746585308837e+00 1.208162000000000000e+06
4.885214479826415435e+00 1.746657294171279018e+00 1.215258000000000000e+06
4.900926872777207954e+00 1.740717315261237852e+00 1.224134000000000000e+06
4.916625834276870499e+00 1.730717363244086204e+00 1.228722000000000000e+06
4.932342625999591945e+00 1.719921465884355571e+00 1.243154000000000000e+06
4.948070313168653200e+00 1.713463138151038123e+00 1.245434000000000000e+06
4.963768791695496674e+00 1.701366879707574720e+00 1.255158000000000000e+06
4.979434313641077026e+00 1.698639705003942346e+00 1.255610000000000000e+06
4.995141420885109262e+00 1.683688932513647263e+00 1.277562000000000000e+06
5.010861277833007499e+00 1.678374335184641852e+00 1.274414000000000000e+06
5.026541148359606304e+00 1.670454527781622733e+00 1.285994000000000000e+06
5.042268620369379839e+00 1.665599775310294905e+00 1.299570000000000000e+06
5.058004053481842455e+00 1.652507983122933011e+00 1.302122000000000000e+06
5.073708460591943137e+00 1.649694669527805413e+00 1.311366000000000000e+06
5.089416057291027862e+00 1.638427219512638811e+00 1.319186000000000000e+06
5.105125712135527571e+00 1.625368756563414951e+00 1.327434000000000000e+06
5.120844156875770103e+00 1.620714667081434524e+00 1.337294000000000000e+06
5.136559512122237159e+00 1.611633574881025988e+00 1.342730000000000000e+06
5.152249183032828306e+00 1.603560163486527967e+00 1.350570000000000000e+06
5.167964432416064291e+00 1.597196515459529342e+00 1.362590000000000000e+06
5.183694924160209716e+00 1.587729557902544775e+00 1.369698000000000000e+06
5.199396868456950926e+00 1.577984877599617253e+00 1.374914000000000000e+06
5.215085298788597612e+00 1.573716183496317589e+00 1.383570000000000000e+06
5.230792912992411559e+00 1.563958838275616436e+00 1.395374000000000000e+06
5.246488594245054315e+00 1.557270646831697025e+00 1.396994000000000000e+06
5.262173859327344161e+00 1.552625342713226164e+00 1.411530000000000000e+06
5.277882164810089982e+00 1.541327295788438523e+00 1.417574000000000000e+06
5.293593858628555360e+00 1.538014212987652840e+00 1.428834000000000000e+06
5.309329156889964985e+00 1.528496516374360903e+00 1.439018000000000000e+06
5.325038538485003414e+00 1.521577735236670170e+00 1.440698000000000000e+06
5.340730702455575241e+00 1.513012352456388765e+00 1.453638000000000000e+06
5.356455193601842524e+00 1.510739354091016562e+00 1.463426000000000000e+06
5.372183381207660702e+00 1.499559838210801743e+00 1.471050000000000000e+06
5.387886700194870926e+00 1.492868258842045215e+00 1.476638000000000000e+06
5.403571860691538831e+00 1.487843945230136633e+00 1.484466000000000000e+06
5.419293096268920529e+00 1.480413235417552098e+00 1.501154000000000000e+06
5.435016687773623012e+00 1.470937720166264340e+00 1.501706000000000000e+06
5.450702718101835487e+00 1.466835803062119803e+00 1.511502000000000000e+06
5.466391329901655105e+00 1.457556698508255977e+00 1.520234000000000000e+06
5.482117701107046770e+00 1.454015934749610661e+00 1.535010000000000000e+06
5.497863840523032231e+00 1.444618325754620791e+00 1.543358000000000000e+06
5.513531058043433575e+00 1.437812631450088974e+00 1.535754000000000000e+06
5.529215137958169990e+00 1.433008137770785062e+00 1.564802000000000000e+06
5.544946163489404611e+00 1.429187262241864875e+00 1.563038000000000000e+06
5.560660431796565106e+00 1.419035640568515833e+00 1.578426000000000000e+06
5.576372624871568817e+00 1.413649191075206479e+00 1.581482000000000000e+06
5.592071612679278658e+00 1.405085727743758728e+00 1.592250000000000000e+06
5.607777081388953810e+00 1.402481073254152166e+00 1.602230000000000000e+06
5.623461069047772654e+00 1.395043570541030009e+00 1.604754000000000000e+06
5.639160434689571844e+00 1.390708752551651939e+00 1.623458000000000000e+06
5.654868627057174635e+00 1.381662830556769306e+00 1.624910000000000000e+06
5.670595730029768688e+00 1.376946208244738123e+00 1.645122000000000000e+06
5.686329334746649700e+00 1.373093007847404179e+00 1.645130000000000000e+06
5.702030598096980540e+00 1.363800698916353582e+00 1.655706000000000000e+06
5.717729473142792784e+00 1.357933293738149860e+00 1.663502000000000000e+06
5.733437455346763301e+00 1.352200280033470259e+00 1.675514000000000000e+06
5.749160590029285700e+00 1.346889689538586010e+00 1.685298000000000000e+06
5.764862617007506351e+00 1.340774198817921148e+00 1.689566000000000000e+06
5.780540238679900078e+00 1.335292575904820866e+00 1.697850000000000000e+06
5.796263103923236848e+00 1.329080658882566990e+00 1.718546000000000000e+06
5.812002103804656983e+00 1.325814677332886715e+00 1.719822000000000000e+06
5.827695391299545058e+00 1.319630762672696411e+00 1.726586000000000000e+06
5.843388778895907798e+00 1.311063911508027369e+00 1.739186000000000000e+06
5.859113417771065535e+00 1.308482887610774137e+00 1.751538000000000000e+06
5.874835560723500549e+00 1.304028953472630592e+00 1.758062000000000000e+06
5.890526541065327137e+00 1.296977895757823296e+00 1.763010000000000000e+06
5.906225317694219434e+00 1.296214330933374903e+00 1.778642000000000000e+06
5.921952321011594300e+00 1.286609168603955355e+00 1.788582000000000000e+06
5.937670655764399896e+00 1.284104408088943883e+00 1.794746000000000000e+06
5.953363581550269679e+00 1.277444836936932004e+00 1.803290000000000000e+06
5.969050809995837703e+00 1.271637214269228267e+00 1.811058000000000000e+06
5.984760752596141486e+00 1.267967897971841396e+00 1.828358000000000000e+06
6.000476440810660783e+00 1.260850940447601376e+00 1.831362000000000000e+06
6.016171166004743220e+00 1.257588504052738365e+00 1.842458000000000000e+06
6.031847027098122815e+00 1.249939496415264140e+00 1.846998000000000000e+06
6.047561666320434348e+00 1.245561686182068417e+00 1.869122000000000000e+06
6.063310221741519790e+00 1.241988151439020305e+00 1.876346000000000000e+06
6.079025995273507732e+00 1.239234538224405657e+00 1.879506000000000000e+06
6.094727650148782594e+00 1.233159001672189614e+00 1.893326000000000000e+06
6.110443441650997620e+00 1.229140047512233158e+00 1.901826000000000000e+06
6.126157369603382641e+00 1.220333092394095598e+00 1.911962000000000000e+06
6.141856103084946561e+00 1.218127572037903450e+00 1.919198000000000000e+06
6.157554247585426133e+00 1.215262904858561921e+00 1.930242000000000000e+06
6.173264897526903994e+00 1.207432448433466865e+00 1.942442000000000000e+06
6.188983783131053684e+00 1.203535932662955110e+00 1.951734000000000000e+06
6.204674330135580007e+00 1.198762453960873664e+00 1.955402000000000000e+06
6.220364153407833108e+00 1.193856251312214178e+00 1.971858000000000000e+06
6.236097253224911263e+00 1.189674104160516110e+00 1.984898000000000000e+06
6.251804727814884721e+00 1.186058022917587440e+00 1.986422000000000000e+06
6.267477703420695434e+00 1.181366868956479133e+00 1.996146000000000000e+06
6.283195068785119908e+00 1.176336295663192866e+00 2.017106000000000000e+06
6.298926466691256110e+00 1.170449630265292251e+00 2.020638000000000000e+06
6.314631082636630310e+00 1.167973450559933957e+00 2.029346000000000000e+06
6.330330969697290477e+00 1.165114855350460221e+00 2.041002000000000000e+06
6.346042618354868381e+00 1.160635404226278977e+00 2.051450000000000000e+06
6.361769829008385280e+00 1.154248709754555513e+00 2.065886000000000000e+06
6.377467710730222450e+00 1.152082709709543851e+00 2.064546000000000000e+06
6.393156758488530933e+00 1.148462055554221761e+00 2.082650000000000000e+06
6.408877231485442749e+00 1.141597961418148843e+00 2.095182000000000000e+06
6.424598957671957322e+00 1.137997264610397297e+00 2.101346000000000000e+06
6.440311953715900373e+00 1.133716156619022586e+00 2.115554000000000000e+06
6.456005935746694568e+00 1.130710881836065829e+00 2.115654000000000000e+06
6.471719753415134946e+00 1.123881631860017327e+00 2.141066000000000000e+06
6.487439387114228850e+00 1.122181727518546390e+00 2.139786000000000000e+06
6.503131318747780831e+00 1.119472637791434133e+00 2.152202000000000000e+06
6.518819434526843537e+00 1.116582241521161034e+00 2.161086000000000000e+06
6.534523450777902198e+00 1.111751731801266185e+00 2.176058000000000000e+06
6.550254613659266312e+00 1.107455525744265312e+00 2.190818000000000000e+06
6.565965738846988309e+00 1.103138614376507842e+00 2.191158000000000000e+06
6.581657291702928347e+00 1.098630739205392004e+00 2.205314000000000000e+06
6.597356411838022794e+00 1.094655670771283340e+00 2.215554000000000000e+06
6.613072568835591802e+00 1.091080745569950494e+00 2.230562000000000000e+06
6.628796834083485301e+00 1.088327609132645257e+00 2.239614000000000000e+06
6.644501868950448475e+00 1.085114102202158204e+00 2.245706000000000000e+06
6.660203335766918364e+00 1.080370553451515558e+00 2.259674000000000000e+06
6.675922241577704419e+00 1.077795249369394970e+00 2.273214000000000000e+06
6.691636876769640807e+00 1.072734928264939214e+00 2.278802000000000000e+06
6.707348854586632214e+00 1.070352597215211254e+00 2.294034000000000000e+06
6.723042755046850338e+00 1.065139881530775101e+00 2.294942000000000000e+06
6.738741204690306574e+00 1.061814807621760393e+00 2.317050000000000000e+06
6.754459451825965743e+00 1.058036986587981509e+00 2.322842000000000000e+06
6.770155876549564411e+00 1.053425096854741394e+00 2.330810000000000000e+06
6.785853403723873356e+00 1.050346702711642655e+00 2.345958000000000000e+06
6.801555230257334550e+00 1.049651999119641133e+00 2.353586000000000000e+06
6.817285949066600459e+00 1.046004351467252347e+00 2.376210000000000000e+06
6.833012673954052651e+00 1.041356882411553997e+00 2.374502000000000000e+06
6.848703343789808606e+00 1.038979469029218672e+00 2.386346000000000000e+06
6.864405076602009714e+00 1.034945763028075394e+00 2.401314000000000000e+06
6.880122619459167588e+00 1.030462688423977369e+00 2.411450000000000000e+06
6.895827031199952550e+00 1.027821910689307838e+00 2.420718000000000000e+06
6.911509854271036701e+00 1.024212162486385580e+00 2.425754000000000000e+06
6.927232044479275430e+00 1.022738103093085771e+00 2.455218000000000000e+06
6.942960195844471549e+00 1.018212385278802978e+00 2.450942000000000000e+06
6.958661448092413160e+00 1.015293478657387283e+00 2.467130000000000000e+06
6.974361211749578793e+00 1.012017783531605986e+00 2.474874000000000000e+06
6.990070831352309000e+00 1.007233687311322567e+00 2.490362000000000000e+06
7.005778159324729693e+00 1.005679320871271543e+00 2.498142000000000000e+06
7.021469697735486015e+00 1.002080200551236588e+00 2.507090000000000000e+06
7.037177120604764191e+00 9.988273897057367012e-01 2.525562000000000000e+06
7.052899061516400003e+00 9.948301118148470401e-01 2.534726000000000000e+06
7.068628793135065536e+00 9.920133330405120908e-01 2.549906000000000000e+06
7.084334935478915796e+00 9.885827498535910696e-01 2.551074000000000000e+06
7.100038328422084710e+00 9.870891297396586772e-01 2.570702000000000000e+06
7.115745931638459254e+00 9.845880514650191540e-01 2.574642000000000000e+06
7.131451190238497162e+00 9.802667896653360913e-01 2.594066000000000000e+06
7.147151468730735147e+00 9.781471765475746594e-01 2.594802000000000000e+06
7.162835307179018507e+00 9.752372675658396162e-01 2.612030000000000000e+06
7.178551581855800556e+00 9.730006689614810744e-01 2.627954000000000000e+06
7.194283665259025184e+00 9.682747172589628581e-01 2.640402000000000000e+06
7.209984529526630936e+00 9.673775314656246627e-01 2.641454000000000000e+06
7.225685108067660956e+00 9.640650957197181015e-01 2.661834000000000000e+06
7.241394735953288198e+00 9.607648611649154402e-01 2.669138000000000000e+06
7.257108192998378726e+00 9.575714991258382769e-01 2.684858000000000000e+06
7.272822849503533860e+00 9.555452854772430449e-01 2.693910000000000000e+06
7.288518104809805997e+00 9.516555797462469268e-01 2.701682000000000000e+06
7.304234199753477874e+00 9.493348142173682058e-01 2.722698000000000000e+06
7.319945495172938799e+00 9.459141910025531397e-01 2.725262000000000000e+06
7.335649438298961655e+00 9.437873069700449813e-01 2.742450000000000000e+06
7.351353846506168743e+00 9.419551066421805174e-01 2.749850000000000000e+06
7.367055388436875241e+00 9.399000941422670508e-01 2.763902000000000000e+06
7.382770533642191602e+00 9.362535081903964329e-01 2.778498000000000000e+06
7.398475089415688544e+00 9.338122591604328671e-01 2.784530000000000000e+06
7.414188731852492609e+00 9.307904194777230078e-01 2.804106000000000000e+06
7.429901641940141133e+00 9.281944558134237466e-01 2.809790000000000000e+06
7.445612173277812218e+00 9.248088003856912431e-01 2.825058000000000000e+06
7.461320649323638143e+00 9.234461936330631282e-01 2.834330000000000000e+06
7.477011404590944821e+00 9.205270050689262629e-01 2.842022000000000000e+06
7.492720686839765776e+00 9.175057439486951072e-01 2.864754000000000000e+06
7.508423522993188826e+00 9.146521908842512039e-01 2.864186000000000000e+06
7.524104703200965361e+00 9.126511787654825181e-01 2.879538000000000000e+06
7.539811207090460599e+00 9.112363051802168101e-01 2.899454000000000000e+06
7.555522870235571453e+00 9.067441666683883073e-01 2.904258000000000000e+06
7.571252185241664989e+00 9.035240871548142483e-01 2.930234000000000000e+06
7.586982910029617777e+00 9.023808800468061664e-01 2.929526000000000000e+06
7.602682376348832705e+00 8.996394831232016331e-01 2.942442000000000000e+06
7.618398087127784990e+00 8.976063982491276905e-01 2.960810000000000000e+06
7.634111360506788735e+00 8.957141493594842352e-01 2.964954000000000000e+06
7.649813471415971122e+00 8.927514584472526771e-01 2.980910000000000000e+06
7.665516544353160100e+00 8.898341111168319717e-01 2.990978000000000000e+06
7.681228381318442544e+00 8.884482312627965950e-01 3.007626000000000000e+06
7.696947282980596938e+00 8.854399691835427300e-01 3.019166000000000000e+06
7.712641051068838571e+00 8.831043596847495403e-01 3.021090000000000000e+06
7.728340175203005202e+00 8.809778518121393898e-01 3.047834000000000000e+06
7.744066325082287428e+00 8.774001093078588331e-01 3.055590000000000000e+06
7.759785182459853381e+00 8.762247657359544251e-01 3.068546000000000000e+06
7.775464898067028230e+00 8.747429313455530320e-01 3.067274000000000000e+06
7.791162210093558471e+00 8.720989891086610157e-01 3.098058000000000000e+06
7.806896787352753719e+00 8.696347372680041099e-01 3.109214000000000000e+06
7.822604758484962950e+00 8.667431986075398997e-01 3.110466000000000000e+06
7.838284799897788702e+00 8.650691979503067897e-01 3.124370000000000000e+06
7.853986825204827937e+00 8.618010644449066726e-01 3.144174000000000000e+06
7.869722202747719386e+00 8.608368245566204724e-01 3.161738000000000000e+06
7.885429030328279687e+00 8.584856593109254641e-01 3.159890000000000000e+06
7.901109098578781520e+00 8.567092073501529903e-01 3.174138000000000000e+06
7.916812369163124252e+00 8.533741863860427879e-01 3.195926000000000000e+06
7.932546153031187153e+00 8.501798756051125450e-01 3.211386000000000000e+06
7.948275829971742645e+00 8.501203206645887578e-01 3.219314000000000000e+06
7.963974762265003449e+00 8.471652714281905361e-01 3.225494000000000000e+06
7.979672909422356852e+00 8.455462840803044111e-01 3.242562000000000000e+06
7.995382124285669967e+00 8.435688959155167588e-01 3.257450000000000000e+06
8.011096558073175444e+00 8.411137193579431015e-01 3.269118000000000000e+06
8.026799325701325927e+00 8.385121823277715825e-01 3.278930000000000000e+06
8.042482997119602572e+00 8.365368232090425460e-01 3.286650000000000000e+06
8.058198313138401403e+00 8.336693189732889975e-01 3.316610000000000000e+06
8.073929632859263350e+00 8.332919619863303762e-01 3.321542000000000000e+06
8.089631173905692307e+00 8.289663784354760478e-01 3.328578000000000000e+06
8.105328344487277903e+00 8.286383948456745863e-01 3.345074000000000000e+06
8.121039774478980178e+00 8.268850808790588758e-01 3.361686000000000000e+06
8.136750954641513545e+00 8.248960893509909020e-01 3.369722000000000000e+06
8.152451824383751600e+00 8.221089625999544737e-01 3.385290000000000000e+06
8.168148505929304193e+00 8.203431061783290623e-01 3.391370000000000000e+06
8.183868116116777003e+00 8.185577215783037541e-01 3.422966000000000000e+06
8.199591131301563252e+00 8.166799871795547006e-01 3.419538000000000000e+06
8.215300984565764963e+00 8.140918942790152935e-01 3.441890000000000000e+06
8.231010872605484252e+00 8.122170843217072500e-01 3.447582000000000000e+06
8.246721005479363598e+00 8.098533363259592388e-01 3.466298000000000000e+06
8.262408288354077257e+00 8.084991059357899967e-01 3.466194000000000000e+06
8.278098173695775941e+00 8.068052629077032689e-01 3.492062000000000000e+06
8.293810268215034753e+00 8.053562487546793713e-01 3.503114000000000000e+06
8.309519053075314687e+00 8.026490796799451433e-01 3.517146000000000000e+06
8.325241433409063418e+00 8.017206464564643476e-01 3.535706000000000000e+06
8.340952984226902345e+00 8.001760439037647332e-01 3.539742000000000000e+06
8.356659711712842054e+00 7.980569017095578976e-01 3.558698000000000000e+06
8.372371429175492707e+00 7.959851231974706121e-01 3.570122000000000000e+06
8.388083579962753333e+00 7.943712076457097870e-01 3.585174000000000000e+06
8.403790832576294889e+00 7.902243654839281595e-01 3.594314000000000000e+06
8.419496525959527133e+00 7.909455110902929853e-01 3.612258000000000000e+06
8.435201663874629219e+00 7.887903483761762313e-01 3.620282000000000000e+06
8.450905678681708721e+00 7.864212446119595024e-01 3.639078000000000000e+06
8.466617353651699318e+00 7.856286211289018606e-01 3.650450000000000000e+06
8.482317771685245589e+00 7.815139516984950241e-01 3.661418000000000000e+06
8.498018574275240766e+00 7.815673354009333718e-01 3.677694000000000000e+06
8.513736467920875128e+00 7.803556325281156836e-01 3.695978000000000000e+06
8.529447827058733722e+00 7.781114883021272854e-01 3.702810000000000000e+06
8.545145453356283838e+00 7.767055096091075583e-01 3.716162000000000000e+06
8.560863155475518127e+00 7.731923983728751226e-01 3.740094000000000000e+06
8.576575892842692284e+00 7.723137600729653718e-01 3.740954000000000000e+06
8.592276429309924524e+00 7.711964622730557162e-01 3.760946000000000000e+06
8.607993113742812952e+00 7.677578251256259589e-01 3.778278000000000000e+06
8.623706693511682175e+00 7.673351656916576058e-01 3.784922000000000000e+06
8.639416117971885356e+00 7.649576271409147532e-01 3.805266000000000000e+06
8.655118251607849089e+00 7.637900026420246791e-01 3.807686000000000000e+06
8.670819176621002100e+00 7.622964783349377438e-01 3.833130000000000000e+06
8.686531013296711734e+00 7.598070016434584906e-01 3.841898000000000000e+06
8.702242672461403927e+00 7.593343206999139117e-01 3.858074000000000000e+06
8.717947060126663317e+00 7.562859688382500556e-01 3.868974000000000000e+06
8.733653634556446832e+00 7.548176978103970924e-01 3.885362000000000000e+06
8.749361177527063660e+00 7.529164710680836814e-01 3.898290000000000000e+06
8.765057838444775484e+00 7.528007587782359344e-01 3.907334000000000000e+06
8.780760279838380811e+00 7.509035362572638039e-01 3.928730000000000000e+06
8.796461536498792810e+00 7.492202792921726084e-01 3.936666000000000000e+06
8.812176163138749629e+00 7.468206513644604083e-01 3.961346000000000000e+06
8.827908468663524744e+00 7.459359485725294281e-01 3.975774000000000000e+06
8.843605203440207063e+00 7.435132714340625393e-01 3.970106000000000000e+06
8.859298780821674768e+00 7.422129837104095573e-01 4.003170000000000000e+06
8.875033023597818982e+00 7.409970200703659415e-01 4.019558000000000000e+06
8.890757701901966570e+00 7.402498781560804542e-01 4.025642000000000000e+06
8.906442147587496194e+00 7.388167200113987532e-01 4.028514000000000000e+06
8.922138549702236077e+00 7.368409675523317492e-01 4.059398000000000000e+06
8.937858770665876307e+00 7.348559122917461828e-01 4.069674000000000000e+06
8.953569902743538478e+00 7.340899106643047345e-01 4.083698000000000000e+06
8.969276596619630837e+00 7.318966548723997434e-01 4.095210000000000000e+06
8.984978332063514372e+00 7.305990388559300275e-01 4.110518000000000000e+06
9.000686439228440250e+00 7.285225414056726301e-01 4.126850000000000000e+06
9.016395212272197313e+00 7.279628048889474901e-01 4.140114000000000000e+06
9.032081625028110849e+00 7.265349040918709367e-01 4.144070000000000000e+06
9.047784840512392179e+00 7.246267902549019535e-01 4.175802000000000000e+06
9.063510534008996089e+00 7.228985320025731465e-01 4.187882000000000000e+06
9.079229438028200150e+00 7.207709114722867794e-01 4.199250000000000000e+06
9.094931536527573357e+00 7.194601344728348558e-01 4.209326000000000000e+06
9.110624252584134553e+00 7.184761009253622932e-01 4.222130000000000000e+06
9.126345788688972505e+00 7.172343567315381252e-01 4.254258000000000000e+06
9.142067210789587506e+00 7.154350357603260768e-01 4.252478000000000000e+06
9.157769224107168426e+00 7.139304863045806693e-01 4.270698000000000000e+06
9.173460189222041095e+00 7.129709601549464315e-01 4.278122000000000000e+06
9.189172851773026451e+00 7.120589048743148908e-01 4.309898000000000000e+06
9.204899411326563197e+00 7.100697798316019105e-01 4.317150000000000000e+06
9.220610370561862723e+00 7.086778338812544931e-01 4.329698000000000000e+06
9.236312329177842173e+00 7.074097187954550003e-01 4.340826000000000000e+06
9.252011696799515406e+00 7.060128360694468697e-01 4.359590000000000000e+06
9.267725419345696380e+00 7.048371545746370259e-01 4.376850000000000000e+06
9.283431809080884278e+00 7.032284026576854918e-01 4.386674000000000000e+06
9.299131961634870436e+00 7.012386119985042354e-01 4.401782000000000000e+06
9.314836560434526902e+00 7.003944143862818050e-01 4.419210000000000000e+06
9.330566699333866509e+00 6.985260482331875354e-01 4.446482000000000000e+06
9.346274096307771728e+00 6.973621558885316762e-01 4.435554000000000000e+06
9.361966720359685468e+00 6.960391449056978486e-01 4.468934000000000000e+06
9.377681860044402740e+00 6.942593212957690607e-01 4.477650000000000000e+06
9.393384317371491932e+00 6.928769100052591945e-01 4.491218000000000000e+06
9.409088966137430177e+00 6.920211765895301070e-01 4.510358000000000000e+06
9.424791439829672157e+00 6.909230504001908635e-01 4.518594000000000000e+06
9.440499207501432011e+00 6.899480005826856832e-01 4.544474000000000000e+06
9.456214212898441218e+00 6.877295919376076316e-01 4.552098000000000000e+06
9.471927439984570540e+00 6.867710093355394729e-01 4.574990000000000000e+06
9.487631754062700651e+00 6.847239912523130911e-01 4.577210000000000000e+06
9.503344281547928318e+00 6.849337787146613232e-01 4.608186000000000000e+06
9.519057247113778431e+00 6.821063867538877945e-01 4.610198000000000000e+06
9.534757011366917112e+00 6.808537906862497380e-01 4.628898000000000000e+06
9.550453458784650351e+00 6.808960887017713182e-01 4.641170000000000000e+06
9.566158712525282937e+00 6.788340044379986837e-01 4.662462000000000000e+06
9.581880158653657276e+00 6.787765927677839040e-01 4.681442000000000000e+06
9.597589579516229819e+00 6.778027773926214028e-01 4.687850000000000000e+06
9.613296380928980867e+00 6.756096222024295939e-01 4.708818000000000000e+06
9.629006062959270196e+00 6.738773881539347199e-01 4.721534000000000000e+06
9.644707396083033402e+00 6.722469610819878927e-01 4.732770000000000000e+06
9.660406197323647248e+00 6.713459844917664121e-01 4.753346000000000000e+06
9.676122008914001427e+00 6.707420311316885098e-01 4.772886000000000000e+06
9.691840694543541801e+00 6.688863530067722385e-01 4.785098000000000000e+06
9.707543237507161749e+00 6.677545682377715730e-01 4.795394000000000000e+06
9.723244122996092642e+00 6.661447499016407425e-01 4.813986000000000000e+06
9.738952330288141113e+00 6.656345043530945693e-01 4.832654000000000000e+06
9.754669949504904736e+00 6.643844076808455013e-01 4.849362000000000000e+06
9.770377600734033052e+00 6.634965220502058170e-01 4.858322000000000000e+06
9.786069629200518705e+00 6.622509949118159378e-01 4.871286000000000000e+06
9.801770721287397237e+00 6.606513197817083238e-01 4.894370000000000000e+06
9.817489821034564912e+00 6.598901244239162578e-01 4.914650000000000000e+06
9.833199646667972971e+00 6.584870838582681518e-01 4.919658000000000000e+06
9.848902655768293712e+00 6.574190582151100415e-01 4.941638000000000000e+06
9.864627278272442013e+00 6.557209349905376294e-01 4.965954000000000000e+06
9.880352198135229358e+00 6.548896570034413722e-01 4.971770000000000000e+06
9.896056604692210712e+00 6.535152421865566552e-01 4.985702000000000000e+06
9.911750273437519354e+00 6.515835473911367748e-01 4.996314000000000000e+06
9.927450557379374985e+00 6.508804168198487616e-01 5.021258000000000000e+06
9.943165753651260985e+00 6.498294621184604880e-01 5.038470000000000000e+06
9.958875512968258903e+00 6.487493488255089424e-01 5.048570000000000000e+06
9.974579326095815546e+00 6.474344023208556953e-01 5.067786000000000000e+06
9.990292534396033375e+00 6.472011359447974455e-01 5.084402000000000000e+06
1.000600856325589305e+01 6.457224859028909414e-01 5.104238000000000000e+06
1.002170444839863528e+01 6.446163578595383026e-01 5.101890000000000000e+06
1.003739052522703901e+01 6.424013771850169974e-01 5.129594000000000000e+06
1.005309882194248416e+01 6.415656584488975689e-01 5.149086000000000000e+06
1.006881895908520086e+01 6.413651995788605120e-01 5.168834000000000000e+06
1.008452231173344416e+01 6.401889215371248110e-01 5.172306000000000000e+06
1.010022729382937889e+01 6.380947577116404812e-01 5.199218000000000000e+06
1.011594565713278016e+01 6.370579702919989540e-01 5.215430000000000000e+06
1.013166058960754867e+01 6.361434814553880157e-01 5.229066000000000000e+06
1.014737047935454051e+01 6.350017065399569116e-01 5.244530000000000000e+06
1.016308234466913696e+01 6.340086302720758793e-01 5.262870000000000000e+06
1.017878958276594581e+01 6.334279710698518251e-01 5.272562000000000000e+06
1.019448555450210314e+01 6.318024259663999054e-01 5.290098000000000000e+06
1.021019673146567186e+01 6.307753448299869836e-01 5.314358000000000000e+06
1.022590751621006078e+01 6.296620712358171890e-01 5.322098000000000000e+06
1.024160880192673417e+01 6.286953106013712933e-01 5.341026000000000000e+06
1.025732775208617475e+01 6.273847752260260924e-01 5.366858000000000000e+06
1.027304584666867804e+01 6.265650520186171191e-01 5.374422000000000000e+06
1.028873472736696293e+01 6.252128686267254265e-01 5.377730000000000000e+06
1.030442576009853184e+01 6.244715689881151777e-01 5.409410000000000000e+06
1.032014867554843818e+01 6.227111763053978510e-01 5.434014000000000000e+06
1.033586943357362209e+01 6.219371922391403462e-01 5.438882000000000000e+06
1.035157161316932140e+01 6.214265278735408016e-01 5.456178000000000000e+06
1.036727210965784174e+01 6.199997641355053934e-01 5.469242000000000000e+06
1.038298135070349915e+01 6.197504391236521304e-01 5.496174000000000000e+06
1.039869418006627910e+01 6.179804215034702120e-01 5.505530000000000000e+06
1.041439794625569881e+01 6.175956793466350625e-01 5.521202000000000000e+06
1.043010482665170713e+01 6.162656656793153997e-01 5.544126000000000000e+06
1.044582478281855487e+01 6.153236557000891782e-01 5.560106000000000000e+06
1.046154309703894825e+01 6.143359545958477774e-01 5.579754000000000000e+06
1.047723959228104285e+01 6.134182437364045226e-01 5.576270000000000000e+06
1.049292720351744279e+01 6.128818748530890925e-01 5.607138000000000000e+06
1.050863523850499526e+01 6.108581542556424937e-01 5.625026000000000000e+06
1.052435348202229015e+01 6.099988878456046315e-01 5.646698000000000000e+06
1.054005549761004978e+01 6.093270445729127571e-01 5.649126000000000000e+06
1.055575482461481052e+01 6.071917686350268850e-01 5.676434000000000000e+06
1.057145826219870344e+01 6.066237790153633513e-01 5.687418000000000000e+06
1.058717117850224376e+01 6.063469784790660455e-01 5.715830000000000000e+06
1.060289400134469062e+01 6.046804445988189780e-01 5.729210000000000000e+06
1.061860918710306834e+01 6.042259593977303833e-01 5.744802000000000000e+06
1.063431091651675153e+01 6.033144714136652320e-01 5.752154000000000000e+06
1.065002180958671651e+01 6.023809437399743061e-01 5.786382000000000000e+06
1.066572980082734468e+01 6.017618676983602644e-01 5.784146000000000000e+06
1.068142742642893950e+01 5.998431560390946604e-01 5.812146000000000000e+06
1.069714023788434787e+01 5.990545123415010886e-01 5.830166000000000000e+06
1.071285364357418146e+01 5.983508813944935500e-01 5.845850000000000000e+06
1.072856242199254062e+01 5.965817896259727471e-01 5.862834000000000000e+06
1.074426756718287557e+01 5.961579567009628322e-01 5.876066000000000000e+06
1.075998381704133955e+01 5.954917781577396818e-01 5.905854000000000000e+06
1.077568840897438562e+01 5.947206110729525985e-01 5.902274000000000000e+06
1.079138304940738280e+01 5.936317809813701496e-01 5.931258000000000000e+06
1.080709884248571484e+01 5.924096376033045619e-01 5.954966000000000000e+06
1.082281622961874490e+01 5.918471870701212945e-01 5.965346000000000000e+06
1.083851693336031374e+01 5.907149565276159642e-01 5.977818000000000000e+06
1.085422396324159422e+01 5.891466510167505666e-01 6.004718000000000000e+06
1.086993137901790796e+01 5.885949429330044058e-01 6.011706000000000000e+06
1.088564351758435222e+01 5.881841353541401585e-01 6.045770000000000000e+06
1.090135356744657535e+01 5.871909296664816758e-01 6.041586000000000000e+06
1.091705034221926418e+01 5.859714685882124741e-01 6.073166000000000000e+06
1.093275207829069018e+01 5.853899481523325843e-01 6.078962000000000000e+06
1.094846122315083825e+01 5.840900890999366490e-01 6.114258000000000000e+06
1.096418118107341577e+01 5.834448920038033393e-01 6.123086000000000000e+06
1.097988849072496542e+01 5.822922319070129582e-01 6.136770000000000000e+06
1.099558679320981724e+01 5.807649452517328337e-01 6.154898000000000000e+06
1.101129673485095672e+01 5.806108898279709329e-01 6.178610000000000000e+06
1.102701485690355909e+01 5.795813056572284294e-01 6.197982000000000000e+06
1.104272390432796591e+01 5.786158236429954638e-01 6.205322000000000000e+06
1.105841361686979951e+01 5.777454432893541769e-01 6.218850000000000000e+06
1.107411347758379350e+01 5.771944968127263875e-01 6.249542000000000000e+06
1.108984077014840963e+01 5.758267340288223402e-01 6.274146000000000000e+06
1.110554794633057796e+01 5.750733783480765915e-01 6.270242000000000000e+06
1.112124931961106533e+01 5.740587325870524227e-01 6.305222000000000000e+06
1.113697510740422381e+01 5.727349184019163708e-01 6.325026000000000000e+06
1.115268911253386719e+01 5.728190429383053228e-01 6.331922000000000000e+06
1.116838422783226115e+01 5.717606670431032434e-01 6.343698000000000000e+06
1.118408594539889478e+01 5.701729666935313467e-01 6.375158000000000000e+06
1.119980416311440052e+01 5.697793459443714070e-01 6.392178000000000000e+06
1.121552521724412621e+01 5.690312274183020325e-01 6.412826000000000000e+06
1.123121923820420243e+01 5.680072881897176851e-01 6.407078000000000000e+06
1.124691480473033778e+01 5.665044679288965268e-01 6.447954000000000000e+06
1.126262248805396560e+01 5.663329887457082545e-01 6.456026000000000000e+06
1.127833175656502007e+01 5.654712317152301715e-01 6.482034000000000000e+06
1.129403915665967872e+01 5.648514033376262899e-01 6.492878000000000000e+06
1.130972772992016750e+01 5.628014230536287910e-01 6.502074000000000000e+06
1.132543464171678238e+01 5.628814613636398123e-01 6.542930000000000000e+06
1.134116092480786619e+01 5.623405232408636989e-01 6.556598000000000000e+06
1.135687931575279030e+01 5.612046883489870686e-01 6.570330000000000000e+06
1.137258152843119419e+01 5.601558946210217771e-01 6.581882000000000000e+06
1.138829329520135047e+01 5.590457896247527092e-01 6.612546000000000000e+06
1.140401544384409860e+01 5.591671994571421056e-01 6.628622000000000000e+06
1.141971418729731447e+01 5.575537921574152955e-01 6.629498000000000000e+06
1.143540805815246841e+01 5.567671659721440403e-01 6.659250000000000000e+06
1.145112342906401892e+01 5.554450594271078678e-01 6.686006000000000000e+06
1.146683855971028443e+01 5.555382260502501612e-01 6.693786000000000000e+06
1.148253750634374093e+01 5.537023914282742654e-01 6.711554000000000000e+06
1.149824439280081201e+01 5.538092453350650368e-01 6.735678000000000000e+06
1.151395944216632472e+01 5.534529088698123545e-01 6.754754000000000000e+06
1.152967750311644046e+01 5.519707241273977827e-01 6.776570000000000000e+06
1.154536786069484400e+01 5.515073084262568370e-01 6.767394000000000000e+06
1.156106414707133290e+01 5.502971365362880896e-01 6.818246000000000000e+06
1.157679140551482533e+01 5.498395666418078864e-01 6.830562000000000000e+06
1.159249865891797526e+01 5.488618455471163671e-01 6.839186000000000000e+06
1.160819828013273636e+01 5.479871126590805108e-01 6.861462000000000000e+06
1.162390472506793770e+01 5.476257973017243375e-01 6.880394000000000000e+06
1.163962004466343636e+01 5.465837495428669257e-01 6.907178000000000000e+06
1.165533434666404133e+01 5.459655106509524458e-01 6.917034000000000000e+06
1.167104051015950716e+01 5.445924175698413361e-01 6.937934000000000000e+06
1.168673926950135034e+01 5.438142430458094978e-01 6.947250000000000000e+06
1.170244721913763897e+01 5.433820397456010642e-01 6.982106000000000000e+06
1.171816433671575730e+01 5.430171713611097184e-01 6.995718000000000000e+06
1.173387031746687015e+01 5.422172720269022861e-01 7.006682000000000000e+06
1.174957622851401240e+01 5.406787877995402614e-01 7.035866000000000000e+06
1.176529536104995444e+01 5.401867138448365191e-01 7.054110000000000000e+06
1.178099828544282701e+01 5.395263255266820046e-01 7.059194000000000000e+06
1.179669856151566165e+01 5.388630421435905982e-01 7.091802000000000000e+06
1.181240716294206905e+01 5.383458396719406069e-01 7.100666000000000000e+06
1.182811135021641213e+01 5.366899188814249211e-01 7.129070000000000000e+06
1.184382402706377313e+01 5.367822871895580050e-01 7.143282000000000000e+06
1.185952830171168593e+01 5.354314581814210161e-01 7.161482000000000000e+06
1.187523683486437243e+01 5.349417456053103814e-01 7.184694000000000000e+06
1.189095187450934432e+01 5.343449408196709882e-01 7.203914000000000000e+06
1.190666038869163401e+01 5.331926497137157162e-01 7.219746000000000000e+06
1.192235843864241396e+01 5.323732326190535602e-01 7.228634000000000000e+06
1.193806809039961259e+01 5.314937520541144211e-01 7.271990000000000000e+06
1.195377948291443992e+01 5.305688099250479572e-01 7.266786000000000000e+06
1.196947381174999947e+01 5.301686741206392828e-01 7.293650000000000000e+06
1.198518648559551458e+01 5.296017823930522228e-01 7.324086000000000000e+06
1.200090807358362710e+01 5.282206195962472206e-01 7.338650000000000000e+06
1.201661637889760037e+01 5.281001860455752928e-01 7.351962000000000000e+06
1.203230565217210035e+01 5.267990904135954056e-01 7.357190000000000000e+06
1.204801118703936780e+01 5.256583746081915365e-01 7.406042000000000000e+06
1.206372840719771133e+01 5.255523763785620028e-01 7.408626000000000000e+06
1.207943832024087349e+01 5.250401446552468432e-01 7.435610000000000000e+06
1.209515324384951640e+01 5.241889024037162947e-01 7.453542000000000000e+06
1.211085873951972935e+01 5.231259316382819158e-01 7.464002000000000000e+06
1.212656505101618798e+01 5.231183607867356811e-01 7.493546000000000000e+06
1.214227798456889929e+01 5.220183759239687138e-01 7.510806000000000000e+06
1.215799402266435081e+01 5.213714237463744627e-01 7.532114000000000000e+06
1.217369248650853386e+01 5.207005581302278641e-01 7.536234000000000000e+06
1.218938816956664795e+01 5.198064747389381512e-01 7.565834000000000000e+06
1.220511056850387632e+01 5.190687646635000485e-01 7.603062000000000000e+06
1.222082302231588535e+01 5.185534028014627816e-01 7.593890000000000000e+06
1.223651649645578665e+01 5.179291204692803019e-01 7.622906000000000000e+06
1.225222107367874180e+01 5.167224167743612595e-01 7.646622000000000000e+06
1.226793902491068877e+01 5.159648493272600556e-01 7.672058000000000000e+06
1.228364718069601835e+01 5.154524551960545375e-01 7.679346000000000000e+06
1.229933962477952214e+01 5.150002768729937674e-01 7.693058000000000000e+06
1.231504373451924117e+01 5.137978297908553094e-01 7.732158000000000000e+06
1.233076331536994985e+01 5.129371358733914033e-01 7.746962000000000000e+06
1.234648244688633945e+01 5.125165583878288356e-01 7.770986000000000000e+06
1.236218576653318735e+01 5.115797621593356492e-01 7.772094000000000000e+06
1.237788516389707461e+01 5.110425755700607198e-01 7.803818000000000000e+06
1.239360390984925964e+01 5.105090245021340900e-01 7.834338000000000000e+06
1.240931454438657155e+01 5.098795781309239938e-01 7.833710000000000000e+06
1.242501025862532238e+01 5.086004926455636177e-01 7.858794000000000000e+06
1.244071609171995973e+01 5.081173447450563208e-01 7.884290000000000000e+06
1.245642554635569788e+01 5.078299471924523356e-01 7.901522000000000000e+06
1.247213990979998322e+01 5.066722046658904688e-01 7.930662000000000000e+06
1.248784889213827753e+01 5.057573792987671846e-01 7.934426000000000000e+06
1.250355459696362281e+01 5.052747648457034391e-01 7.967322000000000000e+06
1.251926642764211373e+01 5.052154653245691796e-01 7.981934000000000000e+06
1.253497567568721927e+01 5.043061396562060761e-01 8.003282000000000000e+06
1.255068061703326165e+01 5.037821088808436265e-01 8.019666000000000000e+06
1.256637936912699516e+01 5.022290796096126053e-01 8.034482000000000000e+06
1.258208508998344399e+01 5.026163648897161718e-01 8.068542000000000000e+06
1.259780313698870202e+01 5.017089829865151174e-01 8.088290000000000000e+06
1.261351163942811127e+01 5.005615821603932591e-01 8.096322000000000000e+06
1.262921162496122385e+01 5.000933501226079159e-01 8.122646000000000000e+06
1.264492727534496019e+01 4.995465720948528698e-01 8.150138000000000000e+06
1.266064123044320411e+01 4.986187623709145145e-01 8.165322000000000000e+06
1.267635049109034462e+01 4.982202116351163168e-01 8.182574000000000000e+06
1.269205751319950970e+01 4.978782739198834295e-01 8.203698000000000000e+06
1.270776623809462613e+01 4.965044608464365128e-01 8.226914000000000000e+06
1.272347983526652904e+01 4.963593887059110643e-01 8.246898000000000000e+06
1.273918476699724422e+01 4.954318830314167754e-01 8.261774000000000000e+06
1.275488532096565741e+01 4.946474550288872951e-01 8.279426000000000000e+06
1.277058911046302292e+01 4.943399839349541525e-01 8.308722000000000000e+06
1.278629950396799053e+01 4.937106468798423964e-01 8.326214000000000000e+06
1.280200365974331511e+01 4.925557512560109208e-01 8.342682000000000000e+06
1.281770065856501084e+01 4.922941598888340708e-01 8.360834000000000000e+06
1.283340848437807935e+01 4.912916678283177352e-01 8.393226000000000000e+06
1.284913125601308792e+01 4.907048271111559834e-01 8.420150000000000000e+06
1.286484437274510917e+01 4.900092745345338008e-01 8.421986000000000000e+06
1.288054190366636220e+01 4.893561988956765529e-01 8.445714000000000000e+06
1.289624751817243542e+01 4.890799035477935153e-01 8.472590000000000000e+06
1.291196350413541616e+01 4.881247962125251916e-01 8.495370000000000000e+06
1.292767561271233312e+01 4.878279208185506977e-01 8.512802000000000000e+06
1.294337627341686670e+01 4.869818462119674396e-01 8.523290000000000000e+06
1.295909254465509619e+01 4.869199643634766761e-01 8.570982000000000000e+06
1.297481202941889933e+01 4.857426505445904263e-01 8.568458000000000000e+06
1.299050877709477980e+01 4.852864637014997484e-01 8.586498000000000000e+06
1.300620190024628187e+01 4.847737580844244110e-01 8.608838000000000000e+06
1.302191363383399469e+01 4.840923312525085009e-01 8.645610000000000000e+06
1.303763169598336091e+01 4.836488001343437482e-01 8.658386000000000000e+06
1.305333181807477239e+01 4.830590252310696386e-01 8.668598000000000000e+06
1.306903073371036683e+01 4.823224135508597521e-01 8.697426000000000000e+06
1.308473895878913140e+01 4.816471353256073229e-01 8.722562000000000000e+06
1.310044895130510945e+01 4.811195676978224922e-01 8.737962000000000000e+06
1.311616215419301668e+01 4.808125667085377253e-01 8.771366000000000000e+06
1.313186858979111094e+01 4.795941972475233905e-01 8.771010000000000000e+06
1.314758318782488900e+01 4.794424398744227545e-01 8.822618000000000000e+06
1.316329275779432884e+01 4.784984796302700349e-01 8.807726000000000000e+06
1.317898595262972350e+01 4.779540507006633798e-01 8.844618000000000000e+06
1.319469240226760220e+01 4.772533178963102030e-01 8.868722000000000000e+06
1.321040689247021405e+01 4.769232473558139285e-01 8.891394000000000000e+06
1.322611949941154208e+01 4.763750494561561633e-01 8.911934000000000000e+06
1.324182463394985909e+01 4.754539419704619241e-01 8.923938000000000000e+06
1.325752875752444560e+01 4.749159619472748672e-01 8.953682000000000000e+06
1.327324685934994797e+01 4.747425563623821620e-01 8.981966000000000000e+06
1.328896030804089534e+01 4.741330848917105212e-01 8.990442000000000000e+06
1.330465770248929935e+01 4.735021826459828165e-01 9.007874000000000000e+06
1.332036222917837698e+01 4.725842467658415424e-01 9.038982000000000000e+06
1.333608106842605068e+01 4.722997672179847783e-01 9.068570000000000000e+06
1.335180331535189246e+01 4.717339093585757315e-01 9.085250000000000000e+06
1.336750361723562541e+01 4.709552554902809440e-01 9.084690000000000000e+06
1.338320275923961589e+01 4.703064657725005149e-01 9.128654000000000000e+06
1.339890831652831338e+01 4.696854432798250878e-01 9.133170000000000000e+06
1.341462514739588485e+01 4.690213198906756920e-01 9.185882000000000000e+06
1.343033068227095939e+01 4.685412518304087337e-01 9.163254000000000000e+06
1.344603079414738112e+01 4.679777833935096498e-01 9.220130000000000000e+06
1.346175097817287813e+01 4.677493177292487148e-01 9.233138000000000000e+06
1.347746169624149459e+01 4.669126399634656588e-01 9.249378000000000000e+06
1.349316675243398933e+01 4.662939314354126452e-01 9.271550000000000000e+06
1.350886780744113125e+01 4.659499307902659759e-01 9.286266000000000000e+06
1.352457420959309786e+01 4.656178861771173016e-01 9.320762000000000000e+06
1.354027528269936731e+01 4.648413836464231341e-01 9.326718000000000000e+06
1.355597266711250448e+01 4.642522471827235098e-01 9.354602000000000000e+06
1.357167854077304803e+01 4.637802556275376631e-01 9.384122000000000000e+06
1.358738838662311110e+01 4.626655845944920853e-01 9.400482000000000000e+06
1.360310113866151482e+01 4.623315874095878519e-01 9.432638000000000000e+06
1.361881507393887070e+01 4.617925883670992993e-01 9.445314000000000000e+06
1.363453202384387275e+01 4.615586839697846111e-01 9.477290000000000000e+06
1.365024566205330991e+01 4.608574269099275367e-01 9.489182000000000000e+06
1.366595033684499860e+01 4.603951673692233681e-01 9.506706000000000000e+06
1.368165392332742947e+01 4.601936358569319041e-01 9.533978000000000000e+06
1.369736167268202998e+01 4.590300033641550592e-01 9.553662000000000000e+06
1.371307055606699343e+01 4.585618506841584452e-01 9.579506000000000000e+06
1.372878654632152795e+01 4.577500352315488352e-01 9.607866000000000000e+06
1.374449164540093271e+01 4.576291110839588172e-01 9.608354000000000000e+06
1.376018948147827103e+01 4.569552115117366808e-01 9.643862000000000000e+06
1.377590285876657106e+01 4.566149510401549816e-01 9.670578000000000000e+06
1.379161550194992891e+01 4.561846800490096387e-01 9.687890000000000000e+06
1.380731081996385612e+01 4.555581931178400712e-01 9.693294000000000000e+06
1.382300999567189415e+01 4.550597296599415698e-01 9.736034000000000000e+06
1.383872564254849102e+01 4.545652266136117614e-01 9.758946000000000000e+06
1.385444081006387584e+01 4.541815344195936355e-01 9.778994000000000000e+06
1.387015071998694360e+01 4.532261202468476080e-01 9.796814000000000000e+06
1.388585452423644107e+01 4.527839898656212947e-01 9.816882000000000000e+06
1.390156760444444295e+01 4.519704250965990155e-01 9.850514000000000000e+06
1.391727461050539816e+01 4.515396209967023622e-01 9.856062000000000000e+06
1.393297592547683017e+01 4.511818698765797109e-01 9.886706000000000000e+06
1.394868876145243419e+01 4.505151875810416429e-01 9.916194000000000000e+06
1.396439742877755918e+01 4.502522152970713787e-01 9.924854000000000000e+06
1.398010702101767677e+01 4.496818749002408078e-01 9.961490000000000000e+06
1.399582173626056658e+01 4.491774707493603191e-01 9.979098000000000000e+06
1.401152670862070160e+01 4.485625808161665118e-01 9.990266000000000000e+06
1.402722014478893797e+01 4.480298825516125238e-01 1.001239800000000000e+07
1.404291897715275006e+01 4.477392159116740933e-01 1.003881800000000000e+07
1.405862735443806244e+01 4.471994469465201405e-01 1.007208200000000000e+07
1.407433479531513143e+01 4.464547089213471986e-01 1.008267000000000000e+07
1.409004917104677368e+01 4.459813008224848829e-01 1.012322600000000000e+07
1.410576653922355916e+01 4.456966932068152087e-01 1.013483400000000000e+07
1.412147260933269344e+01 4.454538021661929581e-01 1.015145000000000000e+07
1.413717993358438640e+01 4.447702294886999308e-01 1.018411800000000000e+07
1.415289157905369954e+01 4.440977331930692773e-01 1.019981000000000000e+07
1.416860366393267157e+01 4.438143389702011166e-01 1.023038600000000000e+07
1.418430896436029265e+01 4.432264077339145292e-01 1.023833400000000000e+07
1.420001284291687682e+01 4.423201501149675585e-01 1.027159400000000000e+07
1.421572657614547808e+01 4.419486080289224961e-01 1.029841800000000000e+07
1.423143337578410517e+01 4.412663796979357511e-01 1.030681400000000000e+07
1.424713778177505397e+01 4.413339088892641038e-01 1.034130600000000000e+07
1.426285025225489456e+01 4.408119413573998169e-01 1.036284200000000000e+07
1.427856427368283398e+01 4.402100370455433453e-01 1.038883400000000000e+07
1.429426790244143852e+01 4.398958023708038900e-01 1.039563000000000000e+07
1.430996575509801971e+01 4.394298730346246074e-01 1.042536200000000000e+07
1.432567210679634506e+01 4.386079798558943366e-01 1.045427400000000000e+07
1.434138366999696146e+01 4.383044129130180822e-01 1.047829400000000000e+07
1.435709809438420237e+01 4.376729343433680142e-01 1.050181800000000000e+07
1.437280392282341523e+01 4.375657287197771139e-01 1.051481000000000000e+07
1.438851160269255303e+01 4.367173667024304429e-01 1.054884200000000000e+07
1.440422192675342039e+01 4.363108957378543651e-01 1.056646200000000000e+07
1.441992714275331444e+01 4.361326499672705803e-01 1.058681000000000000e+07
1.443563532454286502e+01 4.354879917520132482e-01 1.061495400000000000e+07
1.445133980253338457e+01 4.351874705932262111e-01 1.063105400000000000e+07
1.446704700330820970e+01 4.344316015532017627e-01 1.066236200000000000e+07
1.448275628028434348e+01 4.342578182844076817e-01 1.068335400000000000e+07
1.449846208348667354e+01 4.335226946665098890e-01 1.069929800000000000e+07
1.451417198299666467e+01 4.332470851908531428e-01 1.073878200000000000e+07
1.452988075651297706e+01 4.331020582077663716e-01 1.074420200000000000e+07
1.454558861043286200e+01 4.324857222830323922e-01 1.078218600000000000e+07
1.456129125218806841e+01 4.318736378028452116e-01 1.078496600000000000e+07
1.457699892464232683e+01 4.312902196782000819e-01 1.083393800000000000e+07
1.459271566640466311e+01 4.309208640229318377e-01 1.084813800000000000e+07
1.460843060267550619e+01 4.302443146192404533e-01 1.087376600000000000e+07
1.462413856613178353e+01 4.300738405635360362e-01 1.088697000000000000e+07
1.463984038393505038e+01 4.298120897229052995e-01 1.091244200000000000e+07
1.465554487563843367e+01 4.290361222372602312e-01 1.093669800000000000e+07
1.467125359738870749e+01 4.287814255916073680e-01 1.096614200000000000e+07
1.468695215062295389e+01 4.283199738602753714e-01 1.096874600000000000e+07
1.470265208970906734e+01 4.273897050478991377e-01 1.101460200000000000e+07
1.471836994524712061e+01 4.272239928119510588e-01 1.104277400000000000e+07
1.473408908505314230e+01 4.271427117217831970e-01 1.106147400000000000e+07
1.474979494899728394e+01 4.265162633382855728e-01 1.107245000000000000e+07
1.476549319820674455e+01 4.260166017207294153e-01 1.109692200000000000e+07
1.478120959716355998e+01 4.253286629394665286e-01 1.114652600000000000e+07
1.479692708607952589e+01 4.253396541523732921e-01 1.114560200000000000e+07
1.481262773648680664e+01 4.245735439195547634e-01 1.116844200000000000e+07
1.482831807978547367e+01 4.241502569607281115e-01 1.118108600000000000e+07
1.484403479212634736e+01 4.242039680664569379e-01 1.125011400000000000e+07
1.485975910022496826e+01 4.238917067673975136e-01 1.124210600000000000e+07
1.487546116254211981e+01 4.229834309267471726e-01 1.126544600000000000e+07
1.489116101759013233e+01 4.225701320899668545e-01 1.128549000000000000e+07
1.490687605691364404e+01 4.220509809435880055e-01 1.133592200000000000e+07
1.492259047301397423e+01 4.219310811085133506e-01 1.133013000000000000e+07
1.493828361520856873e+01 4.213927730871943611e-01 1.135727000000000000e+07
1.495398746968900205e+01 4.208461899265420469e-01 1.138909800000000000e+07
1.496970470176504620e+01 4.206901292610725207e-01 1.142664200000000000e+07
1.498541811108218447e+01 4.201553306265100041e-01 1.143135800000000000e+07
1.500112369815582269e+01 4.197129580822275274e-01 1.146229800000000000e+07
1.501682771044461795e+01 4.195108684384158404e-01 1.147920200000000000e+07
1.503253401606537842e+01 4.190140685989073854e-01 1.150974600000000000e+07
1.504823456875438481e+01 4.184409925070263214e-01 1.152306200000000000e+07
1.506393551489705551e+01 4.183011558287708653e-01 1.155621000000000000e+07
1.507964770104679175e+01 4.178128820130542209e-01 1.158828200000000000e+07
1.509535661435938536e+01 4.175393800810817679e-01 1.159964600000000000e+07
1.511107216380126061e+01 4.172587094129343588e-01 1.164527400000000000e+07
1.512678669010588095e+01 4.165286902998264762e-01 1.164933800000000000e+07
1.514248358802091232e+01 4.162999406963472926e-01 1.166538600000000000e+07
1.515819551110980434e+01 4.155585929040387372e-01 1.171928600000000000e+07
1.517391026295977774e+01 4.155275887917637689e-01 1.172073800000000000e+07
1.518961803510608810e+01 4.151651448557447943e-01 1.175507400000000000e+07
1.520532275548752743e+01 4.143944259815829367e-01 1.176716600000000000e+07
1.522103567250607448e+01 4.141313561796970966e-01 1.181334600000000000e+07
1.523675395281714806e+01 4.140584079252797589e-01 1.182545000000000000e+07
1.525244943101724004e+01 4.134661767443464919e-01 1.182881400000000000e+07
1.526815365307287742e+01 4.133110683249276995e-01 1.188441800000000000e+07
1.528387066072771638e+01 4.127460909224899832e-01 1.190037800000000000e+07
1.529957321464638476e+01 4.123955891173011201e-01 1.190800200000000000e+07
1.531526583627620397e+01 4.120348365273378555e-01 1.193747000000000000e+07
1.533097536464771871e+01 4.117776082920900360e-01 1.198134600000000000e+07
1.534669338573561426e+01 4.113296512113446823e-01 1.199815400000000000e+07
1.536240004252223734e+01 4.109548945479942206e-01 1.201579800000000000e+07
1.537810801182491893e+01 4.105081721908597214e-01 1.204658600000000000e+07
1.539381960142510408e+01 4.101695768802803843e-01 1.207322600000000000e+07
1.540952845721061593e+01 4.098645752425478239e-01 1.208937000000000000e+07
1.542523709037442003e+01 4.095773620214750443e-01 1.212366200000000000e+07
1.544094016867252428e+01 4.089663318168049733e-01 1.212901800000000000e+07
1.545664017249611355e+01 4.085741547698857890e-01 1.216869800000000000e+07
1.547234727593419557e+01 4.080360870702899323e-01 1.219107000000000000e+07
1.548806833453869558e+01 4.077907772063912861e-01 1.223729000000000000e+07
1.550378623459487315e+01 4.077081437170570477e-01 1.223743400000000000e+07
1.551949330626827894e+01 4.070289328844127197e-01 1.226943000000000000e+07
1.553520078467428966e+01 4.067885960596384631e-01 1.228831400000000000e+07
1.555090402017178697e+01 4.063195001826670483e-01 1.231201800000000000e+07
1.556660515225103758e+01 4.060348944402238369e-01 1.233377000000000000e+07
1.558230564648683369e+01 4.059944976216272039e-01 1.236265400000000000e+07
1.559802032509431058e+01 4.053575726855705441e-01 1.240528200000000000e+07
1.561373656517381825e+01 4.053182875786900397e-01 1.241484200000000000e+07
1.562943874868456007e+01 4.049154213394086099e-01 1.243327800000000000e+07
1.564514468723513119e+01 4.043662900072031996e-01 1.246944200000000000e+07
1.566085762263859849e+01 4.042548730882173369e-01 1.249710600000000000e+07
1.567656801168175562e+01 4.039086238920988059e-01 1.251307400000000000e+07
1.569226784315055134e+01 4.035833108174641248e-01 1.253190200000000000e+07
1.570797061764651303e+01 4.030247404256470656e-01 1.256769000000000000e+07
1.572368763200833186e+01 4.025915198021349228e-01 1.260333800000000000e+07
1.573939902922757739e+01 4.025301905393013358e-01 1.261272600000000000e+07
1.575510155432147918e+01 4.022480526406349566e-01 1.263480200000000000e+07
1.577080131559525533e+01 4.017754465269337549e-01 1.266273000000000000e+07
1.578651124257762106e+01 4.015720501459711378e-01 1.269908600000000000e+07
1.580221945868158429e+01 4.013599480264216646e-01 1.271107400000000000e+07
1.581792010585497543e+01 4.007645203765604069e-01 1.273909800000000000e+07
1.583362809238100866e+01 4.005271549607697379e-01 1.276949000000000000e+07
1.584933934958661794e+01 4.004008379580561994e-01 1.279968600000000000e+07
1.586505742005159547e+01 3.998427812924002511e-01 1.282862600000000000e+07
1.588076352344777042e+01 3.994104089880972097e-01 1.283279400000000000e+07
1.589646872608305905e+01 3.993990109616833983e-01 1.287594200000000000e+07
1.591218765353894682e+01 3.991578075661261216e-01 1.290631400000000000e+07
1.592789674253093146e+01 3.986314076487467717e-01 1.291312200000000000e+07
1.594359563934946422e+01 3.983552345280090834e-01 1.293734600000000000e+07
1.595929854003116333e+01 3.982014624722913232e-01 1.297337400000000000e+07
1.597501474699522639e+01 3.976666202855589916e-01 1.300817000000000000e+07
1.599073061961361475e+01 3.974310618687053043e-01 1.302581000000000000e+07
1.600643059467362406e+01 3.970617842052726609e-01 1.303359000000000000e+07
1.602213644221637878e+01 3.966111874486861200e-01 1.308369800000000000e+07
1.603784671360493164e+01 3.964982108036637642e-01 1.309470600000000000e+07
1.605354767035452213e+01 3.961424047347504307e-01 1.311900200000000000e+07
1.606924881116611203e+01 3.959929312526899170e-01 1.314631800000000000e+07
