# k_mean_over_bin [h Mpc^-1] P_bin [h^-3 Mpc^3] N_modes
2.004559772710005558e-02 1.049187413194444343e+04 1.800000000000000000e+01
3.504137442477287673e-02 2.513829032258064399e+04 6.200000000000000000e+01
4.923125820196404961e-02 1.244953188775510171e+04 9.800000000000000000e+01
6.378344006481624640e-02 1.097240476190476329e+04 2.100000000000000000e+02
8.007265176091875325e-02 8.246775714285713548e+03 3.500000000000000000e+02
9.616302738587061139e-02 6.221808888888888760e+03 4.500000000000000000e+02
1.110826890383447979e-01 5.108935631229235696e+03 6.020000000000000000e+02
1.260576397180557251e-01 4.349854330708661109e+03 7.620000000000000000e+02
1.422731428555557009e-01 3.489371935201400902e+03 1.142000000000000000e+03
1.585460595607757484e-01 3.162856200000000172e+03 1.250000000000000000e+03
1.737497011902237598e-01 2.845619684499313735e+03 1.458000000000000000e+03
1.889532144205047226e-01 2.410700385887541415e+03 1.814000000000000000e+03
2.049067109494826788e-01 2.269191689623507955e+03 2.178000000000000000e+03
2.207556613284745450e-01 2.031554843875100005e+03 2.498000000000000000e+03
2.358802738624342921e-01 1.840306254767353266e+03 2.622000000000000000e+03
2.513999951464319649e-01 1.726633762732175001e+03 3.338000000000000000e+03
2.675345382307371400e-01 1.549508328855454238e+03 3.722000000000000000e+03
2.835681791499936044e-01 1.461299880095923299e+03 4.170000000000000000e+03
2.990221799979137507e-01 1.371320100963744835e+03 4.358000000000000000e+03
3.144508804126917023e-01 1.271892828764402111e+03 5.034000000000000000e+03
3.303723395141972552e-01 1.196071491074553705e+03 5.714000000000000000e+03
3.461405835555014798e-01 1.126644767636242022e+03 5.982000000000000000e+03
3.616240832326051979e-01 1.066778854892456820e+03 6.602000000000000000e+03
3.771335216675366642e-01 1.021264165497896215e+03 7.130000000000000000e+03
3.929320011962133541e-01 9.612061862086134170e+02 8.034000000000000000e+03
4.088541926781908975e-01 9.130169649082035903e+02 8.606000000000000000e+03
4.245637628236880179e-01 8.811121773659828023e+02 9.066000000000000000e+03
4.402531073637167558e-01 8.489963862678176838e+02 9.962000000000000000e+03
4.559993315308014661e-01 7.839846445497630611e+02 1.055000000000000000e+04
4.716264483403250773e-01 7.750072153928380203e+02 1.122600000000000000e+04
4.872700578197112775e-01 7.210964926724848283e+02 1.214600000000000000e+04
5.028559864371159316e-01 7.105906711089958208e+02 1.260600000000000000e+04
5.184881697096974662e-01 6.820938994348645110e+02 1.380200000000000000e+04
5.343469721895739433e-01 6.544729564863765745e+02 1.475400000000000000e+04
5.500823565575736485e-01 6.153343425036198369e+02 1.519400000000000000e+04
5.657322269403529669e-01 5.949696730278351424e+02 1.645400000000000000e+04
5.814958906429442687e-01 5.957869301620612532e+02 1.715400000000000000e+04
5.972223875100493018e-01 5.612559399978101737e+02 1.826600000000000000e+04
6.128042965698242694e-01 5.562938666666666450e+02 1.875000000000000000e+04
6.284339241893368566e-01 5.395405258475832397e+02 2.023400000000000000e+04
6.442671741027654608e-01 5.187318881118881109e+02 2.145000000000000000e+04
6.600506477327297006e-01 5.132600856024041605e+02 2.196200000000000000e+04
6.757240646605540135e-01 4.951980223339868985e+02 2.346200000000000000e+04
6.914033637984144942e-01 4.802617086764828400e+02 2.404200000000000000e+04
7.071742118944099875e-01 4.625566561319663492e+02 2.594600000000000000e+04
7.228711511166978632e-01 4.456640248104755528e+02 2.611800000000000000e+04
7.383803448867409802e-01 4.310956518577764882e+02 2.750600000000000000e+04
7.540183656477988938e-01 4.257572421385812049e+02 2.906600000000000000e+04
7.698451130026079392e-01 4.078711986863710877e+02 3.045000000000000000e+04
7.856895634322977884e-01 3.973854199483334355e+02 3.174200000000000000e+04
8.013652298136274554e-01 3.879124341085271226e+02 3.225000000000000000e+04
8.170314793099452411e-01 3.819962043795620730e+02 3.425000000000000000e+04
8.328089595358807440e-01 3.736499407683195386e+02 3.545400000000000000e+04
8.485110835048260691e-01 3.616662183674589528e+02 3.643400000000000000e+04
8.640973204722621759e-01 3.508014967358420790e+02 3.768200000000000000e+04
8.797014300262691044e-01 3.397429378531073780e+02 3.929400000000000000e+04
8.955074489672053550e-01 3.355625452614300457e+02 4.142600000000000000e+04
9.112788985619241222e-01 3.263849427090761992e+02 4.206600000000000000e+04
9.269095651252046153e-01 3.201877902966199372e+02 4.349000000000000000e+04
9.426346125839982770e-01 3.081128615815500780e+02 4.570200000000000000e+04
9.583964670696782928e-01 3.023890294634816200e+02 4.663400000000000000e+04
9.741277885224883804e-01 2.984770152819540954e+02 4.855400000000000000e+04
9.896918448392955092e-01 2.917383875588295155e+02 4.887000000000000000e+04
1.005280879626296420e+00 2.817513674981572649e+02 5.155400000000000000e+04
1.021133664452582135e+00 2.797747827694582838e+02 5.409000000000000000e+04
1.036923334995100809e+00 2.721730677173472372e+02 5.431400000000000000e+04
1.052635308833600680e+00 2.659280267088385017e+02 5.691000000000000000e+04
1.068321370297892425e+00 2.559597439198357733e+02 5.748200000000000000e+04
1.084052701550582753e+00 2.527470557186685483e+02 6.062600000000000000e+04
1.099794715754920382e+00 2.496830376106917697e+02 6.120600000000000000e+04
1.115370388947033220e+00 2.425276330509828995e+02 6.257000000000000000e+04
1.131046383902849950e+00 2.351670622242507420e+02 6.573000000000000000e+04
1.146787968622316356e+00 2.296434783912665409e+02 6.668600000000000000e+04
1.162563353468210270e+00 2.274873597520732460e+02 6.969800000000000000e+04
1.178284495947235833e+00 2.223153400165652727e+02 7.002600000000000000e+04
1.193950312022173277e+00 2.192426525169768752e+02 7.274600000000000000e+04
1.209702279395532543e+00 2.151800694166333017e+02 7.491000000000000000e+04
1.225374778796072261e+00 2.085134175008584236e+02 7.572200000000000000e+04
1.240998268267369031e+00 2.052874020771134838e+02 7.837800000000000000e+04
1.256664763601604173e+00 1.988798075721604448e+02 8.003000000000000000e+04
1.272410839108921055e+00 1.938804846969441940e+02 8.318600000000000000e+04
1.288186821427190987e+00 1.895602839392435897e+02 8.466600000000000000e+04
1.303915415643678744e+00 1.870203822244817786e+02 8.654600000000000000e+04
1.319571589153230251e+00 1.837095899425873995e+02 8.813400000000000000e+04
1.335290070384270056e+00 1.800398850750507904e+02 9.153800000000000000e+04
1.351076062681103140e+00 1.772703622581545631e+02 9.313800000000000000e+04
1.366744220099084473e+00 1.736011875780605180e+02 9.447800000000000000e+04
1.382398842931918725e+00 1.684624154450315814e+02 9.727400000000000000e+04
1.398110035554206876e+00 1.666836994683519038e+02 9.969000000000000000e+04
1.413886464447384306e+00 1.634701042986646087e+02 1.025900000000000000e+05
1.429636290478455862e+00 1.586017538787703529e+02 1.037700000000000000e+05
1.445306609637929229e+00 1.576960863596185902e+02 1.063460000000000000e+05
1.461013715221450848e+00 1.541858106240672157e+02 1.085460000000000000e+05
1.476673179078200837e+00 1.506289037805032081e+02 1.107260000000000000e+05
1.492290038154521659e+00 1.484841259949075152e+02 1.123220000000000000e+05
1.507927148623363189e+00 1.466665286047113739e+02 1.158900000000000000e+05
1.523672044743926701e+00 1.429497667682670112e+02 1.187660000000000000e+05
1.539529615911521709e+00 1.402464472027343163e+02 1.222980000000000000e+05
1.555255688786340684e+00 1.372154312392497388e+02 1.220900000000000000e+05
1.570915144657768492e+00 1.337195135521818656e+02 1.258100000000000000e+05
1.586615423455384422e+00 1.326301427568452880e+02 1.281900000000000000e+05
1.602349133342779730e+00 1.305067254988778132e+02 1.309940000000000000e+05
1.618092974080486135e+00 1.269480115463424141e+02 1.337220000000000000e+05
1.633691874209366679e+00 1.255209058452713577e+02 1.338860000000000000e+05
1.649409270104698511e+00 1.226746502725241612e+02 1.405380000000000000e+05
1.665187916060468121e+00 1.217737456790474795e+02 1.405940000000000000e+05
1.680850499408222509e+00 1.191978216360015068e+02 1.435940000000000000e+05
1.696519861906699678e+00 1.165512951951336191e+02 1.463100000000000000e+05
1.712283893956166425e+00 1.146636973116495142e+02 1.506500000000000000e+05
1.728062756067172412e+00 1.121183169424806181e+02 1.519140000000000000e+05
1.743677627348828585e+00 1.103081396106859273e+02 1.533980000000000000e+05
1.759326903275710174e+00 1.086376420508532590e+02 1.578660000000000000e+05
1.775054497456971747e+00 1.060622813678746184e+02 1.606580000000000000e+05
1.790812710658242546e+00 1.053276255012126512e+02 1.641020000000000000e+05
1.806502375897273804e+00 1.036880250190916115e+02 1.649940000000000000e+05
1.822179186865621636e+00 1.012465822784810001e+02 1.698500000000000000e+05
1.837969883527481585e+00 1.000635658376978512e+02 1.729860000000000000e+05
1.853671301775014824e+00 9.848265035021334768e+01 1.738940000000000000e+05
1.869276135303816311e+00 9.605103576236861329e+01 1.767780000000000000e+05
1.884971321406135658e+00 9.436917085620621037e+01 1.818020000000000000e+05
1.900728707982397125e+00 9.317461367456488119e+01 1.844300000000000000e+05
1.916473119999263952e+00 9.170022751305796760e+01 1.872420000000000000e+05
1.932184555202840048e+00 9.018989750328515242e+01 1.902500000000000000e+05
1.947873548384971176e+00 8.881158020460092928e+01 1.925700000000000000e+05
1.963628993658796507e+00 8.764057219526466724e+01 1.982540000000000000e+05
1.979352447076785815e+00 8.650340781728041861e+01 1.980740000000000000e+05
1.994985104292756439e+00 8.488822568671120905e+01 2.020500000000000000e+05
2.010642935442618739e+00 8.344723652324550756e+01 2.055020000000000000e+05
2.026404838719640278e+00 8.171864467925530562e+01 2.106660000000000000e+05
2.042160439755924539e+00 8.105656558048450222e+01 2.124260000000000000e+05
2.057814152054247447e+00 7.885715087089445774e+01 2.139180000000000000e+05
2.073527659517757193e+00 7.797937500565625157e+01 2.209940000000000000e+05
2.089278401895053872e+00 7.694751762804597206e+01 2.215220000000000000e+05
2.104986979127729807e+00 7.553191583375310358e+01 2.263140000000000000e+05
2.120648321356923383e+00 7.408891567749257945e+01 2.272940000000000000e+05
2.136325257483229656e+00 7.313284570015710528e+01 2.329620000000000000e+05
2.152108829701105730e+00 7.164118779907325063e+01 2.378180000000000000e+05
2.167848322413291839e+00 7.043391303618318489e+01 2.383980000000000000e+05
2.183487000865677263e+00 6.978328873571979329e+01 2.414180000000000000e+05
2.199161537811643807e+00 6.869481966469219003e+01 2.468180000000000000e+05
2.214891256735060487e+00 6.748822357206309164e+01 2.499060000000000000e+05
2.230633713071271895e+00 6.641634537616508283e+01 2.547020000000000000e+05
2.246304443991349320e+00 6.541203452585901346e+01 2.544180000000000000e+05
2.261936208784359970e+00 6.434173855596611702e+01 2.603540000000000000e+05
2.277652670266802293e+00 6.331848407768309528e+01 2.649740000000000000e+05
2.293412982496121355e+00 6.210008856736702398e+01 2.687220000000000000e+05
2.309141221738169047e+00 6.111244577665505773e+01 2.715620000000000000e+05
2.324861988404599789e+00 6.028640061541587869e+01 2.755860000000000000e+05
2.340611247586814159e+00 5.927674792105356971e+01 2.801900000000000000e+05
2.356347504876110666e+00 5.866084346294999818e+01 2.828340000000000000e+05
2.372029085968939910e+00 5.734643195287021911e+01 2.851700000000000000e+05
2.387678571697246621e+00 5.677465969381066913e+01 2.898860000000000000e+05
2.403388139521258626e+00 5.592009481312442176e+01 2.944740000000000000e+05
2.419137128499648348e+00 5.492048027031899693e+01 2.994980000000000000e+05
2.434829956177893884e+00 5.428426646397161903e+01 2.999580000000000000e+05
2.450497304476752181e+00 5.339199236246885505e+01 3.058580000000000000e+05
2.466221630284449073e+00 5.267843330308821947e+01 3.107940000000000000e+05
2.481948461430914410e+00 5.179899834548137250e+01 3.130820000000000000e+05
2.497590267743403203e+00 5.106179163792612741e+01 3.160460000000000000e+05
2.513275415567109317e+00 5.016407835688881534e+01 3.222180000000000000e+05
2.529064511226168488e+00 4.943057322514471963e+01 3.285620000000000000e+05
2.544794397904540872e+00 4.885142229946035286e+01 3.279900000000000000e+05
2.560494206000486273e+00 4.823000638268681683e+01 3.352820000000000000e+05
2.576181416838396743e+00 4.742633568473375760e+01 3.359700000000000000e+05
2.591894431456594372e+00 4.700569948788895402e+01 3.440660000000000000e+05
2.607583386084574517e+00 4.598601760745727063e+01 3.437180000000000000e+05
2.623254195933073518e+00 4.539536213577317625e+01 3.514980000000000000e+05
2.638982638468245323e+00 4.480414886954166320e+01 3.544580000000000000e+05
2.654678623100330981e+00 4.418648728546487803e+01 3.585660000000000000e+05
2.670444987332728282e+00 4.356507666843292270e+01 3.661220000000000000e+05
2.686175436888973866e+00 4.294028867444848174e+01 3.658100000000000000e+05
2.701842624139498383e+00 4.220340022926522749e+01 3.716220000000000000e+05
2.717551210176916143e+00 4.171890974663950402e+01 3.759860000000000000e+05
2.733286152591690943e+00 4.137034565769160110e+01 3.821700000000000000e+05
2.748969669686326611e+00 4.051958000932381054e+01 3.818180000000000000e+05
2.764618652904751617e+00 4.013962174067057731e+01 3.895740000000000000e+05
2.780335698310803405e+00 3.947950459489253205e+01 3.936980000000000000e+05
2.796070939832780322e+00 3.887226441828677537e+01 3.994580000000000000e+05
2.811789110373833278e+00 3.839653723565593424e+01 4.022220000000000000e+05
2.827490318755497611e+00 3.781475811089103445e+01 4.069220000000000000e+05
2.843211165013692643e+00 3.726294078606343874e+01 4.128420000000000000e+05
2.858928238366322816e+00 3.677076702315660128e+01 4.153460000000000000e+05
2.874619182965964193e+00 3.630926060467920991e+01 4.211820000000000000e+05
2.890326122379585971e+00 3.577415544753398535e+01 4.250180000000000000e+05
2.906048410595298837e+00 3.527584671265348959e+01 4.311380000000000000e+05
2.921763637537025282e+00 3.482738925646089712e+01 4.343820000000000000e+05
2.937471882413853042e+00 3.423267745737337009e+01 4.395140000000000000e+05
2.953184966193053373e+00 3.390789633447108287e+01 4.447380000000000000e+05
2.968906669185866321e+00 3.351231204473056380e+01 4.489100000000000000e+05
2.984558054153132023e+00 3.310942971652264788e+01 4.506180000000000000e+05
3.000234266597839206e+00 3.262864429425051327e+01 4.595540000000000000e+05
3.015961738166995865e+00 3.203006223197281344e+01 4.631060000000000000e+05
3.031644318942089189e+00 3.176462553575939651e+01 4.670940000000000000e+05
3.047375183469438475e+00 3.133119691412352736e+01 4.749380000000000000e+05
3.063101994982958765e+00 3.086600193635186429e+01 4.771860000000000000e+05
3.078830638657798602e+00 3.045185383869437246e+01 4.846700000000000000e+05
3.094557820700788220e+00 3.002304059464898245e+01 4.870100000000000000e+05
3.110261604918990841e+00 2.979819344271599846e+01 4.933140000000000000e+05
3.125964826756857384e+00 2.927266169946123497e+01 4.963220000000000000e+05
3.141631907395710410e+00 2.900243371563198735e+01 5.017020000000000000e+05
3.157337759020614865e+00 2.854539859446832395e+01 5.085620000000000000e+05
3.173083732250922218e+00 2.817037309282400415e+01 5.142420000000000000e+05
3.188786566155163538e+00 2.780559634840494709e+01 5.161580000000000000e+05
3.204467208631248454e+00 2.746019724379164373e+01 5.226020000000000000e+05
3.220198682476764773e+00 2.711490451477222763e+01 5.306580000000000000e+05
3.235902901074469540e+00 2.686164115296523747e+01 5.300420000000000000e+05
3.251569839460216826e+00 2.648844636448324152e+01 5.388780000000000000e+05
3.267286640001119125e+00 2.618409203682943343e+01 5.441300000000000000e+05
3.283035953778620897e+00 2.584299935039720353e+01 5.511060000000000000e+05
3.298765470797303756e+00 2.552170106609962019e+01 5.539820000000000000e+05
3.314460854810658219e+00 2.517147581156559255e+01 5.582420000000000000e+05
3.330143183999465961e+00 2.493696704962925992e+01 5.645460000000000000e+05
3.345851390644388967e+00 2.459299484306583494e+01 5.704940000000000000e+05
3.361584614506297086e+00 2.420471702365967204e+01 5.767620000000000000e+05
3.377268741275611497e+00 2.402873231252399577e+01 5.782340000000000000e+05
3.392938742749323389e+00 2.367228078802594027e+01 5.856660000000000000e+05
3.408667877553761993e+00 2.331083563519646873e+01 5.944460000000000000e+05
3.424389245726590758e+00 2.306425535489290013e+01 5.952500000000000000e+05
3.440080490503192756e+00 2.279230761581830933e+01 6.034020000000000000e+05
3.455784632582446392e+00 2.260169218053876961e+01 6.073820000000000000e+05
3.471525169349745088e+00 2.223861363673198355e+01 6.170100000000000000e+05
3.487238775590668638e+00 2.204929164140095921e+01 6.167780000000000000e+05
3.502915637500682244e+00 2.177289490448918485e+01 6.247460000000000000e+05
3.518586117849470174e+00 2.152304708770790143e+01 6.280620000000000000e+05
3.534307361823285198e+00 2.129524874493673892e+01 6.394100000000000000e+05
3.550068718511843802e+00 2.097235105466332072e+01 6.429540000000000000e+05
3.565767899937936303e+00 2.080946446761015167e+01 6.459740000000000000e+05
3.581461234185308484e+00 2.056081959938178017e+01 6.534900000000000000e+05
3.597192479322759873e+00 2.030689402584351910e+01 6.607460000000000000e+05
3.612919168611930854e+00 2.016731162152484202e+01 6.646460000000000000e+05
3.628586482304986038e+00 1.985407993526052906e+01 6.672900000000000000e+05
3.644285394494611641e+00 1.959074361519452623e+01 6.790340000000000000e+05
3.660034289703634869e+00 1.947911888001265268e+01 6.827220000000000000e+05
3.675778468055097559e+00 1.922862747707736020e+01 6.912380000000000000e+05
3.691462948962963786e+00 1.899818037124492776e+01 6.886020000000000000e+05
3.707119074879760223e+00 1.878599538259140189e+01 7.008260000000000000e+05
3.722835664250375487e+00 1.857389231671820440e+01 7.056620000000000000e+05
3.738525251797470528e+00 1.838168831205409859e+01 7.100820000000000000e+05
3.754222032949778853e+00 1.813063815941331569e+01 7.191620000000000000e+05
3.769933086185316640e+00 1.798954794046382588e+01 7.222500000000000000e+05
3.785638995718866973e+00 1.781782340637858653e+01 7.315100000000000000e+05
3.801371660419305520e+00 1.752987607985421903e+01 7.364420000000000000e+05
3.817071936206203997e+00 1.741651212447597530e+01 7.408980000000000000e+05
3.832786102847733023e+00 1.720808416360286586e+01 7.501580000000000000e+05
3.848527046055627121e+00 1.704128679792175305e+01 7.548660000000000000e+05
3.864237159299509283e+00 1.682535034291677789e+01 7.608260000000000000e+05
3.879924927323326056e+00 1.664064033799543196e+01 7.640340000000000000e+05
3.895614328144405114e+00 1.647814164575380502e+01 7.738460000000000000e+05
3.911337128038584687e+00 1.629163898557676049e+01 7.797140000000000000e+05
3.927042484287095014e+00 1.615064374727468888e+01 7.843140000000000000e+05
3.942732759911325768e+00 1.593486760465133933e+01 7.913420000000000000e+05
3.958453369699379998e+00 1.578008600827060270e+01 7.994580000000000000e+05
3.974178216354418591e+00 1.561191584199005611e+01 8.049620000000000000e+05
3.989882109912799013e+00 1.542202211104934761e+01 8.095500000000000000e+05
4.005543243773400874e+00 1.528424331680308157e+01 8.134580000000000000e+05
4.021251057898795445e+00 1.512131225208544194e+01 8.274020000000000000e+05
4.036984636136614846e+00 1.500045497442729925e+01 8.286180000000000000e+05
4.052682677778184583e+00 1.482043880045595863e+01 8.369180000000000000e+05
4.068393456235992467e+00 1.466884967385397864e+01 8.428740000000000000e+05
4.084099822251435974e+00 1.451380957875427669e+01 8.493380000000000000e+05
4.099829813320492455e+00 1.430735719059028277e+01 8.589420000000000000e+05
4.115554009414900349e+00 1.422562365124312045e+01 8.609780000000000000e+05
4.131235359039446386e+00 1.408843594603994376e+01 8.683460000000000000e+05
4.146931044915801223e+00 1.392983634880261157e+01 8.751540000000000000e+05
4.162664159049392687e+00 1.379176699984428112e+01 8.862140000000000000e+05
4.178388788086889960e+00 1.367588967550425494e+01 8.873460000000000000e+05
4.194077965975033351e+00 1.352190537058680064e+01 8.949860000000000000e+05
4.209774792532540388e+00 1.340713733448238365e+01 9.027740000000000000e+05
4.225510803750013977e+00 1.324727501167617305e+01 9.121140000000000000e+05
4.241231113843379141e+00 1.306717295464828510e+01 9.150260000000000000e+05
4.256908196003403866e+00 1.299574956908824852e+01 9.201420000000000000e+05
4.272591924000948893e+00 1.286793717101795842e+01 9.297620000000000000e+05
4.288308084378355645e+00 1.277730036749571774e+01 9.376980000000000000e+05
4.304040323784237287e+00 1.265977886494164650e+01 9.447620000000000000e+05
4.319738418983270378e+00 1.251073235652050997e+01 9.482540000000000000e+05
4.335428335028543856e+00 1.240588752949931184e+01 9.568020000000000000e+05
4.351157550879730884e+00 1.225448350553604726e+01 9.676580000000000000e+05
4.366881330891844826e+00 1.216600976382435029e+01 9.697020000000000000e+05
4.382546060772999574e+00 1.200213224650699750e+01 9.740900000000000000e+05
4.398246218400761798e+00 1.192016243087886451e+01 9.884820000000000000e+05
4.413979276240257654e+00 1.179000981860777308e+01 9.919940000000000000e+05
4.429695644229851403e+00 1.166824470795081048e+01 1.001030000000000000e+06
4.445410080183695989e+00 1.157600676314088339e+01 1.005450000000000000e+06
4.461113024304604657e+00 1.146838039019943878e+01 1.013738000000000000e+06
4.476828248264367538e+00 1.136836284268530228e+01 1.021710000000000000e+06
4.492511743566732996e+00 1.126553741307860612e+01 1.023626000000000000e+06
4.508191947536588806e+00 1.116261872076027650e+01 1.035834000000000000e+06
4.523895481465870283e+00 1.104655519962797250e+01 1.040786000000000000e+06
4.539619934096997156e+00 1.096220112684508052e+01 1.053206000000000000e+06
4.555352618284365995e+00 1.087394536623393471e+01 1.057002000000000000e+06
4.571063001207543941e+00 1.078903710694070384e+01 1.063898000000000000e+06
4.586777862326684385e+00 1.069263186742506910e+01 1.072782000000000000e+06
4.602497075350756361e+00 1.056874231803831243e+01 1.078826000000000000e+06
4.618214180504660149e+00 1.047369572450966224e+01 1.087922000000000000e+06
4.633911241501361467e+00 1.038180402643205724e+01 1.090494000000000000e+06
4.649602871383847535e+00 1.029447084609783225e+01 1.101362000000000000e+06
4.665319460688174047e+00 1.021060153072349763e+01 1.109802000000000000e+06
4.681029772111457099e+00 1.009675069133272451e+01 1.114514000000000000e+06
4.696725943447952467e+00 1.003136594402122661e+01 1.123926000000000000e+06
4.712406639130506392e+00 9.943737311121097378e+00 1.125986000000000000e+06
4.728114319510818397e+00 9.867775373965724128e+00 1.143554000000000000e+06
4.743843011674210075e+00 9.772274200452516268e+00 1.144710000000000000e+06
4.759548004017718270e+00 9.675328287773673708e+00 1.154018000000000000e+06
4.775245153331388437e+00 9.589803803917714475e+00 1.159962000000000000e+06
4.790962201099520534e+00 9.514553547181606064e+00 1.170986000000000000e+06
4.806687457227775795e+00 9.439783998872801618e+00 1.178142000000000000e+06
4.822395257046031780e+00 9.357215090549043879e+00 1.182674000000000000e+06
4.838087143849061356e+00 9.286228738490784451e+00 1.191002000000000000e+06
4.853789225034707222e+00 9.180249209038700897e+00 1.200438000000000000e+06
4.869505077076887289e+00 9.123797139787544808e+00 1.208162000000000000e+06
4.885214479826415435e+00 9.042758821583564810e+00 1.215258000000000000e+06
4.900926872777207954e+00 8.969272971749825629e+00 1.224134000000000000e+06
4.916625834276870499e+00 8.904909328554383663e+00 1.228722000000000000e+06
4.932342625999591945e+00 8.814264363063626817e+00 1.243154000000000000e+06
4.948070313168653200e+00 8.760609554580973679e+00 1.245434000000000000e+06
4.963768791695496674e+00 8.675450421381212252e+00 1.255158000000000000e+06
4.979434313641077026e+00 8.589419485349750971e+00 1.255610000000000000e+06
4.995141420885109262e+00 8.521182533606980414e+00 1.277562000000000000e+06
5.010861277833007499e+00 8.465049818975623808e+00 1.274414000000000000e+06
5.026541148359606304e+00 8.365815081563367173e+00 1.285994000000000000e+06
5.042268620369379839e+00 8.310618897019782736e+00 1.299570000000000000e+06
5.058004053481842455e+00 8.274023478598779846e+00 1.302122000000000000e+06
5.073708460591943137e+00 8.189250750743880758e+00 1.311366000000000000e+06
5.089416057291027862e+00 8.147565240989520063e+00 1.319186000000000000e+06
5.105125712135527571e+00 8.067073767886011382e+00 1.327434000000000000e+06
5.120844156875770103e+00 8.012499121359999421e+00 1.337294000000000000e+06
5.136559512122237159e+00 7.929988903204665540e+00 1.342730000000000000e+06
5.152249183032828306e+00 7.872491614651591973e+00 1.350570000000000000e+06
5.167964432416064291e+00 7.811315215875648477e+00 1.362590000000000000e+06
5.183694924160209716e+00 7.747866317976662920e+00 1.369698000000000000e+06
5.199396868456950926e+00 7.698721520036889920e+00 1.374914000000000000e+06
5.215085298788597612e+00 7.616645345013263402e+00 1.383570000000000000e+06
5.230792912992411559e+00 7.564417854998015223e+00 1.395374000000000000e+06
5.246488594245054315e+00 7.511587737671027831e+00 1.396994000000000000e+06
5.262173859327344161e+00 7.457759310818757648e+00 1.411530000000000000e+06
5.277882164810089982e+00 7.400056011185307092e+00 1.417574000000000000e+06
5.293593858628555360e+00 7.344982692181177164e+00 1.428834000000000000e+06
5.309329156889964985e+00 7.292625943525376186e+00 1.439018000000000000e+06
5.325038538485003414e+00 7.233712408846267650e+00 1.440698000000000000e+06
5.340730702455575241e+00 7.174584043620213514e+00 1.453638000000000000e+06
5.356455193601842524e+00 7.121579772397100605e+00 1.463426000000000000e+06
5.372183381207660702e+00 7.081475816593589379e+00 1.471050000000000000e+06
5.387886700194870926e+00 7.024696641966412969e+00 1.476638000000000000e+06
5.403571860691538831e+00 6.957832648238491124e+00 1.484466000000000000e+06
5.419293096268920529e+00 6.946006205892267360e+00 1.501154000000000000e+06
5.435016687773623012e+00 6.851274483820401606e+00 1.501706000000000000e+06
5.450702718101835487e+00 6.817011158437104257e+00 1.511502000000000000e+06
5.466391329901655105e+00 6.766468846243406610e+00 1.520234000000000000e+06
5.482117701107046770e+00 6.714298929648666814e+00 1.535010000000000000e+06
5.497863840523032231e+00 6.677687872807216429e+00 1.543358000000000000e+06
5.513531058043433575e+00 6.619883783470529082e+00 1.535754000000000000e+06
5.529215137958169990e+00 6.578180498235560059e+00 1.564802000000000000e+06
5.544946163489404611e+00 6.518927882751411218e+00 1.563038000000000000e+06
5.560660431796565106e+00 6.482609257576852357e+00 1.578426000000000000e+06
5.576372624871568817e+00 6.433298640136277058e+00 1.581482000000000000e+06
5.592071612679278658e+00 6.407741874705605412e+00 1.592250000000000000e+06
5.607777081388953810e+00 6.347730350823540313e+00 1.602230000000000000e+06
5.623461069047772654e+00 6.302265643207619839e+00 1.604754000000000000e+06
5.639160434689571844e+00 6.267408827330303467e+00 1.623458000000000000e+06
5.654868627057174635e+00 6.228557889360025968e+00 1.624910000000000000e+06
5.670595730029768688e+00 6.184560780294713567e+00 1.645122000000000000e+06
5.686329334746649700e+00 6.118098873645243962e+00 1.645130000000000000e+06
5.702030598096980540e+00 6.091576040673888137e+00 1.655706000000000000e+06
5.717729473142792784e+00 6.050504898701654533e+00 1.663502000000000000e+06
5.733437455346763301e+00 6.011357111907151385e+00 1.675514000000000000e+06
5.749160590029285700e+00 5.973696640000759395e+00 1.685298000000000000e+06
5.764862617007506351e+00 5.922129114814099538e+00 1.689566000000000000e+06
5.780540238679900078e+00 5.887821067821067622e+00 1.697850000000000000e+06
5.796263103923236848e+00 5.845787660033540334e+00 1.718546000000000000e+06
5.812002103804656983e+00 5.804652458219512923e+00 1.719822000000000000e+06
5.827695391299545058e+00 5.777288823145791952e+00 1.726586000000000000e+06
5.843388778895907798e+00 5.741710777340664151e+00 1.739186000000000000e+06
5.859113417771065535e+00 5.699158682255252906e+00 1.751538000000000000e+06
5.874835560723500549e+00 5.661305460216988550e+00 1.758062000000000000e+06
5.890526541065327137e+00 5.624601675543530632e+00 1.763010000000000000e+06
5.906225317694219434e+00 5.588868923594517035e+00 1.778642000000000000e+06
5.921952321011594300e+00 5.558991424491580347e+00 1.788582000000000000e+06
5.937670655764399896e+00 5.519977200116339411e+00 1.794746000000000000e+06
5.953363581550269679e+00 5.486314458572942421e+00 1.803290000000000000e+06
5.969050809995837703e+00 5.448669230913642636e+00 1.811058000000000000e+06
5.984760752596141486e+00 5.414652382082721260e+00 1.828358000000000000e+06
6.000476440810660783e+00 5.383301062269501891e+00 1.831362000000000000e+06
6.016171166004743220e+00 5.346214133510778233e+00 1.842458000000000000e+06
6.031847027098122815e+00 5.303887714009436039e+00 1.846998000000000000e+06
6.047561666320434348e+00 5.285905360912770412e+00 1.869122000000000000e+06
6.063310221741519790e+00 5.244391492827015888e+00 1.876346000000000000e+06
6.079025995273507732e+00 5.213577397465078533e+00 1.879506000000000000e+06
6.094727650148782594e+00 5.174970396012096963e+00 1.893326000000000000e+06
6.110443441650997620e+00 5.148152354631812422e+00 1.901826000000000000e+06
6.126157369603382641e+00 5.107749526402720619e+00 1.911962000000000000e+06
6.141856103084946561e+00 5.082641290789173816e+00 1.919198000000000000e+06
6.157554247585426133e+00 5.049422818485972186e+00 1.930242000000000000e+06
6.173264897526903994e+00 5.017098580034822675e+00 1.942442000000000000e+06
6.188983783131053684e+00 4.992874028940419429e+00 1.951734000000000000e+06
6.204674330135580007e+00 4.968090448920477797e+00 1.955402000000000000e+06
6.220364153407833108e+00 4.918106679081353683e+00 1.971858000000000000e+06
6.236097253224911263e+00 4.898888003313016881e+00 1.984898000000000000e+06
6.251804727814884721e+00 4.873218782313123221e+00 1.986422000000000000e+06
6.267477703420695434e+00 4.837456278248184915e+00 1.996146000000000000e+06
6.283195068785119908e+00 4.822055459653583398e+00 2.017106000000000000e+06
6.298926466691256110e+00 4.781933725882616670e+00 2.020638000000000000e+06
6.314631082636630310e+00 4.758897694133971790e+00 2.029346000000000000e+06
6.330330969697290477e+00 4.722674451078440860e+00 2.041002000000000000e+06
6.346042618354868381e+00 4.695757634843647388e+00 2.051450000000000000e+06
6.361769829008385280e+00 4.675931295337690585e+00 2.065886000000000000e+06
6.377467710730222450e+00 4.635562491705197630e+00 2.064546000000000000e+06
6.393156758488530933e+00 4.618681007370417646e+00 2.082650000000000000e+06
6.408877231485442749e+00 4.587639641806773305e+00 2.095182000000000000e+06
6.424598957671957322e+00 4.561772311651674627e+00 2.101346000000000000e+06
6.440311953715900373e+00 4.535050393419406412e+00 2.115554000000000000e+06
6.456005935746694568e+00 4.511527877431753986e+00 2.115654000000000000e+06
6.471719753415134946e+00 4.495038452808087115e+00 2.141066000000000000e+06
6.487439387114228850e+00 4.462478023503285485e+00 2.139786000000000000e+06
6.503131318747780831e+00 4.446047350573970824e+00 2.152202000000000000e+06
6.518819434526843537e+00 4.415037624601705346e+00 2.161086000000000000e+06
6.534523450777902198e+00 4.394381032123224173e+00 2.176058000000000000e+06
6.550254613659266312e+00 4.361007167185955602e+00 2.190818000000000000e+06
6.565965738846988309e+00 4.340188156216941096e+00 2.191158000000000000e+06
6.581657291702928347e+00 4.314849948805476565e+00 2.205314000000000000e+06
6.597356411838022794e+00 4.289483804050815863e+00 2.215554000000000000e+06
6.613072568835591802e+00 4.264180955292880881e+00 2.230562000000000000e+06
6.628796834083485301e+00 4.243952752572541343e+00 2.239614000000000000e+06
6.644501868950448475e+00 4.218479622889193870e+00 2.245706000000000000e+06
6.660203335766918364e+00 4.197167821553020595e+00 2.259674000000000000e+06
6.675922241577704419e+00 4.175773596326610715e+00 2.273214000000000000e+06
6.691636876769640807e+00 4.158047517950221206e+00 2.278802000000000000e+06
6.707348854586632214e+00 4.132747814548520360e+00 2.294034000000000000e+06
6.723042755046850338e+00 4.113627708238378311e+00 2.294942000000000000e+06
6.738741204690306574e+00 4.085840184717636880e+00 2.317050000000000000e+06
6.754459451825965743e+00 4.066425094776140448e+00 2.322842000000000000e+06
6.770155876549564411e+00 4.039613696526100028e+00 2.330810000000000000e+06
6.785853403723873356e+00 4.023274926490585379e+00 2.345958000000000000e+06
6.801555230257334550e+00 4.003502315190521799e+00 2.353586000000000000e+06
6.817285949066600459e+00 3.986531072590385527e+00 2.376210000000000000e+06
6.833012673954052651e+00 3.960168911207486708e+00 2.374502000000000000e+06
6.848703343789808606e+00 3.948921070121432564e+00 2.386346000000000000e+06
6.864405076602009714e+00 3.923978288553683580e+00 2.401314000000000000e+06
6.880122619459167588e+00 3.906909121068236956e+00 2.411450000000000000e+06
6.895827031199952550e+00 3.878407563375824818e+00 2.420718000000000000e+06
6.911509854271036701e+00 3.860143279161860619e+00 2.425754000000000000e+06
6.927232044479275430e+00 3.844296921902658148e+00 2.455218000000000000e+06
6.942960195844471549e+00 3.826907368677022969e+00 2.450942000000000000e+06
6.958661448092413160e+00 3.805165921536359797e+00 2.467130000000000000e+06
6.974361211749578793e+00 3.781931524594787319e+00 2.474874000000000000e+06
6.990070831352309000e+00 3.768784216913042773e+00 2.490362000000000000e+06
7.005778159324729693e+00 3.747209325971061933e+00 2.498142000000000000e+06
7.021469697735486015e+00 3.732084209182757739e+00 2.507090000000000000e+06
7.037177120604764191e+00 3.710857622976588832e+00 2.525562000000000000e+06
7.052899061516400003e+00 3.691857818162594285e+00 2.534726000000000000e+06
7.068628793135065536e+00 3.679596424338779759e+00 2.549906000000000000e+06
7.084334935478915796e+00 3.658220812097179309e+00 2.551074000000000000e+06
7.100038328422084710e+00 3.640767385717986748e+00 2.570702000000000000e+06
7.115745931638459254e+00 3.628767805388088519e+00 2.574642000000000000e+06
7.131451190238497162e+00 3.603577935179752334e+00 2.594066000000000000e+06
7.147151468730735147e+00 3.586415071361899631e+00 2.594802000000000000e+06
7.162835307179018507e+00 3.569151962266895683e+00 2.612030000000000000e+06
7.178551581855800556e+00 3.550266481072347879e+00 2.627954000000000000e+06
7.194283665259025184e+00 3.537716226544291409e+00 2.640402000000000000e+06
7.209984529526630936e+00 3.521685783663088820e+00 2.641454000000000000e+06
7.225685108067660956e+00 3.506478615871613691e+00 2.661834000000000000e+06
7.241394735953288198e+00 3.484977547058263792e+00 2.669138000000000000e+06
7.257108192998378726e+00 3.472611586907016878e+00 2.684858000000000000e+06
7.272822849503533860e+00 3.450051412259503625e+00 2.693910000000000000e+06
7.288518104809805997e+00 3.432972496392987960e+00 2.701682000000000000e+06
7.304234199753477874e+00 3.422398664853758987e+00 2.722698000000000000e+06
7.319945495172938799e+00 3.407366704559048110e+00 2.725262000000000000e+06
7.335649438298961655e+00 3.385639118306623452e+00 2.742450000000000000e+06
7.351353846506168743e+00 3.372231576267796349e+00 2.749850000000000000e+06
7.367055388436875241e+00 3.358468570882759519e+00 2.763902000000000000e+06
7.382770533642191602e+00 3.342938522899782772e+00 2.778498000000000000e+06
7.398475089415688544e+00 3.335433268810176433e+00 2.784530000000000000e+06
7.414188731852492609e+00 3.313947832214616529e+00 2.804106000000000000e+06
7.429901641940141133e+00 3.295011726855031853e+00 2.809790000000000000e+06
7.445612173277812218e+00 3.284262836373625039e+00 2.825058000000000000e+06
7.461320649323638143e+00 3.266436159515652360e+00 2.834330000000000000e+06
7.477011404590944821e+00 3.252372782476701474e+00 2.842022000000000000e+06
7.492720686839765776e+00 3.244393061323939342e+00 2.864754000000000000e+06
7.508423522993188826e+00 3.222485201729217152e+00 2.864186000000000000e+06
7.524104703200965361e+00 3.212568127248190297e+00 2.879538000000000000e+06
7.539811207090460599e+00 3.190887663677368646e+00 2.899454000000000000e+06
7.555522870235571453e+00 3.178628069544785717e+00 2.904258000000000000e+06
7.571252185241664989e+00 3.167135457441282664e+00 2.930234000000000000e+06
7.586982910029617777e+00 3.154507247930211200e+00 2.929526000000000000e+06
7.602682376348832705e+00 3.136608640034365791e+00 2.942442000000000000e+06
7.618398087127784990e+00 3.130444371641543988e+00 2.960810000000000000e+06
7.634111360506788735e+00 3.118362713215786730e+00 2.964954000000000000e+06
7.649813471415971122e+00 3.102407989506560160e+00 2.980910000000000000e+06
7.665516544353160100e+00 3.086354028682257056e+00 2.990978000000000000e+06
7.681228381318442544e+00 3.074245601015551888e+00 3.007626000000000000e+06
7.696947282980596938e+00 3.062195983924037357e+00 3.019166000000000000e+06
7.712641051068838571e+00 3.050857140965677949e+00 3.021090000000000000e+06
7.728340175203005202e+00 3.038253067588326584e+00 3.047834000000000000e+06
7.744066325082287428e+00 3.022068405774334998e+00 3.055590000000000000e+06
7.759785182459853381e+00 3.012138973963564670e+00 3.068546000000000000e+06
7.775464898067028230e+00 3.004578984466336866e+00 3.067274000000000000e+06
7.791162210093558471e+00 2.985922794214956433e+00 3.098058000000000000e+06
7.806896787352753719e+00 2.975755608973843724e+00 3.109214000000000000e+06
7.822604758484962950e+00 2.959709574063821957e+00 3.110466000000000000e+06
7.838284799897788702e+00 2.950573715661077401e+00 3.124370000000000000e+06
7.853986825204827937e+00 2.931896262738639791e+00 3.144174000000000000e+06
7.869722202747719386e+00 2.926359173340738362e+00 3.161738000000000000e+06
7.885429030328279687e+00 2.914395121349161233e+00 3.159890000000000000e+06
7.901109098578781520e+00 2.899999306898439766e+00 3.174138000000000000e+06
7.916812369163124252e+00 2.888243031910000536e+00 3.195926000000000000e+06
7.932546153031187153e+00 2.877900383199029744e+00 3.211386000000000000e+06
7.948275829971742645e+00 2.863355050175285577e+00 3.219314000000000000e+06
7.963974762265003449e+00 2.851911676164953224e+00 3.225494000000000000e+06
7.979672909422356852e+00 2.841952752175594288e+00 3.242562000000000000e+06
7.995382124285669967e+00 2.832571796957743082e+00 3.257450000000000000e+06
8.011096558073175444e+00 2.820911328376644711e+00 3.269118000000000000e+06
8.026799325701325927e+00 2.808962984876163915e+00 3.278930000000000000e+06
8.042482997119602572e+00 2.799724643634095234e+00 3.286650000000000000e+06
8.058198313138401403e+00 2.787599386120164890e+00 3.316610000000000000e+06
8.073929632859263350e+00 2.779631568711158796e+00 3.321542000000000000e+06
8.089631173905692307e+00 2.765640763112656497e+00 3.328578000000000000e+06
8.105328344487277903e+00 2.759114746041492428e+00 3.345074000000000000e+06
8.121039774478980178e+00 2.747211667002807278e+00 3.361686000000000000e+06
8.136750954641513545e+00 2.736255691122294387e+00 3.369722000000000000e+06
8.152451824383751600e+00 2.719492273926310322e+00 3.385290000000000000e+06
8.168148505929304193e+00 2.713488059397824337e+00 3.391370000000000000e+06
8.183868116116777003e+00 2.706347652883493549e+00 3.422966000000000000e+06
8.199591131301563252e+00 2.694251972050025756e+00 3.419538000000000000e+06
8.215300984565764963e+00 2.682986673019765345e+00 3.441890000000000000e+06
8.231010872605484252e+00 2.676223799752986299e+00 3.447582000000000000e+06
8.246721005479363598e+00 2.666174691270052133e+00 3.466298000000000000e+06
8.262408288354077257e+00 2.656977076297518003e+00 3.466194000000000000e+06
8.278098173695775941e+00 2.646274321589937806e+00 3.492062000000000000e+06
8.293810268215034753e+00 2.635698124582871227e+00 3.503114000000000000e+06
8.309519053075314687e+00 2.623116299408668528e+00 3.517146000000000000e+06
8.325241433409063418e+00 2.615679867047769225e+00 3.535706000000000000e+06
8.340952984226902345e+00 2.605115005556902119e+00 3.539742000000000000e+06
8.356659711712842054e+00 2.594363725160156786e+00 3.558698000000000000e+06
8.372371429175492707e+00 2.586079691394299829e+00 3.570122000000000000e+06
8.388083579962753333e+00 2.578487125032146388e+00 3.585174000000000000e+06
8.403790832576294889e+00 2.569684507252287808e+00 3.594314000000000000e+06
8.419496525959527133e+00 2.557303215883250491e+00 3.612258000000000000e+06
8.435201663874629219e+00 2.550522031156688740e+00 3.620282000000000000e+06
8.450905678681708721e+00 2.537451794108287917e+00 3.639078000000000000e+06
8.466617353651699318e+00 2.532357106658083445e+00 3.650450000000000000e+06
8.482317771685245589e+00 2.525269717907105971e+00 3.661418000000000000e+06
8.498018574275240766e+00 2.515818336163911706e+00 3.677694000000000000e+06
8.513736467920875128e+00 2.500819810074627281e+00 3.695978000000000000e+06
8.529447827058733722e+00 2.493791471882165212e+00 3.702810000000000000e+06
8.545145453356283838e+00 2.488626706801264632e+00 3.716162000000000000e+06
8.560863155475518127e+00 2.473636758862210350e+00 3.740094000000000000e+06
8.576575892842692284e+00 2.471349554151160532e+00 3.740954000000000000e+06
8.592276429309924524e+00 2.462570587293728686e+00 3.760946000000000000e+06
8.607993113742812952e+00 2.450746080621912792e+00 3.778278000000000000e+06
8.623706693511682175e+00 2.445633489937176996e+00 3.784922000000000000e+06
8.639416117971885356e+00 2.438261871837605899e+00 3.805266000000000000e+06
8.655118251607849089e+00 2.429911500055414564e+00 3.807686000000000000e+06
8.670819176621002100e+00 2.418159832825915068e+00 3.833130000000000000e+06
8.686531013296711734e+00 2.414654943988622460e+00 3.841898000000000000e+06
8.702242672461403927e+00 2.402110223909650344e+00 3.858074000000000000e+06
8.717947060126663317e+00 2.392057170712441838e+00 3.868974000000000000e+06
8.733653634556446832e+00 2.387220289898341452e+00 3.885362000000000000e+06
8.749361177527063660e+00 2.382599550059128823e+00 3.898290000000000000e+06
8.765057838444775484e+00 2.370418551370320426e+00 3.907334000000000000e+06
8.780760279838380811e+00 2.363673757168347045e+00 3.928730000000000000e+06
8.796461536498792810e+00 2.356476775017235070e+00 3.936666000000000000e+06
8.812176163138749629e+00 2.350372322942757108e+00 3.961346000000000000e+06
8.827908468663524744e+00 2.341322972583451456e+00 3.975774000000000000e+06
8.843605203440207063e+00 2.332033703885992182e+00 3.970106000000000000e+06
8.859298780821674768e+00 2.323723449166535726e+00 4.003170000000000000e+06
8.875033023597818982e+00 2.318286239432295837e+00 4.019558000000000000e+06
8.890757701901966570e+00 2.311409211251273632e+00 4.025642000000000000e+06
8.906442147587496194e+00 2.302728499888544444e+00 4.028514000000000000e+06
8.922138549702236077e+00 2.296079862087925694e+00 4.059398000000000000e+06
8.937858770665876307e+00 2.289517293031333445e+00 4.069674000000000000e+06
8.953569902743538478e+00 2.284006309967093529e+00 4.083698000000000000e+06
8.969276596619630837e+00 2.271872748894439908e+00 4.095210000000000000e+06
8.984978332063514372e+00 2.264269126178257707e+00 4.110518000000000000e+06
9.000686439228440250e+00 2.257860111222845578e+00 4.126850000000000000e+06
9.016395212272197313e+00 2.249446995903977342e+00 4.140114000000000000e+06
9.032081625028110849e+00 2.246124220874647026e+00 4.144070000000000000e+06
9.047784840512392179e+00 2.238755333705956474e+00 4.175802000000000000e+06
9.063510534008996089e+00 2.229402356608901403e+00 4.187882000000000000e+06
9.079229438028200150e+00 2.224229564803238635e+00 4.199250000000000000e+06
9.094931536527573357e+00 2.217476147012609644e+00 4.209326000000000000e+06
9.110624252584134553e+00 2.208922510675891182e+00 4.222130000000000000e+06
9.126345788688972505e+00 2.205128132802476770e+00 4.254258000000000000e+06
9.142067210789587506e+00 2.195182197297669724e+00 4.252478000000000000e+06
9.157769224107168426e+00 2.190756639781131998e+00 4.270698000000000000e+06
9.173460189222041095e+00 2.179548643072824810e+00 4.278122000000000000e+06
9.189172851773026451e+00 2.176968457258153133e+00 4.309898000000000000e+06
9.204899411326563197e+00 2.170148130132147468e+00 4.317150000000000000e+06
9.220610370561862723e+00 2.164622336246084799e+00 4.329698000000000000e+06
9.236312329177842173e+00 2.157013204399346851e+00 4.340826000000000000e+06
9.252011696799515406e+00 2.151874373507600247e+00 4.359590000000000000e+06
9.267725419345696380e+00 2.144607423146783542e+00 4.376850000000000000e+06
9.283431809080884278e+00 2.134913148321484488e+00 4.386674000000000000e+06
9.299131961634870436e+00 2.131983819280464321e+00 4.401782000000000000e+06
9.314836560434526902e+00 2.124894494717381566e+00 4.419210000000000000e+06
9.330566699333866509e+00 2.119239884474962476e+00 4.446482000000000000e+06
9.346274096307771728e+00 2.111644452981521702e+00 4.435554000000000000e+06
9.361966720359685468e+00 2.107122861962159366e+00 4.468934000000000000e+06
9.377681860044402740e+00 2.100095585854186986e+00 4.477650000000000000e+06
9.393384317371491932e+00 2.094670755238333903e+00 4.491218000000000000e+06
9.409088966137430177e+00 2.088914449806423601e+00 4.510358000000000000e+06
9.424791439829672157e+00 2.081415148163344497e+00 4.518594000000000000e+06
9.440499207501432011e+00 2.078251300370515864e+00 4.544474000000000000e+06
9.456214212898441218e+00 2.072292600027503706e+00 4.552098000000000000e+06
9.471927439984570540e+00 2.062008660128218818e+00 4.574990000000000000e+06
9.487631754062700651e+00 2.058522768236545897e+00 4.577210000000000000e+06
9.503344281547928318e+00 2.052111177804020858e+00 4.608186000000000000e+06
9.519057247113778431e+00 2.044889612116442823e+00 4.610198000000000000e+06
9.534757011366917112e+00 2.039615908581264847e+00 4.628898000000000000e+06
9.550453458784650351e+00 2.035448820017366156e+00 4.641170000000000000e+06
9.566158712525282937e+00 2.029157342193887992e+00 4.662462000000000000e+06
9.581880158653657276e+00 2.020548155888719499e+00 4.681442000000000000e+06
9.597589579516229819e+00 2.017829708715082493e+00 4.687850000000000000e+06
9.613296380928980867e+00 2.012114717536332975e+00 4.708818000000000000e+06
9.629006062959270196e+00 2.005147903202645576e+00 4.721534000000000000e+06
9.644707396083033402e+00 2.000536049712958953e+00 4.732770000000000000e+06
9.660406197323647248e+00 1.993835710676226780e+00 4.753346000000000000e+06
9.676122008914001427e+00 1.990570904060981139e+00 4.772886000000000000e+06
9.691840694543541801e+00 1.984036899557751976e+00 4.785098000000000000e+06
9.707543237507161749e+00 1.980166176126508137e+00 4.795394000000000000e+06
9.723244122996092642e+00 1.971826257907688174e+00 4.813986000000000000e+06
9.738952330288141113e+00 1.969718916355278182e+00 4.832654000000000000e+06
9.754669949504904736e+00 1.961823225405733950e+00 4.849362000000000000e+06
9.770377600734033052e+00 1.956710567969764059e+00 4.858322000000000000e+06
9.786069629200518705e+00 1.949648819634076213e+00 4.871286000000000000e+06
9.801770721287397237e+00 1.946310352507064190e+00 4.894370000000000000e+06
9.817489821034564912e+00 1.942116325679346556e+00 4.914650000000000000e+06
9.833199646667972971e+00 1.935941482111154910e+00 4.919658000000000000e+06
9.848902655768293712e+00 1.931953332073292229e+00 4.941638000000000000e+06
9.864627278272442013e+00 1.926462468238731240e+00 4.965954000000000000e+06
9.880352198135229358e+00 1.920637117163505048e+00 4.971770000000000000e+06
9.896056604692210712e+00 1.917736760039007615e+00 4.985702000000000000e+06
9.911750273437519354e+00 1.910473801286308282e+00 4.996314000000000000e+06
9.927450557379374985e+00 1.904572320322915235e+00 5.021258000000000000e+06
9.943165753651260985e+00 1.901782485556130942e+00 5.038470000000000000e+06
9.958875512968258903e+00 1.897836615120717330e+00 5.048570000000000000e+06
9.974579326095815546e+00 1.892536504106526962e+00 5.067786000000000000e+06
9.990292534396033375e+00 1.885652432675465118e+00 5.084402000000000000e+06
1.000600856325589305e+01 1.882172618126349173e+00 5.104238000000000000e+06
1.002170444839863528e+01 1.877014988563061815e+00 5.101890000000000000e+06
1.003739052522703901e+01 1.870219553438342119e+00 5.129594000000000000e+06
1.005309882194248416e+01 1.866287919836646880e+00 5.149086000000000000e+06
1.006881895908520086e+01 1.863943202664275933e+00 5.168834000000000000e+06
1.008452231173344416e+01 1.857805396664466313e+00 5.172306000000000000e+06
1.010022729382937889e+01 1.852384531673801904e+00 5.199218000000000000e+06
1.011594565713278016e+01 1.849471663889650452e+00 5.215430000000000000e+06
1.013166058960754867e+01 1.842314478340873807e+00 5.229066000000000000e+06
1.014737047935454051e+01 1.837951351217363527e+00 5.244530000000000000e+06
1.016308234466913696e+01 1.834323287483825560e+00 5.262870000000000000e+06
1.017878958276594581e+01 1.829361703096141767e+00 5.272562000000000000e+06
1.019448555450210314e+01 1.824704381657958008e+00 5.290098000000000000e+06
1.021019673146567186e+01 1.820709105408405026e+00 5.314358000000000000e+06
1.022590751621006078e+01 1.814252762726278112e+00 5.322098000000000000e+06
1.024160880192673417e+01 1.810935576797416680e+00 5.341026000000000000e+06
1.025732775208617475e+01 1.807891134812957601e+00 5.366858000000000000e+06
1.027304584666867804e+01 1.800870679674949404e+00 5.374422000000000000e+06
1.028873472736696293e+01 1.797724504577210114e+00 5.377730000000000000e+06
1.030442576009853184e+01 1.793553271059135978e+00 5.409410000000000000e+06
1.032014867554843818e+01 1.787661570249911014e+00 5.434014000000000000e+06
1.033586943357362209e+01 1.784679645559510197e+00 5.438882000000000000e+06
1.035157161316932140e+01 1.780206950726314297e+00 5.456178000000000000e+06
1.036727210965784174e+01 1.777027968409516268e+00 5.469242000000000000e+06
1.038298135070349915e+01 1.773062861546959690e+00 5.496174000000000000e+06
1.039869418006627910e+01 1.766779583437017020e+00 5.505530000000000000e+06
1.041439794625569881e+01 1.765618609860678978e+00 5.521202000000000000e+06
1.043010482665170713e+01 1.759512860999190798e+00 5.544126000000000000e+06
1.044582478281855487e+01 1.755558437195262167e+00 5.560106000000000000e+06
1.046154309703894825e+01 1.753184100947819513e+00 5.579754000000000000e+06
1.047723959228104285e+01 1.749629232443909777e+00 5.576270000000000000e+06
1.049292720351744279e+01 1.741038119625377689e+00 5.607138000000000000e+06
1.050863523850499526e+01 1.739340404826573261e+00 5.625026000000000000e+06
1.052435348202229015e+01 1.735594678518312950e+00 5.646698000000000000e+06
1.054005549761004978e+01 1.731471381590709901e+00 5.649126000000000000e+06
1.055575482461481052e+01 1.728049159031885162e+00 5.676434000000000000e+06
1.057145826219870344e+01 1.721890671654518812e+00 5.687418000000000000e+06
1.058717117850224376e+01 1.719881102132148731e+00 5.715830000000000000e+06
1.060289400134469062e+01 1.715280989874694573e+00 5.729210000000000000e+06
1.061860918710306834e+01 1.711621914906727771e+00 5.744802000000000000e+06
1.063431091651675153e+01 1.708080138327311870e+00 5.752154000000000000e+06
1.065002180958671651e+01 1.702436341050418189e+00 5.786382000000000000e+06
1.066572980082734468e+01 1.701131333821794822e+00 5.784146000000000000e+06
1.068142742642893950e+01 1.694739430151960935e+00 5.812146000000000000e+06
1.069714023788434787e+01 1.691236578855559225e+00 5.830166000000000000e+06
1.071285364357418146e+01 1.688272535217290926e+00 5.845850000000000000e+06
1.072856242199254062e+01 1.683598580481726170e+00 5.862834000000000000e+06
1.074426756718287557e+01 1.680205429959432006e+00 5.876066000000000000e+06
1.075998381704133955e+01 1.675825883944980665e+00 5.905854000000000000e+06
1.077568840897438562e+01 1.672150767653280745e+00 5.902274000000000000e+06
1.079138304940738280e+01 1.668123018759257947e+00 5.931258000000000000e+06
1.080709884248571484e+01 1.663943001521755116e+00 5.954966000000000000e+06
1.082281622961874490e+01 1.661632200378653446e+00 5.965346000000000000e+06
1.083851693336031374e+01 1.654742248760333601e+00 5.977818000000000000e+06
1.085422396324159422e+01 1.654868888097659196e+00 6.004718000000000000e+06
1.086993137901790796e+01 1.649190429472099817e+00 6.011706000000000000e+06
1.088564351758435222e+01 1.646649310178852410e+00 6.045770000000000000e+06
1.090135356744657535e+01 1.642946239613240600e+00 6.041586000000000000e+06
1.091705034221926418e+01 1.640915792520738048e+00 6.073166000000000000e+06
1.093275207829069018e+01 1.636806579807539519e+00 6.078962000000000000e+06
1.094846122315083825e+01 1.631471226762102766e+00 6.114258000000000000e+06
1.096418118107341577e+01 1.629479971373911651e+00 6.123086000000000000e+06
1.097988849072496542e+01 1.624043430012856781e+00 6.136770000000000000e+06
1.099558679320981724e+01 1.620659351300379081e+00 6.154898000000000000e+06
1.101129673485095672e+01 1.618027679364776095e+00 6.178610000000000000e+06
1.102701485690355909e+01 1.614090199035750572e+00 6.197982000000000000e+06
1.104272390432796591e+01 1.610226189712637090e+00 6.205322000000000000e+06
1.105841361686979951e+01 1.607322254114506910e+00 6.218850000000000000e+06
1.107411347758379350e+01 1.604341566149967369e+00 6.249542000000000000e+06
1.108984077014840963e+01 1.600892137352238676e+00 6.274146000000000000e+06
1.110554794633057796e+01 1.596985570891841233e+00 6.270242000000000000e+06
1.112124931961106533e+01 1.593740712063746567e+00 6.305222000000000000e+06
1.113697510740422381e+01 1.590413541383070894e+00 6.325026000000000000e+06
1.115268911253386719e+01 1.586733696340542288e+00 6.331922000000000000e+06
1.116838422783226115e+01 1.585568070863398571e+00 6.343698000000000000e+06
1.118408594539889478e+01 1.580491808987322333e+00 6.375158000000000000e+06
1.119980416311440052e+01 1.577661635830541531e+00 6.392178000000000000e+06
1.121552521724412621e+01 1.575811194627766421e+00 6.412826000000000000e+06
1.123121923820420243e+01 1.570271346782417865e+00 6.407078000000000000e+06
1.124691480473033778e+01 1.568944350409447575e+00 6.447954000000000000e+06
1.126262248805396560e+01 1.563309844167294349e+00 6.456026000000000000e+06
1.127833175656502007e+01 1.562460641212310763e+00 6.482034000000000000e+06
1.129403915665967872e+01 1.557442323727628919e+00 6.492878000000000000e+06
1.130972772992016750e+01 1.556999043689751838e+00 6.502074000000000000e+06
1.132543464171678238e+01 1.551317834670399964e+00 6.542930000000000000e+06
1.134116092480786619e+01 1.548007366015119457e+00 6.556598000000000000e+06
1.135687931575279030e+01 1.546240447587868383e+00 6.570330000000000000e+06
1.137258152843119419e+01 1.543583431000434159e+00 6.581882000000000000e+06
1.138829329520135047e+01 1.538410772492168510e+00 6.612546000000000000e+06
1.140401544384409860e+01 1.536243430384173214e+00 6.628622000000000000e+06
1.141971418729731447e+01 1.531336460166365487e+00 6.629498000000000000e+06
1.143540805815246841e+01 1.530369035552051837e+00 6.659250000000000000e+06
1.145112342906401892e+01 1.526883463759978632e+00 6.686006000000000000e+06
1.146683855971028443e+01 1.524633144830145337e+00 6.693786000000000000e+06
1.148253750634374093e+01 1.519930108585880291e+00 6.711554000000000000e+06
1.149824439280081201e+01 1.517096719884768907e+00 6.735678000000000000e+06
1.151395944216632472e+01 1.514996993228769018e+00 6.754754000000000000e+06
1.152967750311644046e+01 1.510896663061106038e+00 6.776570000000000000e+06
1.154536786069484400e+01 1.508788611982692318e+00 6.767394000000000000e+06
1.156106414707133290e+01 1.505553334391279030e+00 6.818246000000000000e+06
1.157679140551482533e+01 1.500971515960180191e+00 6.830562000000000000e+06
1.159249865891797526e+01 1.498161477111457529e+00 6.839186000000000000e+06
1.160819828013273636e+01 1.496123712409978879e+00 6.861462000000000000e+06
1.162390472506793770e+01 1.493987262938721194e+00 6.880394000000000000e+06
1.163962004466343636e+01 1.491359133932845138e+00 6.907178000000000000e+06
1.165533434666404133e+01 1.487889028736883557e+00 6.917034000000000000e+06
1.167104051015950716e+01 1.484245165779899400e+00 6.937934000000000000e+06
1.168673926950135034e+01 1.481658641908669027e+00 6.947250000000000000e+06
1.170244721913763897e+01 1.479529528769686353e+00 6.982106000000000000e+06
1.171816433671575730e+01 1.475973588415084858e+00 6.995718000000000000e+06
1.173387031746687015e+01 1.474887971225181893e+00 7.006682000000000000e+06
1.174957622851401240e+01 1.471240071939971639e+00 7.035866000000000000e+06
1.176529536104995444e+01 1.467674873229932508e+00 7.054110000000000000e+06
1.178099828544282701e+01 1.464629673019327782e+00 7.059194000000000000e+06
1.179669856151566165e+01 1.461286426214380985e+00 7.091802000000000000e+06
1.181240716294206905e+01 1.458279547298802603e+00 7.100666000000000000e+06
1.182811135021641213e+01 1.456547908773514477e+00 7.129070000000000000e+06
1.184382402706377313e+01 1.453762430210651102e+00 7.143282000000000000e+06
1.185952830171168593e+01 1.452191739084172761e+00 7.161482000000000000e+06
1.187523683486437243e+01 1.449830292006868859e+00 7.184694000000000000e+06
1.189095187450934432e+01 1.447086819748264475e+00 7.203914000000000000e+06
1.190666038869163401e+01 1.442731226278597623e+00 7.219746000000000000e+06
1.192235843864241396e+01 1.441030490684685361e+00 7.228634000000000000e+06
1.193806809039961259e+01 1.436091633789375210e+00 7.271990000000000000e+06
1.195377948291443992e+01 1.434529240299631692e+00 7.266786000000000000e+06
1.196947381174999947e+01 1.431568281998724990e+00 7.293650000000000000e+06
1.198518648559551458e+01 1.428490735908890308e+00 7.324086000000000000e+06
1.200090807358362710e+01 1.427266595354731438e+00 7.338650000000000000e+06
1.201661637889760037e+01 1.424479615101383878e+00 7.351962000000000000e+06
1.203230565217210035e+01 1.422562826296452920e+00 7.357190000000000000e+06
1.204801118703936780e+01 1.417941054074497664e+00 7.406042000000000000e+06
1.206372840719771133e+01 1.417298160279652386e+00 7.408626000000000000e+06
1.207943832024087349e+01 1.415038712358501760e+00 7.435610000000000000e+06
1.209515324384951640e+01 1.410568827545346959e+00 7.453542000000000000e+06
1.211085873951972935e+01 1.409073845371423994e+00 7.464002000000000000e+06
1.212656505101618798e+01 1.407334658384695292e+00 7.493546000000000000e+06
1.214227798456889929e+01 1.403517012688118903e+00 7.510806000000000000e+06
1.215799402266435081e+01 1.401376691855699352e+00 7.532114000000000000e+06
1.217369248650853386e+01 1.398225293959821203e+00 7.536234000000000000e+06
1.218938816956664795e+01 1.396566062644250428e+00 7.565834000000000000e+06
1.220511056850387632e+01 1.394814615479921027e+00 7.603062000000000000e+06
1.222082302231588535e+01 1.392622226553189568e+00 7.593890000000000000e+06
1.223651649645578665e+01 1.389552750617677690e+00 7.622906000000000000e+06
1.225222107367874180e+01 1.387306708766302243e+00 7.646622000000000000e+06
1.226793902491068877e+01 1.384733014270747242e+00 7.672058000000000000e+06
1.228364718069601835e+01 1.380301265237951380e+00 7.679346000000000000e+06
1.229933962477952214e+01 1.380345761074464717e+00 7.693058000000000000e+06
1.231504373451924117e+01 1.375926358462928656e+00 7.732158000000000000e+06
1.233076331536994985e+01 1.374708563176119780e+00 7.746962000000000000e+06
1.234648244688633945e+01 1.371997453090251451e+00 7.770986000000000000e+06
1.236218576653318735e+01 1.370761341795402766e+00 7.772094000000000000e+06
1.237788516389707461e+01 1.367303671100479345e+00 7.803818000000000000e+06
1.239360390984925964e+01 1.365558519430741802e+00 7.834338000000000000e+06
1.240931454438657155e+01 1.363674172263206197e+00 7.833710000000000000e+06
1.242501025862532238e+01 1.360649483877551580e+00 7.858794000000000000e+06
1.244071609171995973e+01 1.357674184993195254e+00 7.884290000000000000e+06
1.245642554635569788e+01 1.357108415315429140e+00 7.901522000000000000e+06
1.247213990979998322e+01 1.354289087090081667e+00 7.930662000000000000e+06
1.248784889213827753e+01 1.351044801476502411e+00 7.934426000000000000e+06
1.250355459696362281e+01 1.348915482517212050e+00 7.967322000000000000e+06
1.251926642764211373e+01 1.346221479656434017e+00 7.981934000000000000e+06
1.253497567568721927e+01 1.344754189593719174e+00 8.003282000000000000e+06
1.255068061703326165e+01 1.342252906791878697e+00 8.019666000000000000e+06
1.256637936912699516e+01 1.339819418352047986e+00 8.034482000000000000e+06
1.258208508998344399e+01 1.337858066550313696e+00 8.068542000000000000e+06
1.259780313698870202e+01 1.336359477714078148e+00 8.088290000000000000e+06
1.261351163942811127e+01 1.332383148792747996e+00 8.096322000000000000e+06
1.262921162496122385e+01 1.331195647329700193e+00 8.122646000000000000e+06
1.264492727534496019e+01 1.329442397171679779e+00 8.150138000000000000e+06
1.266064123044320411e+01 1.326463426671967261e+00 8.165322000000000000e+06
1.267635049109034462e+01 1.323326620694172728e+00 8.182574000000000000e+06
1.269205751319950970e+01 1.321729054384985780e+00 8.203698000000000000e+06
1.270776623809462613e+01 1.320134378455882773e+00 8.226914000000000000e+06
1.272347983526652904e+01 1.317633612056315018e+00 8.246898000000000000e+06
1.273918476699724422e+01 1.315653151490224770e+00 8.261774000000000000e+06
1.275488532096565741e+01 1.312633629432764959e+00 8.279426000000000000e+06
1.277058911046302292e+01 1.311392413899514331e+00 8.308722000000000000e+06
1.278629950396799053e+01 1.308612894167745289e+00 8.326214000000000000e+06
1.280200365974331511e+01 1.306838136704719044e+00 8.342682000000000000e+06
1.281770065856501084e+01 1.305065738657172236e+00 8.360834000000000000e+06
1.283340848437807935e+01 1.302412683752349754e+00 8.393226000000000000e+06
1.284913125601308792e+01 1.300507354382047787e+00 8.420150000000000000e+06
1.286484437274510917e+01 1.298981736611768412e+00 8.421986000000000000e+06
1.288054190366636220e+01 1.295752496473359106e+00 8.445714000000000000e+06
1.289624751817243542e+01 1.293386201857991358e+00 8.472590000000000000e+06
1.291196350413541616e+01 1.291444516248262397e+00 8.495370000000000000e+06
1.292767561271233312e+01 1.288968191671790331e+00 8.512802000000000000e+06
1.294337627341686670e+01 1.287660398742739076e+00 8.523290000000000000e+06
1.295909254465509619e+01 1.286702153848882313e+00 8.570982000000000000e+06
1.297481202941889933e+01 1.283170787555940606e+00 8.568458000000000000e+06
1.299050877709477980e+01 1.281528511390790603e+00 8.586498000000000000e+06
1.300620190024628187e+01 1.278908256840237900e+00 8.608838000000000000e+06
1.302191363383399469e+01 1.279041501987713936e+00 8.645610000000000000e+06
1.303763169598336091e+01 1.276020958178579745e+00 8.658386000000000000e+06
1.305333181807477239e+01 1.273750034319275137e+00 8.668598000000000000e+06
1.306903073371036683e+01 1.271070199390026412e+00 8.697426000000000000e+06
1.308473895878913140e+01 1.270332844868285349e+00 8.722562000000000000e+06
1.310044895130510945e+01 1.267193311209181328e+00 8.737962000000000000e+06
1.311616215419301668e+01 1.266619247218734090e+00 8.771366000000000000e+06
1.313186858979111094e+01 1.264754344140526676e+00 8.771010000000000000e+06
1.314758318782488900e+01 1.262551999871240005e+00 8.822618000000000000e+06
1.316329275779432884e+01 1.260655928669897285e+00 8.807726000000000000e+06
1.317898595262972350e+01 1.258681946467331780e+00 8.844618000000000000e+06
1.319469240226760220e+01 1.256814341457540340e+00 8.868722000000000000e+06
1.321040689247021405e+01 1.254219304644468513e+00 8.891394000000000000e+06
1.322611949941154208e+01 1.253194648883171558e+00 8.911934000000000000e+06
1.324182463394985909e+01 1.249730780290046805e+00 8.923938000000000000e+06
1.325752875752444560e+01 1.247559272263634167e+00 8.953682000000000000e+06
1.327324685934994797e+01 1.246672276425896175e+00 8.981966000000000000e+06
1.328896030804089534e+01 1.244405447474106419e+00 8.990442000000000000e+06
1.330465770248929935e+01 1.242890053746311230e+00 9.007874000000000000e+06
1.332036222917837698e+01 1.241383930181518158e+00 9.038982000000000000e+06
1.333608106842605068e+01 1.238340443972974825e+00 9.068570000000000000e+06
1.335180331535189246e+01 1.235492694202140918e+00 9.085250000000000000e+06
1.336750361723562541e+01 1.236112954872428338e+00 9.084690000000000000e+06
1.338320275923961589e+01 1.233013213119918960e+00 9.128654000000000000e+06
1.339890831652831338e+01 1.231689216340000170e+00 9.133170000000000000e+06
1.341462514739588485e+01 1.230105176617770635e+00 9.185882000000000000e+06
1.343033068227095939e+01 1.228100192355248366e+00 9.163254000000000000e+06
1.344603079414738112e+01 1.226027181829323576e+00 9.220130000000000000e+06
1.346175097817287813e+01 1.223338479290572822e+00 9.233138000000000000e+06
1.347746169624149459e+01 1.221305475892541015e+00 9.249378000000000000e+06
1.349316675243398933e+01 1.220226715058431610e+00 9.271550000000000000e+06
1.350886780744113125e+01 1.218463158388958467e+00 9.286266000000000000e+06
1.352457420959309786e+01 1.217182243254360641e+00 9.320762000000000000e+06
1.354027528269936731e+01 1.216076652044159490e+00 9.326718000000000000e+06
1.355597266711250448e+01 1.214242572799997255e+00 9.354602000000000000e+06
1.357167854077304803e+01 1.211634610035973614e+00 9.384122000000000000e+06
1.358738838662311110e+01 1.208813016183638345e+00 9.400482000000000000e+06
1.360310113866151482e+01 1.207546817761902869e+00 9.432638000000000000e+06
1.361881507393887070e+01 1.207101955530541337e+00 9.445314000000000000e+06
1.363453202384387275e+01 1.204393977603302135e+00 9.477290000000000000e+06
1.365024566205330991e+01 1.202709253547882051e+00 9.489182000000000000e+06
1.366595033684499860e+01 1.200186163325130728e+00 9.506706000000000000e+06
1.368165392332742947e+01 1.199835577552203159e+00 9.533978000000000000e+06
1.369736167268202998e+01 1.197790124875675932e+00 9.553662000000000000e+06
1.371307055606699343e+01 1.196370251242600657e+00 9.579506000000000000e+06
1.372878654632152795e+01 1.194411121054352876e+00 9.607866000000000000e+06
1.374449164540093271e+01 1.192644962914563678e+00 9.608354000000000000e+06
1.376018948147827103e+01 1.191486149428517383e+00 9.643862000000000000e+06
1.377590285876657106e+01 1.188213052001648729e+00 9.670578000000000000e+06
1.379161550194992891e+01 1.186871134994307297e+00 9.687890000000000000e+06
1.380731081996385612e+01 1.186247523287749406e+00 9.693294000000000000e+06
1.382300999567189415e+01 1.183898803147154011e+00 9.736034000000000000e+06
1.383872564254849102e+01 1.182494298052269244e+00 9.758946000000000000e+06
1.385444081006387584e+01 1.181188064948194061e+00 9.778994000000000000e+06
1.387015071998694360e+01 1.179651976652817957e+00 9.796814000000000000e+06
1.388585452423644107e+01 1.178012122382646520e+00 9.816882000000000000e+06
1.390156760444444295e+01 1.176975231952362977e+00 9.850514000000000000e+06
1.391727461050539816e+01 1.174366902318593420e+00 9.856062000000000000e+06
1.393297592547683017e+01 1.173018900329391823e+00 9.886706000000000000e+06
1.394868876145243419e+01 1.170653881922842476e+00 9.916194000000000000e+06
1.396439742877755918e+01 1.169862146082955023e+00 9.924854000000000000e+06
1.398010702101767677e+01 1.169629944917878639e+00 9.961490000000000000e+06
1.399582173626056658e+01 1.166776897070256336e+00 9.979098000000000000e+06
1.401152670862070160e+01 1.164115850368748983e+00 9.990266000000000000e+06
1.402722014478893797e+01 1.163318417825579765e+00 1.001239800000000000e+07
1.404291897715275006e+01 1.162314228627314483e+00 1.003881800000000000e+07
1.405862735443806244e+01 1.160753854069099145e+00 1.007208200000000000e+07
1.407433479531513143e+01 1.159196026449343275e+00 1.008267000000000000e+07
1.409004917104677368e+01 1.158120148656169413e+00 1.012322600000000000e+07
1.410576653922355916e+01 1.156054652695840845e+00 1.013483400000000000e+07
1.412147260933269344e+01 1.153976821045269219e+00 1.015145000000000000e+07
1.413717993358438640e+01 1.152992630289633391e+00 1.018411800000000000e+07
1.415289157905369954e+01 1.151037323244256561e+00 1.019981000000000000e+07
1.416860366393267157e+01 1.150066576178063960e+00 1.023038600000000000e+07
1.418430896436029265e+01 1.148134354671375146e+00 1.023833400000000000e+07
1.420001284291687682e+01 1.147908591402658551e+00 1.027159400000000000e+07
1.421572657614547808e+01 1.145574883443262859e+00 1.029841800000000000e+07
1.423143337578410517e+01 1.144152402478593400e+00 1.030681400000000000e+07
1.424713778177505397e+01 1.142553851515466290e+00 1.034130600000000000e+07
1.426285025225489456e+01 1.140361591926230211e+00 1.036284200000000000e+07
1.427856427368283398e+01 1.139084039652573210e+00 1.038883400000000000e+07
1.429426790244143852e+01 1.137589544837590338e+00 1.039563000000000000e+07
1.430996575509801971e+01 1.136809733801090072e+00 1.042536200000000000e+07
1.432567210679634506e+01 1.133697471483911867e+00 1.045427400000000000e+07
1.434138366999696146e+01 1.133854900425584455e+00 1.047829400000000000e+07
1.435709809438420237e+01 1.131976482548069374e+00 1.050181800000000000e+07
1.437280392282341523e+01 1.130364504922104940e+00 1.051481000000000000e+07
1.438851160269255303e+01 1.129146118597662118e+00 1.054884200000000000e+07
1.440422192675342039e+01 1.127829731465461283e+00 1.056646200000000000e+07
1.441992714275331444e+01 1.125975435471119113e+00 1.058681000000000000e+07
1.443563532454286502e+01 1.124840296057806777e+00 1.061495400000000000e+07
1.445133980253338457e+01 1.123786785393056986e+00 1.063105400000000000e+07
1.446704700330820970e+01 1.121916982372198612e+00 1.066236200000000000e+07
1.448275628028434348e+01 1.120885631984112729e+00 1.068335400000000000e+07
1.449846208348667354e+01 1.118723396619105248e+00 1.069929800000000000e+07
1.451417198299666467e+01 1.118138444378515173e+00 1.073878200000000000e+07
1.452988075651297706e+01 1.116240275452751174e+00 1.074420200000000000e+07
1.454558861043286200e+01 1.114530207510795901e+00 1.078218600000000000e+07
1.456129125218806841e+01 1.114773472628471929e+00 1.078496600000000000e+07
1.457699892464232683e+01 1.112534426540007892e+00 1.083393800000000000e+07
1.459271566640466311e+01 1.110393599343961091e+00 1.084813800000000000e+07
1.460843060267550619e+01 1.107983747305211431e+00 1.087376600000000000e+07
1.462413856613178353e+01 1.107418684904982742e+00 1.088697000000000000e+07
1.463984038393505038e+01 1.106499443479287192e+00 1.091244200000000000e+07
1.465554487563843367e+01 1.105128714352357377e+00 1.093669800000000000e+07
1.467125359738870749e+01 1.104750512988068367e+00 1.096614200000000000e+07
1.468695215062295389e+01 1.103232949327115353e+00 1.096874600000000000e+07
1.470265208970906734e+01 1.101433261047471301e+00 1.101460200000000000e+07
1.471836994524712061e+01 1.101193957242989852e+00 1.104277400000000000e+07
1.473408908505314230e+01 1.099494244618755223e+00 1.106147400000000000e+07
1.474979494899728394e+01 1.097336994070869487e+00 1.107245000000000000e+07
1.476549319820674455e+01 1.096490450234758773e+00 1.109692200000000000e+07
1.478120959716355998e+01 1.094779575268563621e+00 1.114652600000000000e+07
1.479692708607952589e+01 1.093161769099596503e+00 1.114560200000000000e+07
1.481262773648680664e+01 1.092762625261428644e+00 1.116844200000000000e+07
1.482831807978547367e+01 1.091849575255927629e+00 1.118108600000000000e+07
1.484403479212634736e+01 1.090250996567679209e+00 1.125011400000000000e+07
1.485975910022496826e+01 1.089513744132994288e+00 1.124210600000000000e+07
1.487546116254211981e+01 1.087968021860830081e+00 1.126544600000000000e+07
1.489116101759013233e+01 1.086728799547028945e+00 1.128549000000000000e+07
1.490687605691364404e+01 1.084350615679959606e+00 1.133592200000000000e+07
1.492259047301397423e+01 1.084017747369182993e+00 1.133013000000000000e+07
1.493828361520856873e+01 1.082319518687149262e+00 1.135727000000000000e+07
1.495398746968900205e+01 1.081048911862906081e+00 1.138909800000000000e+07
1.496970470176504620e+01 1.081104054892067179e+00 1.142664200000000000e+07
1.498541811108218447e+01 1.079089116096267897e+00 1.143135800000000000e+07
1.500112369815582269e+01 1.078402864765861224e+00 1.146229800000000000e+07
1.501682771044461795e+01 1.077017200324552171e+00 1.147920200000000000e+07
1.503253401606537842e+01 1.075464567158997298e+00 1.150974600000000000e+07
1.504823456875438481e+01 1.074907954153158318e+00 1.152306200000000000e+07
1.506393551489705551e+01 1.073292887547041774e+00 1.155621000000000000e+07
1.507964770104679175e+01 1.071930507041509717e+00 1.158828200000000000e+07
1.509535661435938536e+01 1.070115070753021147e+00 1.159964600000000000e+07
1.511107216380126061e+01 1.069922785844283242e+00 1.164527400000000000e+07
1.512678669010588095e+01 1.068716780301163904e+00 1.164933800000000000e+07
1.514248358802091232e+01 1.067249124889652068e+00 1.166538600000000000e+07
1.515819551110980434e+01 1.066350117234104555e+00 1.171928600000000000e+07
1.517391026295977774e+01 1.065504151701027746e+00 1.172073800000000000e+07
1.518961803510608810e+01 1.063921418104216032e+00 1.175507400000000000e+07
1.520532275548752743e+01 1.061907004626262641e+00 1.176716600000000000e+07
1.522103567250607448e+01 1.060033964974868237e+00 1.181334600000000000e+07
1.523675395281714806e+01 1.060582387985235187e+00 1.182545000000000000e+07
1.525244943101724004e+01 1.059493622944785551e+00 1.182881400000000000e+07
1.526815365307287742e+01 1.057339703130603548e+00 1.188441800000000000e+07
1.528387066072771638e+01 1.057338430762451376e+00 1.190037800000000000e+07
1.529957321464638476e+01 1.055903164947402662e+00 1.190800200000000000e+07
1.531526583627620397e+01 1.054155528767820815e+00 1.193747000000000000e+07
1.533097536464771871e+01 1.053716669228983216e+00 1.198134600000000000e+07
1.534669338573561426e+01 1.052326966298315458e+00 1.199815400000000000e+07
1.536240004252223734e+01 1.051792232192984455e+00 1.201579800000000000e+07
1.537810801182491893e+01 1.049882431420819051e+00 1.204658600000000000e+07
1.539381960142510408e+01 1.049000159526542353e+00 1.207322600000000000e+07
1.540952845721061593e+01 1.048237832078925624e+00 1.208937000000000000e+07
1.542523709037442003e+01 1.046402976262452711e+00 1.212366200000000000e+07
1.544094016867252428e+01 1.045332524034509714e+00 1.212901800000000000e+07
1.545664017249611355e+01 1.044293070630892384e+00 1.216869800000000000e+07
1.547234727593419557e+01 1.042859158383964591e+00 1.219107000000000000e+07
1.548806833453869558e+01 1.043204336907926466e+00 1.223729000000000000e+07
1.550378623459487315e+01 1.041489661966716218e+00 1.223743400000000000e+07
1.551949330626827894e+01 1.040280925845781024e+00 1.226943000000000000e+07
1.553520078467428966e+01 1.039124325761858092e+00 1.228831400000000000e+07
1.555090402017178697e+01 1.038169697282768755e+00 1.231201800000000000e+07
1.556660515225103758e+01 1.037075363007417872e+00 1.233377000000000000e+07
1.558230564648683369e+01 1.035604571639714200e+00 1.236265400000000000e+07
1.559802032509431058e+01 1.035007265453538272e+00 1.240528200000000000e+07
1.561373656517381825e+01 1.034460768812039522e+00 1.241484200000000000e+07
1.562943874868456007e+01 1.033305376104354689e+00 1.243327800000000000e+07
1.564514468723513119e+01 1.031594036044275242e+00 1.246944200000000000e+07
1.566085762263859849e+01 1.030889231474870993e+00 1.249710600000000000e+07
1.567656801168175562e+01 1.030879062970458060e+00 1.251307400000000000e+07
1.569226784315055134e+01 1.028625902117651369e+00 1.253190200000000000e+07
1.570797061764651303e+01 1.028874200429832353e+00 1.256769000000000000e+07
1.572368763200833186e+01 1.027249606413792815e+00 1.260333800000000000e+07
1.573939902922757739e+01 1.025909466359611777e+00 1.261272600000000000e+07
1.575510155432147918e+01 1.025575153453136767e+00 1.263480200000000000e+07
1.577080131559525533e+01 1.024280940997715383e+00 1.266273000000000000e+07
1.578651124257762106e+01 1.023813052372430477e+00 1.269908600000000000e+07
1.580221945868158429e+01 1.022909000451102779e+00 1.271107400000000000e+07
1.581792010585497543e+01 1.021541792048385133e+00 1.273909800000000000e+07
1.583362809238100866e+01 1.020383742811968197e+00 1.276949000000000000e+07
1.584933934958661794e+01 1.018640301019884564e+00 1.279968600000000000e+07
1.586505742005159547e+01 1.019037034831321575e+00 1.282862600000000000e+07
1.588076352344777042e+01 1.017672145286521390e+00 1.283279400000000000e+07
1.589646872608305905e+01 1.016741377058082429e+00 1.287594200000000000e+07
1.591218765353894682e+01 1.016401274600943427e+00 1.290631400000000000e+07
1.592789674253093146e+01 1.015095032789127272e+00 1.291312200000000000e+07
1.594359563934946422e+01 1.013645843591104434e+00 1.293734600000000000e+07
1.595929854003116333e+01 1.013005714627513321e+00 1.297337400000000000e+07
1.597501474699522639e+01 1.012744682764754822e+00 1.300817000000000000e+07
1.599073061961361475e+01 1.011491185576943064e+00 1.302581000000000000e+07
1.600643059467362406e+01 1.010646874729065336e+00 1.303359000000000000e+07
1.602213644221637878e+01 1.009235768052732407e+00 1.308369800000000000e+07
1.603784671360493164e+01 1.008858923598590307e+00 1.309470600000000000e+07
1.605354767035452213e+01 1.008102064471062764e+00 1.311900200000000000e+07
1.606924881116611203e+01 1.006976173861000579e+00 1.314631800000000000e+07
