# k_mean_over_bin [h Mpc^-1] P_bin [h^-3 Mpc^3] N_modes
2.004559772710005558e-02 1.118841037326388914e+03 1.800000000000000000e+01
3.504137442477287673e-02 2.655214717741935601e+03 6.200000000000000000e+01
4.923125820196404961e-02 1.349742346938775427e+03 9.800000000000000000e+01
6.378344006481624640e-02 1.146968973214285825e+03 2.100000000000000000e+02
8.007265176091875325e-02 8.556200892857142435e+02 3.500000000000000000e+02
9.616302738587061139e-02 6.409665972222222763e+02 4.500000000000000000e+02
1.110826890383447979e-01 5.276792462624584914e+02 6.020000000000000000e+02
1.260576397180557251e-01 4.799021899606299257e+02 7.620000000000000000e+02
1.422731428555557009e-01 3.401602725481611174e+02 1.142000000000000000e+03
1.585460595607757484e-01 2.923955000000000268e+02 1.250000000000000000e+03
1.737497011902237598e-01 2.585331361454046259e+02 1.458000000000000000e+03
1.889532144205047226e-01 2.364172409040793923e+02 1.814000000000000000e+03
2.049067109494826788e-01 2.054336116850321332e+02 2.178000000000000000e+03
2.207556613284745450e-01 1.819648093474779671e+02 2.498000000000000000e+03
2.358802738624342921e-01 1.600241108886346240e+02 2.622000000000000000e+03
2.513999951464319649e-01 1.481502677501497942e+02 3.338000000000000000e+03
2.675345382307371400e-01 1.269907139978506336e+02 3.722000000000000000e+03
2.835681791499936044e-01 1.140547362110311838e+02 4.170000000000000000e+03
2.990221799979137507e-01 1.027810492198256043e+02 4.358000000000000000e+03
3.144508804126917023e-01 9.299387912197059336e+01 5.034000000000000000e+03
3.303723395141972552e-01 8.508691918970949075e+01 5.714000000000000000e+03
3.461405835555014798e-01 7.671253343363423483e+01 5.982000000000000000e+03
3.616240832326051979e-01 7.267496118600423927e+01 6.602000000000000000e+03
3.771335216675366642e-01 6.577572755960729012e+01 7.130000000000000000e+03
3.929320011962133541e-01 6.143052184466019128e+01 8.034000000000000000e+03
4.088541926781908975e-01 5.825378006623286353e+01 8.606000000000000000e+03
4.245637628236880179e-01 5.392156822192808363e+01 9.066000000000000000e+03
4.402531073637167558e-01 5.079180887372013586e+01 9.962000000000000000e+03
4.559993315308014661e-01 4.712656398104265065e+01 1.055000000000000000e+04
4.716264483403250773e-01 4.456604367094245589e+01 1.122600000000000000e+04
4.872700578197112775e-01 4.095436512020418718e+01 1.214600000000000000e+04
5.028559864371159316e-01 3.929875902348088346e+01 1.260600000000000000e+04
5.184881697096974662e-01 3.688270948051007281e+01 1.380200000000000000e+04
5.343469721895739433e-01 3.508941854751253686e+01 1.475400000000000000e+04
5.500823565575736485e-01 3.341971543043306525e+01 1.519400000000000000e+04
5.657322269403529669e-01 3.208903989911267729e+01 1.645400000000000000e+04
5.814958906429442687e-01 3.003225013116474074e+01 1.715400000000000000e+04
5.972223875100493018e-01 2.847991486915580950e+01 1.826600000000000000e+04
6.128042965698242694e-01 2.717146666666666732e+01 1.875000000000000000e+04
6.284339241893368566e-01 2.584413301868142554e+01 2.023400000000000000e+04
6.442671741027654608e-01 2.463076631701631669e+01 2.145000000000000000e+04
6.600506477327297006e-01 2.325523631727529406e+01 2.196200000000000000e+04
6.757240646605540135e-01 2.274110263404654475e+01 2.346200000000000000e+04
6.914033637984144942e-01 2.178230154521254391e+01 2.404200000000000000e+04
7.071742118944099875e-01 2.119554314730594413e+01 2.594600000000000000e+04
7.228711511166978632e-01 1.976701173520177690e+01 2.611800000000000000e+04
7.383803448867409802e-01 1.939242119901112460e+01 2.750600000000000000e+04
7.540183656477988938e-01 1.857774762609234287e+01 2.906600000000000000e+04
7.698451130026079392e-01 1.808644293924466240e+01 3.045000000000000000e+04
7.856895634322977884e-01 1.725857302627433754e+01 3.174200000000000000e+04
8.013652298136274554e-01 1.662669186046511527e+01 3.225000000000000000e+04
8.170314793099452411e-01 1.606096897810219204e+01 3.425000000000000000e+04
8.328089595358807440e-01 1.542627242342189930e+01 3.545400000000000000e+04
8.485110835048260691e-01 1.495520152879178788e+01 3.643400000000000000e+04
8.640973204722621759e-01 1.441972957910939002e+01 3.768200000000000000e+04
8.797014300262691044e-01 1.391563597495800941e+01 3.929400000000000000e+04
8.955074489672053550e-01 1.350232342007435093e+01 4.142600000000000000e+04
9.112788985619241222e-01 1.320070098179052032e+01 4.206600000000000000e+04
9.269095651252046153e-01 1.262555759944814859e+01 4.349000000000000000e+04
9.426346125839982770e-01 1.218256449389523510e+01 4.570200000000000000e+04
9.583964670696782928e-01 1.183846683750053685e+01 4.663400000000000000e+04
9.741277885224883804e-01 1.164727545619310511e+01 4.855400000000000000e+04
9.896918448392955092e-01 1.127291794556987803e+01 4.887000000000000000e+04
1.005280879626296420e+00 1.091083984753850267e+01 5.155400000000000000e+04
1.021133664452582135e+00 1.069958056017748227e+01 5.409000000000000000e+04
1.036923334995100809e+00 1.046779030268439037e+01 5.431400000000000000e+04
1.052635308833600680e+00 1.000136509400808293e+01 5.691000000000000000e+04
1.068321370297892425e+00 9.787513917400229246e+00 5.748200000000000000e+04
1.084052701550582753e+00 9.494309372216539700e+00 6.062600000000000000e+04
1.099794715754920382e+00 9.271723768911545704e+00 6.120600000000000000e+04
1.115370388947033220e+00 9.092365550583346945e+00 6.257000000000000000e+04
1.131046383902849950e+00 8.719795945534762893e+00 6.573000000000000000e+04
1.146787968622316356e+00 8.621222970338601854e+00 6.668600000000000000e+04
1.162563353468210270e+00 8.412335181784269977e+00 6.969800000000000000e+04
1.178284495947235833e+00 8.098501806471881892e+00 7.002600000000000000e+04
1.193950312022173277e+00 7.967249917521238345e+00 7.274600000000000000e+04
1.209702279395532543e+00 7.803777866773462080e+00 7.491000000000000000e+04
1.225374778796072261e+00 7.629025415335041416e+00 7.572200000000000000e+04
1.240998268267369031e+00 7.442696770777514459e+00 7.837800000000000000e+04
1.256664763601604173e+00 7.224931275771585781e+00 8.003000000000000000e+04
1.272410839108921055e+00 7.116697821748852348e+00 8.318600000000000000e+04
1.288186821427190987e+00 6.911268248175182372e+00 8.466600000000000000e+04
1.303915415643678744e+00 6.810819535276038117e+00 8.654600000000000000e+04
1.319571589153230251e+00 6.744497015907595205e+00 8.813400000000000000e+04
1.335290070384270056e+00 6.505077126439292812e+00 9.153800000000000000e+04
1.351076062681103140e+00 6.402082796495522032e+00 9.313800000000000000e+04
1.366744220099084473e+00 6.253519337835263592e+00 9.447800000000000000e+04
1.382398842931918725e+00 6.162230529226721210e+00 9.727400000000000000e+04
1.398110035554206876e+00 6.085029842511787024e+00 9.969000000000000000e+04
1.413886464447384306e+00 5.878103981869577943e+00 1.025900000000000000e+05
1.429636290478455862e+00 5.758133974173653691e+00 1.037700000000000000e+05
1.445306609637929229e+00 5.711714591992175905e+00 1.063460000000000000e+05
1.461013715221450848e+00 5.575375301715401299e+00 1.085460000000000000e+05
1.476673179078200837e+00 5.421196241171901242e+00 1.107260000000000000e+05
1.492290038154521659e+00 5.329682186036573732e+00 1.123220000000000000e+05
1.507927148623363189e+00 5.264473854517214946e+00 1.158900000000000000e+05
1.523672044743926701e+00 5.155572196588249057e+00 1.187660000000000000e+05
1.539529615911521709e+00 5.072970837626126439e+00 1.222980000000000000e+05
1.555255688786340684e+00 4.930959742812679458e+00 1.220900000000000000e+05
1.570915144657768492e+00 4.853146609967411429e+00 1.258100000000000000e+05
1.586615423455384422e+00 4.791378520165379129e+00 1.281900000000000000e+05
1.602349133342779730e+00 4.698556327007343825e+00 1.309940000000000000e+05
1.618092974080486135e+00 4.598184105831500723e+00 1.337220000000000000e+05
1.633691874209366679e+00 4.576104391049101494e+00 1.338860000000000000e+05
1.649409270104698511e+00 4.458393370476312789e+00 1.405380000000000000e+05
1.665187916060468121e+00 4.368392765694126822e+00 1.405940000000000000e+05
1.680850499408222509e+00 4.341936292602754932e+00 1.435940000000000000e+05
1.696519861906699678e+00 4.258144521905542490e+00 1.463100000000000000e+05
1.712283893956166425e+00 4.190287504148688669e+00 1.506500000000000000e+05
1.728062756067172412e+00 4.108163994101926342e+00 1.519140000000000000e+05
1.743677627348828585e+00 4.046790456850806628e+00 1.533980000000000000e+05
1.759326903275710174e+00 3.982077758985468563e+00 1.578660000000000000e+05
1.775054497456971747e+00 3.926873778461079212e+00 1.606580000000000000e+05
1.790812710658242546e+00 3.878984183617506076e+00 1.641020000000000000e+05
1.806502375897273804e+00 3.806719865570869388e+00 1.649940000000000000e+05
1.822179186865621636e+00 3.745399249337650449e+00 1.698500000000000000e+05
1.837969883527481585e+00 3.687901405316037273e+00 1.729860000000000000e+05
1.853671301775014824e+00 3.631562187309510303e+00 1.738940000000000000e+05
1.869276135303816311e+00 3.566722103429159851e+00 1.767780000000000000e+05
1.884971321406135658e+00 3.545271435407751692e+00 1.818020000000000000e+05
1.900728707982397125e+00 3.477506370980860240e+00 1.844300000000000000e+05
1.916473119999263952e+00 3.425073567896091742e+00 1.872420000000000000e+05
1.932184555202840048e+00 3.382260512483574733e+00 1.902500000000000000e+05
1.947873548384971176e+00 3.328341966557615272e+00 1.925700000000000000e+05
1.963628993658796507e+00 3.283242708848245428e+00 1.982540000000000000e+05
1.979352447076785815e+00 3.236023216070761599e+00 1.980740000000000000e+05
1.994985104292756439e+00 3.192537119524870182e+00 2.020500000000000000e+05
2.010642935442618739e+00 3.150430105303111183e+00 2.055020000000000000e+05
2.026404838719640278e+00 3.110672521906714838e+00 2.106660000000000000e+05
2.042160439755924539e+00 3.067070415109261816e+00 2.124260000000000000e+05
2.057814152054247447e+00 3.026433902242915419e+00 2.139180000000000000e+05
2.073527659517757193e+00 2.988188593355475486e+00 2.209940000000000000e+05
2.089278401895053872e+00 2.953472454203194264e+00 2.215220000000000000e+05
2.104986979127729807e+00 2.908968015677332986e+00 2.263140000000000000e+05
2.120648321356923383e+00 2.880597926034123013e+00 2.272940000000000000e+05
2.136325257483229656e+00 2.833863194426558874e+00 2.329620000000000000e+05
2.152108829701105730e+00 2.800580958968623246e+00 2.378180000000000000e+05
2.167848322413291839e+00 2.762203070076091116e+00 2.383980000000000000e+05
2.183487000865677263e+00 2.730560946159772850e+00 2.414180000000000000e+05
2.199161537811643807e+00 2.696974339391778219e+00 2.468180000000000000e+05
2.214891256735060487e+00 2.657582000832312996e+00 2.499060000000000000e+05
2.230633713071271895e+00 2.639069873813318701e+00 2.547020000000000000e+05
2.246304443991349320e+00 2.613242773703118083e+00 2.544180000000000000e+05
2.261936208784359970e+00 2.562533848145217785e+00 2.603540000000000000e+05
2.277652670266802293e+00 2.543082057107489913e+00 2.649740000000000000e+05
2.293412982496121355e+00 2.515103434032197161e+00 2.687220000000000000e+05
2.309141221738169047e+00 2.484208256309793139e+00 2.715620000000000000e+05
2.324861988404599789e+00 2.445925682001262924e+00 2.755860000000000000e+05
2.340611247586814159e+00 2.430729817266854553e+00 2.801900000000000000e+05
2.356347504876110666e+00 2.399859988544517098e+00 2.828340000000000000e+05
2.372029085968939910e+00 2.374509503103412023e+00 2.851700000000000000e+05
2.387678571697246621e+00 2.344730342272479451e+00 2.898860000000000000e+05
2.403388139521258626e+00 2.321266903020300809e+00 2.944740000000000000e+05
2.419137128499648348e+00 2.301976974804506249e+00 2.994980000000000000e+05
2.434829956177893884e+00 2.264545994772601212e+00 2.999580000000000000e+05
2.450497304476752181e+00 2.239535585140817187e+00 3.058580000000000000e+05
2.466221630284449073e+00 2.214052153516476995e+00 3.107940000000000000e+05
2.481948461430914410e+00 2.195370342274547859e+00 3.130820000000000000e+05
2.497590267743403203e+00 2.169897736405459909e+00 3.160460000000000000e+05
2.513275415567109317e+00 2.143670201540571973e+00 3.222180000000000000e+05
2.529064511226168488e+00 2.125766598084988690e+00 3.285620000000000000e+05
2.544794397904540872e+00 2.107455638891429839e+00 3.279900000000000000e+05
2.560494206000486273e+00 2.085923006603396690e+00 3.352820000000000000e+05
2.576181416838396743e+00 2.067477937018185941e+00 3.359700000000000000e+05
2.591894431456594372e+00 2.045318521737108597e+00 3.440660000000000000e+05
2.607583386084574517e+00 2.021705293292757499e+00 3.437180000000000000e+05
2.623254195933073518e+00 2.007439587138475812e+00 3.514980000000000000e+05
2.638982638468245323e+00 1.991998699422780517e+00 3.544580000000000000e+05
2.654678623100330981e+00 1.960573855301394941e+00 3.585660000000000000e+05
2.670444987332728282e+00 1.939199399380534317e+00 3.661220000000000000e+05
2.686175436888973866e+00 1.921573357754025269e+00 3.658100000000000000e+05
2.701842624139498383e+00 1.904641342546996796e+00 3.716220000000000000e+05
2.717551210176916143e+00 1.885485430308575294e+00 3.759860000000000000e+05
2.733286152591690943e+00 1.871249051469241476e+00 3.821700000000000000e+05
2.748969669686326611e+00 1.849376699107951882e+00 3.818180000000000000e+05
2.764618652904751617e+00 1.841618505085041546e+00 3.895740000000000000e+05
2.780335698310803405e+00 1.817909920802239121e+00 3.936980000000000000e+05
2.796070939832780322e+00 1.797110710012066459e+00 3.994580000000000000e+05
2.811789110373833278e+00 1.784450502458841292e+00 4.022220000000000000e+05
2.827490318755497611e+00 1.762079096239574261e+00 4.069220000000000000e+05
2.843211165013692643e+00 1.758664028853653472e+00 4.128420000000000000e+05
2.858928238366322816e+00 1.734889405459544731e+00 4.153460000000000000e+05
2.874619182965964193e+00 1.724261572194443204e+00 4.211820000000000000e+05
2.890326122379585971e+00 1.707584296429798254e+00 4.250180000000000000e+05
2.906048410595298837e+00 1.693699871038971239e+00 4.311380000000000000e+05
2.921763637537025282e+00 1.672470314147455284e+00 4.343820000000000000e+05
2.937471882413853042e+00 1.659696704769358933e+00 4.395140000000000000e+05
2.953184966193053373e+00 1.649700919417724565e+00 4.447380000000000000e+05
2.968906669185866321e+00 1.635282406272972056e+00 4.489100000000000000e+05
2.984558054153132023e+00 1.617761329995694997e+00 4.506180000000000000e+05
3.000234266597839206e+00 1.603020809306414440e+00 4.595540000000000000e+05
3.015961738166995865e+00 1.590044449866769183e+00 4.631060000000000000e+05
3.031644318942089189e+00 1.572605969034070128e+00 4.670940000000000000e+05
3.047375183469438475e+00 1.564782403176835590e+00 4.749380000000000000e+05
3.063101994982958765e+00 1.551331792005633092e+00 4.771860000000000000e+05
3.078830638657798602e+00 1.539935677883921050e+00 4.846700000000000000e+05
3.094557820700788220e+00 1.525157722634032265e+00 4.870100000000000000e+05
3.110261604918990841e+00 1.513155794281127342e+00 4.933140000000000000e+05
3.125964826756857384e+00 1.499356138756694046e+00 4.963220000000000000e+05
3.141631907395710410e+00 1.491843390100099143e+00 5.017020000000000000e+05
3.157337759020614865e+00 1.475029716140805025e+00 5.085620000000000000e+05
3.173083732250922218e+00 1.462964786034590903e+00 5.142420000000000000e+05
3.188786566155163538e+00 1.445188052883031871e+00 5.161580000000000000e+05
3.204467208631248454e+00 1.440855206256386190e+00 5.226020000000000000e+05
3.220198682476764773e+00 1.432415039441598870e+00 5.306580000000000000e+05
3.235902901074469540e+00 1.427475322710275885e+00 5.300420000000000000e+05
3.251569839460216826e+00 1.406416897702262858e+00 5.388780000000000000e+05
3.267286640001119125e+00 1.395133975336776189e+00 5.441300000000000000e+05
3.283035953778620897e+00 1.389590432693529110e+00 5.511060000000000000e+05
3.298765470797303756e+00 1.374857734547331845e+00 5.539820000000000000e+05
3.314460854810658219e+00 1.368503377567434898e+00 5.582420000000000000e+05
3.330143183999465961e+00 1.356089339929784199e+00 5.645460000000000000e+05
3.345851390644388967e+00 1.348710941745224323e+00 5.704940000000000000e+05
3.361584614506297086e+00 1.333629057566205756e+00 5.767620000000000000e+05
3.377268741275611497e+00 1.325810463411006612e+00 5.782340000000000000e+05
3.392938742749323389e+00 1.316904600915880463e+00 5.856660000000000000e+05
3.408667877553761993e+00 1.307056906766973059e+00 5.944460000000000000e+05
3.424389245726590758e+00 1.296030344393112044e+00 5.952500000000000000e+05
3.440080490503192756e+00 1.287580874773368356e+00 6.034020000000000000e+05
3.455784632582446392e+00 1.276708274199762183e+00 6.073820000000000000e+05
3.471525169349745088e+00 1.264303050193676059e+00 6.170100000000000000e+05
3.487238775590668638e+00 1.258612803147972192e+00 6.167780000000000000e+05
3.502915637500682244e+00 1.251220696090891371e+00 6.247460000000000000e+05
3.518586117849470174e+00 1.238555369533581141e+00 6.280620000000000000e+05
3.534307361823285198e+00 1.233858361614613486e+00 6.394100000000000000e+05
3.550068718511843802e+00 1.223590159638170194e+00 6.429540000000000000e+05
3.565767899937936303e+00 1.217074816478681765e+00 6.459740000000000000e+05
3.581461234185308484e+00 1.209505214310854004e+00 6.534900000000000000e+05
3.597192479322759873e+00 1.201676211433743147e+00 6.607460000000000000e+05
3.612919168611930854e+00 1.192037753932168487e+00 6.646460000000000000e+05
3.628586482304986038e+00 1.184963808838735755e+00 6.672900000000000000e+05
3.644285394494611641e+00 1.175062570504569859e+00 6.790340000000000000e+05
3.660034289703634869e+00 1.167893465422236154e+00 6.827220000000000000e+05
3.675778468055097559e+00 1.159017498314618200e+00 6.912380000000000000e+05
3.691462948962963786e+00 1.150079890125210280e+00 6.886020000000000000e+05
3.707119074879760223e+00 1.143901089571448537e+00 7.008260000000000000e+05
3.722835664250375487e+00 1.135406805949590536e+00 7.056620000000000000e+05
3.738525251797470528e+00 1.129084387436943837e+00 7.100820000000000000e+05
3.754222032949778853e+00 1.122420608986570478e+00 7.191620000000000000e+05
3.769933086185316640e+00 1.113176877812391830e+00 7.222500000000000000e+05
3.785638995718866973e+00 1.109675363289633898e+00 7.315100000000000000e+05
3.801371660419305520e+00 1.099135437685520467e+00 7.364420000000000000e+05
3.817071936206203997e+00 1.092575243150879061e+00 7.408980000000000000e+05
3.832786102847733023e+00 1.090212495234337275e+00 7.501580000000000000e+05
3.848527046055627121e+00 1.081185849541508093e+00 7.548660000000000000e+05
3.864237159299509283e+00 1.071225796042722056e+00 7.608260000000000000e+05
3.879924927323326056e+00 1.065565063203993690e+00 7.640340000000000000e+05
3.895614328144405114e+00 1.060531181268624445e+00 7.738460000000000000e+05
3.911337128038584687e+00 1.054962300279333132e+00 7.797140000000000000e+05
3.927042484287095014e+00 1.049549829532559597e+00 7.843140000000000000e+05
3.942732759911325768e+00 1.041137396978803142e+00 7.913420000000000000e+05
3.958453369699379998e+00 1.037122181527985187e+00 7.994580000000000000e+05
3.974178216354418591e+00 1.028083157962736083e+00 8.049620000000000000e+05
3.989882109912799013e+00 1.020824686554258509e+00 8.095500000000000000e+05
4.005543243773400874e+00 1.015186248091481058e+00 8.134580000000000000e+05
4.021251057898795445e+00 1.008542023707943658e+00 8.274020000000000000e+05
4.036984636136614846e+00 1.003192967084953535e+00 8.286180000000000000e+05
4.052682677778184583e+00 1.000788607725010104e+00 8.369180000000000000e+05
4.068393456235992467e+00 9.919653619639470232e-01 8.428740000000000000e+05
4.084099822251435974e+00 9.899300249135208896e-01 8.493380000000000000e+05
4.099829813320492455e+00 9.770424691073436030e-01 8.589420000000000000e+05
4.115554009414900349e+00 9.754273628362164494e-01 8.609780000000000000e+05
4.131235359039446386e+00 9.675589425183049874e-01 8.683460000000000000e+05
4.146931044915801223e+00 9.635958357043445943e-01 8.751540000000000000e+05
4.162664159049392687e+00 9.565326489990001457e-01 8.862140000000000000e+05
4.178388788086889960e+00 9.506783430589645922e-01 8.873460000000000000e+05
4.194077965975033351e+00 9.449425745207187255e-01 8.949860000000000000e+05
4.209774792532540388e+00 9.440320888727411486e-01 9.027740000000000000e+05
4.225510803750013977e+00 9.344868075701063814e-01 9.121140000000000000e+05
4.241231113843379141e+00 9.334497735583470179e-01 9.150260000000000000e+05
4.256908196003403866e+00 9.257308926230951585e-01 9.201420000000000000e+05
4.272591924000948893e+00 9.209797103990052802e-01 9.297620000000000000e+05
4.288308084378355645e+00 9.155611001623122913e-01 9.376980000000000000e+05
4.304040323784237287e+00 9.127831268615799187e-01 9.447620000000000000e+05
4.319738418983270378e+00 9.059628933808873130e-01 9.482540000000000000e+05
4.335428335028543856e+00 8.993300076713887092e-01 9.568020000000000000e+05
4.351157550879730884e+00 8.977704416229701501e-01 9.676580000000000000e+05
4.366881330891844826e+00 8.909253822308297321e-01 9.697020000000000000e+05
4.382546060772999574e+00 8.841100411666273917e-01 9.740900000000000000e+05
4.398246218400761798e+00 8.837244886603904392e-01 9.884820000000000000e+05
4.413979276240257654e+00 8.784272510720829708e-01 9.919940000000000000e+05
4.429695644229851403e+00 8.706869424492771348e-01 1.001030000000000000e+06
4.445410080183695989e+00 8.676392411358099244e-01 1.005450000000000000e+06
4.461113024304604657e+00 8.625399264898819807e-01 1.013738000000000000e+06
4.476828248264367538e+00 8.585738614675397784e-01 1.021710000000000000e+06
4.492511743566732996e+00 8.544737653205370931e-01 1.023626000000000000e+06
4.508191947536588806e+00 8.491710544353632262e-01 1.035834000000000000e+06
4.523895481465870283e+00 8.462810198254011596e-01 1.040786000000000000e+06
4.539619934096997156e+00 8.417750777150908581e-01 1.053206000000000000e+06
4.555352618284365995e+00 8.350613929774968192e-01 1.057002000000000000e+06
4.571063001207543941e+00 8.322432578123091229e-01 1.063898000000000000e+06
4.586777862326684385e+00 8.273539614758637084e-01 1.072782000000000000e+06
4.602497075350756361e+00 8.254584729140751476e-01 1.078826000000000000e+06
4.618214180504660149e+00 8.216328353503284943e-01 1.087922000000000000e+06
4.633911241501361467e+00 8.150647206678808265e-01 1.090494000000000000e+06
4.649602871383847535e+00 8.143027110977135719e-01 1.101362000000000000e+06
4.665319460688174047e+00 8.077448725087897907e-01 1.109802000000000000e+06
4.681029772111457099e+00 8.043573252556719400e-01 1.114514000000000000e+06
4.696725943447952467e+00 8.002183306552210773e-01 1.123926000000000000e+06
4.712406639130506392e+00 7.948759465037753547e-01 1.125986000000000000e+06
4.728114319510818397e+00 7.924369443856608131e-01 1.143554000000000000e+06
4.743843011674210075e+00 7.871684749849306995e-01 1.144710000000000000e+06
4.759548004017718270e+00 7.851391832709715413e-01 1.154018000000000000e+06
4.775245153331388437e+00 7.798626700702264714e-01 1.159962000000000000e+06
4.790962201099520534e+00 7.763299475826355156e-01 1.170986000000000000e+06
4.806687457227775795e+00 7.726990358547611848e-01 1.178142000000000000e+06
4.822395257046031780e+00 7.706223883335560076e-01 1.182674000000000000e+06
4.838087143849061356e+00 7.665155579083831050e-01 1.191002000000000000e+06
4.853789225034707222e+00 7.624558702740166227e-01 1.200438000000000000e+06
4.869505077076887289e+00 7.597918884222479852e-01 1.208162000000000000e+06
4.885214479826415435e+00 7.540636432757489294e-01 1.215258000000000000e+06
4.900926872777207954e+00 7.529481555940771287e-01 1.224134000000000000e+06
4.916625834276870499e+00 7.481129274970254039e-01 1.228722000000000000e+06
4.932342625999591945e+00 7.448971527260500602e-01 1.243154000000000000e+06
4.948070313168653200e+00 7.419249032867257787e-01 1.245434000000000000e+06
4.963768791695496674e+00 7.371877683925052160e-01 1.255158000000000000e+06
4.979434313641077026e+00 7.345390387938930399e-01 1.255610000000000000e+06
4.995141420885109262e+00 7.310525829666192354e-01 1.277562000000000000e+06
5.010861277833007499e+00 7.268730471416666727e-01 1.274414000000000000e+06
5.026541148359606304e+00 7.232504097997347614e-01 1.285994000000000000e+06
5.042268620369379839e+00 7.211007294720560568e-01 1.299570000000000000e+06
5.058004053481842455e+00 7.186824180069147916e-01 1.302122000000000000e+06
5.073708460591943137e+00 7.141023653960831830e-01 1.311366000000000000e+06
5.089416057291027862e+00 7.127075901351287435e-01 1.319186000000000000e+06
5.105125712135527571e+00 7.101637915708050031e-01 1.327434000000000000e+06
5.120844156875770103e+00 7.053220439933178820e-01 1.337294000000000000e+06
5.136559512122237159e+00 7.025125118229279542e-01 1.342730000000000000e+06
5.152249183032828306e+00 6.996322848871217026e-01 1.350570000000000000e+06
5.167964432416064291e+00 6.964642243815087896e-01 1.362590000000000000e+06
5.183694924160209716e+00 6.939758800845149400e-01 1.369698000000000000e+06
5.199396868456950926e+00 6.908869391103734658e-01 1.374914000000000000e+06
5.215085298788597612e+00 6.875998774908389510e-01 1.383570000000000000e+06
5.230792912992411559e+00 6.845639591966025117e-01 1.395374000000000000e+06
5.246488594245054315e+00 6.804839086638883039e-01 1.396994000000000000e+06
5.262173859327344161e+00 6.798912350428258922e-01 1.411530000000000000e+06
5.277882164810089982e+00 6.762420339255658108e-01 1.417574000000000000e+06
5.293593858628555360e+00 6.732861375079259858e-01 1.428834000000000000e+06
5.309329156889964985e+00 6.699069261121125551e-01 1.439018000000000000e+06
5.325038538485003414e+00 6.669078547343024743e-01 1.440698000000000000e+06
5.340730702455575241e+00 6.647340156214958107e-01 1.453638000000000000e+06
5.356455193601842524e+00 6.616657162712702434e-01 1.463426000000000000e+06
5.372183381207660702e+00 6.585063390095510227e-01 1.471050000000000000e+06
5.387886700194870926e+00 6.579958578202647068e-01 1.476638000000000000e+06
5.403571860691538831e+00 6.542071357646452867e-01 1.484466000000000000e+06
5.419293096268920529e+00 6.511410554813163998e-01 1.501154000000000000e+06
5.435016687773623012e+00 6.479449872345186545e-01 1.501706000000000000e+06
5.450702718101835487e+00 6.448902317032991771e-01 1.511502000000000000e+06
5.466391329901655105e+00 6.435908057575346897e-01 1.520234000000000000e+06
5.482117701107046770e+00 6.410712715226610792e-01 1.535010000000000000e+06
5.497863840523032231e+00 6.378347570686775381e-01 1.543358000000000000e+06
5.513531058043433575e+00 6.365394457706116116e-01 1.535754000000000000e+06
5.529215137958169990e+00 6.333982670011925054e-01 1.564802000000000000e+06
5.544946163489404611e+00 6.305827577448532839e-01 1.563038000000000000e+06
5.560660431796565106e+00 6.274743399437161528e-01 1.578426000000000000e+06
5.576372624871568817e+00 6.249292198709817114e-01 1.581482000000000000e+06
5.592071612679278658e+00 6.232100408227351229e-01 1.592250000000000000e+06
5.607777081388953810e+00 6.204614428015953198e-01 1.602230000000000000e+06
5.623461069047772654e+00 6.180619038805947874e-01 1.604754000000000000e+06
5.639160434689571844e+00 6.153827585930772281e-01 1.623458000000000000e+06
5.654868627057174635e+00 6.138909231895920415e-01 1.624910000000000000e+06
5.670595730029768688e+00 6.108948150957801415e-01 1.645122000000000000e+06
5.686329334746649700e+00 6.102147702613167635e-01 1.645130000000000000e+06
5.702030598096980540e+00 6.060181804619902968e-01 1.655706000000000000e+06
5.717729473142792784e+00 6.043770536494695866e-01 1.663502000000000000e+06
5.733437455346763301e+00 6.021001988046652542e-01 1.675514000000000000e+06
5.749160590029285700e+00 5.995883591507258359e-01 1.685298000000000000e+06
5.764862617007506351e+00 5.977447018938590872e-01 1.689566000000000000e+06
5.780540238679900078e+00 5.946881349942574335e-01 1.697850000000000000e+06
5.796263103923236848e+00 5.927238782086717839e-01 1.718546000000000000e+06
5.812002103804656983e+00 5.914363521341161611e-01 1.719822000000000000e+06
5.827695391299545058e+00 5.887696152986298115e-01 1.726586000000000000e+06
5.843388778895907798e+00 5.870479781920967532e-01 1.739186000000000000e+06
5.859113417771065535e+00 5.848926414956455710e-01 1.751538000000000000e+06
5.874835560723500549e+00 5.813565590974607566e-01 1.758062000000000000e+06
5.890526541065327137e+00 5.810178331376453231e-01 1.763010000000000000e+06
5.906225317694219434e+00 5.779840743668483993e-01 1.778642000000000000e+06
5.921952321011594300e+00 5.767536447867639415e-01 1.788582000000000000e+06
5.937670655764399896e+00 5.736014316231934362e-01 1.794746000000000000e+06
5.953363581550269679e+00 5.706884361361733715e-01 1.803290000000000000e+06
5.969050809995837703e+00 5.703475882605637537e-01 1.811058000000000000e+06
5.984760752596141486e+00 5.673174714689355191e-01 1.828358000000000000e+06
6.000476440810660783e+00 5.669185010937215496e-01 1.831362000000000000e+06
6.016171166004743220e+00 5.644901403451259014e-01 1.842458000000000000e+06
6.031847027098122815e+00 5.617661402448730357e-01 1.846998000000000000e+06
6.047561666320434348e+00 5.599661231316093168e-01 1.869122000000000000e+06
6.063310221741519790e+00 5.577581373584615809e-01 1.876346000000000000e+06
6.079025995273507732e+00 5.556875383744451780e-01 1.879506000000000000e+06
6.094727650148782594e+00 5.534908211792369803e-01 1.893326000000000000e+06
6.110443441650997620e+00 5.529354420435939055e-01 1.901826000000000000e+06
6.126157369603382641e+00 5.495713303925495730e-01 1.911962000000000000e+06
6.141856103084946561e+00 5.491377127320891116e-01 1.919198000000000000e+06
6.157554247585426133e+00 5.469603034230940963e-01 1.930242000000000000e+06
6.173264897526903994e+00 5.436758214659691557e-01 1.942442000000000000e+06
6.188983783131053684e+00 5.423392096463964807e-01 1.951734000000000000e+06
6.204674330135580007e+00 5.414112417804625155e-01 1.955402000000000000e+06
6.220364153407833108e+00 5.396698824154680940e-01 1.971858000000000000e+06
6.236097253224911263e+00 5.368906865743227064e-01 1.984898000000000000e+06
6.251804727814884721e+00 5.345902079215795188e-01 1.986422000000000000e+06
6.267477703420695434e+00 5.339313231597287990e-01 1.996146000000000000e+06
6.283195068785119908e+00 5.324340292478432213e-01 2.017106000000000000e+06
6.298926466691256110e+00 5.297331214200663441e-01 2.020638000000000000e+06
6.314631082636630310e+00 5.279198323006524252e-01 2.029346000000000000e+06
6.330330969697290477e+00 5.265394766884109456e-01 2.041002000000000000e+06
6.346042618354868381e+00 5.254381047551731632e-01 2.051450000000000000e+06
6.361769829008385280e+00 5.237185764364539198e-01 2.065886000000000000e+06
6.377467710730222450e+00 5.214804489703789292e-01 2.064546000000000000e+06
6.393156758488530933e+00 5.199181931673588775e-01 2.082650000000000000e+06
6.408877231485442749e+00 5.179216531069854579e-01 2.095182000000000000e+06
6.424598957671957322e+00 5.163242393208924419e-01 2.101346000000000000e+06
6.440311953715900373e+00 5.152257990105665320e-01 2.115554000000000000e+06
6.456005935746694568e+00 5.133518406128790845e-01 2.115654000000000000e+06
6.471719753415134946e+00 5.117907972010203865e-01 2.141066000000000000e+06
6.487439387114228850e+00 5.101824434779926865e-01 2.139786000000000000e+06
6.503131318747780831e+00 5.091566683796410198e-01 2.152202000000000000e+06
6.518819434526843537e+00 5.067455089709526073e-01 2.161086000000000000e+06
6.534523450777902198e+00 5.053595193694285781e-01 2.176058000000000000e+06
6.550254613659266312e+00 5.042900642591032767e-01 2.190818000000000000e+06
6.565965738846988309e+00 5.026319986965795961e-01 2.191158000000000000e+06
6.581657291702928347e+00 5.003072691689256501e-01 2.205314000000000000e+06
6.597356411838022794e+00 4.997087635868951994e-01 2.215554000000000000e+06
6.613072568835591802e+00 4.976717750952450170e-01 2.230562000000000000e+06
6.628796834083485301e+00 4.963679008972081697e-01 2.239614000000000000e+06
6.644501868950448475e+00 4.956582696043026481e-01 2.245706000000000000e+06
6.660203335766918364e+00 4.936604793434805627e-01 2.259674000000000000e+06
6.675922241577704419e+00 4.913654191818280226e-01 2.273214000000000000e+06
6.691636876769640807e+00 4.902308866676437504e-01 2.278802000000000000e+06
6.707348854586632214e+00 4.891079426024200205e-01 2.294034000000000000e+06
6.723042755046850338e+00 4.876603090622769199e-01 2.294942000000000000e+06
6.738741204690306574e+00 4.863585701646490067e-01 2.317050000000000000e+06
6.754459451825965743e+00 4.836796906548099240e-01 2.322842000000000000e+06
6.770155876549564411e+00 4.838232738833280755e-01 2.330810000000000000e+06
6.785853403723873356e+00 4.815483695786539897e-01 2.345958000000000000e+06
6.801555230257334550e+00 4.805252495553593572e-01 2.353586000000000000e+06
6.817285949066600459e+00 4.791810277711144872e-01 2.376210000000000000e+06
6.833012673954052651e+00 4.781518924810339022e-01 2.374502000000000000e+06
6.848703343789808606e+00 4.756832726687580393e-01 2.386346000000000000e+06
6.864405076602009714e+00 4.759691985304712603e-01 2.401314000000000000e+06
6.880122619459167588e+00 4.739079184722884697e-01 2.411450000000000000e+06
6.895827031199952550e+00 4.725726003607194081e-01 2.420718000000000000e+06
6.911509854271036701e+00 4.710698714708910773e-01 2.425754000000000000e+06
6.927232044479275430e+00 4.695759195313817247e-01 2.455218000000000000e+06
6.942960195844471549e+00 4.680524365733664816e-01 2.450942000000000000e+06
6.958661448092413160e+00 4.673716018207390577e-01 2.467130000000000000e+06
6.974361211749578793e+00 4.660361497191372049e-01 2.474874000000000000e+06
6.990070831352309000e+00 4.645736744296611875e-01 2.490362000000000000e+06
7.005778159324729693e+00 4.630840140392339932e-01 2.498142000000000000e+06
7.021469697735486015e+00 4.611593520775081889e-01 2.507090000000000000e+06
7.037177120604764191e+00 4.603710976012467260e-01 2.525562000000000000e+06
7.052899061516400003e+00 4.588724777352660711e-01 2.534726000000000000e+06
7.068628793135065536e+00 4.576083883092161297e-01 2.549906000000000000e+06
7.084334935478915796e+00 4.564949899532510513e-01 2.551074000000000000e+06
7.100038328422084710e+00 4.557370904912354526e-01 2.570702000000000000e+06
7.115745931638459254e+00 4.542268886315067866e-01 2.574642000000000000e+06
7.131451190238497162e+00 4.528252172458218094e-01 2.594066000000000000e+06
7.147151468730735147e+00 4.518575983832291976e-01 2.594802000000000000e+06
7.162835307179018507e+00 4.502647844779730790e-01 2.612030000000000000e+06
7.178551581855800556e+00 4.490488132592884152e-01 2.627954000000000000e+06
7.194283665259025184e+00 4.486149741592379003e-01 2.640402000000000000e+06
7.209984529526630936e+00 4.471664564289213328e-01 2.641454000000000000e+06
7.225685108067660956e+00 4.451474058863175154e-01 2.661834000000000000e+06
7.241394735953288198e+00 4.444190409038423772e-01 2.669138000000000000e+06
7.257108192998378726e+00 4.436546551065270183e-01 2.684858000000000000e+06
7.272822849503533860e+00 4.420524442167704238e-01 2.693910000000000000e+06
7.288518104809805997e+00 4.414208444961323918e-01 2.701682000000000000e+06
7.304234199753477874e+00 4.396972231220649951e-01 2.722698000000000000e+06
7.319945495172938799e+00 4.385108661112215866e-01 2.725262000000000000e+06
7.335649438298961655e+00 4.376317708618206459e-01 2.742450000000000000e+06
7.351353846506168743e+00 4.371229794352419207e-01 2.749850000000000000e+06
7.367055388436875241e+00 4.363583169736119927e-01 2.763902000000000000e+06
7.382770533642191602e+00 4.352943568791483586e-01 2.778498000000000000e+06
7.398475089415688544e+00 4.338846681486642209e-01 2.784530000000000000e+06
7.414188731852492609e+00 4.327739839364132535e-01 2.804106000000000000e+06
7.429901641940141133e+00 4.308427854038913707e-01 2.809790000000000000e+06
7.445612173277812218e+00 4.298823687867647236e-01 2.825058000000000000e+06
7.461320649323638143e+00 4.287657488718674137e-01 2.834330000000000000e+06
7.477011404590944821e+00 4.281219058121294996e-01 2.842022000000000000e+06
7.492720686839765776e+00 4.268057571435452946e-01 2.864754000000000000e+06
7.508423522993188826e+00 4.256774874257467922e-01 2.864186000000000000e+06
7.524104703200965361e+00 4.249399556456626148e-01 2.879538000000000000e+06
7.539811207090460599e+00 4.237874182518502342e-01 2.899454000000000000e+06
7.555522870235571453e+00 4.232249252649041282e-01 2.904258000000000000e+06
7.571252185241664989e+00 4.219777328363536473e-01 2.930234000000000000e+06
7.586982910029617777e+00 4.205819473867103420e-01 2.929526000000000000e+06
7.602682376348832705e+00 4.191901658554356702e-01 2.942442000000000000e+06
7.618398087127784990e+00 4.192248489433634262e-01 2.960810000000000000e+06
7.634111360506788735e+00 4.176623397867218479e-01 2.964954000000000000e+06
7.649813471415971122e+00 4.175007799631656469e-01 2.980910000000000000e+06
7.665516544353160100e+00 4.155044771308916141e-01 2.990978000000000000e+06
7.681228381318442544e+00 4.144901576858293080e-01 3.007626000000000000e+06
7.696947282980596938e+00 4.131502706376529166e-01 3.019166000000000000e+06
7.712641051068838571e+00 4.127360075337047629e-01 3.021090000000000000e+06
7.728340175203005202e+00 4.118790180173854676e-01 3.047834000000000000e+06
7.744066325082287428e+00 4.114490163929061528e-01 3.055590000000000000e+06
7.759785182459853381e+00 4.103352206549942260e-01 3.068546000000000000e+06
7.775464898067028230e+00 4.085166910422740050e-01 3.067274000000000000e+06
7.791162210093558471e+00 4.086760964449341893e-01 3.098058000000000000e+06
7.806896787352753719e+00 4.070905058320205550e-01 3.109214000000000000e+06
7.822604758484962950e+00 4.068404460939293310e-01 3.110466000000000000e+06
7.838284799897788702e+00 4.058205334195373881e-01 3.124370000000000000e+06
7.853986825204827937e+00 4.048673435376032304e-01 3.144174000000000000e+06
7.869722202747719386e+00 4.037965036951196018e-01 3.161738000000000000e+06
7.885429030328279687e+00 4.020087724572691257e-01 3.159890000000000000e+06
7.901109098578781520e+00 4.021261835496755532e-01 3.174138000000000000e+06
7.916812369163124252e+00 4.008523273067023385e-01 3.195926000000000000e+06
7.932546153031187153e+00 3.999966447508956913e-01 3.211386000000000000e+06
7.948275829971742645e+00 3.997875401405392437e-01 3.219314000000000000e+06
7.963974762265003449e+00 3.980922379641692044e-01 3.225494000000000000e+06
7.979672909422356852e+00 3.981167129572233399e-01 3.242562000000000000e+06
7.995382124285669967e+00 3.968192527897588806e-01 3.257450000000000000e+06
8.011096558073175444e+00 3.966337021178189537e-01 3.269118000000000000e+06
8.026799325701325927e+00 3.950936357287285761e-01 3.278930000000000000e+06
8.042482997119602572e+00 3.941026577213880278e-01 3.286650000000000000e+06
8.058198313138401403e+00 3.931680993544613423e-01 3.316610000000000000e+06
8.073929632859263350e+00 3.931010807630913040e-01 3.321542000000000000e+06
8.089631173905692307e+00 3.918173916909863386e-01 3.328578000000000000e+06
8.105328344487277903e+00 3.913604003977191326e-01 3.345074000000000000e+06
8.121039774478980178e+00 3.903814559123011119e-01 3.361686000000000000e+06
8.136750954641513545e+00 3.892673119622330757e-01 3.369722000000000000e+06
8.152451824383751600e+00 3.890819545740542007e-01 3.385290000000000000e+06
8.168148505929304193e+00 3.880663271775123269e-01 3.391370000000000000e+06
8.183868116116777003e+00 3.871548461188338286e-01 3.422966000000000000e+06
8.199591131301563252e+00 3.859502731070688641e-01 3.419538000000000000e+06
8.215300984565764963e+00 3.855884412343218437e-01 3.441890000000000000e+06
8.231010872605484252e+00 3.844278395698783046e-01 3.447582000000000000e+06
8.246721005479363598e+00 3.842666946119462357e-01 3.466298000000000000e+06
8.262408288354077257e+00 3.827939593109906391e-01 3.466194000000000000e+06
8.278098173695775941e+00 3.828363442573471387e-01 3.492062000000000000e+06
8.293810268215034753e+00 3.817219479583022212e-01 3.503114000000000000e+06
8.309519053075314687e+00 3.811812546308854244e-01 3.517146000000000000e+06
8.325241433409063418e+00 3.798862235717562208e-01 3.535706000000000000e+06
8.340952984226902345e+00 3.791438401442817074e-01 3.539742000000000000e+06
8.356659711712842054e+00 3.785344035936738516e-01 3.558698000000000000e+06
8.372371429175492707e+00 3.781874260879600214e-01 3.570122000000000000e+06
8.388083579962753333e+00 3.775504340932964165e-01 3.585174000000000000e+06
8.403790832576294889e+00 3.767993697823840415e-01 3.594314000000000000e+06
8.419496525959527133e+00 3.761653375810918853e-01 3.612258000000000000e+06
8.435201663874629219e+00 3.751406658376336134e-01 3.620282000000000000e+06
8.450905678681708721e+00 3.748941352727256926e-01 3.639078000000000000e+06
8.466617353651699318e+00 3.738826035146352034e-01 3.650450000000000000e+06
8.482317771685245589e+00 3.729534568301133834e-01 3.661418000000000000e+06
8.498018574275240766e+00 3.722853573462066579e-01 3.677694000000000000e+06
8.513736467920875128e+00 3.716458810090320086e-01 3.695978000000000000e+06
8.529447827058733722e+00 3.706477310475017606e-01 3.702810000000000000e+06
8.545145453356283838e+00 3.702765110885908872e-01 3.716162000000000000e+06
8.560863155475518127e+00 3.697242636147647366e-01 3.740094000000000000e+06
8.576575892842692284e+00 3.689958163078188580e-01 3.740954000000000000e+06
8.592276429309924524e+00 3.685901432777816678e-01 3.760946000000000000e+06
8.607993113742812952e+00 3.679686552974661962e-01 3.778278000000000000e+06
8.623706693511682175e+00 3.671285696244202534e-01 3.784922000000000000e+06
8.639416117971885356e+00 3.665006598750258360e-01 3.805266000000000000e+06
8.655118251607849089e+00 3.657401109230120628e-01 3.807686000000000000e+06
8.670819176621002100e+00 3.653944035292306380e-01 3.833130000000000000e+06
8.686531013296711734e+00 3.650598610374351516e-01 3.841898000000000000e+06
8.702242672461403927e+00 3.636919289261947852e-01 3.858074000000000000e+06
8.717947060126663317e+00 3.630961334968909049e-01 3.868974000000000000e+06
8.733653634556446832e+00 3.625123926676587782e-01 3.885362000000000000e+06
8.749361177527063660e+00 3.618391012469570067e-01 3.898290000000000000e+06
8.765057838444775484e+00 3.610657548087775059e-01 3.907334000000000000e+06
8.780760279838380811e+00 3.607659472654012878e-01 3.928730000000000000e+06
8.796461536498792810e+00 3.604233252198687509e-01 3.936666000000000000e+06
8.812176163138749629e+00 3.595141335798488491e-01 3.961346000000000000e+06
8.827908468663524744e+00 3.590331090248087276e-01 3.975774000000000000e+06
8.843605203440207063e+00 3.585315795094640157e-01 3.970106000000000000e+06
8.859298780821674768e+00 3.575603209456506004e-01 4.003170000000000000e+06
8.875033023597818982e+00 3.575529946327432040e-01 4.019558000000000000e+06
8.890757701901966570e+00 3.562617776245379231e-01 4.025642000000000000e+06
8.906442147587496194e+00 3.557756036096684782e-01 4.028514000000000000e+06
8.922138549702236077e+00 3.554305958666778009e-01 4.059398000000000000e+06
8.937858770665876307e+00 3.547504664992822132e-01 4.069674000000000000e+06
8.953569902743538478e+00 3.540436572439979446e-01 4.083698000000000000e+06
8.969276596619630837e+00 3.535112057745512515e-01 4.095210000000000000e+06
8.984978332063514372e+00 3.532082513688055703e-01 4.110518000000000000e+06
9.000686439228440250e+00 3.527554914765499428e-01 4.126850000000000000e+06
9.016395212272197313e+00 3.519862617309571506e-01 4.140114000000000000e+06
9.032081625028110849e+00 3.513231255746162018e-01 4.144070000000000000e+06
9.047784840512392179e+00 3.507125996395423217e-01 4.175802000000000000e+06
9.063510534008996089e+00 3.499803122437546987e-01 4.187882000000000000e+06
9.079229438028200150e+00 3.497957671012680847e-01 4.199250000000000000e+06
9.094931536527573357e+00 3.488779735758171241e-01 4.209326000000000000e+06
9.110624252584134553e+00 3.486141769675495383e-01 4.222130000000000000e+06
9.126345788688972505e+00 3.480753870592709354e-01 4.254258000000000000e+06
9.142067210789587506e+00 3.472131719435115338e-01 4.252478000000000000e+06
9.157769224107168426e+00 3.470991158822281930e-01 4.270698000000000000e+06
9.173460189222041095e+00 3.464814409219746372e-01 4.278122000000000000e+06
9.189172851773026451e+00 3.457848654422912005e-01 4.309898000000000000e+06
9.204899411326563197e+00 3.452247431754745799e-01 4.317150000000000000e+06
9.220610370561862723e+00 3.446309650234265498e-01 4.329698000000000000e+06
9.236312329177842173e+00 3.439180987673774448e-01 4.340826000000000000e+06
9.252011696799515406e+00 3.438072731610082311e-01 4.359590000000000000e+06
9.267725419345696380e+00 3.433381313044769345e-01 4.376850000000000000e+06
9.283431809080884278e+00 3.427870124381250938e-01 4.386674000000000000e+06
9.299131961634870436e+00 3.422560737901150230e-01 4.401782000000000000e+06
9.314836560434526902e+00 3.415878912746848628e-01 4.419210000000000000e+06
9.330566699333866509e+00 3.409530275845039093e-01 4.446482000000000000e+06
9.346274096307771728e+00 3.403252164216690745e-01 4.435554000000000000e+06
9.361966720359685468e+00 3.403594682758796508e-01 4.468934000000000000e+06
9.377681860044402740e+00 3.399848972117070489e-01 4.477650000000000000e+06
9.393384317371491932e+00 3.389954851890957244e-01 4.491218000000000000e+06
9.409088966137430177e+00 3.389400298158150582e-01 4.510358000000000000e+06
9.424791439829672157e+00 3.379795241617193358e-01 4.518594000000000000e+06
9.440499207501432011e+00 3.376206740318021260e-01 4.544474000000000000e+06
9.456214212898441218e+00 3.372830505845875737e-01 4.552098000000000000e+06
9.471927439984570540e+00 3.368022935569258136e-01 4.574990000000000000e+06
9.487631754062700651e+00 3.364093792943736450e-01 4.577210000000000000e+06
9.503344281547928318e+00 3.360101458578277911e-01 4.608186000000000000e+06
9.519057247113778431e+00 3.355000425144429865e-01 4.610198000000000000e+06
9.534757011366917112e+00 3.348933158604920357e-01 4.628898000000000000e+06
9.550453458784650351e+00 3.345576923491274668e-01 4.641170000000000000e+06
9.566158712525282937e+00 3.342965047221832520e-01 4.662462000000000000e+06
9.581880158653657276e+00 3.334306769153606576e-01 4.681442000000000000e+06
9.597589579516229819e+00 3.332200262380409228e-01 4.687850000000000000e+06
9.613296380928980867e+00 3.327398722991629643e-01 4.708818000000000000e+06
9.629006062959270196e+00 3.321829303781355658e-01 4.721534000000000000e+06
9.644707396083033402e+00 3.318909697703459338e-01 4.732770000000000000e+06
9.660406197323647248e+00 3.313846972217044384e-01 4.753346000000000000e+06
9.676122008914001427e+00 3.309139637946517110e-01 4.772886000000000000e+06
9.691840694543541801e+00 3.303215785758201739e-01 4.785098000000000000e+06
9.707543237507161749e+00 3.297291630260203998e-01 4.795394000000000000e+06
9.723244122996092642e+00 3.294010410499739749e-01 4.813986000000000000e+06
9.738952330288141113e+00 3.288781381824562589e-01 4.832654000000000000e+06
9.754669949504904736e+00 3.284547018762468129e-01 4.849362000000000000e+06
9.770377600734033052e+00 3.281857913081924205e-01 4.858322000000000000e+06
9.786069629200518705e+00 3.279427393505534583e-01 4.871286000000000000e+06
9.801770721287397237e+00 3.272385669657177365e-01 4.894370000000000000e+06
9.817489821034564912e+00 3.264352497125939667e-01 4.914650000000000000e+06
9.833199646667972971e+00 3.267268527609032969e-01 4.919658000000000000e+06
9.848902655768293712e+00 3.262653496674584042e-01 4.941638000000000000e+06
9.864627278272442013e+00 3.251848486715744890e-01 4.965954000000000000e+06
9.880352198135229358e+00 3.248352950759990643e-01 4.971770000000000000e+06
9.896056604692210712e+00 3.248171972572769239e-01 4.985702000000000000e+06
9.911750273437519354e+00 3.244701243756897280e-01 4.996314000000000000e+06
9.927450557379374985e+00 3.240734194498669507e-01 5.021258000000000000e+06
9.943165753651260985e+00 3.232276365642744453e-01 5.038470000000000000e+06
9.958875512968258903e+00 3.231744087929849241e-01 5.048570000000000000e+06
9.974579326095815546e+00 3.225520227176127408e-01 5.067786000000000000e+06
9.990292534396033375e+00 3.223836598679648002e-01 5.084402000000000000e+06
1.000600856325589305e+01 3.220345524640504942e-01 5.104238000000000000e+06
1.002170444839863528e+01 3.216226486654945593e-01 5.101890000000000000e+06
1.003739052522703901e+01 3.211576296291674959e-01 5.129594000000000000e+06
1.005309882194248416e+01 3.209305496159901017e-01 5.149086000000000000e+06
1.006881895908520086e+01 3.208697309683383181e-01 5.168834000000000000e+06
1.008452231173344416e+01 3.197645305594835063e-01 5.172306000000000000e+06
1.010022729382937889e+01 3.196594660966322610e-01 5.199218000000000000e+06
1.011594565713278016e+01 3.190318919053654056e-01 5.215430000000000000e+06
1.013166058960754867e+01 3.185984122212264791e-01 5.229066000000000000e+06
1.014737047935454051e+01 3.183350795972184621e-01 5.244530000000000000e+06
1.016308234466913696e+01 3.179373136710578196e-01 5.262870000000000000e+06
1.017878958276594581e+01 3.177954332258207670e-01 5.272562000000000000e+06
1.019448555450210314e+01 3.174392752270374096e-01 5.290098000000000000e+06
1.021019673146567186e+01 3.168224882478749005e-01 5.314358000000000000e+06
1.022590751621006078e+01 3.161945486535572836e-01 5.322098000000000000e+06
1.024160880192673417e+01 3.159500627782002580e-01 5.341026000000000000e+06
1.025732775208617475e+01 3.153557211686986994e-01 5.366858000000000000e+06
1.027304584666867804e+01 3.151104667627514511e-01 5.374422000000000000e+06
1.028873472736696293e+01 3.147925100367627294e-01 5.377730000000000000e+06
1.030442576009853184e+01 3.145257523463741989e-01 5.409410000000000000e+06
1.032014867554843818e+01 3.140313495695815083e-01 5.434014000000000000e+06
1.033586943357362209e+01 3.137011200095902175e-01 5.438882000000000000e+06
1.035157161316932140e+01 3.134440216209954944e-01 5.456178000000000000e+06
1.036727210965784174e+01 3.131658372403341994e-01 5.469242000000000000e+06
1.038298135070349915e+01 3.127031185693902593e-01 5.496174000000000000e+06
1.039869418006627910e+01 3.124339073622339757e-01 5.505530000000000000e+06
1.041439794625569881e+01 3.120147342915546296e-01 5.521202000000000000e+06
1.043010482665170713e+01 3.114200732450885800e-01 5.544126000000000000e+06
1.044582478281855487e+01 3.113253146612672828e-01 5.560106000000000000e+06
1.046154309703894825e+01 3.109907488753088645e-01 5.579754000000000000e+06
1.047723959228104285e+01 3.103662035733564251e-01 5.576270000000000000e+06
1.049292720351744279e+01 3.099820487742588337e-01 5.607138000000000000e+06
1.050863523850499526e+01 3.095823023751356762e-01 5.625026000000000000e+06
1.052435348202229015e+01 3.096485105100361679e-01 5.646698000000000000e+06
1.054005549761004978e+01 3.092625522957002659e-01 5.649126000000000000e+06
1.055575482461481052e+01 3.087446493696571204e-01 5.676434000000000000e+06
1.057145826219870344e+01 3.082439825945622602e-01 5.687418000000000000e+06
1.058717117850224376e+01 3.083296957747168610e-01 5.715830000000000000e+06
1.060289400134469062e+01 3.077318469736665119e-01 5.729210000000000000e+06
1.061860918710306834e+01 3.072106967307141612e-01 5.744802000000000000e+06
1.063431091651675153e+01 3.065224131690493792e-01 5.752154000000000000e+06
1.065002180958671651e+01 3.066198576243324703e-01 5.786382000000000000e+06
1.066572980082734468e+01 3.061927162626946197e-01 5.784146000000000000e+06
1.068142742642893950e+01 3.060534568470922867e-01 5.812146000000000000e+06
1.069714023788434787e+01 3.055364118277250074e-01 5.830166000000000000e+06
1.071285364357418146e+01 3.048000290804587786e-01 5.845850000000000000e+06
1.072856242199254062e+01 3.049427972888197336e-01 5.862834000000000000e+06
1.074426756718287557e+01 3.045002174924515970e-01 5.876066000000000000e+06
1.075998381704133955e+01 3.040127642843862832e-01 5.905854000000000000e+06
1.077568840897438562e+01 3.040163418370614434e-01 5.902274000000000000e+06
1.079138304940738280e+01 3.035187686996586587e-01 5.931258000000000000e+06
1.080709884248571484e+01 3.032277808135260821e-01 5.954966000000000000e+06
1.082281622961874490e+01 3.027995358525724656e-01 5.965346000000000000e+06
1.083851693336031374e+01 3.025181387255349574e-01 5.977818000000000000e+06
1.085422396324159422e+01 3.021918556375170484e-01 6.004718000000000000e+06
1.086993137901790796e+01 3.017937628686432894e-01 6.011706000000000000e+06
1.088564351758435222e+01 3.012758920699927234e-01 6.045770000000000000e+06
1.090135356744657535e+01 3.012102492623625616e-01 6.041586000000000000e+06
1.091705034221926418e+01 3.010123344232645826e-01 6.073166000000000000e+06
1.093275207829069018e+01 3.005053535455559643e-01 6.078962000000000000e+06
1.094846122315083825e+01 2.999818416233008267e-01 6.114258000000000000e+06
1.096418118107341577e+01 2.998058495340421570e-01 6.123086000000000000e+06
1.097988849072496542e+01 2.993335663549391290e-01 6.136770000000000000e+06
1.099558679320981724e+01 2.991810546657312497e-01 6.154898000000000000e+06
1.101129673485095672e+01 2.988872901833907747e-01 6.178610000000000000e+06
1.102701485690355909e+01 2.983065899513744901e-01 6.197982000000000000e+06
1.104272390432796591e+01 2.980395296166741814e-01 6.205322000000000000e+06
1.105841361686979951e+01 2.979688768823818279e-01 6.218850000000000000e+06
1.107411347758379350e+01 2.974711586865085300e-01 6.249542000000000000e+06
1.108984077014840963e+01 2.970291494651224329e-01 6.274146000000000000e+06
1.110554794633057796e+01 2.966351617688759434e-01 6.270242000000000000e+06
1.112124931961106533e+01 2.964316918579552040e-01 6.305222000000000000e+06
1.113697510740422381e+01 2.962627149674957883e-01 6.325026000000000000e+06
1.115268911253386719e+01 2.960268027622576237e-01 6.331922000000000000e+06
1.116838422783226115e+01 2.957916265875203954e-01 6.343698000000000000e+06
1.118408594539889478e+01 2.949309648482437707e-01 6.375158000000000000e+06
1.119980416311440052e+01 2.948545472294419878e-01 6.392178000000000000e+06
1.121552521724412621e+01 2.944881086747090926e-01 6.412826000000000000e+06
1.123121923820420243e+01 2.944583513732781377e-01 6.407078000000000000e+06
1.124691480473033778e+01 2.936248653448830237e-01 6.447954000000000000e+06
1.126262248805396560e+01 2.938075799261031795e-01 6.456026000000000000e+06
1.127833175656502007e+01 2.933810205253474246e-01 6.482034000000000000e+06
1.129403915665967872e+01 2.931115061764598129e-01 6.492878000000000000e+06
1.130972772992016750e+01 2.927687188733933410e-01 6.502074000000000000e+06
1.132543464171678238e+01 2.926166870194240044e-01 6.542930000000000000e+06
1.134116092480786619e+01 2.923547966491159000e-01 6.556598000000000000e+06
1.135687931575279030e+01 2.916150901096291603e-01 6.570330000000000000e+06
1.137258152843119419e+01 2.914589816408133527e-01 6.581882000000000000e+06
1.138829329520135047e+01 2.911833619002423545e-01 6.612546000000000000e+06
1.140401544384409860e+01 2.908442358004423856e-01 6.628622000000000000e+06
1.141971418729731447e+01 2.905662314099800581e-01 6.629498000000000000e+06
1.143540805815246841e+01 2.904560010511694212e-01 6.659250000000000000e+06
1.145112342906401892e+01 2.896121765370835988e-01 6.686006000000000000e+06
1.146683855971028443e+01 2.892310121656114785e-01 6.693786000000000000e+06
1.148253750634374093e+01 2.893290994902223412e-01 6.711554000000000000e+06
1.149824439280081201e+01 2.888514897832111239e-01 6.735678000000000000e+06
1.151395944216632472e+01 2.886762974639787149e-01 6.754754000000000000e+06
1.152967750311644046e+01 2.882375966012303836e-01 6.776570000000000000e+06
1.154536786069484400e+01 2.879949800469722709e-01 6.767394000000000000e+06
1.156106414707133290e+01 2.876259891473554875e-01 6.818246000000000000e+06
1.157679140551482533e+01 2.871566424548961383e-01 6.830562000000000000e+06
1.159249865891797526e+01 2.868752217003602834e-01 6.839186000000000000e+06
1.160819828013273636e+01 2.866873160559658684e-01 6.861462000000000000e+06
1.162390472506793770e+01 2.867261126325033049e-01 6.880394000000000000e+06
1.163962004466343636e+01 2.863005340241702168e-01 6.907178000000000000e+06
1.165533434666404133e+01 2.859134420909308916e-01 6.917034000000000000e+06
1.167104051015950716e+01 2.852066804037051706e-01 6.937934000000000000e+06
1.168673926950135034e+01 2.852037676778581554e-01 6.947250000000000000e+06
1.170244721913763897e+01 2.851522699598086907e-01 6.982106000000000000e+06
1.171816433671575730e+01 2.848249457739720492e-01 6.995718000000000000e+06
1.173387031746687015e+01 2.841162193460470831e-01 7.006682000000000000e+06
1.174957622851401240e+01 2.840730444553662970e-01 7.035866000000000000e+06
1.176529536104995444e+01 2.838227643175396664e-01 7.054110000000000000e+06
1.178099828544282701e+01 2.834488788663408476e-01 7.059194000000000000e+06
1.179669856151566165e+01 2.833715253189527661e-01 7.091802000000000000e+06
1.181240716294206905e+01 2.829339353519796374e-01 7.100666000000000000e+06
1.182811135021641213e+01 2.822283446508450644e-01 7.129070000000000000e+06
1.184382402706377313e+01 2.820296048791018362e-01 7.143282000000000000e+06
1.185952830171168593e+01 2.822049088442866727e-01 7.161482000000000000e+06
1.187523683486437243e+01 2.815076919072684314e-01 7.184694000000000000e+06
1.189095187450934432e+01 2.814244277485822288e-01 7.203914000000000000e+06
1.190666038869163401e+01 2.808703034705098966e-01 7.219746000000000000e+06
1.192235843864241396e+01 2.808114057234049610e-01 7.228634000000000000e+06
1.193806809039961259e+01 2.806445175254640989e-01 7.271990000000000000e+06
1.195377948291443992e+01 2.801604278700376982e-01 7.266786000000000000e+06
1.196947381174999947e+01 2.799464431388948293e-01 7.293650000000000000e+06
1.198518648559551458e+01 2.795167888525612598e-01 7.324086000000000000e+06
1.200090807358362710e+01 2.793888521730836239e-01 7.338650000000000000e+06
1.201661637889760037e+01 2.789322088443874081e-01 7.351962000000000000e+06
1.203230565217210035e+01 2.787076825527137758e-01 7.357190000000000000e+06
1.204801118703936780e+01 2.784223340888425935e-01 7.406042000000000000e+06
1.206372840719771133e+01 2.781715529978163182e-01 7.408626000000000000e+06
1.207943832024087349e+01 2.777969628584608386e-01 7.435610000000000000e+06
1.209515324384951640e+01 2.773775877294311631e-01 7.453542000000000000e+06
1.211085873951972935e+01 2.774452967724285180e-01 7.464002000000000000e+06
1.212656505101618798e+01 2.770307942327971396e-01 7.493546000000000000e+06
1.214227798456889929e+01 2.767991045168787245e-01 7.510806000000000000e+06
1.215799402266435081e+01 2.764214999932289585e-01 7.532114000000000000e+06
1.217369248650853386e+01 2.760772821013784961e-01 7.536234000000000000e+06
1.218938816956664795e+01 2.760661283342986105e-01 7.565834000000000000e+06
1.220511056850387632e+01 2.753912173805763697e-01 7.603062000000000000e+06
1.222082302231588535e+01 2.749679018263367358e-01 7.593890000000000000e+06
1.223651649645578665e+01 2.749115953941974055e-01 7.622906000000000000e+06
1.225222107367874180e+01 2.745628396434399709e-01 7.646622000000000000e+06
1.226793902491068877e+01 2.745047352353175985e-01 7.672058000000000000e+06
1.228364718069601835e+01 2.738914225247827128e-01 7.679346000000000000e+06
1.229933962477952214e+01 2.736941863690615651e-01 7.693058000000000000e+06
1.231504373451924117e+01 2.735657044255950798e-01 7.732158000000000000e+06
1.233076331536994985e+01 2.730694948548863521e-01 7.746962000000000000e+06
1.234648244688633945e+01 2.728140611757632894e-01 7.770986000000000000e+06
1.236218576653318735e+01 2.725044884943491619e-01 7.772094000000000000e+06
1.237788516389707461e+01 2.723508864507091509e-01 7.803818000000000000e+06
1.239360390984925964e+01 2.718522930718587638e-01 7.834338000000000000e+06
1.240931454438657155e+01 2.718579064070536511e-01 7.833710000000000000e+06
1.242501025862532238e+01 2.716014696402526685e-01 7.858794000000000000e+06
1.244071609171995973e+01 2.712926274908710744e-01 7.884290000000000000e+06
1.245642554635569788e+01 2.709451103217835888e-01 7.901522000000000000e+06
1.247213990979998322e+01 2.703716284970914541e-01 7.930662000000000000e+06
1.248784889213827753e+01 2.703376400510887345e-01 7.934426000000000000e+06
1.250355459696362281e+01 2.702126260241521361e-01 7.967322000000000000e+06
1.251926642764211373e+01 2.700326449705046095e-01 7.981934000000000000e+06
1.253497567568721927e+01 2.695068098312667360e-01 8.003282000000000000e+06
1.255068061703326165e+01 2.690750462675128851e-01 8.019666000000000000e+06
1.256637936912699516e+01 2.690273623115964075e-01 8.034482000000000000e+06
1.258208508998344399e+01 2.688777910556827133e-01 8.068542000000000000e+06
1.259780313698870202e+01 2.684505006620682699e-01 8.088290000000000000e+06
1.261351163942811127e+01 2.682642501125819812e-01 8.096322000000000000e+06
1.262921162496122385e+01 2.683041646773723921e-01 8.122646000000000000e+06
1.264492727534496019e+01 2.677635029001962930e-01 8.150138000000000000e+06
1.266064123044320411e+01 2.673021957982796293e-01 8.165322000000000000e+06
1.267635049109034462e+01 2.672971549050457973e-01 8.182574000000000000e+06
1.269205751319950970e+01 2.668891516971980127e-01 8.203698000000000000e+06
1.270776623809462613e+01 2.665518929698305062e-01 8.226914000000000000e+06
1.272347983526652904e+01 2.664448196158119564e-01 8.246898000000000000e+06
1.273918476699724422e+01 2.659759272040121414e-01 8.261774000000000000e+06
1.275488532096565741e+01 2.659201253806725007e-01 8.279426000000000000e+06
1.277058911046302292e+01 2.654864069347849242e-01 8.308722000000000000e+06
1.278629950396799053e+01 2.655223010122007565e-01 8.326214000000000000e+06
1.280200365974331511e+01 2.650511550122610083e-01 8.342682000000000000e+06
1.281770065856501084e+01 2.647273286373105772e-01 8.360834000000000000e+06
1.283340848437807935e+01 2.647457604501535222e-01 8.393226000000000000e+06
1.284913125601308792e+01 2.640557769160882251e-01 8.420150000000000000e+06
1.286484437274510917e+01 2.637307874888417114e-01 8.421986000000000000e+06
1.288054190366636220e+01 2.636280662594068236e-01 8.445714000000000000e+06
1.289624751817243542e+01 2.631964074739837622e-01 8.472590000000000000e+06
1.291196350413541616e+01 2.629948430733446973e-01 8.495370000000000000e+06
1.292767561271233312e+01 2.629198353256659848e-01 8.512802000000000000e+06
1.294337627341686670e+01 2.623647382642148584e-01 8.523290000000000000e+06
1.295909254465509619e+01 2.621788261835108491e-01 8.570982000000000000e+06
1.297481202941889933e+01 2.618891870625963403e-01 8.568458000000000000e+06
1.299050877709477980e+01 2.616409215957425372e-01 8.586498000000000000e+06
1.300620190024628187e+01 2.614579342763796999e-01 8.608838000000000000e+06
1.302191363383399469e+01 2.610403141016076067e-01 8.645610000000000000e+06
1.303763169598336091e+01 2.608101844847295903e-01 8.658386000000000000e+06
1.305333181807477239e+01 2.607286956898912655e-01 8.668598000000000000e+06
1.306903073371036683e+01 2.604549897866333952e-01 8.697426000000000000e+06
1.308473895878913140e+01 2.597492858176301822e-01 8.722562000000000000e+06
1.310044895130510945e+01 2.599524065222531544e-01 8.737962000000000000e+06
1.311616215419301668e+01 2.595091517102353085e-01 8.771366000000000000e+06
1.313186858979111094e+01 2.591925559314149918e-01 8.771010000000000000e+06
1.314758318782488900e+01 2.592394910444949518e-01 8.822618000000000000e+06
1.316329275779432884e+01 2.584883146909883189e-01 8.807726000000000000e+06
1.317898595262972350e+01 2.586697073858927332e-01 8.844618000000000000e+06
1.319469240226760220e+01 2.581598848176772099e-01 8.868722000000000000e+06
1.321040689247021405e+01 2.579273002636032208e-01 8.891394000000000000e+06
1.322611949941154208e+01 2.578063583056158237e-01 8.911934000000000000e+06
1.324182463394985909e+01 2.576977226870020843e-01 8.923938000000000000e+06
1.325752875752444560e+01 2.573352783804472854e-01 8.953682000000000000e+06
1.327324685934994797e+01 2.568500871635452931e-01 8.981966000000000000e+06
1.328896030804089534e+01 2.567230843600347701e-01 8.990442000000000000e+06
1.330465770248929935e+01 2.565234593645515093e-01 9.007874000000000000e+06
1.332036222917837698e+01 2.561911562607382398e-01 9.038982000000000000e+06
1.333608106842605068e+01 2.561719488298596081e-01 9.068570000000000000e+06
1.335180331535189246e+01 2.557412013978701548e-01 9.085250000000000000e+06
1.336750361723562541e+01 2.550568869163394869e-01 9.084690000000000000e+06
1.338320275923961589e+01 2.552079967101393287e-01 9.128654000000000000e+06
1.339890831652831338e+01 2.548829431621222330e-01 9.133170000000000000e+06
1.341462514739588485e+01 2.544997040022939361e-01 9.185882000000000000e+06
1.343033068227095939e+01 2.543350866406191568e-01 9.163254000000000000e+06
1.344603079414738112e+01 2.540636628767707350e-01 9.220130000000000000e+06
1.346175097817287813e+01 2.539002178890860661e-01 9.233138000000000000e+06
1.347746169624149459e+01 2.535854843428390626e-01 9.249378000000000000e+06
1.349316675243398933e+01 2.531173859818476868e-01 9.271550000000000000e+06
1.350886780744113125e+01 2.530874627110616948e-01 9.286266000000000000e+06
1.352457420959309786e+01 2.529740862388719091e-01 9.320762000000000000e+06
1.354027528269936731e+01 2.524168737598799783e-01 9.326718000000000000e+06
1.355597266711250448e+01 2.524529637925803649e-01 9.354602000000000000e+06
1.357167854077304803e+01 2.520178232976936772e-01 9.384122000000000000e+06
1.358738838662311110e+01 2.519347678129695844e-01 9.400482000000000000e+06
1.360310113866151482e+01 2.515806288760365494e-01 9.432638000000000000e+06
1.361881507393887070e+01 2.512816672902563053e-01 9.445314000000000000e+06
1.363453202384387275e+01 2.511389595548938480e-01 9.477290000000000000e+06
1.365024566205330991e+01 2.508362417329544347e-01 9.489182000000000000e+06
1.366595033684499860e+01 2.508682292268215597e-01 9.506706000000000000e+06
1.368165392332742947e+01 2.503497228544055986e-01 9.533978000000000000e+06
1.369736167268202998e+01 2.500051289233385376e-01 9.553662000000000000e+06
1.371307055606699343e+01 2.498192495521167622e-01 9.579506000000000000e+06
1.372878654632152795e+01 2.497441159150221301e-01 9.607866000000000000e+06
1.374449164540093271e+01 2.494640341103168957e-01 9.608354000000000000e+06
1.376018948147827103e+01 2.490614237325254055e-01 9.643862000000000000e+06
1.377590285876657106e+01 2.488431663546894490e-01 9.670578000000000000e+06
1.379161550194992891e+01 2.487573661550657456e-01 9.687890000000000000e+06
1.380731081996385612e+01 2.482549533729194735e-01 9.693294000000000000e+06
1.382300999567189415e+01 2.479505772062833568e-01 9.736034000000000000e+06
1.383872564254849102e+01 2.481385028670104465e-01 9.758946000000000000e+06
1.385444081006387584e+01 2.477474932493055892e-01 9.778994000000000000e+06
1.387015071998694360e+01 2.476534463142813780e-01 9.796814000000000000e+06
1.388585452423644107e+01 2.471879054877098580e-01 9.816882000000000000e+06
1.390156760444444295e+01 2.468485400863345836e-01 9.850514000000000000e+06
1.391727461050539816e+01 2.466852379784136851e-01 9.856062000000000000e+06
1.393297592547683017e+01 2.466486815730132842e-01 9.886706000000000000e+06
1.394868876145243419e+01 2.462186853141437037e-01 9.916194000000000000e+06
1.396439742877755918e+01 2.460487076182682198e-01 9.924854000000000000e+06
1.398010702101767677e+01 2.458584508943943148e-01 9.961490000000000000e+06
1.399582173626056658e+01 2.455110672327298627e-01 9.979098000000000000e+06
1.401152670862070160e+01 2.451713247675287310e-01 9.990266000000000000e+06
1.402722014478893797e+01 2.451663427682359564e-01 1.001239800000000000e+07
1.404291897715275006e+01 2.448356967921920813e-01 1.003881800000000000e+07
1.405862735443806244e+01 2.444430307457783058e-01 1.007208200000000000e+07
1.407433479531513143e+01 2.444958775800457618e-01 1.008267000000000000e+07
1.409004917104677368e+01 2.440792095326134170e-01 1.012322600000000000e+07
1.410576653922355916e+01 2.440030591522268644e-01 1.013483400000000000e+07
1.412147260933269344e+01 2.436741549236808302e-01 1.015145000000000000e+07
1.413717993358438640e+01 2.434411109533491102e-01 1.018411800000000000e+07
1.415289157905369954e+01 2.433142136961374824e-01 1.019981000000000000e+07
1.416860366393267157e+01 2.429426172189397271e-01 1.023038600000000000e+07
1.418430896436029265e+01 2.426986412047116293e-01 1.023833400000000000e+07
1.420001284291687682e+01 2.426668635851456091e-01 1.027159400000000000e+07
1.421572657614547808e+01 2.423778584244686840e-01 1.029841800000000000e+07
1.423143337578410517e+01 2.421092492791662165e-01 1.030681400000000000e+07
1.424713778177505397e+01 2.417081314487744548e-01 1.034130600000000000e+07
1.426285025225489456e+01 2.417823218765662863e-01 1.036284200000000000e+07
1.427856427368283398e+01 2.414363103693831225e-01 1.038883400000000000e+07
1.429426790244143852e+01 2.411973348416594221e-01 1.039563000000000000e+07
1.430996575509801971e+01 2.411655825476372028e-01 1.042536200000000000e+07
1.432567210679634506e+01 2.405572113376787391e-01 1.045427400000000000e+07
1.434138366999696146e+01 2.404772666237461887e-01 1.047829400000000000e+07
1.435709809438420237e+01 2.402951089040011867e-01 1.050181800000000000e+07
1.437280392282341523e+01 2.401324655414600884e-01 1.051481000000000000e+07
1.438851160269255303e+01 2.396569926822299523e-01 1.054884200000000000e+07
1.440422192675342039e+01 2.394997493011378764e-01 1.056646200000000000e+07
1.441992714275331444e+01 2.393814095086244098e-01 1.058681000000000000e+07
1.443563532454286502e+01 2.392278383872412373e-01 1.061495400000000000e+07
1.445133980253338457e+01 2.387695989503956784e-01 1.063105400000000000e+07
1.446704700330820970e+01 2.385062052854705072e-01 1.066236200000000000e+07
1.448275628028434348e+01 2.384104514368801941e-01 1.068335400000000000e+07
1.449846208348667354e+01 2.382980874072298805e-01 1.069929800000000000e+07
1.451417198299666467e+01 2.380025267297538882e-01 1.073878200000000000e+07
1.452988075651297706e+01 2.378885374642062678e-01 1.074420200000000000e+07
1.454558861043286200e+01 2.376345344070302512e-01 1.078218600000000000e+07
1.456129125218806841e+01 2.374199186163405695e-01 1.078496600000000000e+07
1.457699892464232683e+01 2.372249130463918165e-01 1.083393800000000000e+07
1.459271566640466311e+01 2.370889594140487555e-01 1.084813800000000000e+07
1.460843060267550619e+01 2.368558188579743262e-01 1.087376600000000000e+07
1.462413856613178353e+01 2.366199916046429763e-01 1.088697000000000000e+07
1.463984038393505038e+01 2.363917489779097936e-01 1.091244200000000000e+07
1.465554487563843367e+01 2.362311275304483926e-01 1.093669800000000000e+07
1.467125359738870749e+01 2.358779413945214509e-01 1.096614200000000000e+07
1.468695215062295389e+01 2.357358580461248743e-01 1.096874600000000000e+07
1.470265208970906734e+01 2.356367256846865488e-01 1.101460200000000000e+07
1.471836994524712061e+01 2.353788097085025843e-01 1.104277400000000000e+07
1.473408908505314230e+01 2.349313256081422829e-01 1.106147400000000000e+07
1.474979494899728394e+01 2.347341825883160482e-01 1.107245000000000000e+07
1.476549319820674455e+01 2.345022115141477959e-01 1.109692200000000000e+07
1.478120959716355998e+01 2.344810840615273451e-01 1.114652600000000000e+07
1.479692708607952589e+01 2.341839184639824822e-01 1.114560200000000000e+07
1.481262773648680664e+01 2.339968950011111770e-01 1.116844200000000000e+07
1.482831807978547367e+01 2.337025893549159739e-01 1.118108600000000000e+07
1.484403479212634736e+01 2.335715442527959984e-01 1.125011400000000000e+07
1.485975910022496826e+01 2.334165858247556069e-01 1.124210600000000000e+07
1.487546116254211981e+01 2.332524828577581533e-01 1.126544600000000000e+07
1.489116101759013233e+01 2.329708546106549205e-01 1.128549000000000000e+07
1.490687605691364404e+01 2.329185486632670832e-01 1.133592200000000000e+07
1.492259047301397423e+01 2.325064231390107650e-01 1.133013000000000000e+07
1.493828361520856873e+01 2.324568756400085534e-01 1.135727000000000000e+07
1.495398746968900205e+01 2.322411089973938358e-01 1.138909800000000000e+07
1.496970470176504620e+01 2.320304600424166752e-01 1.142664200000000000e+07
1.498541811108218447e+01 2.319145065704354691e-01 1.143135800000000000e+07
1.500112369815582269e+01 2.314983435258793631e-01 1.146229800000000000e+07
1.501682771044461795e+01 2.314581623356745388e-01 1.147920200000000000e+07
1.503253401606537842e+01 2.311133755688439817e-01 1.150974600000000000e+07
1.504823456875438481e+01 2.310807231619512181e-01 1.152306200000000000e+07
1.506393551489705551e+01 2.307248656782803220e-01 1.155621000000000000e+07
1.507964770104679175e+01 2.305460377992182008e-01 1.158828200000000000e+07
1.509535661435938536e+01 2.304194886637057627e-01 1.159964600000000000e+07
1.511107216380126061e+01 2.302663080319106159e-01 1.164527400000000000e+07
1.512678669010588095e+01 2.299475300656569354e-01 1.164933800000000000e+07
1.514248358802091232e+01 2.298081692281764010e-01 1.166538600000000000e+07
1.515819551110980434e+01 2.294052299773211567e-01 1.171928600000000000e+07
1.517391026295977774e+01 2.294555385505588352e-01 1.172073800000000000e+07
1.518961803510608810e+01 2.292793095134917636e-01 1.175507400000000000e+07
1.520532275548752743e+01 2.291098383417043416e-01 1.176716600000000000e+07
1.522103567250607448e+01 2.290332899755920248e-01 1.181334600000000000e+07
1.523675395281714806e+01 2.286484235272230603e-01 1.182545000000000000e+07
1.525244943101724004e+01 2.285752823571323422e-01 1.182881400000000000e+07
1.526815365307287742e+01 2.282523216534457222e-01 1.188441800000000000e+07
1.528387066072771638e+01 2.282644929429972491e-01 1.190037800000000000e+07
1.529957321464638476e+01 2.279304496253863610e-01 1.190800200000000000e+07
1.531526583627620397e+01 2.278939549167453282e-01 1.193747000000000000e+07
1.533097536464771871e+01 2.276236326035488700e-01 1.198134600000000000e+07
1.534669338573561426e+01 2.274391543899169921e-01 1.199815400000000000e+07
1.536240004252223734e+01 2.272356151459936080e-01 1.201579800000000000e+07
1.537810801182491893e+01 2.272721499684640933e-01 1.204658600000000000e+07
1.539381960142510408e+01 2.268931891111787280e-01 1.207322600000000000e+07
1.540952845721061593e+01 2.267070988810831467e-01 1.208937000000000000e+07
1.542523709037442003e+01 2.265601350483047172e-01 1.212366200000000000e+07
1.544094016867252428e+01 2.265178434066137947e-01 1.212901800000000000e+07
1.545664017249611355e+01 2.262343103592512339e-01 1.216869800000000000e+07
1.547234727593419557e+01 2.259767805451038947e-01 1.219107000000000000e+07
1.548806833453869558e+01 2.257035871504230184e-01 1.223729000000000000e+07
1.550378623459487315e+01 2.256751905669113489e-01 1.223743400000000000e+07
1.551949330626827894e+01 2.254781395712759373e-01 1.226943000000000000e+07
1.553520078467428966e+01 2.253699327670175001e-01 1.228831400000000000e+07
1.555090402017178697e+01 2.251487936421145697e-01 1.231201800000000000e+07
1.556660515225103758e+01 2.250836929827619570e-01 1.233377000000000000e+07
1.558230564648683369e+01 2.248177050008841327e-01 1.236265400000000000e+07
1.559802032509431058e+01 2.245447745565155306e-01 1.240528200000000000e+07
1.561373656517381825e+01 2.245664705197214506e-01 1.241484200000000000e+07
1.562943874868456007e+01 2.243991085858451640e-01 1.243327800000000000e+07
1.564514468723513119e+01 2.240720354607688147e-01 1.246944200000000000e+07
1.566085762263859849e+01 2.238442044102050277e-01 1.249710600000000000e+07
1.567656801168175562e+01 2.237920114593744125e-01 1.251307400000000000e+07
1.569226784315055134e+01 2.234872647424150094e-01 1.253190200000000000e+07
1.570797061764651303e+01 2.234113627882291786e-01 1.256769000000000000e+07
1.572368763200833186e+01 2.232563904895671081e-01 1.260333800000000000e+07
1.573939902922757739e+01 2.230723754722016561e-01 1.261272600000000000e+07
1.575510155432147918e+01 2.228949650338802047e-01 1.263480200000000000e+07
1.577080131559525533e+01 2.226727372375467140e-01 1.266273000000000000e+07
1.578651124257762106e+01 2.225243218291458047e-01 1.269908600000000000e+07
1.580221945868158429e+01 2.223139248500952680e-01 1.271107400000000000e+07
1.581792010585497543e+01 2.222952519872286037e-01 1.273909800000000000e+07
1.583362809238100866e+01 2.219404220528775895e-01 1.276949000000000000e+07
1.584933934958661794e+01 2.220328295553500586e-01 1.279968600000000000e+07
1.586505742005159547e+01 2.217081743594364607e-01 1.282862600000000000e+07
1.588076352344777042e+01 2.216147356530464019e-01 1.283279400000000000e+07
1.589646872608305905e+01 2.214564961538347809e-01 1.287594200000000000e+07
1.591218765353894682e+01 2.211007728465307631e-01 1.290631400000000000e+07
1.592789674253093146e+01 2.212732908432213375e-01 1.291312200000000000e+07
1.594359563934946422e+01 2.210753465200668011e-01 1.293734600000000000e+07
1.595929854003116333e+01 2.208972006819505673e-01 1.297337400000000000e+07
1.597501474699522639e+01 2.205628654914565112e-01 1.300817000000000000e+07
1.599073061961361475e+01 2.206706723036801765e-01 1.302581000000000000e+07
1.600643059467362406e+01 2.204457482550855052e-01 1.303359000000000000e+07
1.602213644221637878e+01 2.202965094425138604e-01 1.308369800000000000e+07
1.603784671360493164e+01 2.201291308105733924e-01 1.309470600000000000e+07
1.605354767035452213e+01 2.200499702645064004e-01 1.311900200000000000e+07
1.606924881116611203e+01 2.196205812152117465e-01 1.314631800000000000e+07
