# k_mean_over_bin [h Mpc^-1] P_bin [h^-3 Mpc^3] N_modes
2.004559772710005558e-02 1.050143229166666606e+04 1.800000000000000000e+01
3.504137442477287673e-02 2.517155241935483718e+04 6.200000000000000000e+01
4.923125820196404961e-02 1.247028571428571377e+04 9.800000000000000000e+01
6.378344006481624640e-02 1.099609047619047669e+04 2.100000000000000000e+02
8.007265176091875325e-02 8.270620714285714712e+03 3.500000000000000000e+02
9.616302738587061139e-02 6.245281111111111386e+03 4.500000000000000000e+02
1.110826890383447979e-01 5.133835963455149795e+03 6.020000000000000000e+02
1.260576397180557251e-01 4.376076115485564515e+03 7.620000000000000000e+02
1.422731428555557009e-01 3.514737302977232957e+03 1.142000000000000000e+03
1.585460595607757484e-01 3.190939200000000255e+03 1.250000000000000000e+03
1.737497011902237598e-01 2.875308984910836443e+03 1.458000000000000000e+03
1.889532144205047226e-01 2.440006063947078474e+03 1.814000000000000000e+03
2.049067109494826788e-01 2.301441689623507955e+03 2.178000000000000000e+03
2.207556613284745450e-01 2.064345476381104618e+03 2.498000000000000000e+03
2.358802738624342921e-01 1.874487414187643026e+03 2.622000000000000000e+03
2.513999951464319649e-01 1.762193678849610478e+03 3.338000000000000000e+03
2.675345382307371400e-01 1.585924368619022061e+03 3.722000000000000000e+03
2.835681791499936044e-01 1.499562589928057605e+03 4.170000000000000000e+03
2.990221799979137507e-01 1.410169917393299784e+03 4.358000000000000000e+03
3.144508804126917023e-01 1.311896404449741794e+03 5.034000000000000000e+03
3.303723395141972552e-01 1.236831904095204663e+03 5.714000000000000000e+03
3.461405835555014798e-01 1.168164242728184490e+03 5.982000000000000000e+03
3.616240832326051979e-01 1.109120115116631268e+03 6.602000000000000000e+03
3.771335216675366642e-01 1.065453576437587799e+03 7.130000000000000000e+03
3.929320011962133541e-01 1.005995892457057494e+03 8.034000000000000000e+03
4.088541926781908975e-01 9.588290727399488560e+02 8.606000000000000000e+03
4.245637628236880179e-01 9.286795720273548795e+02 9.066000000000000000e+03
4.402531073637167558e-01 8.976515759887572585e+02 9.962000000000000000e+03
4.559993315308014661e-01 8.318846445497630384e+02 1.055000000000000000e+04
4.716264483403250773e-01 8.249110992339212771e+02 1.122600000000000000e+04
4.872700578197112775e-01 7.703638234809814094e+02 1.214600000000000000e+04
5.028559864371159316e-01 7.614222592416310817e+02 1.260600000000000000e+04
5.184881697096974662e-01 7.339408056803362115e+02 1.380200000000000000e+04
5.343469721895739433e-01 7.068006642266503832e+02 1.475400000000000000e+04
5.500823565575736485e-01 6.671518362511517353e+02 1.519400000000000000e+04
5.657322269403529669e-01 6.471728455086908980e+02 1.645400000000000000e+04
5.814958906429442687e-01 6.505111927247288577e+02 1.715400000000000000e+04
5.972223875100493018e-01 6.157082010292346013e+02 1.826600000000000000e+04
6.128042965698242694e-01 6.120658666666666932e+02 1.875000000000000000e+04
6.284339241893368566e-01 5.960106751013146322e+02 2.023400000000000000e+04
6.442671741027654608e-01 5.751884848484849044e+02 2.145000000000000000e+04
6.600506477327297006e-01 5.711294964028777486e+02 2.196200000000000000e+04
6.757240646605540135e-01 5.532815190520842634e+02 2.346200000000000000e+04
6.914033637984144942e-01 5.389300806921221465e+02 2.404200000000000000e+04
7.071742118944099875e-01 5.208852616973714476e+02 2.594600000000000000e+04
7.228711511166978632e-01 5.033886591622635933e+02 2.611800000000000000e+04
7.383803448867409802e-01 4.892632516541845007e+02 2.750600000000000000e+04
7.540183656477988938e-01 4.847546273997110120e+02 2.906600000000000000e+04
7.698451130026079392e-01 4.662491954022988239e+02 3.045000000000000000e+04
7.856895634322977884e-01 4.558227269863272682e+02 3.174200000000000000e+04
8.013652298136274554e-01 4.468245271317829292e+02 3.225000000000000000e+04
8.170314793099452411e-01 4.416826861313869017e+02 3.425000000000000000e+04
8.328089595358807440e-01 4.339195295312235885e+02 3.545400000000000000e+04
8.485110835048260691e-01 4.213174232859416861e+02 3.643400000000000000e+04
8.640973204722621759e-01 4.102381773791200317e+02 3.768200000000000000e+04
8.797014300262691044e-01 3.990103069170866092e+02 3.929400000000000000e+04
8.955074489672053550e-01 3.953172645198667965e+02 4.142600000000000000e+04
9.112788985619241222e-01 3.861688774782484757e+02 4.206600000000000000e+04
9.269095651252046153e-01 3.799988733042078479e+02 4.349000000000000000e+04
9.426346125839982770e-01 3.671142181961402571e+02 4.570200000000000000e+04
9.583964670696782928e-01 3.614841103057855207e+02 4.663400000000000000e+04
9.741277885224883804e-01 3.581713144128187309e+02 4.855400000000000000e+04
9.896918448392955092e-01 3.513794147738898914e+02 4.887000000000000000e+04
1.005280879626296420e+00 3.403370446522093289e+02 5.155400000000000000e+04
1.021133664452582135e+00 3.390694767979293829e+02 5.409000000000000000e+04
1.036923334995100809e+00 3.310947453695179661e+02 5.431400000000000000e+04
1.052635308833600680e+00 3.243703742751713435e+02 5.691000000000000000e+04
1.068321370297892425e+00 3.131611982881597669e+02 5.748200000000000000e+04
1.084052701550582753e+00 3.106353049846600243e+02 6.062600000000000000e+04
1.099794715754920382e+00 3.078224683854524528e+02 6.120600000000000000e+04
1.115370388947033220e+00 3.004099728304299219e+02 6.257000000000000000e+04
1.131046383902849950e+00 2.922141792180131006e+02 6.573000000000000000e+04
1.146787968622316356e+00 2.861502864169390818e+02 6.668600000000000000e+04
1.162563353468210270e+00 2.845004734712617278e+02 6.969800000000000000e+04
1.178284495947235833e+00 2.788621654813926511e+02 7.002600000000000000e+04
1.193950312022173277e+00 2.760370879498529462e+02 7.274600000000000000e+04
1.209702279395532543e+00 2.719430249632893037e+02 7.491000000000000000e+04
1.225374778796072261e+00 2.642642296822588150e+02 7.572200000000000000e+04
1.240998268267369031e+00 2.610559085457654191e+02 7.837800000000000000e+04
1.256664763601604173e+00 2.540018742971385564e+02 8.003000000000000000e+04
1.272410839108921055e+00 2.483042098430024396e+02 8.318600000000000000e+04
1.288186821427190987e+00 2.432497578721091998e+02 8.466600000000000000e+04
1.303915415643678744e+00 2.407506990502160704e+02 8.654600000000000000e+04
1.319571589153230251e+00 2.373919259309687391e+02 8.813400000000000000e+04
1.335290070384270056e+00 2.334730494439467634e+02 9.153800000000000000e+04
1.351076062681103140e+00 2.301943782344477825e+02 9.313800000000000000e+04
1.366744220099084473e+00 2.262177226444251801e+02 9.447800000000000000e+04
1.382398842931918725e+00 2.201997656105434373e+02 9.727400000000000000e+04
1.398110035554206876e+00 2.186674290299930021e+02 9.969000000000000000e+04
1.413886464447384306e+00 2.150426357344770452e+02 1.025900000000000000e+05
1.429636290478455862e+00 2.093355690469307149e+02 1.037700000000000000e+05
1.445306609637929229e+00 2.088431910932239930e+02 1.063460000000000000e+05
1.461013715221450848e+00 2.049884657196027433e+02 1.085460000000000000e+05
1.476673179078200837e+00 2.006918700214945090e+02 1.107260000000000000e+05
1.492290038154521659e+00 1.983656808105268965e+02 1.123220000000000000e+05
1.507927148623363189e+00 1.966873069289843841e+02 1.158900000000000000e+05
1.523672044743926701e+00 1.921810619200781218e+02 1.187660000000000000e+05
1.539529615911521709e+00 1.891584163273315937e+02 1.222980000000000000e+05
1.555255688786340684e+00 1.855667786059464390e+02 1.220900000000000000e+05
1.570915144657768492e+00 1.815225975677608972e+02 1.258100000000000000e+05
1.586615423455384422e+00 1.804178797098057316e+02 1.281900000000000000e+05
1.602349133342779730e+00 1.781099286990243797e+02 1.309940000000000000e+05
1.618092974080486135e+00 1.736172656705702764e+02 1.337220000000000000e+05
1.633691874209366679e+00 1.720175074316956341e+02 1.338860000000000000e+05
1.649409270104698511e+00 1.686289117534047648e+02 1.405380000000000000e+05
1.665187916060468121e+00 1.677216097415252420e+02 1.405940000000000000e+05
1.680850499408222509e+00 1.649024471774586686e+02 1.435940000000000000e+05
1.696519861906699678e+00 1.615955983869865236e+02 1.463100000000000000e+05
1.712283893956166425e+00 1.594352339860604104e+02 1.506500000000000000e+05
1.728062756067172412e+00 1.563869689429545815e+02 1.519140000000000000e+05
1.743677627348828585e+00 1.541134956127198450e+02 1.533980000000000000e+05
1.759326903275710174e+00 1.522114578186563278e+02 1.578660000000000000e+05
1.775054497456971747e+00 1.490428487843742573e+02 1.606580000000000000e+05
1.790812710658242546e+00 1.484465393474789892e+02 1.641020000000000000e+05
1.806502375897273804e+00 1.463852018861292095e+02 1.649940000000000000e+05
1.822179186865621636e+00 1.434253871062702217e+02 1.698500000000000000e+05
1.837969883527481585e+00 1.420487900754974362e+02 1.729860000000000000e+05
1.853671301775014824e+00 1.401671017976468363e+02 1.738940000000000000e+05
1.869276135303816311e+00 1.369557524126305168e+02 1.767780000000000000e+05
1.884971321406135658e+00 1.350598563272131400e+02 1.818020000000000000e+05
1.900728707982397125e+00 1.335599414411972248e+02 1.844300000000000000e+05
1.916473119999263952e+00 1.319465611347881406e+02 1.872420000000000000e+05
1.932184555202840048e+00 1.300527411300919880e+02 1.902500000000000000e+05
1.947873548384971176e+00 1.284220595108272391e+02 1.925700000000000000e+05
1.963628993658796507e+00 1.270407053577733620e+02 1.982540000000000000e+05
1.979352447076785815e+00 1.257475791875763633e+02 1.980740000000000000e+05
1.994985104292756439e+00 1.238628359317000758e+02 2.020500000000000000e+05
2.010642935442618739e+00 1.218670961839787310e+02 2.055020000000000000e+05
2.026404838719640278e+00 1.196679673036939988e+02 2.106660000000000000e+05
2.042160439755924539e+00 1.190744918230348475e+02 2.124260000000000000e+05
2.057814152054247447e+00 1.162170551332753661e+02 2.139180000000000000e+05
2.073527659517757193e+00 1.151760138284297170e+02 2.209940000000000000e+05
2.089278401895053872e+00 1.138638148806890484e+02 2.215220000000000000e+05
2.104986979127729807e+00 1.120219518014793465e+02 2.263140000000000000e+05
2.120648321356923383e+00 1.101856362244493823e+02 2.272940000000000000e+05
2.136325257483229656e+00 1.089466093182579129e+02 2.329620000000000000e+05
2.152108829701105730e+00 1.070654786433323125e+02 2.378180000000000000e+05
2.167848322413291839e+00 1.054819000159397291e+02 2.383980000000000000e+05
2.183487000865677263e+00 1.047316273020238810e+02 2.414180000000000000e+05
2.199161537811643807e+00 1.033653056098015384e+02 2.468180000000000000e+05
2.214891256735060487e+00 1.017545877249845887e+02 2.499060000000000000e+05
2.230633713071271895e+00 1.004545704391798893e+02 2.547020000000000000e+05
2.246304443991349320e+00 9.913632683222097342e+01 2.544180000000000000e+05
2.261936208784359970e+00 9.782650545027155431e+01 2.603540000000000000e+05
2.277652670266802293e+00 9.637427823107172742e+01 2.649740000000000000e+05
2.293412982496121355e+00 9.470968510207575264e+01 2.687220000000000000e+05
2.309141221738169047e+00 9.351781177042444426e+01 2.715620000000000000e+05
2.324861988404599789e+00 9.242012293803023226e+01 2.755860000000000000e+05
2.340611247586814159e+00 9.114308861843748844e+01 2.801900000000000000e+05
2.356347504876110666e+00 9.038871564239093459e+01 2.828340000000000000e+05
2.372029085968939910e+00 8.847976294841673450e+01 2.851700000000000000e+05
2.387678571697246621e+00 8.782117798030949984e+01 2.898860000000000000e+05
2.403388139521258626e+00 8.672478385188506422e+01 2.944740000000000000e+05
2.419137128499648348e+00 8.545966917976079458e+01 2.994980000000000000e+05
2.434829956177893884e+00 8.450678428313297275e+01 2.999580000000000000e+05
2.450497304476752181e+00 8.337989524550609133e+01 3.058580000000000000e+05
2.466221630284449073e+00 8.246821367207860476e+01 3.107940000000000000e+05
2.481948461430914410e+00 8.134475313176739064e+01 3.130820000000000000e+05
2.497590267743403203e+00 8.033881143884117648e+01 3.160460000000000000e+05
2.513275415567109317e+00 7.901066979498351373e+01 3.222180000000000000e+05
2.529064511226168488e+00 7.805508245019204594e+01 3.285620000000000000e+05
2.544794397904540872e+00 7.737496874904722688e+01 3.279900000000000000e+05
2.560494206000486273e+00 7.652998968032879645e+01 3.352820000000000000e+05
2.576181416838396743e+00 7.541834687620918487e+01 3.359700000000000000e+05
2.591894431456594372e+00 7.496157713926979227e+01 3.440660000000000000e+05
2.607583386084574517e+00 7.354095508527339575e+01 3.437180000000000000e+05
2.623254195933073518e+00 7.265786434062214028e+01 3.514980000000000000e+05
2.638982638468245323e+00 7.191287543235023350e+01 3.544580000000000000e+05
2.654678623100330981e+00 7.115678564057941458e+01 3.585660000000000000e+05
2.670444987332728282e+00 7.023627643244600449e+01 3.661220000000000000e+05
2.686175436888973866e+00 6.939070009021075691e+01 3.658100000000000000e+05
2.701842624139498383e+00 6.840551958710733516e+01 3.716220000000000000e+05
2.717551210176916143e+00 6.770012713239322011e+01 3.759860000000000000e+05
2.733286152591690943e+00 6.729491587513409456e+01 3.821700000000000000e+05
2.748969669686326611e+00 6.609639671256985594e+01 3.818180000000000000e+05
2.764618652904751617e+00 6.560705283206785055e+01 3.895740000000000000e+05
2.780335698310803405e+00 6.463267275932312828e+01 3.936980000000000000e+05
2.796070939832780322e+00 6.379143739767384602e+01 3.994580000000000000e+05
2.811789110373833278e+00 6.307816081666343422e+01 4.022220000000000000e+05
2.827490318755497611e+00 6.226924078816087871e+01 4.069220000000000000e+05
2.843211165013692643e+00 6.149865081556625057e+01 4.128420000000000000e+05
2.858928238366322816e+00 6.077867127647792955e+01 4.153460000000000000e+05
2.874619182965964193e+00 6.020835648247076222e+01 4.211820000000000000e+05
2.890326122379585971e+00 5.946144869158482749e+01 4.250180000000000000e+05
2.906048410595298837e+00 5.870583896571399407e+01 4.311380000000000000e+05
2.921763637537025282e+00 5.805676570391958791e+01 4.343820000000000000e+05
2.937471882413853042e+00 5.719727244183347636e+01 4.395140000000000000e+05
2.953184966193053373e+00 5.681673254815194696e+01 4.447380000000000000e+05
2.968906669185866321e+00 5.622189302978324577e+01 4.489100000000000000e+05
2.984558054153132023e+00 5.567555667993733692e+01 4.506180000000000000e+05
3.000234266597839206e+00 5.501153292104953607e+01 4.595540000000000000e+05
3.015961738166995865e+00 5.407441061009790673e+01 4.631060000000000000e+05
3.031644318942089189e+00 5.373338128941925618e+01 4.670940000000000000e+05
3.047375183469438475e+00 5.316554160753614156e+01 4.749380000000000000e+05
3.063101994982958765e+00 5.242323119286819377e+01 4.771860000000000000e+05
3.078830638657798602e+00 5.185882352941177231e+01 4.846700000000000000e+05
3.094557820700788220e+00 5.123882055809942671e+01 4.870100000000000000e+05
3.110261604918990841e+00 5.092812691308172646e+01 4.933140000000000000e+05
3.125964826756857384e+00 5.015727289944833700e+01 4.963220000000000000e+05
3.141631907395710410e+00 4.974024022228334729e+01 5.017020000000000000e+05
3.157337759020614865e+00 4.908196444091379362e+01 5.085620000000000000e+05
3.173083732250922218e+00 4.856542639457687471e+01 5.142420000000000000e+05
3.188786566155163538e+00 4.795578098179239390e+01 5.161580000000000000e+05
3.204467208631248454e+00 4.749571949590701792e+01 5.226020000000000000e+05
3.220198682476764773e+00 4.699579390115668076e+01 5.306580000000000000e+05
3.235902901074469540e+00 4.663258760626516874e+01 5.300420000000000000e+05
3.251569839460216826e+00 4.609546502176745264e+01 5.388780000000000000e+05
3.267286640001119125e+00 4.561867568411960150e+01 5.441300000000000000e+05
3.283035953778620897e+00 4.514215777001157903e+01 5.511060000000000000e+05
3.298765470797303756e+00 4.466201067904733435e+01 5.539820000000000000e+05
3.314460854810658219e+00 4.410834369323698212e+01 5.582420000000000000e+05
3.330143183999465961e+00 4.379441179283884367e+01 5.645460000000000000e+05
3.345851390644388967e+00 4.324739261061466067e+01 5.704940000000000000e+05
3.361584614506297086e+00 4.265429067795728457e+01 5.767620000000000000e+05
3.377268741275611497e+00 4.242867074575345043e+01 5.782340000000000000e+05
3.392938742749323389e+00 4.187892757988341685e+01 5.856660000000000000e+05
3.408667877553761993e+00 4.131051096314888582e+01 5.944460000000000000e+05
3.424389245726590758e+00 4.095205375892481925e+01 5.952500000000000000e+05
3.440080490503192756e+00 4.054144003500154270e+01 6.034020000000000000e+05
3.455784632582446392e+00 4.026727825322449661e+01 6.073820000000000000e+05
3.471525169349745088e+00 3.970064018411370910e+01 6.170100000000000000e+05
3.487238775590668638e+00 3.940077953493801743e+01 6.167780000000000000e+05
3.502915637500682244e+00 3.898693228928236465e+01 6.247460000000000000e+05
3.518586117849470174e+00 3.859659078243867469e+01 6.280620000000000000e+05
3.534307361823285198e+00 3.824976149888178156e+01 6.394100000000000000e+05
3.550068718511843802e+00 3.775025273969833250e+01 6.429540000000000000e+05
3.565767899937936303e+00 3.754635945099957439e+01 6.459740000000000000e+05
3.581461234185308484e+00 3.715302452983213044e+01 6.534900000000000000e+05
3.597192479322759873e+00 3.673624055234537877e+01 6.607460000000000000e+05
3.612919168611930854e+00 3.654637807193604004e+01 6.646460000000000000e+05
3.628586482304986038e+00 3.607079980218495763e+01 6.672900000000000000e+05
3.644285394494611641e+00 3.566451164448319133e+01 6.790340000000000000e+05
3.660034289703634869e+00 3.551923330433177739e+01 6.827220000000000000e+05
3.675778468055097559e+00 3.511034404937228715e+01 6.912380000000000000e+05
3.691462948962963786e+00 3.474278901310190548e+01 6.886020000000000000e+05
3.707119074879760223e+00 3.441519863703687321e+01 7.008260000000000000e+05
3.722835664250375487e+00 3.410810558029198347e+01 7.056620000000000000e+05
3.738525251797470528e+00 3.378213220444962417e+01 7.100820000000000000e+05
3.754222032949778853e+00 3.337984209399272828e+01 7.191620000000000000e+05
3.769933086185316640e+00 3.317886881273796718e+01 7.222500000000000000e+05
3.785638995718866973e+00 3.290376891635111178e+01 7.315100000000000000e+05
3.801371660419305520e+00 3.243994231724969524e+01 7.364420000000000000e+05
3.817071936206203997e+00 3.229113859127707542e+01 7.408980000000000000e+05
3.832786102847733023e+00 3.197833789681640226e+01 7.501580000000000000e+05
3.848527046055627121e+00 3.168199918926008252e+01 7.548660000000000000e+05
3.864237159299509283e+00 3.134092420606025442e+01 7.608260000000000000e+05
3.879924927323326056e+00 3.105738488077755832e+01 7.640340000000000000e+05
3.895614328144405114e+00 3.077915761017049689e+01 7.738460000000000000e+05
3.911337128038584687e+00 3.048619365562244354e+01 7.797140000000000000e+05
3.927042484287095014e+00 3.027354860425798577e+01 7.843140000000000000e+05
3.942732759911325768e+00 2.992019379737205753e+01 7.913420000000000000e+05
3.958453369699379998e+00 2.966672420564932722e+01 7.994580000000000000e+05
3.974178216354418591e+00 2.941012370770296869e+01 8.049620000000000000e+05
3.989882109912799013e+00 2.909360508924710942e+01 8.095500000000000000e+05
4.005543243773400874e+00 2.888082236575213457e+01 8.134580000000000000e+05
4.021251057898795445e+00 2.860986074483745156e+01 8.274020000000000000e+05
4.036984636136614846e+00 2.841660451498760764e+01 8.286180000000000000e+05
4.052682677778184583e+00 2.815167794216398889e+01 8.369180000000000000e+05
4.068393456235992467e+00 2.789964336306493919e+01 8.428740000000000000e+05
4.084099822251435974e+00 2.763819115593556219e+01 8.493380000000000000e+05
4.099829813320492455e+00 2.729052718344195227e+01 8.589420000000000000e+05
4.115554009414900349e+00 2.717492897611785452e+01 8.609780000000000000e+05
4.131235359039446386e+00 2.696428842880602872e+01 8.683460000000000000e+05
4.146931044915801223e+00 2.669270779771331803e+01 8.751540000000000000e+05
4.162664159049392687e+00 2.648804013477557007e+01 8.862140000000000000e+05
4.178388788086889960e+00 2.626378661762153399e+01 8.873460000000000000e+05
4.194077965975033351e+00 2.600787721819111908e+01 8.949860000000000000e+05
4.209774792532540388e+00 2.582179371581370120e+01 9.027740000000000000e+05
4.225510803750013977e+00 2.557685333193000332e+01 9.121140000000000000e+05
4.241231113843379141e+00 2.526705033518173593e+01 9.150260000000000000e+05
4.256908196003403866e+00 2.514302575037331167e+01 9.201420000000000000e+05
4.272591924000948893e+00 2.493092640912405500e+01 9.297620000000000000e+05
4.288308084378355645e+00 2.480948663642238472e+01 9.376980000000000000e+05
4.304040323784237287e+00 2.461692786119678900e+01 9.447620000000000000e+05
4.319738418983270378e+00 2.435576965665317317e+01 9.482540000000000000e+05
4.335428335028543856e+00 2.420213795539725155e+01 9.568020000000000000e+05
4.351157550879730884e+00 2.391267989310273023e+01 9.676580000000000000e+05
4.366881330891844826e+00 2.378729341591540702e+01 9.697020000000000000e+05
4.382546060772999574e+00 2.348400661129875289e+01 9.740900000000000000e+05
4.398246218400761798e+00 2.336176076043873451e+01 9.884820000000000000e+05
4.413979276240257654e+00 2.312867416536793286e+01 9.919940000000000000e+05
4.429695644229851403e+00 2.292861153012396969e+01 1.001030000000000000e+06
4.445410080183695989e+00 2.278211348152568760e+01 1.005450000000000000e+06
4.461113024304604657e+00 2.259333871276404793e+01 1.013738000000000000e+06
4.476828248264367538e+00 2.241833788452692389e+01 1.021710000000000000e+06
4.492511743566732996e+00 2.224262963230711421e+01 1.023626000000000000e+06
4.508191947536588806e+00 2.206371098071698711e+01 1.035834000000000000e+06
4.523895481465870283e+00 2.187049403047312168e+01 1.040786000000000000e+06
4.539619934096997156e+00 2.172762593452752711e+01 1.053206000000000000e+06
4.555352618284365995e+00 2.159956556373592562e+01 1.057002000000000000e+06
4.571063001207543941e+00 2.143652868978041326e+01 1.063898000000000000e+06
4.586777862326684385e+00 2.128061805660422934e+01 1.072782000000000000e+06
4.602497075350756361e+00 2.104439270095455683e+01 1.078826000000000000e+06
4.618214180504660149e+00 2.089466156581078593e+01 1.087922000000000000e+06
4.633911241501361467e+00 2.073245886726565956e+01 1.090494000000000000e+06
4.649602871383847535e+00 2.058187407954877557e+01 1.101362000000000000e+06
4.665319460688174047e+00 2.043781142942614792e+01 1.109802000000000000e+06
4.681029772111457099e+00 2.024497493974952178e+01 1.114514000000000000e+06
4.696725943447952467e+00 2.012793902801429979e+01 1.123926000000000000e+06
4.712406639130506392e+00 1.998037453396401020e+01 1.125986000000000000e+06
4.728114319510818397e+00 1.984423647680826619e+01 1.143554000000000000e+06
4.743843011674210075e+00 1.968792095814660570e+01 1.144710000000000000e+06
4.759548004017718270e+00 1.950872170104798897e+01 1.154018000000000000e+06
4.775245153331388437e+00 1.935410642762435529e+01 1.159962000000000000e+06
4.790962201099520534e+00 1.922972264399403741e+01 1.170986000000000000e+06
4.806687457227775795e+00 1.909758585976902623e+01 1.178142000000000000e+06
4.822395257046031780e+00 1.895729846094528170e+01 1.182674000000000000e+06
4.838087143849061356e+00 1.883751832490625588e+01 1.191002000000000000e+06
4.853789225034707222e+00 1.862923033092921088e+01 1.200438000000000000e+06
4.869505077076887289e+00 1.854379462356869368e+01 1.208162000000000000e+06
4.885214479826415435e+00 1.839849974244152264e+01 1.215258000000000000e+06
4.900926872777207954e+00 1.827726049599145242e+01 1.224134000000000000e+06
4.916625834276870499e+00 1.815075338441079467e+01 1.228722000000000000e+06
4.932342625999591945e+00 1.799444960157792295e+01 1.243154000000000000e+06
4.948070313168653200e+00 1.790499376121094954e+01 1.245434000000000000e+06
4.963768791695496674e+00 1.775206468030319584e+01 1.255158000000000000e+06
4.979434313641077026e+00 1.758201670900996305e+01 1.255610000000000000e+06
4.995141420885109262e+00 1.746541302887844438e+01 1.277562000000000000e+06
5.010861277833007499e+00 1.736956436448438268e+01 1.274414000000000000e+06
5.026541148359606304e+00 1.719757479428364633e+01 1.285994000000000000e+06
5.042268620369379839e+00 1.708625006732996354e+01 1.299570000000000000e+06
5.058004053481842455e+00 1.704448584694828739e+01 1.302122000000000000e+06
5.073708460591943137e+00 1.687657602835516713e+01 1.311366000000000000e+06
5.089416057291027862e+00 1.680298153558330654e+01 1.319186000000000000e+06
5.105125712135527571e+00 1.664368397976848613e+01 1.327434000000000000e+06
5.120844156875770103e+00 1.655009893112509189e+01 1.337294000000000000e+06
5.136559512122237159e+00 1.639911672488139871e+01 1.342730000000000000e+06
5.152249183032828306e+00 1.629374856542052541e+01 1.350570000000000000e+06
5.167964432416064291e+00 1.618673555508259909e+01 1.362590000000000000e+06
5.183694924160209716e+00 1.607091490240914311e+01 1.369698000000000000e+06
5.199396868456950926e+00 1.597878849149837777e+01 1.374914000000000000e+06
5.215085298788597612e+00 1.581437007162630159e+01 1.383570000000000000e+06
5.230792912992411559e+00 1.573877397744260698e+01 1.395374000000000000e+06
5.246488594245054315e+00 1.562859969334155963e+01 1.396994000000000000e+06
5.262173859327344161e+00 1.553753303153315990e+01 1.411530000000000000e+06
5.277882164810089982e+00 1.541981864791538293e+01 1.417574000000000000e+06
5.293593858628555360e+00 1.533653174546518372e+01 1.428834000000000000e+06
5.309329156889964985e+00 1.523401653071747575e+01 1.439018000000000000e+06
5.325038538485003414e+00 1.512517404757971562e+01 1.440698000000000000e+06
5.340730702455575241e+00 1.501433369243236626e+01 1.453638000000000000e+06
5.356455193601842524e+00 1.491307930841737139e+01 1.463426000000000000e+06
5.372183381207660702e+00 1.484377009618979670e+01 1.471050000000000000e+06
5.387886700194870926e+00 1.473690505052693922e+01 1.476638000000000000e+06
5.403571860691538831e+00 1.461069906619619374e+01 1.484466000000000000e+06
5.419293096268920529e+00 1.459565907295320919e+01 1.501154000000000000e+06
5.435016687773623012e+00 1.441703635731627919e+01 1.501706000000000000e+06
5.450702718101835487e+00 1.435047257628504624e+01 1.511502000000000000e+06
5.466391329901655105e+00 1.425092847548469344e+01 1.520234000000000000e+06
5.482117701107046770e+00 1.415274167594999355e+01 1.535010000000000000e+06
5.497863840523032231e+00 1.408942319280426325e+01 1.543358000000000000e+06
5.513531058043433575e+00 1.397303865072140461e+01 1.535754000000000000e+06
5.529215137958169990e+00 1.389515350823938178e+01 1.564802000000000000e+06
5.544946163489404611e+00 1.379177089744459117e+01 1.563038000000000000e+06
5.560660431796565106e+00 1.371239576641540481e+01 1.578426000000000000e+06
5.576372624871568817e+00 1.362604822565163509e+01 1.581482000000000000e+06
5.592071612679278658e+00 1.358552488616737364e+01 1.592250000000000000e+06
5.607777081388953810e+00 1.345982536839280286e+01 1.602230000000000000e+06
5.623461069047772654e+00 1.337559276998219104e+01 1.604754000000000000e+06
5.639160434689571844e+00 1.332392337836888885e+01 1.623458000000000000e+06
5.654868627057174635e+00 1.324404305469226095e+01 1.624910000000000000e+06
5.670595730029768688e+00 1.315673731188325135e+01 1.645122000000000000e+06
5.686329334746649700e+00 1.302313130269340569e+01 1.645130000000000000e+06
5.702030598096980540e+00 1.297231513324225638e+01 1.655706000000000000e+06
5.717729473142792784e+00 1.289935329203090753e+01 1.663502000000000000e+06
5.733437455346763301e+00 1.281132237629766024e+01 1.675514000000000000e+06
5.749160590029285700e+00 1.274660979838580310e+01 1.685298000000000000e+06
5.764862617007506351e+00 1.264689156860400665e+01 1.689566000000000000e+06
5.780540238679900078e+00 1.258818741349353587e+01 1.697850000000000000e+06
5.796263103923236848e+00 1.250530157470326742e+01 1.718546000000000000e+06
5.812002103804656983e+00 1.242688720111732437e+01 1.719822000000000000e+06
5.827695391299545058e+00 1.236971804474263159e+01 1.726586000000000000e+06
5.843388778895907798e+00 1.230140996995145919e+01 1.739186000000000000e+06
5.859113417771065535e+00 1.221725021095745767e+01 1.751538000000000000e+06
5.874835560723500549e+00 1.214355807701889844e+01 1.758062000000000000e+06
5.890526541065327137e+00 1.207203816200702207e+01 1.763010000000000000e+06
5.906225317694219434e+00 1.200224216002995448e+01 1.778642000000000000e+06
5.921952321011594300e+00 1.194851004874252176e+01 1.788582000000000000e+06
5.937670655764399896e+00 1.186426937293633621e+01 1.794746000000000000e+06
5.953363581550269679e+00 1.180301781743369105e+01 1.803290000000000000e+06
5.969050809995837703e+00 1.173681461333651477e+01 1.811058000000000000e+06
5.984760752596141486e+00 1.166861413355590216e+01 1.828358000000000000e+06
6.000476440810660783e+00 1.159660514960996203e+01 1.831362000000000000e+06
6.016171166004743220e+00 1.153324960460428450e+01 1.842458000000000000e+06
6.031847027098122815e+00 1.143985862464388248e+01 1.846998000000000000e+06
6.047561666320434348e+00 1.141240753680069986e+01 1.869122000000000000e+06
6.063310221741519790e+00 1.133121289996621073e+01 1.876346000000000000e+06
6.079025995273507732e+00 1.127030187719539001e+01 1.879506000000000000e+06
6.094727650148782594e+00 1.118793488284637583e+01 1.893326000000000000e+06
6.110443441650997620e+00 1.113375461267224331e+01 1.901826000000000000e+06
6.126157369603382641e+00 1.105251464202740408e+01 1.911962000000000000e+06
6.141856103084946561e+00 1.101322948439921312e+01 1.919198000000000000e+06
6.157554247585426133e+00 1.094304962797411029e+01 1.930242000000000000e+06
6.173264897526903994e+00 1.087821000575564234e+01 1.942442000000000000e+06
6.188983783131053684e+00 1.083331949948097517e+01 1.951734000000000000e+06
6.204674330135580007e+00 1.078050958319568053e+01 1.955402000000000000e+06
6.220364153407833108e+00 1.068051451980822186e+01 1.971858000000000000e+06
6.236097253224911263e+00 1.064536212943939830e+01 1.984898000000000000e+06
6.251804727814884721e+00 1.059503368367849241e+01 1.986422000000000000e+06
6.267477703420695434e+00 1.052024751696519189e+01 1.996146000000000000e+06
6.283195068785119908e+00 1.049245503211036024e+01 2.017106000000000000e+06
6.298926466691256110e+00 1.041055151887671038e+01 2.020638000000000000e+06
6.314631082636630310e+00 1.036142185709090491e+01 2.029346000000000000e+06
6.330330969697290477e+00 1.029012416450351353e+01 2.041002000000000000e+06
6.346042618354868381e+00 1.023687733066855188e+01 2.051450000000000000e+06
6.361769829008385280e+00 1.019671656616095845e+01 2.065886000000000000e+06
6.377467710730222450e+00 1.011396985099871770e+01 2.064546000000000000e+06
6.393156758488530933e+00 1.007968885794540626e+01 2.082650000000000000e+06
6.408877231485442749e+00 1.002122202271688067e+01 2.095182000000000000e+06
6.424598957671957322e+00 9.963283533506618994e+00 2.101346000000000000e+06
6.440311953715900373e+00 9.908447621757705548e+00 2.115554000000000000e+06
6.456005935746694568e+00 9.858137483728436123e+00 2.115654000000000000e+06
6.471719753415134946e+00 9.833591304518403575e+00 2.141066000000000000e+06
6.487439387114228850e+00 9.766900989164337687e+00 2.139786000000000000e+06
6.503131318747780831e+00 9.730846825716174209e+00 2.152202000000000000e+06
6.518819434526843537e+00 9.666585226131676478e+00 2.161086000000000000e+06
6.534523450777902198e+00 9.622225142896006389e+00 2.176058000000000000e+06
6.550254613659266312e+00 9.554449525245821917e+00 2.190818000000000000e+06
6.565965738846988309e+00 9.513542154422456321e+00 2.191158000000000000e+06
6.581657291702928347e+00 9.455064448872134264e+00 2.205314000000000000e+06
6.597356411838022794e+00 9.408444118265681055e+00 2.215554000000000000e+06
6.613072568835591802e+00 9.355985621560844123e+00 2.230562000000000000e+06
6.628796834083485301e+00 9.318027124316959231e+00 2.239614000000000000e+06
6.644501868950448475e+00 9.259071312095171535e+00 2.245706000000000000e+06
6.660203335766918364e+00 9.213075868465983476e+00 2.259674000000000000e+06
6.675922241577704419e+00 9.168352825558878649e+00 2.273214000000000000e+06
6.691636876769640807e+00 9.137242287833695187e+00 2.278802000000000000e+06
6.707348854586632214e+00 9.082804352507416468e+00 2.294034000000000000e+06
6.723042755046850338e+00 9.043545327071447204e+00 2.294942000000000000e+06
6.738741204690306574e+00 8.984903217453226176e+00 2.317050000000000000e+06
6.754459451825965743e+00 8.950787010050619941e+00 2.322842000000000000e+06
6.770155876549564411e+00 8.886056778544796586e+00 2.330810000000000000e+06
6.785853403723873356e+00 8.855300904790281535e+00 2.345958000000000000e+06
6.801555230257334550e+00 8.817447078628100954e+00 2.353586000000000000e+06
6.817285949066600459e+00 8.779060773248154703e+00 2.376210000000000000e+06
6.833012673954052651e+00 8.727282604942004696e+00 2.374502000000000000e+06
6.848703343789808606e+00 8.700715654812839261e+00 2.386346000000000000e+06
6.864405076602009714e+00 8.649199563239125865e+00 2.401314000000000000e+06
6.880122619459167588e+00 8.607983578344979847e+00 2.411450000000000000e+06
6.895827031199952550e+00 8.557825405520180340e+00 2.420718000000000000e+06
6.911509854271036701e+00 8.515537849262537762e+00 2.425754000000000000e+06
6.927232044479275430e+00 8.478726532633762858e+00 2.455218000000000000e+06
6.942960195844471549e+00 8.442575956509783097e+00 2.450942000000000000e+06
6.958661448092413160e+00 8.396454990211298153e+00 2.467130000000000000e+06
6.974361211749578793e+00 8.353233336323384606e+00 2.474874000000000000e+06
6.990070831352309000e+00 8.322215806376743075e+00 2.490362000000000000e+06
7.005778159324729693e+00 8.276062769850552669e+00 2.498142000000000000e+06
7.021469697735486015e+00 8.245242891160668108e+00 2.507090000000000000e+06
7.037177120604764191e+00 8.202659051727891892e+00 2.525562000000000000e+06
7.052899061516400003e+00 8.159059401292289238e+00 2.534726000000000000e+06
7.068628793135065536e+00 8.131797015262524297e+00 2.549906000000000000e+06
7.084334935478915796e+00 8.093120779718660174e+00 2.551074000000000000e+06
7.100038328422084710e+00 8.051361845908237669e+00 2.570702000000000000e+06
7.115745931638459254e+00 8.026792851200282186e+00 2.574642000000000000e+06
7.131451190238497162e+00 7.969397848782567628e+00 2.594066000000000000e+06
7.147151468730735147e+00 7.934786546333785218e+00 2.594802000000000000e+06
7.162835307179018507e+00 7.897409294686507764e+00 2.612030000000000000e+06
7.178551581855800556e+00 7.855510408477470286e+00 2.627954000000000000e+06
7.194283665259025184e+00 7.831554437543980285e+00 2.640402000000000000e+06
7.209984529526630936e+00 7.797157171769790729e+00 2.641454000000000000e+06
7.225685108067660956e+00 7.767102681835155842e+00 2.661834000000000000e+06
7.241394735953288198e+00 7.723616388511945985e+00 2.669138000000000000e+06
7.257108192998378726e+00 7.691530054848338516e+00 2.684858000000000000e+06
7.272822849503533860e+00 7.642107568552772179e+00 2.693910000000000000e+06
7.288518104809805997e+00 7.606428143652731677e+00 2.701682000000000000e+06
7.304234199753477874e+00 7.583870117067703198e+00 2.722698000000000000e+06
7.319945495172938799e+00 7.550223794996591131e+00 2.725262000000000000e+06
7.335649438298961655e+00 7.505150504111287368e+00 2.742450000000000000e+06
7.351353846506168743e+00 7.477363492554139235e+00 2.749850000000000000e+06
7.367055388436875241e+00 7.446293681903338069e+00 2.763902000000000000e+06
7.382770533642191602e+00 7.411697255135688778e+00 2.778498000000000000e+06
7.398475089415688544e+00 7.394775419909284331e+00 2.784530000000000000e+06
7.414188731852492609e+00 7.350555934761382026e+00 2.804106000000000000e+06
7.429901641940141133e+00 7.309253004672946474e+00 2.809790000000000000e+06
7.445612173277812218e+00 7.285256444292471656e+00 2.825058000000000000e+06
7.461320649323638143e+00 7.245559973609283055e+00 2.834330000000000000e+06
7.477011404590944821e+00 7.213882228920113882e+00 2.842022000000000000e+06
7.492720686839765776e+00 7.197223217072042267e+00 2.864754000000000000e+06
7.508423522993188826e+00 7.152438424040896692e+00 2.864186000000000000e+06
7.524104703200965361e+00 7.128207372154838239e+00 2.879538000000000000e+06
7.539811207090460599e+00 7.076955868242779779e+00 2.899454000000000000e+06
7.555522870235571453e+00 7.056720856067195236e+00 2.904258000000000000e+06
7.571252185241664989e+00 7.025801352383461484e+00 2.930234000000000000e+06
7.586982910029617777e+00 7.000584394881629535e+00 2.929526000000000000e+06
7.602682376348832705e+00 6.962876413536783105e+00 2.942442000000000000e+06
7.618398087127784990e+00 6.950435184966275770e+00 2.960810000000000000e+06
7.634111360506788735e+00 6.923320226890535167e+00 2.964954000000000000e+06
7.649813471415971122e+00 6.890642119352815342e+00 2.980910000000000000e+06
7.665516544353160100e+00 6.848203497317599364e+00 2.990978000000000000e+06
7.681228381318442544e+00 6.823930236006737537e+00 3.007626000000000000e+06
7.696947282980596938e+00 6.798574175782318818e+00 3.019166000000000000e+06
7.712641051068838571e+00 6.773203711243293235e+00 3.021090000000000000e+06
7.728340175203005202e+00 6.746694209724021007e+00 3.047834000000000000e+06
7.744066325082287428e+00 6.708872590890794463e+00 3.055590000000000000e+06
7.759785182459853381e+00 6.685513595038170997e+00 3.068546000000000000e+06
7.775464898067028230e+00 6.669383954612466248e+00 3.067274000000000000e+06
7.791162210093558471e+00 6.626727453133543833e+00 3.098058000000000000e+06
7.806896787352753719e+00 6.599835199507014138e+00 3.109214000000000000e+06
7.822604758484962950e+00 6.569299262554228136e+00 3.110466000000000000e+06
7.838284799897788702e+00 6.546706055940877178e+00 3.124370000000000000e+06
7.853986825204827937e+00 6.506393094020878287e+00 3.144174000000000000e+06
7.869722202747719386e+00 6.497346079909214644e+00 3.161738000000000000e+06
7.885429030328279687e+00 6.469218865213663072e+00 3.159890000000000000e+06
7.901109098578781520e+00 6.438137850339209933e+00 3.174138000000000000e+06
7.916812369163124252e+00 6.410066440837491442e+00 3.195926000000000000e+06
7.932546153031187153e+00 6.386970610197590936e+00 3.211386000000000000e+06
7.948275829971742645e+00 6.353038566601456161e+00 3.219314000000000000e+06
7.963974762265003449e+00 6.327495261190998477e+00 3.225494000000000000e+06
7.979672909422356852e+00 6.306437317158469114e+00 3.242562000000000000e+06
7.995382124285669967e+00 6.284607898816559235e+00 3.257450000000000000e+06
8.011096558073175444e+00 6.255839036706537293e+00 3.269118000000000000e+06
8.026799325701325927e+00 6.228673378205695776e+00 3.278930000000000000e+06
8.042482997119602572e+00 6.211463344134604547e+00 3.286650000000000000e+06
8.058198313138401403e+00 6.181715667503866918e+00 3.316610000000000000e+06
8.073929632859263350e+00 6.163617380120437694e+00 3.321542000000000000e+06
8.089631173905692307e+00 6.131301715026657106e+00 3.328578000000000000e+06
8.105328344487277903e+00 6.117705019380736964e+00 3.345074000000000000e+06
8.121039774478980178e+00 6.088962502744158733e+00 3.361686000000000000e+06
8.136750954641513545e+00 6.064520455990138004e+00 3.369722000000000000e+06
8.152451824383751600e+00 6.025754366686458141e+00 3.385290000000000000e+06
8.168148505929304193e+00 6.014459053420888601e+00 3.391370000000000000e+06
8.183868116116777003e+00 5.993811799474491053e+00 3.422966000000000000e+06
8.199591131301563252e+00 5.971837131214801531e+00 3.419538000000000000e+06
8.215300984565764963e+00 5.940378687290994719e+00 3.441890000000000000e+06
8.231010872605484252e+00 5.928651443243410313e+00 3.447582000000000000e+06
8.246721005479363598e+00 5.903267405168280746e+00 3.466298000000000000e+06
8.262408288354077257e+00 5.882425507631713124e+00 3.466194000000000000e+06
8.278098173695775941e+00 5.861007622430530084e+00 3.492062000000000000e+06
8.293810268215034753e+00 5.834403904640271143e+00 3.503114000000000000e+06
8.309519053075314687e+00 5.808531121540021935e+00 3.517146000000000000e+06
8.325241433409063418e+00 5.791010338529277490e+00 3.535706000000000000e+06
8.340952984226902345e+00 5.766706726083426382e+00 3.539742000000000000e+06
8.356659711712842054e+00 5.739261381550218921e+00 3.558698000000000000e+06
8.372371429175492707e+00 5.721207286473683595e+00 3.570122000000000000e+06
8.388083579962753333e+00 5.703309797516103785e+00 3.585174000000000000e+06
8.403790832576294889e+00 5.684278557744258720e+00 3.594314000000000000e+06
8.419496525959527133e+00 5.657017854206426222e+00 3.612258000000000000e+06
8.435201663874629219e+00 5.639661219761333832e+00 3.620282000000000000e+06
8.450905678681708721e+00 5.607393960777977249e+00 3.639078000000000000e+06
8.466617353651699318e+00 5.598405128134887221e+00 3.650450000000000000e+06
8.482317771685245589e+00 5.579063084302311459e+00 3.661418000000000000e+06
8.498018574275240766e+00 5.557385144060381421e+00 3.677694000000000000e+06
8.513736467920875128e+00 5.525743930293957717e+00 3.695978000000000000e+06
8.529447827058733722e+00 5.506467790677890939e+00 3.702810000000000000e+06
8.545145453356283838e+00 5.495111354133646486e+00 3.716162000000000000e+06
8.560863155475518127e+00 5.460171856643174948e+00 3.740094000000000000e+06
8.576575892842692284e+00 5.456138728249532832e+00 3.740954000000000000e+06
8.592276429309924524e+00 5.435665920223262226e+00 3.760946000000000000e+06
8.607993113742812952e+00 5.409166292157432387e+00 3.778278000000000000e+06
8.623706693511682175e+00 5.394539174123006653e+00 3.784922000000000000e+06
8.639416117971885356e+00 5.377789095427231381e+00 3.805266000000000000e+06
8.655118251607849089e+00 5.358860998517210206e+00 3.807686000000000000e+06
8.670819176621002100e+00 5.330958250828956579e+00 3.833130000000000000e+06
8.686531013296711734e+00 5.323799851011140838e+00 3.841898000000000000e+06
8.702242672461403927e+00 5.292037425928066696e+00 3.858074000000000000e+06
8.717947060126663317e+00 5.271910330749185469e+00 3.868974000000000000e+06
8.733653634556446832e+00 5.259823408989947602e+00 3.885362000000000000e+06
8.749361177527063660e+00 5.249300077726387848e+00 3.898290000000000000e+06
8.765057838444775484e+00 5.220443913932108160e+00 3.907334000000000000e+06
8.780760279838380811e+00 5.202194602326961181e+00 3.928730000000000000e+06
8.796461536498792810e+00 5.184701978781029119e+00 3.936666000000000000e+06
8.812176163138749629e+00 5.171731022738231154e+00 3.961346000000000000e+06
8.827908468663524744e+00 5.147664329008640571e+00 3.975774000000000000e+06
8.843605203440207063e+00 5.130531527369798006e+00 3.970106000000000000e+06
8.859298780821674768e+00 5.109776502122068464e+00 4.003170000000000000e+06
8.875033023597818982e+00 5.097894843164348266e+00 4.019558000000000000e+06
8.890757701901966570e+00 5.079852604876439415e+00 4.025642000000000000e+06
8.906442147587496194e+00 5.058847009095662095e+00 4.028514000000000000e+06
8.922138549702236077e+00 5.045326917932166921e+00 4.059398000000000000e+06
8.937858770665876307e+00 5.024897817368172426e+00 4.069674000000000000e+06
8.953569902743538478e+00 5.015965921084272416e+00 4.083698000000000000e+06
8.969276596619630837e+00 4.985057664930492294e+00 4.095210000000000000e+06
8.984978332063514372e+00 4.969686059031976022e+00 4.110518000000000000e+06
9.000686439228440250e+00 4.952296788107152459e+00 4.126850000000000000e+06
9.016395212272197313e+00 4.934859764731116094e+00 4.140114000000000000e+06
9.032081625028110849e+00 4.923605054933917202e+00 4.144070000000000000e+06
9.047784840512392179e+00 4.904597967049204144e+00 4.175802000000000000e+06
9.063510534008996089e+00 4.884417469260116995e+00 4.187882000000000000e+06
9.079229438028200150e+00 4.871163660177412424e+00 4.199250000000000000e+06
9.094931536527573357e+00 4.857336780282638600e+00 4.209326000000000000e+06
9.110624252584134553e+00 4.833727999848417944e+00 4.222130000000000000e+06
9.126345788688972505e+00 4.825366961759253392e+00 4.254258000000000000e+06
9.142067210789587506e+00 4.801917376174550611e+00 4.252478000000000000e+06
9.157769224107168426e+00 4.788826557157635833e+00 4.270698000000000000e+06
9.173460189222041095e+00 4.764290499429422177e+00 4.278122000000000000e+06
9.189172851773026451e+00 4.757833248025823636e+00 4.309898000000000000e+06
9.204899411326563197e+00 4.742063629941049463e+00 4.317150000000000000e+06
9.220610370561862723e+00 4.728313152557060306e+00 4.329698000000000000e+06
9.236312329177842173e+00 4.710344989640220525e+00 4.340826000000000000e+06
9.252011696799515406e+00 4.696494395115136555e+00 4.359590000000000000e+06
9.267725419345696380e+00 4.677530644184744624e+00 4.376850000000000000e+06
9.283431809080884278e+00 4.656280361841340643e+00 4.386674000000000000e+06
9.299131961634870436e+00 4.647283304807007909e+00 4.401782000000000000e+06
9.314836560434526902e+00 4.630712729198205757e+00 4.419210000000000000e+06
9.330566699333866509e+00 4.618308136634760253e+00 4.446482000000000000e+06
9.346274096307771728e+00 4.599504368563656520e+00 4.435554000000000000e+06
9.361966720359685468e+00 4.586836592350659103e+00 4.468934000000000000e+06
9.377681860044402740e+00 4.571781626522841258e+00 4.477650000000000000e+06
9.393384317371491932e+00 4.559057253511185515e+00 4.491218000000000000e+06
9.409088966137430177e+00 4.544616635752638523e+00 4.510358000000000000e+06
9.424791439829672157e+00 4.527117948636234956e+00 4.518594000000000000e+06
9.440499207501432011e+00 4.518827921559238625e+00 4.544474000000000000e+06
9.456214212898441218e+00 4.502600778805728510e+00 4.552098000000000000e+06
9.471927439984570540e+00 4.480065311618167456e+00 4.574990000000000000e+06
9.487631754062700651e+00 4.470525931735707559e+00 4.577210000000000000e+06
9.503344281547928318e+00 4.455247683144734516e+00 4.608186000000000000e+06
9.519057247113778431e+00 4.437344339657428804e+00 4.610198000000000000e+06
9.534757011366917112e+00 4.426586198270085148e+00 4.628898000000000000e+06
9.550453458784650351e+00 4.414757485720195440e+00 4.641170000000000000e+06
9.566158712525282937e+00 4.398256114473426237e+00 4.662462000000000000e+06
9.581880158653657276e+00 4.377838708671387913e+00 4.681442000000000000e+06
9.597589579516229819e+00 4.371862580927291297e+00 4.687850000000000000e+06
9.613296380928980867e+00 4.358691289406386282e+00 4.708818000000000000e+06
9.629006062959270196e+00 4.342689049787632705e+00 4.721534000000000000e+06
9.644707396083033402e+00 4.328554736443985362e+00 4.732770000000000000e+06
9.660406197323647248e+00 4.312963541892385066e+00 4.753346000000000000e+06
9.676122008914001427e+00 4.304826471866288529e+00 4.772886000000000000e+06
9.691840694543541801e+00 4.288333906640992232e+00 4.785098000000000000e+06
9.707543237507161749e+00 4.278420501005756549e+00 4.795394000000000000e+06
9.723244122996092642e+00 4.259020279660139963e+00 4.813986000000000000e+06
9.738952330288141113e+00 4.255056538291381862e+00 4.832654000000000000e+06
9.754669949504904736e+00 4.235702758424716663e+00 4.849362000000000000e+06
9.770377600734033052e+00 4.221933828181828829e+00 4.858322000000000000e+06
9.786069629200518705e+00 4.205942332271191297e+00 4.871286000000000000e+06
9.801770721287397237e+00 4.198000151194126950e+00 4.894370000000000000e+06
9.817489821034564912e+00 4.185061398064969573e+00 4.914650000000000000e+06
9.833199646667972971e+00 4.171269222372774088e+00 4.919658000000000000e+06
9.848902655768293712e+00 4.159067094756839111e+00 4.941638000000000000e+06
9.864627278272442013e+00 4.148491508378853609e+00 4.965954000000000000e+06
9.880352198135229358e+00 4.132172646763627277e+00 4.971770000000000000e+06
9.896056604692210712e+00 4.125547415389046790e+00 4.985702000000000000e+06
9.911750273437519354e+00 4.107023297574972531e+00 4.996314000000000000e+06
9.927450557379374985e+00 4.092606673467087397e+00 5.021258000000000000e+06
9.943165753651260985e+00 4.084757475979810870e+00 5.038470000000000000e+06
9.958875512968258903e+00 4.074263405281099537e+00 5.048570000000000000e+06
9.974579326095815546e+00 4.061439453047149151e+00 5.067786000000000000e+06
9.990292534396033375e+00 4.042736982638272636e+00 5.084402000000000000e+06
1.000600856325589305e+01 4.035611583942598557e+00 5.104238000000000000e+06
1.002170444839863528e+01 4.023689260254532662e+00 5.101890000000000000e+06
1.003739052522703901e+01 4.006866820259069151e+00 5.129594000000000000e+06
1.005309882194248416e+01 3.995719628687499192e+00 5.149086000000000000e+06
1.006881895908520086e+01 3.990372683665213582e+00 5.168834000000000000e+06
1.008452231173344416e+01 3.973148147074051284e+00 5.172306000000000000e+06
1.010022729382937889e+01 3.959244640251669001e+00 5.199218000000000000e+06
1.011594565713278016e+01 3.953217663740094423e+00 5.215430000000000000e+06
1.013166058960754867e+01 3.936115933514703791e+00 5.229066000000000000e+06
1.014737047935454051e+01 3.923995095842716108e+00 5.244530000000000000e+06
1.016308234466913696e+01 3.914613129338174957e+00 5.262870000000000000e+06
1.017878958276594581e+01 3.905104577243472708e+00 5.272562000000000000e+06
1.019448555450210314e+01 3.892158141493787138e+00 5.290098000000000000e+06
1.021019673146567186e+01 3.881308711230970765e+00 5.314358000000000000e+06
1.022590751621006078e+01 3.865073510484023256e+00 5.322098000000000000e+06
1.024160880192673417e+01 3.854240365053455797e+00 5.341026000000000000e+06
1.025732775208617475e+01 3.848409628128786064e+00 5.366858000000000000e+06
1.027304584666867804e+01 3.830162573761420663e+00 5.374422000000000000e+06
1.028873472736696293e+01 3.822476026129984383e+00 5.377730000000000000e+06
1.030442576009853184e+01 3.813905028459665836e+00 5.409410000000000000e+06
1.032014867554843818e+01 3.798770485317115586e+00 5.434014000000000000e+06
1.033586943357362209e+01 3.791817141831721916e+00 5.438882000000000000e+06
1.035157161316932140e+01 3.781551848198501098e+00 5.456178000000000000e+06
1.036727210965784174e+01 3.770747756270430351e+00 5.469242000000000000e+06
1.038298135070349915e+01 3.760486476592626026e+00 5.496174000000000000e+06
1.039869418006627910e+01 3.744546664898747323e+00 5.505530000000000000e+06
1.041439794625569881e+01 3.739857733877514523e+00 5.521202000000000000e+06
1.043010482665170713e+01 3.725763447656131877e+00 5.544126000000000000e+06
1.044582478281855487e+01 3.716733457959255027e+00 5.560106000000000000e+06
1.046154309703894825e+01 3.711842134975843255e+00 5.579754000000000000e+06
1.047723959228104285e+01 3.701880647816551573e+00 5.576270000000000000e+06
1.049292720351744279e+01 3.679924410635158516e+00 5.607138000000000000e+06
1.050863523850499526e+01 3.675126479415383951e+00 5.625026000000000000e+06
1.052435348202229015e+01 3.666516254278163967e+00 5.646698000000000000e+06
1.054005549761004978e+01 3.655121517912682805e+00 5.649126000000000000e+06
1.055575482461481052e+01 3.645875914350453328e+00 5.676434000000000000e+06
1.057145826219870344e+01 3.629443800332593728e+00 5.687418000000000000e+06
1.058717117850224376e+01 3.623642060733086812e+00 5.715830000000000000e+06
1.060289400134469062e+01 3.612825852080827627e+00 5.729210000000000000e+06
1.061860918710306834e+01 3.603817503196803163e+00 5.744802000000000000e+06
1.063431091651675153e+01 3.594035556071690785e+00 5.752154000000000000e+06
1.065002180958671651e+01 3.580961298441755591e+00 5.786382000000000000e+06
1.066572980082734468e+01 3.575503107978256434e+00 5.784146000000000000e+06
1.068142742642893950e+01 3.561163466987924853e+00 5.812146000000000000e+06
1.069714023788434787e+01 3.550790835115158028e+00 5.830166000000000000e+06
1.071285364357418146e+01 3.543961955917445561e+00 5.845850000000000000e+06
1.072856242199254062e+01 3.531737040482469947e+00 5.862834000000000000e+06
1.074426756718287557e+01 3.525054347585612646e+00 5.876066000000000000e+06
1.075998381704133955e+01 3.513681171258212554e+00 5.905854000000000000e+06
1.077568840897438562e+01 3.503500176372699837e+00 5.902274000000000000e+06
1.079138304940738280e+01 3.494502515317998270e+00 5.931258000000000000e+06
1.080709884248571484e+01 3.482592176009065454e+00 5.954966000000000000e+06
1.082281622961874490e+01 3.476457191250934997e+00 5.965346000000000000e+06
1.083851693336031374e+01 3.459089587538463295e+00 5.977818000000000000e+06
1.085422396324159422e+01 3.458485477586124901e+00 6.004718000000000000e+06
1.086993137901790796e+01 3.444384006802728049e+00 6.011706000000000000e+06
1.088564351758435222e+01 3.437828432110384469e+00 6.045770000000000000e+06
1.090135356744657535e+01 3.428457693062715528e+00 6.041586000000000000e+06
1.091705034221926418e+01 3.421892304606855895e+00 6.073166000000000000e+06
1.093275207829069018e+01 3.411448204479646584e+00 6.078962000000000000e+06
1.094846122315083825e+01 3.399012930105337560e+00 6.114258000000000000e+06
1.096418118107341577e+01 3.393171351831413052e+00 6.123086000000000000e+06
1.097988849072496542e+01 3.380702226089620233e+00 6.136770000000000000e+06
1.099558679320981724e+01 3.370967967300189105e+00 6.154898000000000000e+06
1.101129673485095672e+01 3.365854455937500322e+00 6.178610000000000000e+06
1.102701485690355909e+01 3.353995219734422939e+00 6.197982000000000000e+06
1.104272390432796591e+01 3.344942937691226970e+00 6.205322000000000000e+06
1.105841361686979951e+01 3.336548718814571934e+00 6.218850000000000000e+06
1.107411347758379350e+01 3.328943144953662170e+00 6.249542000000000000e+06
1.108984077014840963e+01 3.320385276338803759e+00 6.274146000000000000e+06
1.110554794633057796e+01 3.309338937795383462e+00 6.270242000000000000e+06
1.112124931961106533e+01 3.301521817947091986e+00 6.305222000000000000e+06
1.113697510740422381e+01 3.292684962876041510e+00 6.325026000000000000e+06
1.115268911253386719e+01 3.284219230748578244e+00 6.331922000000000000e+06
1.116838422783226115e+01 3.278878975638499949e+00 6.343698000000000000e+06
1.118408594539889478e+01 3.265571770927088835e+00 6.375158000000000000e+06
1.119980416311440052e+01 3.257409915681321433e+00 6.392178000000000000e+06
1.121552521724412621e+01 3.254272921173910316e+00 6.412826000000000000e+06
1.123121923820420243e+01 3.240416302095900924e+00 6.407078000000000000e+06
1.124691480473033778e+01 3.236379788069207564e+00 6.447954000000000000e+06
1.126262248805396560e+01 3.221828102922757786e+00 6.456026000000000000e+06
1.127833175656502007e+01 3.217564116448633271e+00 6.482034000000000000e+06
1.129403915665967872e+01 3.207402942115961775e+00 6.492878000000000000e+06
1.130972772992016750e+01 3.204721754935425437e+00 6.502074000000000000e+06
1.132543464171678238e+01 3.190888485739569180e+00 6.542930000000000000e+06
1.134116092480786619e+01 3.181376683456878407e+00 6.556598000000000000e+06
1.135687931575279030e+01 3.177724406536657664e+00 6.570330000000000000e+06
1.137258152843119419e+01 3.169489820692622306e+00 6.581882000000000000e+06
1.138829329520135047e+01 3.157797314377850828e+00 6.612546000000000000e+06
1.140401544384409860e+01 3.151724144173555064e+00 6.628622000000000000e+06
1.141971418729731447e+01 3.139371940379196424e+00 6.629498000000000000e+06
1.143540805815246841e+01 3.134696549911776930e+00 6.659250000000000000e+06
1.145112342906401892e+01 3.126037278458918767e+00 6.686006000000000000e+06
1.146683855971028443e+01 3.120855073645915745e+00 6.693786000000000000e+06
1.148253750634374093e+01 3.109179185625266406e+00 6.711554000000000000e+06
1.149824439280081201e+01 3.101875416253567774e+00 6.735678000000000000e+06
1.151395944216632472e+01 3.095732871989120838e+00 6.754754000000000000e+06
1.152967750311644046e+01 3.085791189348003449e+00 6.776570000000000000e+06
1.154536786069484400e+01 3.079610260611396200e+00 6.767394000000000000e+06
1.156106414707133290e+01 3.071267889131603646e+00 6.818246000000000000e+06
1.157679140551482533e+01 3.060474086905294211e+00 6.830562000000000000e+06
1.159249865891797526e+01 3.052925889133589976e+00 6.839186000000000000e+06
1.160819828013273636e+01 3.046045288890326663e+00 6.861462000000000000e+06
1.162390472506793770e+01 3.041065671529857184e+00 6.880394000000000000e+06
1.163962004466343636e+01 3.033794988344010068e+00 6.907178000000000000e+06
1.165533434666404133e+01 3.025131580963748235e+00 6.917034000000000000e+06
1.167104051015950716e+01 3.015514416827833610e+00 6.937934000000000000e+06
1.168673926950135034e+01 3.009110079527870685e+00 6.947250000000000000e+06
1.170244721913763897e+01 3.002174702016841223e+00 6.982106000000000000e+06
1.171816433671575730e+01 2.993516605443501177e+00 6.995718000000000000e+06
1.173387031746687015e+01 2.989795169810760544e+00 7.006682000000000000e+06
1.174957622851401240e+01 2.980618448390006225e+00 7.035866000000000000e+06
1.176529536104995444e+01 2.971118964688670872e+00 7.054110000000000000e+06
1.178099828544282701e+01 2.964948689609607335e+00 7.059194000000000000e+06
1.179669856151566165e+01 2.955187412169713479e+00 7.091802000000000000e+06
1.181240716294206905e+01 2.947947417890096400e+00 7.100666000000000000e+06
1.182811135021641213e+01 2.942824800429789445e+00 7.129070000000000000e+06
1.184382402706377313e+01 2.935484837361873822e+00 7.143282000000000000e+06
1.185952830171168593e+01 2.928889020456938663e+00 7.161482000000000000e+06
1.187523683486437243e+01 2.924491982539548562e+00 7.184694000000000000e+06
1.189095187450934432e+01 2.915200542371827019e+00 7.203914000000000000e+06
1.190666038869163401e+01 2.906096142440468100e+00 7.219746000000000000e+06
1.192235843864241396e+01 2.902048160136479371e+00 7.228634000000000000e+06
1.193806809039961259e+01 2.889991047842474625e+00 7.271990000000000000e+06
1.195377948291443992e+01 2.885445642681647271e+00 7.266786000000000000e+06
1.196947381174999947e+01 2.877049762464610083e+00 7.293650000000000000e+06
1.198518648559551458e+01 2.868777619487264285e+00 7.324086000000000000e+06
1.200090807358362710e+01 2.865654582246053295e+00 7.338650000000000000e+06
1.201661637889760037e+01 2.856977225943224230e+00 7.351962000000000000e+06
1.203230565217210035e+01 2.853170571916723741e+00 7.357190000000000000e+06
1.204801118703936780e+01 2.840838601779466011e+00 7.406042000000000000e+06
1.206372840719771133e+01 2.838199957724954814e+00 7.408626000000000000e+06
1.207943832024087349e+01 2.833061981464869650e+00 7.435610000000000000e+06
1.209515324384951640e+01 2.822170989309512379e+00 7.453542000000000000e+06
1.211085873951972935e+01 2.817322396215863556e+00 7.464002000000000000e+06
1.212656505101618798e+01 2.811912544474938880e+00 7.493546000000000000e+06
1.214227798456889929e+01 2.801772805741487460e+00 7.510806000000000000e+06
1.215799402266435081e+01 2.796301542966555864e+00 7.532114000000000000e+06
1.217369248650853386e+01 2.788650405494309314e+00 7.536234000000000000e+06
1.218938816956664795e+01 2.783128998072122329e+00 7.565834000000000000e+06
1.220511056850387632e+01 2.778346145276731960e+00 7.603062000000000000e+06
1.222082302231588535e+01 2.771631930407209232e+00 7.593890000000000000e+06
1.223651649645578665e+01 2.763893454805818273e+00 7.622906000000000000e+06
1.225222107367874180e+01 2.758326487173028863e+00 7.646622000000000000e+06
1.226793902491068877e+01 2.751189576512586221e+00 7.672058000000000000e+06
1.228364718069601835e+01 2.740801885993937592e+00 7.679346000000000000e+06
1.229933962477952214e+01 2.738981559738662863e+00 7.693058000000000000e+06
1.231504373451924117e+01 2.729546654375143433e+00 7.732158000000000000e+06
1.233076331536994985e+01 2.724602753956970158e+00 7.746962000000000000e+06
1.234648244688633945e+01 2.719051610696506582e+00 7.770986000000000000e+06
1.236218576653318735e+01 2.712936307769823419e+00 7.772094000000000000e+06
1.237788516389707461e+01 2.705162780577404558e+00 7.803818000000000000e+06
1.239360390984925964e+01 2.700131395913732302e+00 7.834338000000000000e+06
1.240931454438657155e+01 2.694570771703318268e+00 7.833710000000000000e+06
1.242501025862532238e+01 2.687222237915893874e+00 7.858794000000000000e+06
1.244071609171995973e+01 2.679608182854765541e+00 7.884290000000000000e+06
1.245642554635569788e+01 2.677034120768125636e+00 7.901522000000000000e+06
1.247213990979998322e+01 2.669371106724760523e+00 7.930662000000000000e+06
1.248784889213827753e+01 2.662249039817120799e+00 7.934426000000000000e+06
1.250355459696362281e+01 2.656895252884218461e+00 7.967322000000000000e+06
1.251926642764211373e+01 2.648921927943778787e+00 7.981934000000000000e+06
1.253497567568721927e+01 2.644347156579013536e+00 8.003282000000000000e+06
1.255068061703326165e+01 2.638240046405922357e+00 8.019666000000000000e+06
1.256637936912699516e+01 2.632581913806017582e+00 8.034482000000000000e+06
1.258208508998344399e+01 2.626438085096415520e+00 8.068542000000000000e+06
1.259780313698870202e+01 2.621000977957022027e+00 8.088290000000000000e+06
1.261351163942811127e+01 2.611982329754177101e+00 8.096322000000000000e+06
1.262921162496122385e+01 2.607540449257545134e+00 8.122646000000000000e+06
1.264492727534496019e+01 2.603114941121242421e+00 8.150138000000000000e+06
1.266064123044320411e+01 2.595471678887862677e+00 8.165322000000000000e+06
1.267635049109034462e+01 2.588149401398630811e+00 8.182574000000000000e+06
1.269205751319950970e+01 2.583640207135855071e+00 8.203698000000000000e+06
1.270776623809462613e+01 2.579588895666102832e+00 8.226914000000000000e+06
1.272347983526652904e+01 2.572185080984389582e+00 8.246898000000000000e+06
1.273918476699724422e+01 2.566596229816985986e+00 8.261774000000000000e+06
1.275488532096565741e+01 2.559416317024875820e+00 8.279426000000000000e+06
1.277058911046302292e+01 2.554991489665919602e+00 8.308722000000000000e+06
1.278629950396799053e+01 2.548500434891536326e+00 8.326214000000000000e+06
1.280200365974331511e+01 2.544113751429096570e+00 8.342682000000000000e+06
1.281770065856501084e+01 2.538637891865811458e+00 8.360834000000000000e+06
1.283340848437807935e+01 2.531727133285818887e+00 8.393226000000000000e+06
1.284913125601308792e+01 2.526493946069844565e+00 8.420150000000000000e+06
1.286484437274510917e+01 2.521685977630454545e+00 8.421986000000000000e+06
1.288054190366636220e+01 2.513557053909237116e+00 8.445714000000000000e+06
1.289624751817243542e+01 2.508027179410309948e+00 8.472590000000000000e+06
1.291196350413541616e+01 2.503386197422831749e+00 8.495370000000000000e+06
1.292767561271233312e+01 2.496479772465047375e+00 8.512802000000000000e+06
1.294337627341686670e+01 2.492196323250763346e+00 8.523290000000000000e+06
1.295909254465509619e+01 2.488748430459893690e+00 8.570982000000000000e+06
1.297481202941889933e+01 2.481121107205053633e+00 8.568458000000000000e+06
1.299050877709477980e+01 2.476457107426100812e+00 8.586498000000000000e+06
1.300620190024628187e+01 2.469216635276445082e+00 8.608838000000000000e+06
1.302191363383399469e+01 2.467604946325360427e+00 8.645610000000000000e+06
1.303763169598336091e+01 2.461428030582143212e+00 8.658386000000000000e+06
1.305333181807477239e+01 2.454704901530789574e+00 8.668598000000000000e+06
1.306903073371036683e+01 2.447553333595479774e+00 8.697426000000000000e+06
1.308473895878913140e+01 2.443772139424174039e+00 8.722562000000000000e+06
1.310044895130510945e+01 2.437214993610638203e+00 8.737962000000000000e+06
1.311616215419301668e+01 2.434038894283968801e+00 8.771366000000000000e+06
1.313186858979111094e+01 2.429155365231598473e+00 8.771010000000000000e+06
1.314758318782488900e+01 2.423972566873007661e+00 8.822618000000000000e+06
1.316329275779432884e+01 2.419117034294663515e+00 8.807726000000000000e+06
1.317898595262972350e+01 2.413997529344964477e+00 8.844618000000000000e+06
1.319469240226760220e+01 2.407404358824191348e+00 8.868722000000000000e+06
1.321040689247021405e+01 2.401650179938039198e+00 8.891394000000000000e+06
1.322611949941154208e+01 2.398740610062866097e+00 8.911934000000000000e+06
1.324182463394985909e+01 2.390263805060052871e+00 8.923938000000000000e+06
1.325752875752444560e+01 2.384879874000439326e+00 8.953682000000000000e+06
1.327324685934994797e+01 2.381114112433736718e+00 8.981966000000000000e+06
1.328896030804089534e+01 2.375286776779161446e+00 8.990442000000000000e+06
1.330465770248929935e+01 2.370034705192368474e+00 9.007874000000000000e+06
1.332036222917837698e+01 2.367032482197663601e+00 9.038982000000000000e+06
1.333608106842605068e+01 2.359035658323197726e+00 9.068570000000000000e+06
1.335180331535189246e+01 2.352663713161442960e+00 9.085250000000000000e+06
1.336750361723562541e+01 2.351969522350239927e+00 9.084690000000000000e+06
1.338320275923961589e+01 2.345287487070930599e+00 9.128654000000000000e+06
1.339890831652831338e+01 2.341936479885954103e+00 9.133170000000000000e+06
1.341462514739588485e+01 2.336794224005925624e+00 9.185882000000000000e+06
1.343033068227095939e+01 2.331678026168433338e+00 9.163254000000000000e+06
1.344603079414738112e+01 2.326322947724164703e+00 9.220130000000000000e+06
1.346175097817287813e+01 2.318992524534995603e+00 9.233138000000000000e+06
1.347746169624149459e+01 2.314995451586041586e+00 9.249378000000000000e+06
1.349316675243398933e+01 2.310222778284105605e+00 9.271550000000000000e+06
1.350886780744113125e+01 2.305479080612164111e+00 9.286266000000000000e+06
1.352457420959309786e+01 2.300893424807971765e+00 9.320762000000000000e+06
1.354027528269936731e+01 2.298854752550683056e+00 9.326718000000000000e+06
1.355597266711250448e+01 2.292931757011148264e+00 9.354602000000000000e+06
1.357167854077304803e+01 2.286711745648660532e+00 9.384122000000000000e+06
1.358738838662311110e+01 2.279813098945352223e+00 9.400482000000000000e+06
1.360310113866151482e+01 2.275806619526795860e+00 9.432638000000000000e+06
1.361881507393887070e+01 2.273498371785204863e+00 9.445314000000000000e+06
1.363453202384387275e+01 2.267188616155040304e+00 9.477290000000000000e+06
1.365024566205330991e+01 2.263300250748694342e+00 9.489182000000000000e+06
1.366595033684499860e+01 2.257584277877111134e+00 9.506706000000000000e+06
1.368165392332742947e+01 2.254769834795087746e+00 9.533978000000000000e+06
1.369736167268202998e+01 2.249979117954978847e+00 9.553662000000000000e+06
1.371307055606699343e+01 2.245149384529849357e+00 9.579506000000000000e+06
1.372878654632152795e+01 2.240454227817082256e+00 9.607866000000000000e+06
1.374449164540093271e+01 2.235438660981891257e+00 9.608354000000000000e+06
1.376018948147827103e+01 2.232511207646894924e+00 9.643862000000000000e+06
1.377590285876657106e+01 2.223905127490828360e+00 9.670578000000000000e+06
1.379161550194992891e+01 2.219912695127628233e+00 9.687890000000000000e+06
1.380731081996385612e+01 2.217759824472465446e+00 9.693294000000000000e+06
1.382300999567189415e+01 2.211975636075222962e+00 9.736034000000000000e+06
1.383872564254849102e+01 2.207757067207872570e+00 9.758946000000000000e+06
1.385444081006387584e+01 2.204203418061203124e+00 9.778994000000000000e+06
1.387015071998694360e+01 2.199834558459515588e+00 9.796814000000000000e+06
1.388585452423644107e+01 2.194795251689895199e+00 9.816882000000000000e+06
1.390156760444444295e+01 2.191968662752014740e+00 9.850514000000000000e+06
1.391727461050539816e+01 2.185528256620139054e+00 9.856062000000000000e+06
1.393297592547683017e+01 2.181827395292223581e+00 9.886706000000000000e+06
1.394868876145243419e+01 2.176939257138373662e+00 9.916194000000000000e+06
1.396439742877755918e+01 2.174095659240931955e+00 9.924854000000000000e+06
1.398010702101767677e+01 2.170910175084249438e+00 9.961490000000000000e+06
1.399582173626056658e+01 2.165102497239730361e+00 9.979098000000000000e+06
1.401152670862070160e+01 2.158582364073188931e+00 9.990266000000000000e+06
1.402722014478893797e+01 2.156025959016012017e+00 1.001239800000000000e+07
1.404291897715275006e+01 2.152964422703947722e+00 1.003881800000000000e+07
1.405862735443806244e+01 2.148296648101157391e+00 1.007208200000000000e+07
1.407433479531513143e+01 2.143664723728933019e+00 1.008267000000000000e+07
1.409004917104677368e+01 2.140549662726091373e+00 1.012322600000000000e+07
1.410576653922355916e+01 2.134851740048233637e+00 1.013483400000000000e+07
1.412147260933269344e+01 2.130258830019356786e+00 1.015145000000000000e+07
1.413717993358438640e+01 2.126848687338461552e+00 1.018411800000000000e+07
1.415289157905369954e+01 2.122505223136509578e+00 1.019981000000000000e+07
1.416860366393267157e+01 2.118724552524215543e+00 1.023038600000000000e+07
1.418430896436029265e+01 2.114172481577569318e+00 1.023833400000000000e+07
1.420001284291687682e+01 2.112737127265738923e+00 1.027159400000000000e+07
1.421572657614547808e+01 2.107281137743680421e+00 1.029841800000000000e+07
1.423143337578410517e+01 2.102669554335607760e+00 1.030681400000000000e+07
1.424713778177505397e+01 2.099045710474093163e+00 1.034130600000000000e+07
1.426285025225489456e+01 2.093052851717704499e+00 1.036284200000000000e+07
1.427856427368283398e+01 2.089667425622548258e+00 1.038883400000000000e+07
1.429426790244143852e+01 2.085331817311697478e+00 1.039563000000000000e+07
1.430996575509801971e+01 2.082581688770135830e+00 1.042536200000000000e+07
1.432567210679634506e+01 2.075198717768445889e+00 1.045427400000000000e+07
1.434138366999696146e+01 2.075306533678096699e+00 1.047829400000000000e+07
1.435709809438420237e+01 2.069516535137059243e+00 1.050181800000000000e+07
1.437280392282341523e+01 2.065510646412060503e+00 1.051481000000000000e+07
1.438851160269255303e+01 2.061948411019901339e+00 1.054884200000000000e+07
1.440422192675342039e+01 2.058416147240202054e+00 1.056646200000000000e+07
1.441992714275331444e+01 2.053937116090682746e+00 1.058681000000000000e+07
1.443563532454286502e+01 2.049544632977212899e+00 1.061495400000000000e+07
1.445133980253338457e+01 2.046421361419102691e+00 1.063105400000000000e+07
1.446704700330820970e+01 2.042220288525187666e+00 1.066236200000000000e+07
1.448275628028434348e+01 2.038917740627147701e+00 1.068335400000000000e+07
1.449846208348667354e+01 2.034426557705000693e+00 1.069929800000000000e+07
1.451417198299666467e+01 2.031887787646680987e+00 1.073878200000000000e+07
1.452988075651297706e+01 2.026444588439420436e+00 1.074420200000000000e+07
1.454558861043286200e+01 2.022390821304696384e+00 1.078218600000000000e+07
1.456129125218806841e+01 2.022451994748986959e+00 1.078496600000000000e+07
1.457699892464232683e+01 2.017419704635562638e+00 1.083393800000000000e+07
1.459271566640466311e+01 2.011703206577939884e+00 1.084813800000000000e+07
1.460843060267550619e+01 2.005877816388544677e+00 1.087376600000000000e+07
1.462413856613178353e+01 2.003693957088152011e+00 1.088697000000000000e+07
1.463984038393505038e+01 2.000869832801860593e+00 1.091244200000000000e+07
1.465554487563843367e+01 1.997471448877897071e+00 1.093669800000000000e+07
1.467125359738870749e+01 1.994978361578757742e+00 1.096614200000000000e+07
1.468695215062295389e+01 1.990655996592500143e+00 1.096874600000000000e+07
1.470265208970906734e+01 1.986926627035638493e+00 1.101460200000000000e+07
1.471836994524712061e+01 1.985030210706114184e+00 1.104277400000000000e+07
1.473408908505314230e+01 1.980255615119648649e+00 1.106147400000000000e+07
1.474979494899728394e+01 1.975711969798915391e+00 1.107245000000000000e+07
1.476549319820674455e+01 1.972219143290364851e+00 1.109692200000000000e+07
1.478120959716355998e+01 1.968367184538034609e+00 1.114652600000000000e+07
1.479692708607952589e+01 1.964630353748501035e+00 1.114560200000000000e+07
1.481262773648680664e+01 1.961461589718601850e+00 1.116844200000000000e+07
1.482831807978547367e+01 1.958855517254763923e+00 1.118108600000000000e+07
1.484403479212634736e+01 1.955470140124802247e+00 1.125011400000000000e+07
1.485975910022496826e+01 1.953079609816879447e+00 1.124210600000000000e+07
1.487546116254211981e+01 1.948892924434594054e+00 1.126544600000000000e+07
1.489116101759013233e+01 1.945257671576511083e+00 1.128549000000000000e+07
1.490687605691364404e+01 1.939691010576819474e+00 1.133592200000000000e+07
1.492259047301397423e+01 1.937979528919791861e+00 1.133013000000000000e+07
1.493828361520856873e+01 1.933822124507033724e+00 1.135727000000000000e+07
1.495398746968900205e+01 1.930315289235372322e+00 1.138909800000000000e+07
1.496970470176504620e+01 1.929011690398631629e+00 1.142664200000000000e+07
1.498541811108218447e+01 1.925622485097571168e+00 1.143135800000000000e+07
1.500112369815582269e+01 1.922567708499639538e+00 1.146229800000000000e+07
1.501682771044461795e+01 1.918000397588612849e+00 1.147920200000000000e+07
1.503253401606537842e+01 1.914634432419273224e+00 1.150974600000000000e+07
1.504823456875438481e+01 1.912284772918864784e+00 1.152306200000000000e+07
1.506393551489705551e+01 1.909343980422647080e+00 1.155621000000000000e+07
1.507964770104679175e+01 1.904959164783873948e+00 1.158828200000000000e+07
1.509535661435938536e+01 1.900026776679219376e+00 1.159964600000000000e+07
1.511107216380126061e+01 1.898660177510636426e+00 1.164527400000000000e+07
1.512678669010588095e+01 1.896164915122215522e+00 1.164933800000000000e+07
1.514248358802091232e+01 1.892231941574843646e+00 1.166538600000000000e+07
1.515819551110980434e+01 1.889155875195809964e+00 1.171928600000000000e+07
1.517391026295977774e+01 1.886668399208309088e+00 1.172073800000000000e+07
1.518961803510608810e+01 1.882916262373167449e+00 1.175507400000000000e+07
1.520532275548752743e+01 1.878318704775644221e+00 1.176716600000000000e+07
1.522103567250607448e+01 1.873512720274171262e+00 1.181334600000000000e+07
1.523675395281714806e+01 1.873950674181532161e+00 1.182545000000000000e+07
1.525244943101724004e+01 1.871014456732517761e+00 1.182881400000000000e+07
1.526815365307287742e+01 1.865781395437286161e+00 1.188441800000000000e+07
1.528387066072771638e+01 1.864445146196196390e+00 1.190037800000000000e+07
1.529957321464638476e+01 1.860784202085286720e+00 1.190800200000000000e+07
1.531526583627620397e+01 1.857160855692202572e+00 1.193747000000000000e+07
1.533097536464771871e+01 1.854909289824365315e+00 1.198134600000000000e+07
1.534669338573561426e+01 1.850560344533000556e+00 1.199815400000000000e+07
1.536240004252223734e+01 1.849333519088786071e+00 1.201579800000000000e+07
1.537810801182491893e+01 1.845174724191567694e+00 1.204658600000000000e+07
1.539381960142510408e+01 1.842666906094526880e+00 1.207322600000000000e+07
1.540952845721061593e+01 1.840159909077148104e+00 1.208937000000000000e+07
1.542523709037442003e+01 1.835737419931370518e+00 1.212366200000000000e+07
1.544094016867252428e+01 1.832622228774003048e+00 1.212901800000000000e+07
1.545664017249611355e+01 1.829579959992432947e+00 1.216869800000000000e+07
1.547234727593419557e+01 1.826827505707046218e+00 1.219107000000000000e+07
1.548806833453869558e+01 1.825363131869882860e+00 1.223729000000000000e+07
1.550378623459487315e+01 1.821524348977081376e+00 1.223743400000000000e+07
1.551949330626827894e+01 1.818791418998274567e+00 1.226943000000000000e+07
1.553520078467428966e+01 1.815821112644094182e+00 1.228831400000000000e+07
1.555090402017178697e+01 1.813108947696470352e+00 1.231201800000000000e+07
1.556660515225103758e+01 1.809172053638100852e+00 1.233377000000000000e+07
1.558230564648683369e+01 1.806526495039010305e+00 1.236265400000000000e+07
1.559802032509431058e+01 1.803799059142710437e+00 1.240528200000000000e+07
1.561373656517381825e+01 1.802188702844546686e+00 1.241484200000000000e+07
1.562943874868456007e+01 1.798832295071340015e+00 1.243327800000000000e+07
1.564514468723513119e+01 1.795013922836322662e+00 1.246944200000000000e+07
1.566085762263859849e+01 1.793512193943141542e+00 1.249710600000000000e+07
1.567656801168175562e+01 1.792209012749385266e+00 1.251307400000000000e+07
1.569226784315055134e+01 1.787017645047016989e+00 1.253190200000000000e+07
1.570797061764651303e+01 1.786708774643550379e+00 1.256769000000000000e+07
1.572368763200833186e+01 1.782344804209805345e+00 1.260333800000000000e+07
1.573939902922757739e+01 1.779533781991299968e+00 1.261272600000000000e+07
1.575510155432147918e+01 1.778139142979842324e+00 1.263480200000000000e+07
1.577080131559525533e+01 1.774958638461058502e+00 1.266273000000000000e+07
1.578651124257762106e+01 1.772869008053020501e+00 1.269908600000000000e+07
1.580221945868158429e+01 1.770296357333770443e+00 1.271107400000000000e+07
1.581792010585497543e+01 1.767289175418855995e+00 1.273909800000000000e+07
1.583362809238100866e+01 1.763992767134787698e+00 1.276949000000000000e+07
1.584933934958661794e+01 1.760132240744030963e+00 1.279968600000000000e+07
1.586505742005159547e+01 1.759550399239949714e+00 1.282862600000000000e+07
1.588076352344777042e+01 1.756917004979585917e+00 1.283279400000000000e+07
1.589646872608305905e+01 1.754581994855211269e+00 1.287594200000000000e+07
1.591218765353894682e+01 1.751955360763731484e+00 1.290631400000000000e+07
1.592789674253093146e+01 1.749141222393779005e+00 1.291312200000000000e+07
1.594359563934946422e+01 1.745586150358813926e+00 1.293734600000000000e+07
1.595929854003116333e+01 1.743576651686754797e+00 1.297337400000000000e+07
1.597501474699522639e+01 1.742371448097618680e+00 1.300817000000000000e+07
1.599073061961361475e+01 1.739073577765989365e+00 1.302581000000000000e+07
1.600643059467362406e+01 1.737200264854119158e+00 1.303359000000000000e+07
1.602213644221637878e+01 1.733667805539381712e+00 1.308369800000000000e+07
1.603784671360493164e+01 1.732795986408553368e+00 1.309470600000000000e+07
1.605354767035452213e+01 1.730201733333069036e+00 1.311900200000000000e+07
1.606924881116611203e+01 1.726918670307534098e+00 1.314631800000000000e+07
