# k_mean_over_bin [h Mpc^-1] P_bin [h^-3 Mpc^3] N_modes
2.004559772710005558e-02 1.948858723958333258e+03 1.800000000000000000e+01
3.504137442477287673e-02 4.636935987903225396e+03 6.200000000000000000e+01
4.923125820196404961e-02 2.346586096938775427e+03 9.800000000000000000e+01
6.378344034864788514e-02 2.007674553571428760e+03 2.100000000000000000e+02
8.007265201636723506e-02 1.497898482142857119e+03 3.500000000000000000e+02
9.616302731964322670e-02 1.124175972222222299e+03 4.500000000000000000e+02
1.110826886918061529e-01 9.216298795681063893e+02 6.020000000000000000e+02
1.260576401873836350e-01 8.306822506561679802e+02 7.620000000000000000e+02
1.422731438472266685e-01 6.003407399299475173e+02 1.142000000000000000e+03
1.585460606098175185e-01 5.198070999999999913e+02 1.250000000000000000e+03
1.737497010675804476e-01 4.601222136488339629e+02 1.458000000000000000e+03
1.889532146176534921e-01 4.169696802646085985e+02 1.814000000000000000e+03
2.049067107031824764e-01 3.647046602387511598e+02 2.178000000000000000e+03
2.207556582504124343e-01 3.262594325460368054e+02 2.498000000000000000e+03
2.358802730440638928e-01 2.865841437833714735e+02 2.622000000000000000e+03
2.513999966642255224e-01 2.671587402636309321e+02 3.338000000000000000e+03
2.675345401524344413e-01 2.301782307898979241e+02 3.722000000000000000e+03
2.835681804364247882e-01 2.105206684652278284e+02 4.170000000000000000e+03
2.990221817485779754e-01 1.885065396971087637e+02 4.358000000000000000e+03
3.144508801522025720e-01 1.719611640842272493e+02 5.034000000000000000e+03
3.303723398688626633e-01 1.577559502975148860e+02 5.714000000000000000e+03
3.461405836352134946e-01 1.419496092443998521e+02 5.982000000000000000e+03
3.616240825103435030e-01 1.360854759921236052e+02 6.602000000000000000e+03
3.771335209820414480e-01 1.244265690743338126e+02 7.130000000000000000e+03
3.929320003801179406e-01 1.155460542693552384e+02 8.034000000000000000e+03
4.088541906835200246e-01 1.103840924936091028e+02 8.606000000000000000e+03
4.245637610617153390e-01 1.020484847231413994e+02 9.066000000000000000e+03
4.402531060474126345e-01 9.593800190724753918e+01 9.962000000000000000e+03
4.559993307737377766e-01 9.093696090047393454e+01 1.055000000000000000e+04
4.716264468642791807e-01 8.617184437911990358e+01 1.122600000000000000e+04
4.872700559745485882e-01 7.928073028157417923e+01 1.214600000000000000e+04
5.028559885932096796e-01 7.631153319847692273e+01 1.260600000000000000e+04
5.184881733718289532e-01 7.219772949572525533e+01 1.380200000000000000e+04
5.343469734338623933e-01 6.896819082960551839e+01 1.475400000000000000e+04
5.500823606687799128e-01 6.626920165854942013e+01 1.519400000000000000e+04
5.657322291283440885e-01 6.324583687857056447e+01 1.645400000000000000e+04
5.814958914073736773e-01 6.055326017255450211e+01 1.715400000000000000e+04
5.972223895723582920e-01 5.679000260045987147e+01 1.826600000000000000e+04
6.128042982101440384e-01 5.472209000000000145e+01 1.875000000000000000e+04
6.284339253205113440e-01 5.256734333300385487e+01 2.023400000000000000e+04
6.442671746029442481e-01 5.017493006993007043e+01 2.145000000000000000e+04
6.600506488617494671e-01 4.757100616974774709e+01 2.196200000000000000e+04
6.757240647215254636e-01 4.677062910237831517e+01 2.346200000000000000e+04
6.914033640264998226e-01 4.479208780467515538e+01 2.404200000000000000e+04
7.071742110582083241e-01 4.351107588838356577e+01 2.594600000000000000e+04
7.228711477026328325e-01 4.125463760624856491e+01 2.611800000000000000e+04
7.383803427371078421e-01 4.038565676579655417e+01 2.750600000000000000e+04
7.540183633182427902e-01 3.884760114910892526e+01 2.906600000000000000e+04
7.698451108807217169e-01 3.799688013136289300e+01 3.045000000000000000e+04
7.856895600898408105e-01 3.647997133135908143e+01 3.174200000000000000e+04
8.013652277879936836e-01 3.523550387596899469e+01 3.225000000000000000e+04
8.170314758920321774e-01 3.421986861313868644e+01 3.425000000000000000e+04
8.328089570948037368e-01 3.301398290742934449e+01 3.545400000000000000e+04
8.485110810574266749e-01 3.184270530273920130e+01 3.643400000000000000e+04
8.640973183400223467e-01 3.127396369619447114e+01 3.768200000000000000e+04
8.797014281453264806e-01 3.011963340459103122e+01 3.929400000000000000e+04
8.955074458881261412e-01 2.928339991792594077e+01 4.142600000000000000e+04
9.112788940504138457e-01 2.882323610516806767e+01 4.206600000000000000e+04
9.269095629323458319e-01 2.779437514371119988e+01 4.349000000000000000e+04
9.426346075341276443e-01 2.698413089142707122e+01 4.570200000000000000e+04
9.583964633579682424e-01 2.611161384397649954e+01 4.663400000000000000e+04
9.741277830670563853e-01 2.577229476459200086e+01 4.855400000000000000e+04
9.896918419365114961e-01 2.491942142418661632e+01 4.887000000000000000e+04
1.005280883853215457e+00 2.449850642045234039e+01 5.155400000000000000e+04
1.021133669856560289e+00 2.376439961175817928e+01 5.409000000000000000e+04
1.036923345582897893e+00 2.348038949442132761e+01 5.431400000000000000e+04
1.052635316449924252e+00 2.266434062554911222e+01 5.691000000000000000e+04
1.068321374379237687e+00 2.216372299154517833e+01 5.748200000000000000e+04
1.084052708416924471e+00 2.170720689143271542e+01 6.062600000000000000e+04
1.099794720343638454e+00 2.121937187530634361e+01 6.120600000000000000e+04
1.115370392719358339e+00 2.088637725747163287e+01 6.257000000000000000e+04
1.131046388676299586e+00 2.030361136467366734e+01 6.573000000000000000e+04
1.146787973756363765e+00 2.010318507632786478e+01 6.668600000000000000e+04
1.162563357744132331e+00 1.936852025883095862e+01 6.969800000000000000e+04
1.178284497132076725e+00 1.902208465427127138e+01 7.002600000000000000e+04
1.193950317279141471e+00 1.860874481071124364e+01 7.274600000000000000e+04
1.209702282699210096e+00 1.815823821919637027e+01 7.491000000000000000e+04
1.225374780685234644e+00 1.784888638704735797e+01 7.572200000000000000e+04
1.240998271430952204e+00 1.753200674934292991e+01 7.837800000000000000e+04
1.256664764257009459e+00 1.712173247532175324e+01 8.003000000000000000e+04
1.272410840478912286e+00 1.681144964296877120e+01 8.318600000000000000e+04
1.288186822863345737e+00 1.655070512366238944e+01 8.466600000000000000e+04
1.303915417588580983e+00 1.621159412335636674e+01 8.654600000000000000e+04
1.319571591247041598e+00 1.604594140740236341e+01 8.813400000000000000e+04
1.335290071150018187e+00 1.560241648277218118e+01 9.153800000000000000e+04
1.351076065932102610e+00 1.535685085571946829e+01 9.313800000000000000e+04
1.366744220502850160e+00 1.499574901035161822e+01 9.447800000000000000e+04
1.382398842637798664e+00 1.492752431276600156e+01 9.727400000000000000e+04
1.398110035640304449e+00 1.461165111846725040e+01 9.969000000000000000e+04
1.413886460468706030e+00 1.437570547811677635e+01 1.025900000000000000e+05
1.429636285534090723e+00 1.402197287269923898e+01 1.037700000000000000e+05
1.445306605055457050e+00 1.382577859063810521e+01 1.063460000000000000e+05
1.461013711917952262e+00 1.360306114458386162e+01 1.085460000000000000e+05
1.476673177691520511e+00 1.337223190578545129e+01 1.107260000000000000e+05
1.492290034206421145e+00 1.321445153220206237e+01 1.123220000000000000e+05
1.507927144850305323e+00 1.292777310380533251e+01 1.158900000000000000e+05
1.523672039552622426e+00 1.278717393866931573e+01 1.187660000000000000e+05
1.539529612741652898e+00 1.248593190403767750e+01 1.222980000000000000e+05
1.555255682884948643e+00 1.229745065115898228e+01 1.220900000000000000e+05
1.570915139150699025e+00 1.206689253636435843e+01 1.258100000000000000e+05
1.586615417395881300e+00 1.191442195179031138e+01 1.281900000000000000e+05
1.602349128730716110e+00 1.180276005007862850e+01 1.309940000000000000e+05
1.618092970072432468e+00 1.159243523877895932e+01 1.337220000000000000e+05
1.633691869942670349e+00 1.144392804326068536e+01 1.338860000000000000e+05
1.649409265493691379e+00 1.124785111500092505e+01 1.405380000000000000e+05
1.665187908327643740e+00 1.108698895400941709e+01 1.405940000000000000e+05
1.680850492570835852e+00 1.100021588645765114e+01 1.435940000000000000e+05
1.696519855450446368e+00 1.074631774998291256e+01 1.463100000000000000e+05
1.712283888024584311e+00 1.064014769332890786e+01 1.506500000000000000e+05
1.728062750495691580e+00 1.041793300814934753e+01 1.519140000000000000e+05
1.743677621635411956e+00 1.035713878277422140e+01 1.533980000000000000e+05
1.759326900058858056e+00 1.020772205541408617e+01 1.578660000000000000e+05
1.775054491615896124e+00 1.004492462249000972e+01 1.606580000000000000e+05
1.790812707084186828e+00 9.918925424431145998e+00 1.641020000000000000e+05
1.806502370397551793e+00 9.790144641623331978e+00 1.649940000000000000e+05
1.822179181907750412e+00 9.662157050338533892e+00 1.698500000000000000e+05
1.837969879070209256e+00 9.526278860717052765e+00 1.729860000000000000e+05
1.853671296024801851e+00 9.426624121591315131e+00 1.738940000000000000e+05
1.869276128590041663e+00 9.236578505243864257e+00 1.767780000000000000e+05
1.884971315263449521e+00 9.177817763280932795e+00 1.818020000000000000e+05
1.900728701795381337e+00 9.063505123895245319e+00 1.844300000000000000e+05
1.916473113569008957e+00 8.907651595261746991e+00 1.872420000000000000e+05
1.932184550553521118e+00 8.787283837056504510e+00 1.902500000000000000e+05
1.947873540515684621e+00 8.734831489847847408e+00 1.925700000000000000e+05
1.963628987715589025e+00 8.612314253432465705e+00 1.982540000000000000e+05
1.979352443321290567e+00 8.499225668184617888e+00 1.980740000000000000e+05
1.994985102385879783e+00 8.414964736451373994e+00 2.020500000000000000e+05
2.010642946468935932e+00 8.314910560481163060e+00 2.055020000000000000e+05
2.026404853291889907e+00 8.193961056838787727e+00 2.106660000000000000e+05
2.042160456326457041e+00 8.094923643998381380e+00 2.124260000000000000e+05
2.057814165424180164e+00 8.017295178526351762e+00 2.139180000000000000e+05
2.073527677012330095e+00 7.848193842366760542e+00 2.209940000000000000e+05
2.089278417178157987e+00 7.851291293866974996e+00 2.215220000000000000e+05
2.104986990842491412e+00 7.730967814629231327e+00 2.263140000000000000e+05
2.120648332719080376e+00 7.671110434063370676e+00 2.272940000000000000e+05
2.136325270632163154e+00 7.571888870287858175e+00 2.329620000000000000e+05
2.152108843985087283e+00 7.465666497069188168e+00 2.378180000000000000e+05
2.167848330950028934e+00 7.383006568847053863e+00 2.383980000000000000e+05
2.183487011646054743e+00 7.274792061900935636e+00 2.414180000000000000e+05
2.199161543715647316e+00 7.209082704664974806e+00 2.468180000000000000e+05
2.214891261589180704e+00 7.124453294438708895e+00 2.499060000000000000e+05
2.230633719354165212e+00 7.060836291038153689e+00 2.547020000000000000e+05
2.246304452642782667e+00 6.992440589895368319e+00 2.544180000000000000e+05
2.261936219733039710e+00 6.924974265807324336e+00 2.603540000000000000e+05
2.277652682978908771e+00 6.851073595899975111e+00 2.649740000000000000e+05
2.293412993398419975e+00 6.766091443945787987e+00 2.687220000000000000e+05
2.309141229127018580e+00 6.714542167166245967e+00 2.715620000000000000e+05
2.324861995439862383e+00 6.653639880110019611e+00 2.755860000000000000e+05
2.340611254050383838e+00 6.568157767943181291e+00 2.801900000000000000e+05
2.356347512584163972e+00 6.496052896752158468e+00 2.828340000000000000e+05
2.372029090470274770e+00 6.420119577795700749e+00 2.851700000000000000e+05
2.387678575256837910e+00 6.402749270402847692e+00 2.898860000000000000e+05
2.403388144851942965e+00 6.261764620985214691e+00 2.944740000000000000e+05
2.419137134775790621e+00 6.223998574280963147e+00 2.994980000000000000e+05
2.434829961640033513e+00 6.115094863280859272e+00 2.999580000000000000e+05
2.450497308929298512e+00 6.102690218990511895e+00 3.058580000000000000e+05
2.466221636752867319e+00 6.026698954934779806e+00 3.107940000000000000e+05
2.481948465814230342e+00 5.991473879047661377e+00 3.130820000000000000e+05
2.497590277097707201e+00 5.932599210241547460e+00 3.160460000000000000e+05
2.513275416848666843e+00 5.895422508984600185e+00 3.222180000000000000e+05
2.529064510703705970e+00 5.798939013032548218e+00 3.285620000000000000e+05
2.544794402047916737e+00 5.758525412360133267e+00 3.279900000000000000e+05
2.560494211552744481e+00 5.712909580591860603e+00 3.352820000000000000e+05
2.576181421936468485e+00 5.653328050123522353e+00 3.359700000000000000e+05
2.591894431509258023e+00 5.584147736190149480e+00 3.440660000000000000e+05
2.607583387654988982e+00 5.538196282999435560e+00 3.437180000000000000e+05
2.623254199549730714e+00 5.497815065804073420e+00 3.514980000000000000e+05
2.638982641287904496e+00 5.427390551207759373e+00 3.544580000000000000e+05
2.654678626012691112e+00 5.374581318362588789e+00 3.585660000000000000e+05
2.670444989992228457e+00 5.341771322127596200e+00 3.661220000000000000e+05
2.686175440927249358e+00 5.297168612121046394e+00 3.658100000000000000e+05
2.701842627739944991e+00 5.247979129330341053e+00 3.716220000000000000e+05
2.717551213157259227e+00 5.180615435149181103e+00 3.759860000000000000e+05
2.733286153649748584e+00 5.155925046445299031e+00 3.821700000000000000e+05
2.748969671789406544e+00 5.097076028369537326e+00 3.818180000000000000e+05
2.764618654361307382e+00 5.055552667785837784e+00 3.895740000000000000e+05
2.780335699761791179e+00 5.015657940858220698e+00 3.936980000000000000e+05
2.796070941188835146e+00 4.962790518652774097e+00 3.994580000000000000e+05
2.811789112548053637e+00 4.927771541586487558e+00 4.022220000000000000e+05
2.827490314841636820e+00 4.885233533699333108e+00 4.069220000000000000e+05
2.843211154195857127e+00 4.842807599517491290e+00 4.128420000000000000e+05
2.858928231703051992e+00 4.800594865485643403e+00 4.153460000000000000e+05
2.874619177368662015e+00 4.759617279465883755e+00 4.211820000000000000e+05
2.890326114698906323e+00 4.708290295940407155e+00 4.250180000000000000e+05
2.906048402437467981e+00 4.674053609285193644e+00 4.311380000000000000e+05
2.921763628805625679e+00 4.644389327826659475e+00 4.343820000000000000e+05
2.937471873137794454e+00 4.603794759666358871e+00 4.395140000000000000e+05
2.953184957244677555e+00 4.540629258125008505e+00 4.447380000000000000e+05
2.968906663925797496e+00 4.532365897395914445e+00 4.489100000000000000e+05
2.984558046136323473e+00 4.479682347354078331e+00 4.506180000000000000e+05
3.000234259349106036e+00 4.464583596269426025e+00 4.595540000000000000e+05
3.015961727532769032e+00 4.425685750130639917e+00 4.631060000000000000e+05
3.031644310109616214e+00 4.402017313431557000e+00 4.670940000000000000e+05
3.047375174692481092e+00 4.343553526986680069e+00 4.749380000000000000e+05
3.063101981876546809e+00 4.315823127669294657e+00 4.771860000000000000e+05
3.078830627056371227e+00 4.268812026739843724e+00 4.846700000000000000e+05
3.094557810504319662e+00 4.246802940391368075e+00 4.870100000000000000e+05
3.110261594205200097e+00 4.214782572560276108e+00 4.933140000000000000e+05
3.125964816075332831e+00 4.188781678023540955e+00 4.963220000000000000e+05
3.141631896317393036e+00 4.164072248067578030e+00 5.017020000000000000e+05
3.157337752359772765e+00 4.116704551264152911e+00 5.085620000000000000e+05
3.173083719389795831e+00 4.081983288023926626e+00 5.142420000000000000e+05
3.188786557789048626e+00 4.065548242979862614e+00 5.161580000000000000e+05
3.204467197815316748e+00 4.023797746659981911e+00 5.226020000000000000e+05
3.220198671282290537e+00 3.990992315201127738e+00 5.306580000000000000e+05
3.235902890629864359e+00 3.962947747536987642e+00 5.300420000000000000e+05
3.251569828148034524e+00 3.931096185036316193e+00 5.388780000000000000e+05
3.267286627941073274e+00 3.906155698086854144e+00 5.441300000000000000e+05
3.283035940713546097e+00 3.863633311921844449e+00 5.511060000000000000e+05
3.298765460859143683e+00 3.854266925640183583e+00 5.539820000000000000e+05
3.314460844059993416e+00 3.810580357622679770e+00 5.582420000000000000e+05
3.330143171389016832e+00 3.789802779578634429e+00 5.645460000000000000e+05
3.345851379250326829e+00 3.765600076424993059e+00 5.704940000000000000e+05
3.361584602126563848e+00 3.737247772911530319e+00 5.767620000000000000e+05
3.377268728356739746e+00 3.706811169872404665e+00 5.782340000000000000e+05
3.392938729468430115e+00 3.690435760313898861e+00 5.856660000000000000e+05
3.408667868279259050e+00 3.656738374890234233e+00 5.944460000000000000e+05
3.424389234811205274e+00 3.624800923981520206e+00 5.952500000000000000e+05
3.440080480305834243e+00 3.595848621648585652e+00 6.034020000000000000e+05
3.455784618188979973e+00 3.571242233059261029e+00 6.073820000000000000e+05
3.471525160057367110e+00 3.554471969660135233e+00 6.170100000000000000e+05
3.487238767224073666e+00 3.528552818031771565e+00 6.167780000000000000e+05
3.502915625786326537e+00 3.496196854401628862e+00 6.247460000000000000e+05
3.518586106862040097e+00 3.485102585413542009e+00 6.280620000000000000e+05
3.534307349250015218e+00 3.458589168139378334e+00 6.394100000000000000e+05
3.550068710260413152e+00 3.435627198835375484e+00 6.429540000000000000e+05
3.565767888001763808e+00 3.396033354283609196e+00 6.459740000000000000e+05
3.581461222735204064e+00 3.389750416991843540e+00 6.534900000000000000e+05
3.597192469838640605e+00 3.363015440123739097e+00 6.607460000000000000e+05
3.612919158616691995e+00 3.335177297388384421e+00 6.646460000000000000e+05
3.628586467998942577e+00 3.308759310045107593e+00 6.672900000000000000e+05
3.644285378749239968e+00 3.301837242317763099e+00 6.790340000000000000e+05
3.660034277074527331e+00 3.265973558783809239e+00 6.827220000000000000e+05
3.675778456195528676e+00 3.242363339399743527e+00 6.912380000000000000e+05
3.691462939495495199e+00 3.218274489472873867e+00 6.886020000000000000e+05
3.707119062495245476e+00 3.209205637347929407e+00 7.008260000000000000e+05
3.722835657036279500e+00 3.179420529942096785e+00 7.056620000000000000e+05
3.738525241535239463e+00 3.165614675488182872e+00 7.100820000000000000e+05
3.754222022037374984e+00 3.136429274627969832e+00 7.191620000000000000e+05
3.769933075336735051e+00 3.129141571478019745e+00 7.222500000000000000e+05
3.785638982915165762e+00 3.104558379242936095e+00 7.315100000000000000e+05
3.801371646679615690e+00 3.084798599210800241e+00 7.364420000000000000e+05
3.817071920577178812e+00 3.070288690211068428e+00 7.408980000000000000e+05
3.832786088560887094e+00 3.042270428363091472e+00 7.501580000000000000e+05
3.848527037353541402e+00 3.028275217058391977e+00 7.548660000000000000e+05
3.864237146903921616e+00 2.996429538422713978e+00 7.608260000000000000e+05
3.879924913395807362e+00 2.975883272210399166e+00 7.640340000000000000e+05
3.895614312689095637e+00 2.963597731331556684e+00 7.738460000000000000e+05
3.911337112419497331e+00 2.943123055376714703e+00 7.797140000000000000e+05
3.927042470174961331e+00 2.916713522900266753e+00 7.843140000000000000e+05
3.942732744372309028e+00 2.916271030730076319e+00 7.913420000000000000e+05
3.958453356041855553e+00 2.883080787233350595e+00 7.994580000000000000e+05
3.974178210282603096e+00 2.871175595866636954e+00 8.049620000000000000e+05
3.989882091819433985e+00 2.859403372243839225e+00 8.095500000000000000e+05
4.005543263014349264e+00 2.836558248858576547e+00 8.134580000000000000e+05
4.021251082866698745e+00 2.822579894658219235e+00 8.274020000000000000e+05
4.036984660952785298e+00 2.797897523346101867e+00 8.286180000000000000e+05
4.052682707895367109e+00 2.787297262097362172e+00 8.369180000000000000e+05
4.068393481757100361e+00 2.763267700747679800e+00 8.428740000000000000e+05
4.084099847894954394e+00 2.748592138818703567e+00 8.493380000000000000e+05
4.099829833438938920e+00 2.737368762966533087e+00 8.589420000000000000e+05
4.115554037649255648e+00 2.721125278462399599e+00 8.609780000000000000e+05
4.131235382450070936e+00 2.701962984800989620e+00 8.683460000000000000e+05
4.146931063430173481e+00 2.687217621127253153e+00 8.751540000000000000e+05
4.162664190717507928e+00 2.670702561683746534e+00 8.862140000000000000e+05
4.178388818068090593e+00 2.656893421506379749e+00 8.873460000000000000e+05
4.194077990613248375e+00 2.639533746896599364e+00 8.949860000000000000e+05
4.209774815316590590e+00 2.625219877843181226e+00 9.027740000000000000e+05
4.225510829075685315e+00 2.604104585611009437e+00 9.121140000000000000e+05
4.241231135961740506e+00 2.589356750518564620e+00 9.150260000000000000e+05
4.256908224281702680e+00 2.576103470985999788e+00 9.201420000000000000e+05
4.272591944669181352e+00 2.561991939872784396e+00 9.297620000000000000e+05
4.288308105363913825e+00 2.548589204626649174e+00 9.376980000000000000e+05
4.304040345052999150e+00 2.527587635827859280e+00 9.447620000000000000e+05
4.319738438922597901e+00 2.513342943979144817e+00 9.482540000000000000e+05
4.335428347954152883e+00 2.507955930276065448e+00 9.568020000000000000e+05
4.351157566136028443e+00 2.491543241517147678e+00 9.676580000000000000e+05
4.366881353920813780e+00 2.471687951556251317e+00 9.697020000000000000e+05
4.382546078519101940e+00 2.459172920366701209e+00 9.740900000000000000e+05
4.398246234667066545e+00 2.446959327534543149e+00 9.884820000000000000e+05
4.413979286465400165e+00 2.434003633086490037e+00 9.919940000000000000e+05
4.429695666507625695e+00 2.421830514569992765e+00 1.001030000000000000e+06
4.445410092284721948e+00 2.401658958675220390e+00 1.005450000000000000e+06
4.461113044082938295e+00 2.388996466542637087e+00 1.013738000000000000e+06
4.476828267150985141e+00 2.384589805326364775e+00 1.021710000000000000e+06
4.492511763187552631e+00 2.366498115522661649e+00 1.023626000000000000e+06
4.508191962689182652e+00 2.354932595377251747e+00 1.035834000000000000e+06
4.523895492512806982e+00 2.334303593630198570e+00 1.040786000000000000e+06
4.539619944099110960e+00 2.322775174087500449e+00 1.053206000000000000e+06
4.555352641131003466e+00 2.319244665573007680e+00 1.057002000000000000e+06
4.571063024183976253e+00 2.305530699371556302e+00 1.063898000000000000e+06
4.586777883756269603e+00 2.286388800334084426e+00 1.072782000000000000e+06
4.602497091253785477e+00 2.276196300422867136e+00 1.078826000000000000e+06
4.618214197372230601e+00 2.265479740275497811e+00 1.087922000000000000e+06
4.633911257076816170e+00 2.251376669656137697e+00 1.090494000000000000e+06
4.649602879492176655e+00 2.244201951765178116e+00 1.101362000000000000e+06
4.665319475274260164e+00 2.227820593222935130e+00 1.109802000000000000e+06
4.681029787370054152e+00 2.218702277405218748e+00 1.114514000000000000e+06
4.696725959476505174e+00 2.206131231059696329e+00 1.123926000000000000e+06
4.712406649780284340e+00 2.199058203210341844e+00 1.125986000000000000e+06
4.728114322813286030e+00 2.187904112967118397e+00 1.143554000000000000e+06
4.743843028016581087e+00 2.169622655519738430e+00 1.144710000000000000e+06
4.759548007240657519e+00 2.162741612349200704e+00 1.154018000000000000e+06
4.775245161051470788e+00 2.150251473755175002e+00 1.159962000000000000e+06
4.790962214315927170e+00 2.139534973091053338e+00 1.170986000000000000e+06
4.806687460548234370e+00 2.127481874001606155e+00 1.178142000000000000e+06
4.822395264713009944e+00 2.114446584604041224e+00 1.182674000000000000e+06
4.838087150261329406e+00 2.102796846688754773e+00 1.191002000000000000e+06
4.853789238284354823e+00 2.095002199197292914e+00 1.200438000000000000e+06
4.869505086231880497e+00 2.085520195139393351e+00 1.208162000000000000e+06
4.885214491676148185e+00 2.070747734225983461e+00 1.215258000000000000e+06
4.900926883998794281e+00 2.063373168296934956e+00 1.224134000000000000e+06
4.916625846311874604e+00 2.052439445212179692e+00 1.228722000000000000e+06
4.932342634886152766e+00 2.040996127591593545e+00 1.243154000000000000e+06
4.948070326910561256e+00 2.031935453825734594e+00 1.245434000000000000e+06
4.963768804148687153e+00 2.019267892966463140e+00 1.255158000000000000e+06
4.979434324396031286e+00 2.014158058632855575e+00 1.255610000000000000e+06
4.995141433729042291e+00 1.998172104367537782e+00 1.277562000000000000e+06
5.010861288158379168e+00 1.991806430249510873e+00 1.274414000000000000e+06
5.026541157639806023e+00 1.983927802151487674e+00 1.285994000000000000e+06
5.042268623956381646e+00 1.977747447232546030e+00 1.299570000000000000e+06
5.058004057666776632e+00 1.962044071139263268e+00 1.302122000000000000e+06
5.073708472230649136e+00 1.958523211673933950e+00 1.311366000000000000e+06
5.089416062574173338e+00 1.946838997684936068e+00 1.319186000000000000e+06
5.105125718147387026e+00 1.930572631106330039e+00 1.327434000000000000e+06
5.120844162483882300e+00 1.926939962341863488e+00 1.337294000000000000e+06
5.136559523760397816e+00 1.916097428373537470e+00 1.342730000000000000e+06
5.152249190297466086e+00 1.905376248546909901e+00 1.350570000000000000e+06
5.167964438968511764e+00 1.897586948385060923e+00 1.362590000000000000e+06
5.183694930719036975e+00 1.886966323963384484e+00 1.369698000000000000e+06
5.199396876860907568e+00 1.876728835403523421e+00 1.374914000000000000e+06
5.215085304919099940e+00 1.871465484218362674e+00 1.383570000000000000e+06
5.230792918294650207e+00 1.859753549944316076e+00 1.395374000000000000e+06
5.246488601864924384e+00 1.852013143936194428e+00 1.396994000000000000e+06
5.262173864255401234e+00 1.845730696478289579e+00 1.411530000000000000e+06
5.277882169399597423e+00 1.832885091007594669e+00 1.417574000000000000e+06
5.293593862527794514e+00 1.830927175585127520e+00 1.428834000000000000e+06
5.309329162212978126e+00 1.818483160043863345e+00 1.439018000000000000e+06
5.325038544756345971e+00 1.810679615019941791e+00 1.440698000000000000e+06
5.340730707861512272e+00 1.800956806302531854e+00 1.453638000000000000e+06
5.356455198073618362e+00 1.797668450608366886e+00 1.463426000000000000e+06
5.372183387575214297e+00 1.784756296522891805e+00 1.471050000000000000e+06
5.387886704686054351e+00 1.777122761299654963e+00 1.476638000000000000e+06
5.403571864278901238e+00 1.771229182749891162e+00 1.484466000000000000e+06
5.419293101301720483e+00 1.763414513101254188e+00 1.501154000000000000e+06
5.435016692426076546e+00 1.752558756507598847e+00 1.501706000000000000e+06
5.450702716928278235e+00 1.747344032624501997e+00 1.511502000000000000e+06
5.466391334468550411e+00 1.735983078920745104e+00 1.520234000000000000e+06
5.482117703928910402e+00 1.731346049862867442e+00 1.535010000000000000e+06
5.497863847458584807e+00 1.720171859024283378e+00 1.543358000000000000e+06
5.513531058887967795e+00 1.712813217481445438e+00 1.535754000000000000e+06
5.529215141747752860e+00 1.707388698378452974e+00 1.564802000000000000e+06
5.544946168569442335e+00 1.702493477445845782e+00 1.563038000000000000e+06
5.560660432948157705e+00 1.690494676342128244e+00 1.578426000000000000e+06
5.576372628764702633e+00 1.684640103396687350e+00 1.581482000000000000e+06
5.592071614671378477e+00 1.674975192337886609e+00 1.592250000000000000e+06
5.607777086420917101e+00 1.672366482964368517e+00 1.602230000000000000e+06
5.623461069549345659e+00 1.663242933184774897e+00 1.604754000000000000e+06
5.639160437381193880e+00 1.658294209027889821e+00 1.623458000000000000e+06
5.654868621787905170e+00 1.647783107987519369e+00 1.624910000000000000e+06
5.670595720084466329e+00 1.641127375355748708e+00 1.645122000000000000e+06
5.686329311743176795e+00 1.635481694455757307e+00 1.645130000000000000e+06
5.702030577628509178e+00 1.625085462032510808e+00 1.655706000000000000e+06
5.717729455961197083e+00 1.619082213306626494e+00 1.663502000000000000e+06
5.733437446791940673e+00 1.612480110580991832e+00 1.675514000000000000e+06
5.749160581051054209e+00 1.605132742102583610e+00 1.685298000000000000e+06
5.764862604826690884e+00 1.597938908571786998e+00 1.689566000000000000e+06
5.780540220411323205e+00 1.591896221692140179e+00 1.697850000000000000e+06
5.796263083616094214e+00 1.584186283055559752e+00 1.718546000000000000e+06
5.812002089276253614e+00 1.579214447774246244e+00 1.719822000000000000e+06
5.827695374356858693e+00 1.574108819369553602e+00 1.726586000000000000e+06
5.843388762833780170e+00 1.562646692188184527e+00 1.739186000000000000e+06
5.859113401958328637e+00 1.560223643449357267e+00 1.751538000000000000e+06
5.874835542646639652e+00 1.554173146339548728e+00 1.758062000000000000e+06
5.890526526341067992e+00 1.546302913766796516e+00 1.763010000000000000e+06
5.906225304599603376e+00 1.545773264096990784e+00 1.778642000000000000e+06
5.921952302649206246e+00 1.534275336551525148e+00 1.788582000000000000e+06
5.937670641668214344e+00 1.531340925122552044e+00 1.794746000000000000e+06
5.953363561148200311e+00 1.522740102812082608e+00 1.803290000000000000e+06
5.969050785955167804e+00 1.515868486818202410e+00 1.811058000000000000e+06
5.984760739104396876e+00 1.510735178777897980e+00 1.828358000000000000e+06
6.000476423734360409e+00 1.502784949125295810e+00 1.831362000000000000e+06
6.016171151071699974e+00 1.499595377479432390e+00 1.842458000000000000e+06
6.031847003222677195e+00 1.489938267393901006e+00 1.846998000000000000e+06
6.047561647623719061e+00 1.483905812461679741e+00 1.869122000000000000e+06
6.063310204662919034e+00 1.479675656835146569e+00 1.876346000000000000e+06
6.079025982393490679e+00 1.477186026541016606e+00 1.879506000000000000e+06
6.094727626162438128e+00 1.469278666220185992e+00 1.893326000000000000e+06
6.110443426078910001e+00 1.465187141200088750e+00 1.901826000000000000e+06
6.126157349655630746e+00 1.454366378620495448e+00 1.911962000000000000e+06
6.141856082144041551e+00 1.451582249460451779e+00 1.919198000000000000e+06
6.157554229047926597e+00 1.447725337030279169e+00 1.930242000000000000e+06
6.173264880434389923e+00 1.438350025380423336e+00 1.942442000000000000e+06
6.188983763239934710e+00 1.433895064593843305e+00 1.951734000000000000e+06
6.204674311183065782e+00 1.428422263043609419e+00 1.955402000000000000e+06
6.220364132923639211e+00 1.422909256143190859e+00 1.971858000000000000e+06
6.236097232341974106e+00 1.417861900208474246e+00 1.984898000000000000e+06
6.251804714023632137e+00 1.412781624448379958e+00 1.986422000000000000e+06
6.267477684964911866e+00 1.406490306821244651e+00 1.996146000000000000e+06
6.283195048709368180e+00 1.400823506548490860e+00 2.017106000000000000e+06
6.298926441859188152e+00 1.393649555239483639e+00 2.020638000000000000e+06
6.314631062680085449e+00 1.390882826289848939e+00 2.029346000000000000e+06
6.330330949629498605e+00 1.387829237795945359e+00 2.041002000000000000e+06
6.346042598651472133e+00 1.381403153866777256e+00 2.051450000000000000e+06
6.361769801265364066e+00 1.374304293654151188e+00 2.065886000000000000e+06
6.377467688385777933e+00 1.370452268924983841e+00 2.064546000000000000e+06
6.393156739785497145e+00 1.367015821189350167e+00 2.082650000000000000e+06
6.408877214382700416e+00 1.358718240229249696e+00 2.095182000000000000e+06
6.424598935558162083e+00 1.354022493201976207e+00 2.101346000000000000e+06
6.440311934274153494e+00 1.348783108348924120e+00 2.115554000000000000e+06
6.456005913423640052e+00 1.345403478073446735e+00 2.115654000000000000e+06
6.471719732734269037e+00 1.337212631464887114e+00 2.141066000000000000e+06
6.487439371395747223e+00 1.334787450707687562e+00 2.139786000000000000e+06
6.503131302161077265e+00 1.331235869123809090e+00 2.152202000000000000e+06
6.518819410261850855e+00 1.327173467414068719e+00 2.161086000000000000e+06
6.534523429794120375e+00 1.321610338511197691e+00 2.176058000000000000e+06
6.550254593821541071e+00 1.316017122371643921e+00 2.190818000000000000e+06
6.565965715892557952e+00 1.310938439856915716e+00 2.191158000000000000e+06
6.581657270475992583e+00 1.305325228062761189e+00 2.205314000000000000e+06
6.597356387981034409e+00 1.300470559507915347e+00 2.215554000000000000e+06
6.613072552321088260e+00 1.295575509669760317e+00 2.230562000000000000e+06
6.628796807929568935e+00 1.293037326967950706e+00 2.239614000000000000e+06
6.644501849861724985e+00 1.288641189006931587e+00 2.245706000000000000e+06
6.660203317789674671e+00 1.283608498394016140e+00 2.259674000000000000e+06
6.675922219629737420e+00 1.279705408289760538e+00 2.273214000000000000e+06
6.691636854367438048e+00 1.273103148057619816e+00 2.278802000000000000e+06
6.707348837086510862e+00 1.270295252816654008e+00 2.294034000000000000e+06
6.723042731534756733e+00 1.264057653744626197e+00 2.294942000000000000e+06
6.738741179328138209e+00 1.260040784618372545e+00 2.317050000000000000e+06
6.754459422944460556e+00 1.255181045460689981e+00 2.322842000000000000e+06
6.770155853871460572e+00 1.249443433827725158e+00 2.330810000000000000e+06
6.785853382602820894e+00 1.245439389792997176e+00 2.345958000000000000e+06
6.801555218526778468e+00 1.244134907328646511e+00 2.353586000000000000e+06
6.817285927648550903e+00 1.239962271853076947e+00 2.376210000000000000e+06
6.833012650913268260e+00 1.234747222786083176e+00 2.374502000000000000e+06
6.848703323965370515e+00 1.231529187301422246e+00 2.386346000000000000e+06
6.864405058075108812e+00 1.225749527133894290e+00 2.401314000000000000e+06
6.880122592807144777e+00 1.220412407472682537e+00 2.411450000000000000e+06
6.895827008048298623e+00 1.217644517039985663e+00 2.420718000000000000e+06
6.911509831662024261e+00 1.212893599268516143e+00 2.425754000000000000e+06
6.927232018360630406e+00 1.211728551191788350e+00 2.455218000000000000e+06
6.942960173793101042e+00 1.205141635338575989e+00 2.450942000000000000e+06
6.958661431965459165e+00 1.201920247412985976e+00 2.467130000000000000e+06
6.974361191204654808e+00 1.197801079974172289e+00 2.474874000000000000e+06
6.990070808597653951e+00 1.192269135973003102e+00 2.490362000000000000e+06
7.005778135457504163e+00 1.189950871487689632e+00 2.498142000000000000e+06
7.021469671809560609e+00 1.184959355268458747e+00 2.507090000000000000e+06
7.037177098168007738e+00 1.181559787484924184e+00 2.525562000000000000e+06
7.052899038482769889e+00 1.175922565200341108e+00 2.534726000000000000e+06
7.068628766979490052e+00 1.173074517256714522e+00 2.549906000000000000e+06
7.084334912770835935e+00 1.167701916918129301e+00 2.551074000000000000e+06
7.100038301327322721e+00 1.166883209333481775e+00 2.570702000000000000e+06
7.115745913292029989e+00 1.163515257655238999e+00 2.574642000000000000e+06
7.131451172950741046e+00 1.158274211218989658e+00 2.594066000000000000e+06
7.147151447546155723e+00 1.155758127209706165e+00 2.594802000000000000e+06
7.162835287780804805e+00 1.151698295961378626e+00 2.612030000000000000e+06
7.178551552663710034e+00 1.148491469028757761e+00 2.627954000000000000e+06
7.194283641092118486e+00 1.142270476238087973e+00 2.640402000000000000e+06
7.209984507346412386e+00 1.141218529643143631e+00 2.641454000000000000e+06
7.225685087023893338e+00 1.137341866547651126e+00 2.661834000000000000e+06
7.241394711366269554e+00 1.133023751488308140e+00 2.669138000000000000e+06
7.257108171753582582e+00 1.128872085600057806e+00 2.684858000000000000e+06
7.272822826991961698e+00 1.125793456351548372e+00 2.693910000000000000e+06
7.288518083700130212e+00 1.121498200010215829e+00 2.701682000000000000e+06
7.304234173945022057e+00 1.118827170696125695e+00 2.722698000000000000e+06
7.319945467942118533e+00 1.113346808490339734e+00 2.725262000000000000e+06
7.335649413770394034e+00 1.110514776933034353e+00 2.742450000000000000e+06
7.351353829418860286e+00 1.108923668563739806e+00 2.749850000000000000e+06
7.367055362665363205e+00 1.106059929042346734e+00 2.763902000000000000e+06
7.382770511220102527e+00 1.101771172770324103e+00 2.778498000000000000e+06
7.398475069450562991e+00 1.097976588508653206e+00 2.784530000000000000e+06
7.414188711213910210e+00 1.094937744864138418e+00 2.804106000000000000e+06
7.429901609251444050e+00 1.091491001106844161e+00 2.809790000000000000e+06
7.445612154171635133e+00 1.087536167399041132e+00 2.825058000000000000e+06
7.461320627471089928e+00 1.085722992735496550e+00 2.834330000000000000e+06
7.477011383134445133e+00 1.081558130091885284e+00 2.842022000000000000e+06
7.492720663823114968e+00 1.077601776627242769e+00 2.864754000000000000e+06
7.508423505595089864e+00 1.074606537424594555e+00 2.864186000000000000e+06
7.524104680515109500e+00 1.070908163045599659e+00 2.879538000000000000e+06
7.539811178975452499e+00 1.070171832351884289e+00 2.899454000000000000e+06
7.555522844601612498e+00 1.063831364155663817e+00 2.904258000000000000e+06
7.571252157639391633e+00 1.059732772194985184e+00 2.930234000000000000e+06
7.586982884845937747e+00 1.057935225698628301e+00 2.929526000000000000e+06
7.602682351800107874e+00 1.054998535230261103e+00 2.942442000000000000e+06
7.618398057743969609e+00 1.052517216572491865e+00 2.960810000000000000e+06
7.634111337838257683e+00 1.049518137549520169e+00 2.964954000000000000e+06
7.649813438400759225e+00 1.045456588759808181e+00 2.980910000000000000e+06
7.665516521203350919e+00 1.041872925845659825e+00 2.990978000000000000e+06
7.681228357774851467e+00 1.040298810423902376e+00 3.007626000000000000e+06
7.696947259043077416e+00 1.037035476022186264e+00 3.019166000000000000e+06
7.712641021653865891e+00 1.033400031114597661e+00 3.021090000000000000e+06
7.728340156510220105e+00 1.030808272366539713e+00 3.047834000000000000e+06
7.744066305463173983e+00 1.026291239989658433e+00 3.055590000000000000e+06
7.759785145234634918e+00 1.024980479354065332e+00 3.068546000000000000e+06
7.775464869606730112e+00 1.022912527540741356e+00 3.067274000000000000e+06
7.791162187623836388e+00 1.019052096506908534e+00 3.098058000000000000e+06
7.806896765218849232e+00 1.016324624165464430e+00 3.109214000000000000e+06
7.822604730405148032e+00 1.012387854424385392e+00 3.110466000000000000e+06
7.838284776949436150e+00 1.010085233183009690e+00 3.124370000000000000e+06
7.853986793356173557e+00 1.005619043348109809e+00 3.144174000000000000e+06
7.869722176594608598e+00 1.005229323239307027e+00 3.161738000000000000e+06
7.885429007477326557e+00 1.001065939004205818e+00 3.159890000000000000e+06
7.901109059923901334e+00 9.992831912160088370e-01 3.174138000000000000e+06
7.916812341373437256e+00 9.951741686134160103e-01 3.195926000000000000e+06
7.932546132241150794e+00 9.913671231051016663e-01 3.211386000000000000e+06
7.948275808029004352e+00 9.906298360458160035e-01 3.219314000000000000e+06
7.963974734950632239e+00 9.872269953067653869e-01 3.225494000000000000e+06
7.979672875965425405e+00 9.849982051229860813e-01 3.242562000000000000e+06
7.995382083787191618e+00 9.820547514159849722e-01 3.257450000000000000e+06
8.011096614433904861e+00 9.789240553568271386e-01 3.269118000000000000e+06
8.026799395747131527e+00 9.756719417614893031e-01 3.278930000000000000e+06
8.042483046920224865e+00 9.734214169443049514e-01 3.286650000000000000e+06
8.058198367426879116e+00 9.698151877971784574e-01 3.316610000000000000e+06
8.073929684251078598e+00 9.686943594270370772e-01 3.321542000000000000e+06
8.089631235385228436e+00 9.635332265009262098e-01 3.328578000000000000e+06
8.105328395717130263e+00 9.628761575977092813e-01 3.345074000000000000e+06
8.121039835633313331e+00 9.605288834233773887e-01 3.361686000000000000e+06
8.136751010588607613e+00 9.579785810224107356e-01 3.369722000000000000e+06
8.152451878667257290e+00 9.543754744792911637e-01 3.385290000000000000e+06
8.168148553009974222e+00 9.521165487693763474e-01 3.391370000000000000e+06
8.183868170181705537e+00 9.498521895923009994e-01 3.422966000000000000e+06
8.199591170556978170e+00 9.467377610659686304e-01 3.419538000000000000e+06
8.215301034917610323e+00 9.439395216000511235e-01 3.441890000000000000e+06
8.231010935359773129e+00 9.418103760838756333e-01 3.447582000000000000e+06
8.246721066245148890e+00 9.386234247603639780e-01 3.466298000000000000e+06
8.262408337495545041e+00 9.366926663654716601e-01 3.466194000000000000e+06
8.278098221936856405e+00 9.343180332995233428e-01 3.492062000000000000e+06
8.293810307880931987e+00 9.324376112224723734e-01 3.503114000000000000e+06
8.309519091632852295e+00 9.289281707384340336e-01 3.517146000000000000e+06
8.325241486033821303e+00 9.272553345781577860e-01 3.535706000000000000e+06
8.340953028496780775e+00 9.255933765794229773e-01 3.539742000000000000e+06
8.356659770156948497e+00 9.224893486325617120e-01 3.558698000000000000e+06
8.372371474537853686e+00 9.194393076763203165e-01 3.570122000000000000e+06
8.388083635201356358e+00 9.176712204205430545e-01 3.585174000000000000e+06
8.403790878457977342e+00 9.129833258863859768e-01 3.594314000000000000e+06
8.419496576168000956e+00 9.134472122423148432e-01 3.612258000000000000e+06
8.435201715397479205e+00 9.104845976086946013e-01 3.620282000000000000e+06
8.450905722668764497e+00 9.071270937308846261e-01 3.639078000000000000e+06
8.466617406563910819e+00 9.065149502116177649e-01 3.650450000000000000e+06
8.482317809896626315e+00 9.012716521304041661e-01 3.661418000000000000e+06
8.498018615800607023e+00 9.004995385695493404e-01 3.677694000000000000e+06
8.513736515532626115e+00 8.990129946660937454e-01 3.695978000000000000e+06
8.529447894556481558e+00 8.965243963368361158e-01 3.702810000000000000e+06
8.545145508682381319e+00 8.940050918124667900e-01 3.716162000000000000e+06
8.560863177772576549e+00 8.900085131550169448e-01 3.740094000000000000e+06
8.576575930346693966e+00 8.888260855386086456e-01 3.740954000000000000e+06
8.592276482863525189e+00 8.872007202443213947e-01 3.760946000000000000e+06
8.607993161898560786e+00 8.827004656618702150e-01 3.778278000000000000e+06
8.623706741430710920e+00 8.823140873180477239e-01 3.784922000000000000e+06
8.639416158725643058e+00 8.791887347691330623e-01 3.805266000000000000e+06
8.655118280226448135e+00 8.774470899123509859e-01 3.807686000000000000e+06
8.670819217979158111e+00 8.755132880961511432e-01 3.833130000000000000e+06
8.686531044113968036e+00 8.719517019972941041e-01 3.841898000000000000e+06
8.702242715861899569e+00 8.714960495832894116e-01 3.858074000000000000e+06
8.717947094134785857e+00 8.676768052718885071e-01 3.868974000000000000e+06
8.733653673102409698e+00 8.655035875679023549e-01 3.885362000000000000e+06
8.749361217793687473e+00 8.629501653289006757e-01 3.898290000000000000e+06
8.765057872210796575e+00 8.629715939307978090e-01 3.907334000000000000e+06
8.780760304077793066e+00 8.602489226798482047e-01 3.928730000000000000e+06
8.796461570609169556e+00 8.582636296805469245e-01 3.936666000000000000e+06
8.812176198670789162e+00 8.552193496856875798e-01 3.961346000000000000e+06
8.827908497403951671e+00 8.535351229722816235e-01 3.975774000000000000e+06
8.843605237019216858e+00 8.510692157841629468e-01 3.970106000000000000e+06
8.859298823050286487e+00 8.485720691352104383e-01 4.003170000000000000e+06
8.875033051316254529e+00 8.469961125078927511e-01 4.019558000000000000e+06
8.890757743534759783e+00 8.455978574349135579e-01 4.025642000000000000e+06
8.906442178175986157e+00 8.439611355452656394e-01 4.028514000000000000e+06
8.922138591228460314e+00 8.414015452537544348e-01 4.059398000000000000e+06
8.937858801394927610e+00 8.392243457338350865e-01 4.069674000000000000e+06
8.953569948665279554e+00 8.376737824393478693e-01 4.083698000000000000e+06
8.969276637173511091e+00 8.350267751836901731e-01 4.095210000000000000e+06
8.984978360495668781e+00 8.329965955628949592e-01 4.110518000000000000e+06
9.000686465028266525e+00 8.302353489949962917e-01 4.126850000000000000e+06
9.016395234992057084e+00 8.293138787965741443e-01 4.140114000000000000e+06
9.032081661247792326e+00 8.277701028216221113e-01 4.144070000000000000e+06
9.047784871311868926e+00 8.253356480982575460e-01 4.175802000000000000e+06
9.063510554546818199e+00 8.229742982252126193e-01 4.187882000000000000e+06
9.079229467745458138e+00 8.201917008989700886e-01 4.199250000000000000e+06
9.094931565895475245e+00 8.186732270201927397e-01 4.209326000000000000e+06
9.110624282710460875e+00 8.170945707498348254e-01 4.222130000000000000e+06
9.126345853255129370e+00 8.151770532017569293e-01 4.254258000000000000e+06
9.142067250751495067e+00 8.125407703461369202e-01 4.252478000000000000e+06
9.157769254199049414e+00 8.107503152880396469e-01 4.270698000000000000e+06
9.173460230294406159e+00 8.095457539546557779e-01 4.278122000000000000e+06
9.189172887706378745e+00 8.079669170824924640e-01 4.309898000000000000e+06
9.204899451232371632e+00 8.056431326222160960e-01 4.317150000000000000e+06
9.220610396748547544e+00 8.038814716407471916e-01 4.329698000000000000e+06
9.236312372808269444e+00 8.016841149587659032e-01 4.340826000000000000e+06
9.252011730618761476e+00 8.003022073176605522e-01 4.359590000000000000e+06
9.267725460846875762e+00 7.988316369078217738e-01 4.376850000000000000e+06
9.283431835133541199e+00 7.965333188652723440e-01 4.386674000000000000e+06
9.299131981281274051e+00 7.936751524723396622e-01 4.401782000000000000e+06
9.314836587148224822e+00 7.927279988957303125e-01 4.419210000000000000e+06
9.330566733743063779e+00 7.902636848636742650e-01 4.446482000000000000e+06
9.346274119537966385e+00 7.885200473266699150e-01 4.435554000000000000e+06
9.361966747190999527e+00 7.865834447320099176e-01 4.468934000000000000e+06
9.377681895420435509e+00 7.841818252878184348e-01 4.477650000000000000e+06
9.393384341304985341e+00 7.826805000336212181e-01 4.491218000000000000e+06
9.409088989175188544e+00 7.811561188712736747e-01 4.510358000000000000e+06
9.424791459508490732e+00 7.792766953614331804e-01 4.518594000000000000e+06
9.440499218177105689e+00 7.778179058786560685e-01 4.544474000000000000e+06
9.456214228482048512e+00 7.756467457422928646e-01 4.552098000000000000e+06
9.471927454302015548e+00 7.742956815206153420e-01 4.574990000000000000e+06
9.487631789549341832e+00 7.715105926972981587e-01 4.577210000000000000e+06
9.503344301332560917e+00 7.714007746215105765e-01 4.608186000000000000e+06
9.519057259561900963e+00 7.680797549259272827e-01 4.610198000000000000e+06
9.534757015235264532e+00 7.665083568486494858e-01 4.628898000000000000e+06
9.550453493077860401e+00 7.659028865566225308e-01 4.641170000000000000e+06
9.566158730378621300e+00 7.633504037137460729e-01 4.662462000000000000e+06
9.581880186559187607e+00 7.627633750455521389e-01 4.681442000000000000e+06
9.597589608168062725e+00 7.619993707136534233e-01 4.687850000000000000e+06
9.613296389593999791e+00 7.588942702818414210e-01 4.708818000000000000e+06
9.629006072327289445e+00 7.567549550633332345e-01 4.721534000000000000e+06
9.644707427562062563e+00 7.543325050657437858e-01 4.732770000000000000e+06
9.660406205446040673e+00 7.532530768852088165e-01 4.753346000000000000e+06
9.676122030320934542e+00 7.521341385484590081e-01 4.772886000000000000e+06
9.691840717620195278e+00 7.499984326339815821e-01 4.785098000000000000e+06
9.707543273688521879e+00 7.484122263989153589e-01 4.795394000000000000e+06
9.723244143125929995e+00 7.462750203261911963e-01 4.813986000000000000e+06
9.738952342122205508e+00 7.456040717998847489e-01 4.832654000000000000e+06
9.754669963635301144e+00 7.443206446538740417e-01 4.849362000000000000e+06
9.770377632757149655e+00 7.422365170525955236e-01 4.858322000000000000e+06
9.786069649802277226e+00 7.408353769415304546e-01 4.871286000000000000e+06
9.801770742289249938e+00 7.387879338913894145e-01 4.894370000000000000e+06
9.817489855943664523e+00 7.374030195436094282e-01 4.914650000000000000e+06
9.833199653210789037e+00 7.359043555466660003e-01 4.919658000000000000e+06
9.848902678041365988e+00 7.343093524859570786e-01 4.941638000000000000e+06
9.864627298492214535e+00 7.322888009031094381e-01 4.965954000000000000e+06
9.880352221416547565e+00 7.305143842132680865e-01 4.971770000000000000e+06
9.896056635248339006e+00 7.290099267866391175e-01 4.985702000000000000e+06
9.911750303629453640e+00 7.267639203620909205e-01 4.996314000000000000e+06
9.927450581130930374e+00 7.255590630873777203e-01 5.021258000000000000e+06
9.943165772915275369e+00 7.238715820477247265e-01 5.038470000000000000e+06
9.958875534694012543e+00 7.229035152528339170e-01 5.048570000000000000e+06
9.974579351135528071e+00 7.207013575553505857e-01 5.067786000000000000e+06
9.990292548416412899e+00 7.201982160340586470e-01 5.084402000000000000e+06
1.000600859577497026e+01 7.183701563289173198e-01 5.104238000000000000e+06
1.002170447214941262e+01 7.166922454227746542e-01 5.101890000000000000e+06
1.003739054043497880e+01 7.139325743908776500e-01 5.129594000000000000e+06
1.005309884219804850e+01 7.127947076432594731e-01 5.149086000000000000e+06
1.006881896400040688e+01 7.120968191278729265e-01 5.168834000000000000e+06
1.008452232044433394e+01 7.104384388703993691e-01 5.172306000000000000e+06
1.010022729393943308e+01 7.079208834867090072e-01 5.199218000000000000e+06
1.011594567279844625e+01 7.063510583020000677e-01 5.215430000000000000e+06
1.013166060092237153e+01 7.049234987663188789e-01 5.229066000000000000e+06
1.014737050013468256e+01 7.038958686479055427e-01 5.244530000000000000e+06
1.016308236432948497e+01 7.023894282017226764e-01 5.262870000000000000e+06
1.017878958992569949e+01 7.012312989396805030e-01 5.272562000000000000e+06
1.019448557373532083e+01 6.995256515096696104e-01 5.290098000000000000e+06
1.021019675001746130e+01 6.978559310456691200e-01 5.314358000000000000e+06
1.022590752246240697e+01 6.968460558223467105e-01 5.322098000000000000e+06
1.024160881419713043e+01 6.949366563652751294e-01 5.341026000000000000e+06
1.025732777108908600e+01 6.933039778581807644e-01 5.366858000000000000e+06
1.027304586298101441e+01 6.920833068188542159e-01 5.374422000000000000e+06
1.028873475305539387e+01 6.904665165413660377e-01 5.377730000000000000e+06
1.030442577433504070e+01 6.895319452583553721e-01 5.409410000000000000e+06
1.032014868827716825e+01 6.873973364809145004e-01 5.434014000000000000e+06
1.033586944464342849e+01 6.861005625788535456e-01 5.438882000000000000e+06
1.035157163233377453e+01 6.850512391641182530e-01 5.456178000000000000e+06
1.036727211786301872e+01 6.831146345325367353e-01 5.469242000000000000e+06
1.038298136567446228e+01 6.825728224761442586e-01 5.496174000000000000e+06
1.039869419105750836e+01 6.804971546790227199e-01 5.505530000000000000e+06
1.041439795546010672e+01 6.797584565824615899e-01 5.521202000000000000e+06
1.043010483870653715e+01 6.781803840677502748e-01 5.544126000000000000e+06
1.044582479251977780e+01 6.770469393928820745e-01 5.560106000000000000e+06
1.046154310995821568e+01 6.752891346105939219e-01 5.579754000000000000e+06
1.047723959917603409e+01 6.743152680913944153e-01 5.576270000000000000e+06
1.049292722136314637e+01 6.734223413085249632e-01 5.607138000000000000e+06
1.050863525614000515e+01 6.709254321668912668e-01 5.625026000000000000e+06
1.052435349490729344e+01 6.694591246069827584e-01 5.646698000000000000e+06
1.054005550890600063e+01 6.685429303577226090e-01 5.649126000000000000e+06
1.055575483531476877e+01 6.658821365667249026e-01 5.676434000000000000e+06
1.057145826414515000e+01 6.648342006864977893e-01 5.687418000000000000e+06
1.058717119414523644e+01 6.643665924283962410e-01 5.715830000000000000e+06
1.060289400406128912e+01 6.625113235507164022e-01 5.729210000000000000e+06
1.061860919976139428e+01 6.612695267826462775e-01 5.744802000000000000e+06
1.063431093142232164e+01 6.602227183069160343e-01 5.752154000000000000e+06
1.065002183042574480e+01 6.591139765746540924e-01 5.786382000000000000e+06
1.066572981836369394e+01 6.582556871835530954e-01 5.784146000000000000e+06
1.068142743486083468e+01 6.558163714400842004e-01 5.812146000000000000e+06
1.069714024093994453e+01 6.544843663113537602e-01 5.830166000000000000e+06
1.071285365748846097e+01 6.535820282764696065e-01 5.845850000000000000e+06
1.072856242892009071e+01 6.511601300667902992e-01 5.862834000000000000e+06
1.074426757754658190e+01 6.506436874602837817e-01 5.876066000000000000e+06
1.075998383517225854e+01 6.496092267096341688e-01 5.905854000000000000e+06
1.077568842183336528e+01 6.485058555397461566e-01 5.902274000000000000e+06
1.079138305202886805e+01 6.470288006355481292e-01 5.931258000000000000e+06
1.080709885321945585e+01 6.453643480080323291e-01 5.954966000000000000e+06
1.082281623845119078e+01 6.448623432739692962e-01 5.965346000000000000e+06
1.083851693656570170e+01 6.428766315735943149e-01 5.977818000000000000e+06
1.085422397830733843e+01 6.410592054447852295e-01 6.004718000000000000e+06
1.086993138395530245e+01 6.399847647240234361e-01 6.011706000000000000e+06
1.088564352401204083e+01 6.393794338851792602e-01 6.045770000000000000e+06
1.090135356468290873e+01 6.382660529867488775e-01 6.041586000000000000e+06
1.091705035259397860e+01 6.367376587433968282e-01 6.073166000000000000e+06
1.093275209257502922e+01 6.357303269867454754e-01 6.078962000000000000e+06
1.094846122924947984e+01 6.341455087436611571e-01 6.114258000000000000e+06
1.096418118579826562e+01 6.330927329781094182e-01 6.123086000000000000e+06
1.097988849762797869e+01 6.314767377626991918e-01 6.136770000000000000e+06
1.099558680258960308e+01 6.296515393106433267e-01 6.154898000000000000e+06
1.101129674251355439e+01 6.293656259255722141e-01 6.178610000000000000e+06
1.102701485778614909e+01 6.275885441422708322e-01 6.197982000000000000e+06
1.104272391009305565e+01 6.265922219668857984e-01 6.205322000000000000e+06
1.105841362600406974e+01 6.252366997113614211e-01 6.218850000000000000e+06
1.107411348295772235e+01 6.242441846138484518e-01 6.249542000000000000e+06
1.108984077567819249e+01 6.226775723739931268e-01 6.274146000000000000e+06
1.110554795427542807e+01 6.216811089587930272e-01 6.270242000000000000e+06
1.112124932585049208e+01 6.199372123614362851e-01 6.305222000000000000e+06
1.113697511199149126e+01 6.185014891638389578e-01 6.325026000000000000e+06
1.115268912117548084e+01 6.182570631792368987e-01 6.331922000000000000e+06
1.116838423428580462e+01 6.169284855615762009e-01 6.343698000000000000e+06
1.118408594901783104e+01 6.148045271976003701e-01 6.375158000000000000e+06
1.119980416279035040e+01 6.143704461922054882e-01 6.392178000000000000e+06
1.121552522479937153e+01 6.130067305740091177e-01 6.412826000000000000e+06
1.123121924622765100e+01 6.117545704921962813e-01 6.407078000000000000e+06
1.124691480584967174e+01 6.097771479138963668e-01 6.447954000000000000e+06
1.126262249061363185e+01 6.094711746823819887e-01 6.456026000000000000e+06
1.127833176527545511e+01 6.084004650392145219e-01 6.482034000000000000e+06
1.129403915797513669e+01 6.074168496620451219e-01 6.492878000000000000e+06
1.130972772424922823e+01 6.050817785217454947e-01 6.502074000000000000e+06
1.132543461662276663e+01 6.046717602052903429e-01 6.542930000000000000e+06
1.134116088813926204e+01 6.038897001158223254e-01 6.556598000000000000e+06
1.135687929974347732e+01 6.026046636926911670e-01 6.570330000000000000e+06
1.137258149165133503e+01 6.011898648441281745e-01 6.581882000000000000e+06
1.138829324869842452e+01 5.998959402324006707e-01 6.612546000000000000e+06
1.140401540186104512e+01 5.993774422496862542e-01 6.628622000000000000e+06
1.141971414726988066e+01 5.975248804660624469e-01 6.629498000000000000e+06
1.143540802116406851e+01 5.960967075871907994e-01 6.659250000000000000e+06
1.145112340638410586e+01 5.949370221923222513e-01 6.686006000000000000e+06
1.146683853724365498e+01 5.945869796255810469e-01 6.693786000000000000e+06
1.148253748494489201e+01 5.924651354961905092e-01 6.711554000000000000e+06
1.149824436609325673e+01 5.923645696840020847e-01 6.735678000000000000e+06
1.151395942138266726e+01 5.916436038973440503e-01 6.754754000000000000e+06
1.152967747786364683e+01 5.898640093734736078e-01 6.776570000000000000e+06
1.154536782491532598e+01 5.889305026425238898e-01 6.767394000000000000e+06
1.156106410816092200e+01 5.874797565238919494e-01 6.818246000000000000e+06
1.157679136099376649e+01 5.867637245661484480e-01 6.830562000000000000e+06
1.159249862042845258e+01 5.856414052783475155e-01 6.839186000000000000e+06
1.160819824072018847e+01 5.842839689267388392e-01 6.861462000000000000e+06
1.162390469453048425e+01 5.835957577429432552e-01 6.880394000000000000e+06
1.163962000992225398e+01 5.824150977432462906e-01 6.907178000000000000e+06
1.165533432513760737e+01 5.813472219451285561e-01 6.917034000000000000e+06
1.167104046699275699e+01 5.795589148008614133e-01 6.937934000000000000e+06
1.168673923712179352e+01 5.787601209111519207e-01 6.947250000000000000e+06
1.170244718887785673e+01 5.779521250465117221e-01 6.982106000000000000e+06
1.171816430774175544e+01 5.773281598829455019e-01 6.995718000000000000e+06
1.173387027554303863e+01 5.761232991592882824e-01 7.006682000000000000e+06
1.174957619515266671e+01 5.741605226705568388e-01 7.035866000000000000e+06
1.176529532945454370e+01 5.733853030361023562e-01 7.054110000000000000e+06
1.178099824674300677e+01 5.726142035478838377e-01 7.059194000000000000e+06
1.179669853983765648e+01 5.717854573492040515e-01 7.091802000000000000e+06
1.181240713573669510e+01 5.705561633232714147e-01 7.100666000000000000e+06
1.182811131898478862e+01 5.688053280441908166e-01 7.129070000000000000e+06
1.184382399559469867e+01 5.686693805452451844e-01 7.143282000000000000e+06
1.185952828043743068e+01 5.672304280035891377e-01 7.161482000000000000e+06
1.187523680733101372e+01 5.662389727384352645e-01 7.184694000000000000e+06
1.189095184034981578e+01 5.653469072506972504e-01 7.203914000000000000e+06
1.190666033715336702e+01 5.640477518184158212e-01 7.219746000000000000e+06
1.192235839464372837e+01 5.628219315018576641e-01 7.228634000000000000e+06
1.193806805359864498e+01 5.617022300635726717e-01 7.271990000000000000e+06
1.195377944299358930e+01 5.604763921766788837e-01 7.266786000000000000e+06
1.196947377875081386e+01 5.595291794917497397e-01 7.293650000000000000e+06
1.198518645943358152e+01 5.588591190764281569e-01 7.324086000000000000e+06
1.200090805034763974e+01 5.573244057149475683e-01 7.338650000000000000e+06
1.201661634911561904e+01 5.568779803268841810e-01 7.351962000000000000e+06
1.203230562032639561e+01 5.551210788358055259e-01 7.357190000000000000e+06
1.204801114702802423e+01 5.538368199910289613e-01 7.406042000000000000e+06
1.206372835794088871e+01 5.534699349110078215e-01 7.408626000000000000e+06
1.207943827620333188e+01 5.525827739755043710e-01 7.435610000000000000e+06
1.209515320843012276e+01 5.513961013434954817e-01 7.453542000000000000e+06
1.211085869971431350e+01 5.500165326858165171e-01 7.464002000000000000e+06
1.212656502052832330e+01 5.496834542685131719e-01 7.493546000000000000e+06
1.214227795100011953e+01 5.481805814182925118e-01 7.510806000000000000e+06
1.215799397720116026e+01 5.476407420280680061e-01 7.532114000000000000e+06
1.217369245477605588e+01 5.466074301832984927e-01 7.536234000000000000e+06
1.218938813918856745e+01 5.452386346303659259e-01 7.565834000000000000e+06
1.220511052596756407e+01 5.442268194051290697e-01 7.603062000000000000e+06
1.222082298980810400e+01 5.436409073610495302e-01 7.593890000000000000e+06
1.223651644930618687e+01 5.427525933023442661e-01 7.622906000000000000e+06
1.225222102785221878e+01 5.411540873865610113e-01 7.646622000000000000e+06
1.226793898873001076e+01 5.400618061020915350e-01 7.672058000000000000e+06
1.228364714389496370e+01 5.393417291003687053e-01 7.679346000000000000e+06
1.229933958388873627e+01 5.386677183507521116e-01 7.693058000000000000e+06
1.231504370191786357e+01 5.373365689112923338e-01 7.732158000000000000e+06
1.233076328002658428e+01 5.359256957759699347e-01 7.746962000000000000e+06
1.234648241412681280e+01 5.351049725221485032e-01 7.770986000000000000e+06
1.236218572862325260e+01 5.340604475447672250e-01 7.772094000000000000e+06
1.237788510648024065e+01 5.335241032017917773e-01 7.803818000000000000e+06
1.239360387978534739e+01 5.326714905586151794e-01 7.834338000000000000e+06
1.240931449875605885e+01 5.314707207695971158e-01 7.833710000000000000e+06
1.242501022214859852e+01 5.302710886683121849e-01 7.858794000000000000e+06
1.244071605581309470e+01 5.291234848033240512e-01 7.884290000000000000e+06
1.245642550920963565e+01 5.288051150145504087e-01 7.901522000000000000e+06
1.247213987766877175e+01 5.275857173083408069e-01 7.930662000000000000e+06
1.248784885113224341e+01 5.262378778250625944e-01 7.934426000000000000e+06
1.250355456164163392e+01 5.253369011570010461e-01 7.967322000000000000e+06
1.251926640080854192e+01 5.250433040413513552e-01 7.981934000000000000e+06
1.253497563649440849e+01 5.238606799060685493e-01 8.003282000000000000e+06
1.255068057467408771e+01 5.232636870413306385e-01 8.019666000000000000e+06
1.256637931276459241e+01 5.214069183302669774e-01 8.034482000000000000e+06
1.258208504371939895e+01 5.214640389800289100e-01 8.068542000000000000e+06
1.259780309935198694e+01 5.204603816134188987e-01 8.088290000000000000e+06
1.261351159083694640e+01 5.189812732250520533e-01 8.096322000000000000e+06
1.262921158504675390e+01 5.183844648652667919e-01 8.122646000000000000e+06
1.264492723520051420e+01 5.175176788417570339e-01 8.150138000000000000e+06
1.266064119082424178e+01 5.160926905270851739e-01 8.165322000000000000e+06
1.267635044966401558e+01 5.156290062271359220e-01 8.182574000000000000e+06
1.269205746276450952e+01 5.149409449250813564e-01 8.203698000000000000e+06
1.270776618794894119e+01 5.131944979612039770e-01 8.226914000000000000e+06
1.272347978982032579e+01 5.129913696034558157e-01 8.246898000000000000e+06
1.273918471191348445e+01 5.118144117716122432e-01 8.261774000000000000e+06
1.275488527298099406e+01 5.106526708494042444e-01 8.279426000000000000e+06
1.277058906902150781e+01 5.101777987035791551e-01 8.308722000000000000e+06
1.278629947515461751e+01 5.093974284110400763e-01 8.326214000000000000e+06
1.280200361534701514e+01 5.078777424334284252e-01 8.342682000000000000e+06
1.281770062913773955e+01 5.075162956231400457e-01 8.360834000000000000e+06
1.283340844781832857e+01 5.060114549518862637e-01 8.393226000000000000e+06
1.284913121139325121e+01 5.053483013960559100e-01 8.420150000000000000e+06
1.286484432745059969e+01 5.044295965345940713e-01 8.421986000000000000e+06
1.288054186775613630e+01 5.034757274518175674e-01 8.445714000000000000e+06
1.289624746456238213e+01 5.029490982096384011e-01 8.472590000000000000e+06
1.291196345393627709e+01 5.019085101649487513e-01 8.495370000000000000e+06
1.292767558991682542e+01 5.011281244412826297e-01 8.512802000000000000e+06
1.294337623380050495e+01 5.002929033272363046e-01 8.523290000000000000e+06
1.295909250154772607e+01 5.001397739488894212e-01 8.570982000000000000e+06
1.297481199950486541e+01 4.986035993874277095e-01 8.568458000000000000e+06
1.299050874338869122e+01 4.977554877436645708e-01 8.586498000000000000e+06
1.300620185843270882e+01 4.969530731092861031e-01 8.608838000000000000e+06
1.302191358798584808e+01 4.961247384510751868e-01 8.645610000000000000e+06
1.303763165540741831e+01 4.955118078588780506e-01 8.658386000000000000e+06
1.305333176997628897e+01 4.945244317477866525e-01 8.668598000000000000e+06
1.306903068442041871e+01 4.937383198201398815e-01 8.697426000000000000e+06
1.308473891400409350e+01 4.926515856235816893e-01 8.722562000000000000e+06
1.310044892172994402e+01 4.918810587640459198e-01 8.737962000000000000e+06
1.311616210943753913e+01 4.912065577927086646e-01 8.771366000000000000e+06
1.313186854710925999e+01 4.901116861114056533e-01 8.771010000000000000e+06
1.314758315835839575e+01 4.895960586755541133e-01 8.822618000000000000e+06
1.316329271360127962e+01 4.884223237643859350e-01 8.807726000000000000e+06
1.317898591057868707e+01 4.875738556487120290e-01 8.844618000000000000e+06
1.319469236044096760e+01 4.867151095727208499e-01 8.868722000000000000e+06
1.321040684330137083e+01 4.859922414865430751e-01 8.891394000000000000e+06
1.322611946396909488e+01 4.852059048013596110e-01 8.911934000000000000e+06
1.324182459068412143e+01 4.842137518212251135e-01 8.923938000000000000e+06
1.325752871649560838e+01 4.832215394739281522e-01 8.953682000000000000e+06
1.327324681729255929e+01 4.830930667072220186e-01 8.981966000000000000e+06
1.328896026700882160e+01 4.821588304557217208e-01 8.990442000000000000e+06
1.330465765974105352e+01 4.812132696349882277e-01 9.007874000000000000e+06
1.332036218577539977e+01 4.801905789833412763e-01 9.038982000000000000e+06
1.333608102345431945e+01 4.796506505435807477e-01 9.068570000000000000e+06
1.335180327984028459e+01 4.787588123606945079e-01 9.085250000000000000e+06
1.336750356803295858e+01 4.779173532613661401e-01 9.084690000000000000e+06
1.338320271191242661e+01 4.769571724374699895e-01 9.128654000000000000e+06
1.339890828181742677e+01 4.763210911436007722e-01 9.133170000000000000e+06
1.341462510589546575e+01 4.753674170863505521e-01 9.185882000000000000e+06
1.343033064618075123e+01 4.747818296862664766e-01 9.163254000000000000e+06
1.344603074766541262e+01 4.737902285542611724e-01 9.220130000000000000e+06
1.346175093583586602e+01 4.734525791773068204e-01 9.233138000000000000e+06
1.347746165054577183e+01 4.724686351882256274e-01 9.249378000000000000e+06
1.349316669502930743e+01 4.715481230215012864e-01 9.271550000000000000e+06
1.350886777227881197e+01 4.708864682532247214e-01 9.286266000000000000e+06
1.352457416739871121e+01 4.703130495124754895e-01 9.320762000000000000e+06
1.354027524010042249e+01 4.693679491542469551e-01 9.326718000000000000e+06
1.355597262463360586e+01 4.685324399691189190e-01 9.354602000000000000e+06
1.357167849927777858e+01 4.678535722361665816e-01 9.384122000000000000e+06
1.358738835554953184e+01 4.665419815707322337e-01 9.400482000000000000e+06
1.360310109673624979e+01 4.660347932359961143e-01 9.432638000000000000e+06
1.361881503274191374e+01 4.652420766530366292e-01 9.445314000000000000e+06
1.363453198942892541e+01 4.647097957327464002e-01 9.477290000000000000e+06
1.365024561653028101e+01 4.639277653226590026e-01 9.489182000000000000e+06
1.366595030449189885e+01 4.632981707859694098e-01 9.506706000000000000e+06
1.368165388619506295e+01 4.628083366670239784e-01 9.533978000000000000e+06
1.369736163562457243e+01 4.615428617843084780e-01 9.553662000000000000e+06
1.371307051286073175e+01 4.607124313090883438e-01 9.579506000000000000e+06
1.372878650541420598e+01 4.597971079113717940e-01 9.607866000000000000e+06
1.374449159730686887e+01 4.595168954016473628e-01 9.608354000000000000e+06
1.376018943137108508e+01 4.587298636168787858e-01 9.643862000000000000e+06
1.377590281241150016e+01 4.581794904089497300e-01 9.670578000000000000e+06
1.379161546202509392e+01 4.572097742645715446e-01 9.687890000000000000e+06
1.380731077867208256e+01 4.565472273924633395e-01 9.693294000000000000e+06
1.382300994521823334e+01 4.558365860267126757e-01 9.736034000000000000e+06
1.383872560802761598e+01 4.550500638081202420e-01 9.758946000000000000e+06
1.385444075828086063e+01 4.545684351580540628e-01 9.778994000000000000e+06
1.387015068999289369e+01 4.532688382161792484e-01 9.796814000000000000e+06
1.388585448273279610e+01 4.528900826148261616e-01 9.816882000000000000e+06
1.390156756242687308e+01 4.518362696606491591e-01 9.850514000000000000e+06
1.391727456365682869e+01 4.509279669709869709e-01 9.856062000000000000e+06
1.393297588215806648e+01 4.505662452185793532e-01 9.886706000000000000e+06
1.394868871840982649e+01 4.496929467091910215e-01 9.916194000000000000e+06
1.396439738838921940e+01 4.491110901984049497e-01 9.924854000000000000e+06
1.398010697279386605e+01 4.485256221709804092e-01 9.961490000000000000e+06
1.399582169241625351e+01 4.478741966458291146e-01 9.979098000000000000e+06
1.401152665822069032e+01 4.470054651197475915e-01 9.990266000000000000e+06
1.402722011117315937e+01 4.461692393770203546e-01 1.001239800000000000e+07
1.404291893870565033e+01 4.457113377292027945e-01 1.003881800000000000e+07
1.405862731490786466e+01 4.451277302944912639e-01 1.007208200000000000e+07
1.407433476225750013e+01 4.440922394564137954e-01 1.008267000000000000e+07
1.409004912989018798e+01 4.433419741888603438e-01 1.012322600000000000e+07
1.410576649624606560e+01 4.429317737221941664e-01 1.013483400000000000e+07
1.412147256128639938e+01 4.425832762807283549e-01 1.015145000000000000e+07
1.413717988316646590e+01 4.417210700033130100e-01 1.018411800000000000e+07
1.415289153174009940e+01 4.406741890290113428e-01 1.019981000000000000e+07
1.416860362180404209e+01 4.404001471694224956e-01 1.023038600000000000e+07
1.418430892638111196e+01 4.398179430364353992e-01 1.023833400000000000e+07
1.420001278621037955e+01 4.385518936982906735e-01 1.027159400000000000e+07
1.421572653880163450e+01 4.377717043530374719e-01 1.029841800000000000e+07
1.423143333411369760e+01 4.371099061261802254e-01 1.030681400000000000e+07
1.424713774754855677e+01 4.369266318973638596e-01 1.034130600000000000e+07
1.426285020796537495e+01 4.362533945803670488e-01 1.036284200000000000e+07
1.427856422839777295e+01 4.354657606426284300e-01 1.038883400000000000e+07
1.429426785443604331e+01 4.349700306763514823e-01 1.039563000000000000e+07
1.430996572292833946e+01 4.342462640625812664e-01 1.042536200000000000e+07
1.432567205755541906e+01 4.333035943002833124e-01 1.045427400000000000e+07
1.434138362286503821e+01 4.329236705898880100e-01 1.047829400000000000e+07
1.435709804850606197e+01 4.319598758995823462e-01 1.050181800000000000e+07
1.437280387272644688e+01 4.316395636250203172e-01 1.051481000000000000e+07
1.438851156159489442e+01 4.306604933508341171e-01 1.054884200000000000e+07
1.440422189163056998e+01 4.299619399568180844e-01 1.056646200000000000e+07
1.441992708795285516e+01 4.297229288142509485e-01 1.058681000000000000e+07
1.443563528710440380e+01 4.288916843162956516e-01 1.061495400000000000e+07
1.445133976774234519e+01 4.285172006463328631e-01 1.063105400000000000e+07
1.446704695704110222e+01 4.275740215910883157e-01 1.066236200000000000e+07
1.448275624108599580e+01 4.271702968936534339e-01 1.068335400000000000e+07
1.449846203578913340e+01 4.261621650317619081e-01 1.069929800000000000e+07
1.451417193774190650e+01 4.256451523087069200e-01 1.073878200000000000e+07
1.452988071150472749e+01 4.254060003711769289e-01 1.074420200000000000e+07
1.454558856447330939e+01 4.246261843377585610e-01 1.078218600000000000e+07
1.456129120130370147e+01 4.237965145184509619e-01 1.078496600000000000e+07
1.457699888781306896e+01 4.230289115555211921e-01 1.083393800000000000e+07
1.459271561226921321e+01 4.225385960244975037e-01 1.084813800000000000e+07
1.460843055907040977e+01 4.218522819049076444e-01 1.087376600000000000e+07
1.462413851632964779e+01 4.214113752494954568e-01 1.088697000000000000e+07
1.463984033855310862e+01 4.210456742862871415e-01 1.091244200000000000e+07
1.465554482671324976e+01 4.199006866606355692e-01 1.093669800000000000e+07
1.467125355992299340e+01 4.195906819371845176e-01 1.096614200000000000e+07
1.468695211190056860e+01 4.188709447734499380e-01 1.096874600000000000e+07
1.470265204390160818e+01 4.179657603606557470e-01 1.101460200000000000e+07
1.471836990026710978e+01 4.175664103965180951e-01 1.104277400000000000e+07
1.473408904819724796e+01 4.172866111695421321e-01 1.106147400000000000e+07
1.474979490171205043e+01 4.164976134459852930e-01 1.107245000000000000e+07
1.476549315037161136e+01 4.158750507573181210e-01 1.109692200000000000e+07
1.478120955686472193e+01 4.149972377043753546e-01 1.114652600000000000e+07
1.479692704212063603e+01 4.145600659345273775e-01 1.114560200000000000e+07
1.481262768569472854e+01 4.138365942178864332e-01 1.116844200000000000e+07
1.482831803556657846e+01 4.133349390211290553e-01 1.118108600000000000e+07
1.484403475393839322e+01 4.132447457865759954e-01 1.125011400000000000e+07
1.485975905190275803e+01 4.126263353147532897e-01 1.124210600000000000e+07
1.487546111638458690e+01 4.116277775420520424e-01 1.126544600000000000e+07
1.489116097321852727e+01 4.110669541154172157e-01 1.128549000000000000e+07
1.490687600678011293e+01 4.103452282046400890e-01 1.133592200000000000e+07
1.492259042970469451e+01 4.099315277053308115e-01 1.133013000000000000e+07
1.493828357218718139e+01 4.093135498231528779e-01 1.135727000000000000e+07
1.495398742909091006e+01 4.086300337392829718e-01 1.138909800000000000e+07
1.496970465805172523e+01 4.083194782859216332e-01 1.142664200000000000e+07
1.498541805673371030e+01 4.077323971482653686e-01 1.143135800000000000e+07
1.500112365296970829e+01 4.070498341606543780e-01 1.146229800000000000e+07
1.501682766433042815e+01 4.066919460080935522e-01 1.147920200000000000e+07
1.503253397585904061e+01 4.061952800696035926e-01 1.150974600000000000e+07
1.504823452402967554e+01 4.054380250666012042e-01 1.152306200000000000e+07
1.506393543902273358e+01 4.049911692501261262e-01 1.155621000000000000e+07
1.507964765802912765e+01 4.043723219714535633e-01 1.158828200000000000e+07
1.509535657862477542e+01 4.039910355884998583e-01 1.159964600000000000e+07
1.511107211531987460e+01 4.034746198329038358e-01 1.164527400000000000e+07
1.512678663574089910e+01 4.027009517622374690e-01 1.164933800000000000e+07
1.514248354324049828e+01 4.022356396950773627e-01 1.166538600000000000e+07
1.515819546598556755e+01 4.013962966685854505e-01 1.171928600000000000e+07
1.517391021509094529e+01 4.011835261568000299e-01 1.172073800000000000e+07
1.518961799413185609e+01 4.005569424743731788e-01 1.175507400000000000e+07
1.520532271207735775e+01 3.999994561137320548e-01 1.176716600000000000e+07
1.522103561655957193e+01 3.994853786556323838e-01 1.181334600000000000e+07
1.523675390851737710e+01 3.990549196859315972e-01 1.182545000000000000e+07
1.525244937696017189e+01 3.984751556664937189e-01 1.182881400000000000e+07
1.526815361124396553e+01 3.981852119304454263e-01 1.188441800000000000e+07
1.528387061635137378e+01 3.974251490162749034e-01 1.190037800000000000e+07
1.529957316121051925e+01 3.967695000387134741e-01 1.190800200000000000e+07
1.531526580094890377e+01 3.964320748031199271e-01 1.193747000000000000e+07
1.533097531103941513e+01 3.962064863163120565e-01 1.198134600000000000e+07
1.534669335028113224e+01 3.952997686144051892e-01 1.199815400000000000e+07
1.536239997970598026e+01 3.948836356936093472e-01 1.201579800000000000e+07
1.537810798076036711e+01 3.942451828260720714e-01 1.204658600000000000e+07
1.539381954078162096e+01 3.937448449983458887e-01 1.207322600000000000e+07
1.540952841825260755e+01 3.934270768451954003e-01 1.208937000000000000e+07
1.542523703128870061e+01 3.929466195939807505e-01 1.212366200000000000e+07
1.544094012238766211e+01 3.923834559401264133e-01 1.212901800000000000e+07
1.545664013264503289e+01 3.917415404671888424e-01 1.216869800000000000e+07
1.547234721809387814e+01 3.909526809377683598e-01 1.219107000000000000e+07
1.548806830570859638e+01 3.906025353652646803e-01 1.223729000000000000e+07
1.550378617456002139e+01 3.905380408997507491e-01 1.223743400000000000e+07
1.551949326652145444e+01 3.897487495344119646e-01 1.226943000000000000e+07
1.553520074389395766e+01 3.894556242622055353e-01 1.228831400000000000e+07
1.555090395003159109e+01 3.888876705670833434e-01 1.231201800000000000e+07
1.556660510994063529e+01 3.884419767840651683e-01 1.233377000000000000e+07
1.558230560602022585e+01 3.880566422064388732e-01 1.236265400000000000e+07
1.559802025579355345e+01 3.873736606713172881e-01 1.240528200000000000e+07
1.561373652368818732e+01 3.871134646739765039e-01 1.241484200000000000e+07
1.562943871085353820e+01 3.865336237153226828e-01 1.243327800000000000e+07
1.564514462324844501e+01 3.860549654106414930e-01 1.246944200000000000e+07
1.566085756903060577e+01 3.858036812682872352e-01 1.249710600000000000e+07
1.567656796440698130e+01 3.852469425178817186e-01 1.251307400000000000e+07
1.569226779356092649e+01 3.847472235260058770e-01 1.253190200000000000e+07
1.570797055089889582e+01 3.840626240780923295e-01 1.256769000000000000e+07
1.572368756897020425e+01 3.835045128520713775e-01 1.260333800000000000e+07
1.573939898686848515e+01 3.832987016446722239e-01 1.261272600000000000e+07
1.575510152284361887e+01 3.829671015026590575e-01 1.263480200000000000e+07
1.577080127627408501e+01 3.822580122927677904e-01 1.266273000000000000e+07
1.578651118817101562e+01 3.820274152013775071e-01 1.269908600000000000e+07
1.580221937934288512e+01 3.816164157332417317e-01 1.271107400000000000e+07
1.581792004320117329e+01 3.809807020873848260e-01 1.273909800000000000e+07
1.583362804638324128e+01 3.805783159703324259e-01 1.276949000000000000e+07
1.584933931083668845e+01 3.802625705036826731e-01 1.279968600000000000e+07
1.586505738507453955e+01 3.796388638970377150e-01 1.282862600000000000e+07
1.588076348861643616e+01 3.791075427533551756e-01 1.283279400000000000e+07
1.589646867151865983e+01 3.788621834425783819e-01 1.287594200000000000e+07
1.591218760363992502e+01 3.787216474045184134e-01 1.290631400000000000e+07
1.592789668268775038e+01 3.780810713319366356e-01 1.291312200000000000e+07
1.594359557651641346e+01 3.777043606934528674e-01 1.293734600000000000e+07
1.595929847024770964e+01 3.773069364993254515e-01 1.297337400000000000e+07
1.597501467476883086e+01 3.766858443578151028e-01 1.300817000000000000e+07
1.599073052232482262e+01 3.763157531086359087e-01 1.302581000000000000e+07
1.600643060771378146e+01 3.758975846255712683e-01 1.303359000000000000e+07
1.602213654656317843e+01 3.753167109176625549e-01 1.308369800000000000e+07
1.603784684564565310e+01 3.749696633127922452e-01 1.309470600000000000e+07
1.605354781414581922e+01 3.744273001864013573e-01 1.311900200000000000e+07
1.606924891457829219e+01 3.743753954529321359e-01 1.314631800000000000e+07
