# k_mean_over_bin [h Mpc^-1] P_bin [h^-3 Mpc^3] N_modes
2.004559772710005558e-02 4.066401041666666515e+03 1.800000000000000000e+01
3.504137442477287673e-02 9.709035282258064399e+03 6.200000000000000000e+01
4.923125820196404961e-02 4.874744579081631855e+03 9.800000000000000000e+01
6.378344006481624640e-02 4.219344940476190459e+03 2.100000000000000000e+02
8.007265176091875325e-02 3.151481428571428751e+03 3.500000000000000000e+02
9.616302738587061139e-02 2.370443611111111295e+03 4.500000000000000000e+02
1.110826890383447979e-01 1.936750000000000000e+03 6.020000000000000000e+02
1.260576397180557251e-01 1.713777230971128574e+03 7.620000000000000000e+02
1.422731428555557009e-01 1.284532837127845823e+03 1.142000000000000000e+03
1.585460595607757484e-01 1.128698200000000043e+03 1.250000000000000000e+03
1.737497011902237598e-01 1.004268689986282538e+03 1.458000000000000000e+03
1.889532144205047226e-01 8.898336549062844369e+02 1.814000000000000000e+03
2.049067109494826788e-01 7.935552685950412979e+02 2.178000000000000000e+03
2.207556613284745450e-01 7.170783126501200968e+02 2.498000000000000000e+03
2.358802738624342921e-01 6.320856693363845125e+02 2.622000000000000000e+03
2.513999951464319649e-01 5.941391177351707711e+02 3.338000000000000000e+03
2.675345382307371400e-01 5.164915703922622470e+02 3.722000000000000000e+03
2.835681791499936044e-01 4.842106115107913524e+02 4.170000000000000000e+03
2.990221799979137507e-01 4.356569240477283529e+02 4.358000000000000000e+03
3.144508804126917023e-01 4.041037693682956160e+02 5.034000000000000000e+03
3.303723395141972552e-01 3.743123906195309587e+02 5.714000000000000000e+03
3.461405835555014798e-01 3.353267719826145026e+02 5.982000000000000000e+03
3.616240832326051979e-01 3.254178279309300024e+02 6.602000000000000000e+03
3.771335216675366642e-01 3.046340813464235566e+02 7.130000000000000000e+03
3.929320011962133541e-01 2.803668160318645732e+02 8.034000000000000000e+03
4.088541926781908975e-01 2.697314954682779558e+02 8.606000000000000000e+03
4.245637628236880179e-01 2.513918486653430193e+02 9.066000000000000000e+03
4.402531073637167558e-01 2.353470688616743587e+02 9.962000000000000000e+03
4.559993315308014661e-01 2.247773933649289120e+02 1.055000000000000000e+04
4.716264483403250773e-01 2.164315651166934060e+02 1.122600000000000000e+04
4.872700578197112775e-01 2.014705870245348365e+02 1.214600000000000000e+04
5.028559864371159316e-01 1.948738100904331532e+02 1.260600000000000000e+04
5.184881697096974662e-01 1.856091146210694092e+02 1.380200000000000000e+04
5.343469721895739433e-01 1.777064016537887881e+02 1.475400000000000000e+04
5.500823565575736485e-01 1.728027510859549807e+02 1.519400000000000000e+04
5.657322269403529669e-01 1.637210252826060639e+02 1.645400000000000000e+04
5.814958906429442687e-01 1.610500757840736696e+02 1.715400000000000000e+04
5.972223875100493018e-01 1.518967617431293036e+02 1.826600000000000000e+04
6.128042965698242694e-01 1.482862666666666769e+02 1.875000000000000000e+04
6.284339241893368566e-01 1.424166254818622122e+02 2.023400000000000000e+04
6.442671741027654608e-01 1.366255594405594422e+02 2.145000000000000000e+04
6.600506477327297006e-01 1.311088812494308229e+02 2.196200000000000000e+04
6.757240646605540135e-01 1.284018838973659626e+02 2.346200000000000000e+04
6.914033637984144942e-01 1.246467951917477706e+02 2.404200000000000000e+04
7.071742118944099875e-01 1.189864333615971645e+02 2.594600000000000000e+04
7.228711511166978632e-01 1.160580346887204257e+02 2.611800000000000000e+04
7.383803448867409802e-01 1.114491838144404880e+02 2.750600000000000000e+04
7.540183656477988938e-01 1.090562426890525103e+02 2.906600000000000000e+04
7.698451130026079392e-01 1.063687356321839133e+02 3.045000000000000000e+04
7.856895634322977884e-01 1.036128237036103599e+02 3.174200000000000000e+04
8.013652298136274554e-01 1.003536511627906975e+02 3.225000000000000000e+04
8.170314793099452411e-01 9.753412408759123764e+01 3.425000000000000000e+04
8.328089595358807440e-01 9.440034269757995844e+01 3.545400000000000000e+04
8.485110835048260691e-01 9.302302794093429839e+01 3.643400000000000000e+04
8.640973204722621759e-01 8.928498354652089120e+01 3.768200000000000000e+04
8.797014300262691044e-01 8.673530946200438052e+01 3.929400000000000000e+04
8.955074489672053550e-01 8.494014025008449664e+01 4.142600000000000000e+04
9.112788985619241222e-01 8.372248965910711149e+01 4.206600000000000000e+04
9.269095651252046153e-01 8.138820418487009078e+01 4.349000000000000000e+04
9.426346125839982770e-01 7.980415517920441459e+01 4.570200000000000000e+04
9.583964670696782928e-01 7.781418600162972155e+01 4.663400000000000000e+04
9.741277885224883804e-01 7.639609506940726646e+01 4.855400000000000000e+04
9.896918448392955092e-01 7.457541436464087781e+01 4.887000000000000000e+04
1.005280879626296420e+00 7.263617760018620118e+01 5.155400000000000000e+04
1.021133664452582135e+00 7.045408116102791496e+01 5.409000000000000000e+04
1.036923334995100809e+00 6.895952240674594691e+01 5.431400000000000000e+04
1.052635308833600680e+00 6.780915480583377075e+01 5.691000000000000000e+04
1.068321370297892425e+00 6.635841654778887744e+01 5.748200000000000000e+04
1.084052701550582753e+00 6.534048922904364076e+01 6.062600000000000000e+04
1.099794715754920382e+00 6.406167695977518406e+01 6.120600000000000000e+04
1.115370388947033220e+00 6.262594693942784119e+01 6.257000000000000000e+04
1.131046383902849950e+00 6.153308610984330329e+01 6.573000000000000000e+04
1.146787968622316356e+00 6.087950994211678335e+01 6.668600000000000000e+04
1.162563353468210270e+00 5.836457645843496067e+01 6.969800000000000000e+04
1.178284495947235833e+00 5.828476565846971624e+01 7.002600000000000000e+04
1.193950312022173277e+00 5.652826959557913966e+01 7.274600000000000000e+04
1.209702279395532543e+00 5.567489987985582900e+01 7.491000000000000000e+04
1.225374778796072261e+00 5.441078550487308974e+01 7.572200000000000000e+04
1.240998268267369031e+00 5.366629666488045558e+01 7.837800000000000000e+04
1.256664763601604173e+00 5.232589341496938573e+01 8.003000000000000000e+04
1.272410839108921055e+00 5.133045825018633224e+01 8.318600000000000000e+04
1.288186821427190987e+00 5.104182316396191510e+01 8.466600000000000000e+04
1.303915415643678744e+00 4.954201811753287643e+01 8.654600000000000000e+04
1.319571589153230251e+00 4.867544874849660630e+01 8.813400000000000000e+04
1.335290070384270056e+00 4.804819310013327538e+01 9.153800000000000000e+04
1.351076062681103140e+00 4.714721166441194811e+01 9.313800000000000000e+04
1.366744220099084473e+00 4.638428523042401963e+01 9.447800000000000000e+04
1.382398842931918725e+00 4.608954602463145989e+01 9.727400000000000000e+04
1.398110035554206876e+00 4.480511585916340778e+01 9.969000000000000000e+04
1.413886464447384306e+00 4.411752607466615217e+01 1.025900000000000000e+05
1.429636290478455862e+00 4.335232726221451571e+01 1.037700000000000000e+05
1.445306609637929229e+00 4.265290184868260326e+01 1.063460000000000000e+05
1.461013715221450848e+00 4.199161185119672268e+01 1.085460000000000000e+05
1.476673179078200837e+00 4.123340949731770166e+01 1.107260000000000000e+05
1.492290038154521659e+00 4.072939851498371411e+01 1.123220000000000000e+05
1.507927148623363189e+00 3.992907498489947216e+01 1.158900000000000000e+05
1.523672044743926701e+00 3.957421736860717232e+01 1.187660000000000000e+05
1.539529615911521709e+00 3.889643330226169127e+01 1.222980000000000000e+05
1.555255688786340684e+00 3.810944385289541003e+01 1.220900000000000000e+05
1.570915144657768492e+00 3.777948096335744310e+01 1.258100000000000000e+05
1.586615423455384422e+00 3.720512910523441263e+01 1.281900000000000000e+05
1.602349133342779730e+00 3.615452997847229710e+01 1.309940000000000000e+05
1.618092974080486135e+00 3.590472771869998780e+01 1.337220000000000000e+05
1.633691874209366679e+00 3.559213061858596205e+01 1.338860000000000000e+05
1.649409270104698511e+00 3.480519859397458049e+01 1.405380000000000000e+05
1.665187916060468121e+00 3.433763176237961545e+01 1.405940000000000000e+05
1.680850499408222509e+00 3.382107539312227829e+01 1.435940000000000000e+05
1.696519861906699678e+00 3.350417606452053576e+01 1.463100000000000000e+05
1.712283893956166425e+00 3.282123133089943678e+01 1.506500000000000000e+05
1.728062756067172412e+00 3.232119488658056383e+01 1.519140000000000000e+05
1.743677627348828585e+00 3.195796881315271420e+01 1.533980000000000000e+05
1.759326903275710174e+00 3.149988281200511864e+01 1.578660000000000000e+05
1.775054497456971747e+00 3.084644399905389278e+01 1.606580000000000000e+05
1.790812710658242546e+00 3.057400580126994072e+01 1.641020000000000000e+05
1.806502375897273804e+00 3.009614895087094055e+01 1.649940000000000000e+05
1.822179186865621636e+00 2.991834265528407144e+01 1.698500000000000000e+05
1.837969883527481585e+00 2.906488097302671747e+01 1.729860000000000000e+05
1.853671301775014824e+00 2.873595696228737140e+01 1.738940000000000000e+05
1.869276135303816311e+00 2.868360033488329819e+01 1.767780000000000000e+05
1.884971321406135658e+00 2.813884610730355362e+01 1.818020000000000000e+05
1.900728707982397125e+00 2.788891449330369454e+01 1.844300000000000000e+05
1.916473119999263952e+00 2.728785208446822708e+01 1.872420000000000000e+05
1.932184555202840048e+00 2.689475952693824112e+01 1.902500000000000000e+05
1.947873548384971176e+00 2.666004310120995058e+01 1.925700000000000000e+05
1.963628993658796507e+00 2.636102424162942626e+01 1.982540000000000000e+05
1.979352447076785815e+00 2.602387996405384030e+01 1.980740000000000000e+05
1.994985104292756439e+00 2.575643900024746458e+01 2.020500000000000000e+05
2.010642935442618739e+00 2.535765831962705619e+01 2.055020000000000000e+05
2.026404838719640278e+00 2.486683897733853499e+01 2.106660000000000000e+05
2.042160439755924539e+00 2.475325054371875666e+01 2.124260000000000000e+05
2.057814152054247447e+00 2.443070241868379355e+01 2.139180000000000000e+05
2.073527659517757193e+00 2.398369865245210164e+01 2.209940000000000000e+05
2.089278401895053872e+00 2.374033730284125099e+01 2.215220000000000000e+05
2.104986979127729807e+00 2.344721493146689895e+01 2.263140000000000000e+05
2.120648321356923383e+00 2.321351641486356598e+01 2.272940000000000000e+05
2.136325257483229656e+00 2.284347661850430811e+01 2.329620000000000000e+05
2.152108829701105730e+00 2.261848556459141335e+01 2.378180000000000000e+05
2.167848322413291839e+00 2.245587421035411424e+01 2.383980000000000000e+05
2.183487000865677263e+00 2.207007555360412354e+01 2.414180000000000000e+05
2.199161537811643807e+00 2.175988582680355421e+01 2.468180000000000000e+05
2.214891256735060487e+00 2.157337358846926278e+01 2.499060000000000000e+05
2.230633713071271895e+00 2.133795180249860479e+01 2.547020000000000000e+05
2.246304443991349320e+00 2.105057425182180353e+01 2.544180000000000000e+05
2.261936208784359970e+00 2.068970709111440698e+01 2.603540000000000000e+05
2.277652670266802293e+00 2.054197959045038502e+01 2.649740000000000000e+05
2.293412982496121355e+00 2.026573373225861729e+01 2.687220000000000000e+05
2.309141221738169047e+00 2.009977095469911035e+01 2.715620000000000000e+05
2.324861988404599789e+00 1.979755502819446633e+01 2.755860000000000000e+05
2.340611247586814159e+00 1.957455298190513560e+01 2.801900000000000000e+05
2.356347504876110666e+00 1.928290445985984647e+01 2.828340000000000000e+05
2.372029085968939910e+00 1.912219728582950395e+01 2.851700000000000000e+05
2.387678571697246621e+00 1.881283159586871889e+01 2.898860000000000000e+05
2.403388139521258626e+00 1.867932313209315609e+01 2.944740000000000000e+05
2.419137128499648348e+00 1.847944393618655212e+01 2.994980000000000000e+05
2.434829956177893884e+00 1.823975023169910514e+01 2.999580000000000000e+05
2.450497304476752181e+00 1.804449450398551136e+01 3.058580000000000000e+05
2.466221630284449073e+00 1.792172789693494650e+01 3.107940000000000000e+05
2.481948461430914410e+00 1.764657182463380281e+01 3.130820000000000000e+05
2.497590267743403203e+00 1.742585572986210707e+01 3.160460000000000000e+05
2.513275415567109317e+00 1.720313576522726962e+01 3.222180000000000000e+05
2.529064511226168488e+00 1.706143132802941409e+01 3.285620000000000000e+05
2.544794397904540872e+00 1.687383456812707649e+01 3.279900000000000000e+05
2.560494206000486273e+00 1.666325809318722762e+01 3.352820000000000000e+05
2.576181416838396743e+00 1.647939994642378636e+01 3.359700000000000000e+05
2.591894431456594372e+00 1.632165485691698592e+01 3.440660000000000000e+05
2.607583386084574517e+00 1.607838111475104625e+01 3.437180000000000000e+05
2.623254195933073518e+00 1.598453618512765395e+01 3.514980000000000000e+05
2.638982638468245323e+00 1.576153028003317580e+01 3.544580000000000000e+05
2.654678623100330981e+00 1.565040048415075624e+01 3.585660000000000000e+05
2.670444987332728282e+00 1.543265905900218904e+01 3.661220000000000000e+05
2.686175436888973866e+00 1.528037505809026442e+01 3.658100000000000000e+05
2.701842624139498383e+00 1.512294885663389188e+01 3.716220000000000000e+05
2.717551210176916143e+00 1.496945364986994242e+01 3.759860000000000000e+05
2.733286152591690943e+00 1.484222466441635824e+01 3.821700000000000000e+05
2.748969669686326611e+00 1.467076460512600100e+01 3.818180000000000000e+05
2.764618652904751617e+00 1.448857598299681193e+01 3.895740000000000000e+05
2.780335698310803405e+00 1.431274987426910883e+01 3.936980000000000000e+05
2.796070939832780322e+00 1.421280710362541200e+01 3.994580000000000000e+05
2.811789110373833278e+00 1.402924007140335405e+01 4.022220000000000000e+05
2.827490318755497611e+00 1.389219801337848637e+01 4.069220000000000000e+05
2.843211165013692643e+00 1.375690336738994723e+01 4.128420000000000000e+05
2.858928238366322816e+00 1.356961063787781896e+01 4.153460000000000000e+05
2.874619182965964193e+00 1.344225417990322491e+01 4.211820000000000000e+05
2.890326122379585971e+00 1.328641375188815488e+01 4.250180000000000000e+05
2.906048410595298837e+00 1.321052192105543810e+01 4.311380000000000000e+05
2.921763637537025282e+00 1.307494900801598448e+01 4.343820000000000000e+05
2.937471882413853042e+00 1.295118699290580011e+01 4.395140000000000000e+05
2.953184966193053373e+00 1.280481991644518835e+01 4.447380000000000000e+05
2.968906669185866321e+00 1.266648994230469327e+01 4.489100000000000000e+05
2.984558054153132023e+00 1.259836491218726451e+01 4.506180000000000000e+05
3.000234266597839206e+00 1.243892665497416949e+01 4.595540000000000000e+05
3.015961738166995865e+00 1.230418953760046286e+01 4.631060000000000000e+05
3.031644318942089189e+00 1.219323412418057018e+01 4.670940000000000000e+05
3.047375183469438475e+00 1.204566174953362356e+01 4.749380000000000000e+05
3.063101994982958765e+00 1.192704312364570640e+01 4.771860000000000000e+05
3.078830638657798602e+00 1.179220810035694456e+01 4.846700000000000000e+05
3.094557820700788220e+00 1.167337426336214889e+01 4.870100000000000000e+05
3.110261604918990841e+00 1.154992256453293464e+01 4.933140000000000000e+05
3.125964826756857384e+00 1.147043955335447407e+01 4.963220000000000000e+05
3.141631907395710410e+00 1.132079601038066485e+01 5.017020000000000000e+05
3.157337759020614865e+00 1.122116182491023828e+01 5.085620000000000000e+05
3.173083732250922218e+00 1.112482644358103911e+01 5.142420000000000000e+05
3.188786566155163538e+00 1.103212194715571570e+01 5.161580000000000000e+05
3.204467208631248454e+00 1.088470097703414829e+01 5.226020000000000000e+05
3.220198682476764773e+00 1.081365304961010665e+01 5.306580000000000000e+05
3.235902901074469540e+00 1.072367661430603647e+01 5.300420000000000000e+05
3.251569839460216826e+00 1.064148564239030037e+01 5.388780000000000000e+05
3.267286640001119125e+00 1.053168084832668683e+01 5.441300000000000000e+05
3.283035953778620897e+00 1.037737114094203328e+01 5.511060000000000000e+05
3.298765470797303756e+00 1.032499341133827464e+01 5.539820000000000000e+05
3.314460854810658219e+00 1.022243131115179438e+01 5.582420000000000000e+05
3.330143183999465961e+00 1.007180460051085191e+01 5.645460000000000000e+05
3.345851390644388967e+00 1.003536408796586876e+01 5.704940000000000000e+05
3.361584614506297086e+00 9.930028330576563533e+00 5.767620000000000000e+05
3.377268741275611497e+00 9.842025027929869552e+00 5.782340000000000000e+05
3.392938742749323389e+00 9.770458759770926704e+00 5.856660000000000000e+05
3.408667877553761993e+00 9.690142586542764391e+00 5.944460000000000000e+05
3.424389245726590758e+00 9.552626627467450504e+00 5.952500000000000000e+05
3.440080490503192756e+00 9.485190635761897582e+00 6.034020000000000000e+05
3.455784632582446392e+00 9.404536189745497765e+00 6.073820000000000000e+05
3.471525169349745088e+00 9.356801348438436250e+00 6.170100000000000000e+05
3.487238775590668638e+00 9.247642587770640077e+00 6.167780000000000000e+05
3.502915637500682244e+00 9.169200763190161751e+00 6.247460000000000000e+05
3.518586117849470174e+00 9.062435714945339171e+00 6.280620000000000000e+05
3.534307361823285198e+00 8.990194085172268146e+00 6.394100000000000000e+05
3.550068718511843802e+00 8.899331056343067203e+00 6.429540000000000000e+05
3.565767899937936303e+00 8.850503271029484864e+00 6.459740000000000000e+05
3.581461234185308484e+00 8.748499594484995256e+00 6.534900000000000000e+05
3.597192479322759873e+00 8.684955338359975130e+00 6.607460000000000000e+05
3.612919168611930854e+00 8.642742151461078493e+00 6.646460000000000000e+05
3.628586482304986038e+00 8.556886061532466670e+00 6.672900000000000000e+05
3.644285394494611641e+00 8.479338295284183147e+00 6.790340000000000000e+05
3.660034289703634869e+00 8.406355734837898552e+00 6.827220000000000000e+05
3.675778468055097559e+00 8.327498632887659014e+00 6.912380000000000000e+05
3.691462948962963786e+00 8.241193751978647342e+00 6.886020000000000000e+05
3.707119074879760223e+00 8.184389563172599580e+00 7.008260000000000000e+05
3.722835664250375487e+00 8.103930777057572143e+00 7.056620000000000000e+05
3.738525251797470528e+00 8.016269247777016105e+00 7.100820000000000000e+05
3.754222032949778853e+00 7.983200586237871654e+00 7.191620000000000000e+05
3.769933086185316640e+00 7.900362755278642624e+00 7.222500000000000000e+05
3.785638995718866973e+00 7.849163374389960701e+00 7.315100000000000000e+05
3.801371660419305520e+00 7.790946198071267759e+00 7.364420000000000000e+05
3.817071936206203997e+00 7.735081617172674839e+00 7.408980000000000000e+05
3.832786102847733023e+00 7.655869830089127248e+00 7.501580000000000000e+05
3.848527046055627121e+00 7.604270161856542032e+00 7.548660000000000000e+05
3.864237159299509283e+00 7.531421113368891085e+00 7.608260000000000000e+05
3.879924927323326056e+00 7.473947494483230258e+00 7.640340000000000000e+05
3.895614328144405114e+00 7.438004460835876408e+00 7.738460000000000000e+05
3.911337128038584687e+00 7.359004070723367263e+00 7.797140000000000000e+05
3.927042484287095014e+00 7.311080128621954444e+00 7.843140000000000000e+05
3.942732759911325768e+00 7.213395725236370737e+00 7.913420000000000000e+05
3.958453369699379998e+00 7.169202759869811814e+00 7.994580000000000000e+05
3.974178216354418591e+00 7.118871449832413489e+00 8.049620000000000000e+05
3.989882109912799013e+00 7.048436785868692489e+00 8.095500000000000000e+05
4.005543243773400874e+00 6.992952309768912578e+00 8.134580000000000000e+05
4.021251057898795445e+00 6.955639459416341097e+00 8.274020000000000000e+05
4.036984636136614846e+00 6.890392798611664205e+00 8.286180000000000000e+05
4.052682677778184583e+00 6.838899390382331411e+00 8.369180000000000000e+05
4.068393456235992467e+00 6.771999136288459731e+00 8.428740000000000000e+05
4.084099822251435974e+00 6.738127223790764120e+00 8.493380000000000000e+05
4.099829813320492455e+00 6.697232176328552278e+00 8.589420000000000000e+05
4.115554009414900349e+00 6.629095052370675312e+00 8.609780000000000000e+05
4.131235359039446386e+00 6.557797237506708399e+00 8.683460000000000000e+05
4.146931044915801223e+00 6.526958683843072428e+00 8.751540000000000000e+05
4.162664159049392687e+00 6.473255331105127297e+00 8.862140000000000000e+05
4.178388788086889960e+00 6.431206090972405143e+00 8.873460000000000000e+05
4.194077965975033351e+00 6.388678146920733880e+00 8.949860000000000000e+05
4.209774792532540388e+00 6.325117360491108620e+00 9.027740000000000000e+05
4.225510803750013977e+00 6.280210039534532385e+00 9.121140000000000000e+05
4.241231113843379141e+00 6.242964680785027198e+00 9.150260000000000000e+05
4.256908196003403866e+00 6.187233057506341005e+00 9.201420000000000000e+05
4.272591924000948893e+00 6.152724568222835089e+00 9.297620000000000000e+05
4.288308084378355645e+00 6.097082962744934775e+00 9.376980000000000000e+05
4.304040323784237287e+00 6.049810428446529720e+00 9.447620000000000000e+05
4.319738418983270378e+00 6.032750718689295688e+00 9.482540000000000000e+05
4.335428335028543856e+00 5.975245139537752159e+00 9.568020000000000000e+05
4.351157550879730884e+00 5.923897699393794625e+00 9.676580000000000000e+05
4.366881330891844826e+00 5.888162548906778149e+00 9.697020000000000000e+05
4.382546060772999574e+00 5.846595797102937198e+00 9.740900000000000000e+05
4.398246218400761798e+00 5.801690875504056599e+00 9.884820000000000000e+05
4.413979276240257654e+00 5.772586830162278915e+00 9.919940000000000000e+05
4.429695644229851403e+00 5.722974835919003134e+00 1.001030000000000000e+06
4.445410080183695989e+00 5.671591824556169392e+00 1.005450000000000000e+06
4.461113024304604657e+00 5.651659994988842861e+00 1.013738000000000000e+06
4.476828248264367538e+00 5.605609713127991611e+00 1.021710000000000000e+06
4.492511743566732996e+00 5.561121444746421894e+00 1.023626000000000000e+06
4.508191947536588806e+00 5.532363776435220259e+00 1.035834000000000000e+06
4.523895481465870283e+00 5.477219140149848009e+00 1.040786000000000000e+06
4.539619934096997156e+00 5.441097942852585412e+00 1.053206000000000000e+06
4.555352618284365995e+00 5.399323747731792800e+00 1.057002000000000000e+06
4.571063001207543941e+00 5.364941939922812431e+00 1.063898000000000000e+06
4.586777862326684385e+00 5.329704450671245652e+00 1.072782000000000000e+06
4.602497075350756361e+00 5.291139164239646142e+00 1.078826000000000000e+06
4.618214180504660149e+00 5.253773708041569179e+00 1.087922000000000000e+06
4.633911241501361467e+00 5.215172664865647789e+00 1.090494000000000000e+06
4.649602871383847535e+00 5.174319615167402020e+00 1.101362000000000000e+06
4.665319460688174047e+00 5.145832319638998342e+00 1.109802000000000000e+06
4.681029772111457099e+00 5.122415689708698316e+00 1.114514000000000000e+06
4.696725943447952467e+00 5.090657658956194709e+00 1.123926000000000000e+06
4.712406639130506392e+00 5.049422461735758816e+00 1.125986000000000000e+06
4.728114319510818397e+00 5.020194936137690078e+00 1.143554000000000000e+06
4.743843011674210075e+00 4.982333953577762209e+00 1.144710000000000000e+06
4.759548004017718270e+00 4.957741127088138633e+00 1.154018000000000000e+06
4.775245153331388437e+00 4.923682413734243646e+00 1.159962000000000000e+06
4.790962201099520534e+00 4.886010165791905280e+00 1.170986000000000000e+06
4.806687457227775795e+00 4.851810732492348066e+00 1.178142000000000000e+06
4.822395257046031780e+00 4.821325234172730845e+00 1.182674000000000000e+06
4.838087143849061356e+00 4.783244276667881323e+00 1.191002000000000000e+06
4.853789225034707222e+00 4.760465763329717603e+00 1.200438000000000000e+06
4.869505077076887289e+00 4.731528553290038630e+00 1.208162000000000000e+06
4.885214479826415435e+00 4.702840466797996832e+00 1.215258000000000000e+06
4.900926872777207954e+00 4.674549109819676751e+00 1.224134000000000000e+06
4.916625834276870499e+00 4.645873517361941651e+00 1.228722000000000000e+06
4.932342625999591945e+00 4.619161825485821105e+00 1.243154000000000000e+06
4.948070313168653200e+00 4.581341122853559433e+00 1.245434000000000000e+06
4.963768791695496674e+00 4.556766558473116291e+00 1.255158000000000000e+06
4.979434313641077026e+00 4.513939838007024363e+00 1.255610000000000000e+06
4.995141420885109262e+00 4.496598599520023498e+00 1.277562000000000000e+06
5.010861277833007499e+00 4.476482524517150452e+00 1.274414000000000000e+06
5.026541148359606304e+00 4.449565861115993393e+00 1.285994000000000000e+06
5.042268620369379839e+00 4.418731195703194281e+00 1.299570000000000000e+06
5.058004053481842455e+00 4.389675084208699118e+00 1.302122000000000000e+06
5.073708460591943137e+00 4.360956819072631774e+00 1.311366000000000000e+06
5.089416057291027862e+00 4.326002550057383544e+00 1.319186000000000000e+06
5.105125712135527571e+00 4.311875392674890506e+00 1.327434000000000000e+06
5.120844156875770103e+00 4.277307383417557674e+00 1.337294000000000000e+06
5.136559512122237159e+00 4.258709867210831668e+00 1.342730000000000000e+06
5.152249183032828306e+00 4.229056990752052769e+00 1.350570000000000000e+06
5.167964432416064291e+00 4.203766723665959937e+00 1.362590000000000000e+06
5.183694924160209716e+00 4.182016765739600572e+00 1.369698000000000000e+06
5.199396868456950926e+00 4.151490929614507053e+00 1.374914000000000000e+06
5.215085298788597612e+00 4.120994962307653608e+00 1.383570000000000000e+06
5.230792912992411559e+00 4.110539539936962861e+00 1.395374000000000000e+06
5.246488594245054315e+00 4.085295641928311738e+00 1.396994000000000000e+06
5.262173859327344161e+00 4.061433692518048311e+00 1.411530000000000000e+06
5.277882164810089982e+00 4.034492026518544883e+00 1.417574000000000000e+06
5.293593858628555360e+00 4.013754571909682767e+00 1.428834000000000000e+06
5.309329156889964985e+00 3.983702427627729747e+00 1.439018000000000000e+06
5.325038538485003414e+00 3.957584795703194214e+00 1.440698000000000000e+06
5.340730702455575241e+00 3.951987014648763896e+00 1.453638000000000000e+06
5.356455193601842524e+00 3.919044420421668118e+00 1.463426000000000000e+06
5.372183381207660702e+00 3.902842867339655353e+00 1.471050000000000000e+06
5.387886700194870926e+00 3.882025249248630683e+00 1.476638000000000000e+06
5.403571860691538831e+00 3.859515475598632506e+00 1.484466000000000000e+06
5.419293096268920529e+00 3.834356102038831704e+00 1.501154000000000000e+06
5.435016687773623012e+00 3.812373393993231829e+00 1.501706000000000000e+06
5.450702718101835487e+00 3.795104141443411905e+00 1.511502000000000000e+06
5.466391329901655105e+00 3.765419994553469873e+00 1.520234000000000000e+06
5.482117701107046770e+00 3.750296740737845358e+00 1.535010000000000000e+06
5.497863840523032231e+00 3.732545851319007291e+00 1.543358000000000000e+06
5.513531058043433575e+00 3.714625845024658535e+00 1.535754000000000000e+06
5.529215137958169990e+00 3.688070759112015651e+00 1.564802000000000000e+06
5.544946163489404611e+00 3.668273580040920301e+00 1.563038000000000000e+06
5.560660431796565106e+00 3.650158448986522419e+00 1.578426000000000000e+06
5.576372624871568817e+00 3.640270012557841106e+00 1.581482000000000000e+06
5.592071612679278658e+00 3.612074108965300567e+00 1.592250000000000000e+06
5.607777081388953810e+00 3.593951555020190813e+00 1.602230000000000000e+06
5.623461069047772654e+00 3.582376488857482499e+00 1.604754000000000000e+06
5.639160434689571844e+00 3.553241599105120052e+00 1.623458000000000000e+06
5.654868627057174635e+00 3.543426405154747272e+00 1.624910000000000000e+06
5.670595730029768688e+00 3.518099569515209080e+00 1.645122000000000000e+06
5.686329334746649700e+00 3.502852054244953717e+00 1.645130000000000000e+06
5.702030598096980540e+00 3.486727112180544541e+00 1.655706000000000000e+06
5.717729473142792784e+00 3.464086307079883298e+00 1.663502000000000000e+06
5.733437455346763301e+00 3.448389270397024475e+00 1.675514000000000000e+06
5.749160590029285700e+00 3.426733135623492021e+00 1.685298000000000000e+06
5.764862617007506351e+00 3.406668635614115814e+00 1.689566000000000000e+06
5.780540238679900078e+00 3.390985363842506928e+00 1.697850000000000000e+06
5.796263103923236848e+00 3.374932064663966003e+00 1.718546000000000000e+06
5.812002103804656983e+00 3.365161336463889707e+00 1.719822000000000000e+06
5.827695391299545058e+00 3.348809152860037219e+00 1.726586000000000000e+06
5.843388778895907798e+00 3.322352238345984698e+00 1.739186000000000000e+06
5.859113417771065535e+00 3.311315826433683274e+00 1.751538000000000000e+06
5.874835560723500549e+00 3.293386695122242358e+00 1.758062000000000000e+06
5.890526541065327137e+00 3.277431778605906842e+00 1.763010000000000000e+06
5.906225317694219434e+00 3.266109200165069559e+00 1.778642000000000000e+06
5.921952321011594300e+00 3.246582208699405392e+00 1.788582000000000000e+06
5.937670655764399896e+00 3.224167096625371709e+00 1.794746000000000000e+06
5.953363581550269679e+00 3.208655568433252725e+00 1.803290000000000000e+06
5.969050809995837703e+00 3.199793987823691843e+00 1.811058000000000000e+06
5.984760752596141486e+00 3.178969600045505661e+00 1.828358000000000000e+06
6.000476440810660783e+00 3.167014768243526124e+00 1.831362000000000000e+06
6.016171166004743220e+00 3.155248315022649130e+00 1.842458000000000000e+06
6.031847027098122815e+00 3.128116814419940273e+00 1.846998000000000000e+06
6.047561666320434348e+00 3.120079641671329895e+00 1.869122000000000000e+06
6.063310221741519790e+00 3.106569364072511163e+00 1.876346000000000000e+06
6.079025995273507732e+00 3.085907413969414925e+00 1.879506000000000000e+06
6.094727650148782594e+00 3.074854515281573164e+00 1.893326000000000000e+06
6.110443441650997620e+00 3.063233176957303350e+00 1.901826000000000000e+06
6.126157369603382641e+00 3.051518021801688185e+00 1.911962000000000000e+06
6.141856103084946561e+00 3.031354503287310820e+00 1.919198000000000000e+06
6.157554247585426133e+00 3.022014597133416469e+00 1.930242000000000000e+06
6.173264897526903994e+00 3.005784986115415780e+00 1.942442000000000000e+06
6.188983783131053684e+00 2.990276595068795285e+00 1.951734000000000000e+06
6.204674330135580007e+00 2.970364405886871673e+00 1.955402000000000000e+06
6.220364153407833108e+00 2.966770426673726035e+00 1.971858000000000000e+06
6.236097253224911263e+00 2.951697769860214926e+00 1.984898000000000000e+06
6.251804727814884721e+00 2.935429380061235438e+00 1.986422000000000000e+06
6.267477703420695434e+00 2.924636274100191446e+00 1.996146000000000000e+06
6.283195068785119908e+00 2.910182955184308806e+00 2.017106000000000000e+06
6.298926466691256110e+00 2.896347341780170392e+00 2.020638000000000000e+06
6.314631082636630310e+00 2.882090831233313111e+00 2.029346000000000000e+06
6.330330969697290477e+00 2.869854365649813221e+00 2.041002000000000000e+06
6.346042618354868381e+00 2.850439201540373890e+00 2.051450000000000000e+06
6.361769829008385280e+00 2.843670947961310258e+00 2.065886000000000000e+06
6.377467710730222450e+00 2.831710216192809160e+00 2.064546000000000000e+06
6.393156758488530933e+00 2.822293232180155265e+00 2.082650000000000000e+06
6.408877231485442749e+00 2.801969470909925430e+00 2.095182000000000000e+06
6.424598957671957322e+00 2.796979174300662674e+00 2.101346000000000000e+06
6.440311953715900373e+00 2.781606614626712215e+00 2.115554000000000000e+06
6.456005935746694568e+00 2.768863906858115786e+00 2.115654000000000000e+06
6.471719753415134946e+00 2.756687556572286812e+00 2.141066000000000000e+06
6.487439387114228850e+00 2.743423875097790177e+00 2.139786000000000000e+06
6.503131318747780831e+00 2.738053862973828689e+00 2.152202000000000000e+06
6.518819434526843537e+00 2.721851652363672880e+00 2.161086000000000000e+06
6.534523450777902198e+00 2.710636159514130394e+00 2.176058000000000000e+06
6.550254613659266312e+00 2.697367147795937559e+00 2.190818000000000000e+06
6.565965738846988309e+00 2.685225802977238452e+00 2.191158000000000000e+06
6.581657291702928347e+00 2.673959354540895283e+00 2.205314000000000000e+06
6.597356411838022794e+00 2.662384441995094608e+00 2.215554000000000000e+06
6.613072568835591802e+00 2.645601422421793192e+00 2.230562000000000000e+06
6.628796834083485301e+00 2.638893130691271072e+00 2.239614000000000000e+06
6.644501868950448475e+00 2.630161517135368499e+00 2.245706000000000000e+06
6.660203335766918364e+00 2.617217129550545973e+00 2.259674000000000000e+06
6.675922241577704419e+00 2.606027413169195395e+00 2.273214000000000000e+06
6.691636876769640807e+00 2.599217044745440575e+00 2.278802000000000000e+06
6.707348854586632214e+00 2.588569960166239969e+00 2.294034000000000000e+06
6.723042755046850338e+00 2.574251331841937329e+00 2.294942000000000000e+06
6.738741204690306574e+00 2.565009818519237594e+00 2.317050000000000000e+06
6.754459451825965743e+00 2.553993556169554591e+00 2.322842000000000000e+06
6.770155876549564411e+00 2.545089904368009304e+00 2.330810000000000000e+06
6.785853403723873356e+00 2.531798949512310326e+00 2.345958000000000000e+06
6.801555230257334550e+00 2.521366544498480078e+00 2.353586000000000000e+06
6.817285949066600459e+00 2.514276936802723572e+00 2.376210000000000000e+06
6.833012673954052651e+00 2.504588119951046465e+00 2.374502000000000000e+06
6.848703343789808606e+00 2.493332274531857351e+00 2.386346000000000000e+06
6.864405076602009714e+00 2.481031010521739244e+00 2.401314000000000000e+06
6.880122619459167588e+00 2.471102448734164181e+00 2.411450000000000000e+06
6.895827031199952550e+00 2.458432374196416248e+00 2.420718000000000000e+06
6.911509854271036701e+00 2.450692032250590735e+00 2.425754000000000000e+06
6.927232044479275430e+00 2.441998836763171532e+00 2.455218000000000000e+06
6.942960195844471549e+00 2.434452141258340863e+00 2.450942000000000000e+06
6.958661448092413160e+00 2.423075395297369816e+00 2.467130000000000000e+06
6.974361211749578793e+00 2.415912284827429257e+00 2.474874000000000000e+06
6.990070831352309000e+00 2.403624653765195518e+00 2.490362000000000000e+06
7.005778159324729693e+00 2.394218783399822748e+00 2.498142000000000000e+06
7.021469697735486015e+00 2.386308030425712712e+00 2.507090000000000000e+06
7.037177120604764191e+00 2.378322923769045971e+00 2.525562000000000000e+06
7.052899061516400003e+00 2.368589346540809437e+00 2.534726000000000000e+06
7.068628793135065536e+00 2.358462821766763362e+00 2.549906000000000000e+06
7.084334935478915796e+00 2.349626079055330941e+00 2.551074000000000000e+06
7.100038328422084710e+00 2.338852772511166300e+00 2.570702000000000000e+06
7.115745931638459254e+00 2.326729502587155718e+00 2.574642000000000000e+06
7.131451190238497162e+00 2.323678734465506768e+00 2.594066000000000000e+06
7.147151468730735147e+00 2.314799741945628320e+00 2.594802000000000000e+06
7.162835307179018507e+00 2.304255119581321676e+00 2.612030000000000000e+06
7.178551581855800556e+00 2.297488274147873266e+00 2.627954000000000000e+06
7.194283665259025184e+00 2.284778605682013630e+00 2.640402000000000000e+06
7.209984529526630936e+00 2.276425597417180313e+00 2.641454000000000000e+06
7.225685108067660956e+00 2.266467029874891015e+00 2.661834000000000000e+06
7.241394735953288198e+00 2.260494211989039215e+00 2.669138000000000000e+06
7.257108192998378726e+00 2.249925135705500789e+00 2.684858000000000000e+06
7.272822849503533860e+00 2.242296513246544887e+00 2.693910000000000000e+06
7.288518104809805997e+00 2.238498646398798808e+00 2.701682000000000000e+06
7.304234199753477874e+00 2.227143994669992910e+00 2.722698000000000000e+06
7.319945495172938799e+00 2.220883533399724552e+00 2.725262000000000000e+06
7.335649438298961655e+00 2.213827781728016753e+00 2.742450000000000000e+06
7.351353846506168743e+00 2.202807971343891502e+00 2.749850000000000000e+06
7.367055388436875241e+00 2.196350666557642217e+00 2.763902000000000000e+06
7.382770533642191602e+00 2.185488706488181609e+00 2.778498000000000000e+06
7.398475089415688544e+00 2.177963965193407958e+00 2.784530000000000000e+06
7.414188731852492609e+00 2.171407928230958184e+00 2.804106000000000000e+06
7.429901641940141133e+00 2.162378327205947581e+00 2.809790000000000000e+06
7.445612173277812218e+00 2.156095202293192070e+00 2.825058000000000000e+06
7.461320649323638143e+00 2.148061623029075662e+00 2.834330000000000000e+06
7.477011404590944821e+00 2.142659873850378371e+00 2.842022000000000000e+06
7.492720686839765776e+00 2.129637309172096593e+00 2.864754000000000000e+06
7.508423522993188826e+00 2.126495974772588227e+00 2.864186000000000000e+06
7.524104703200965361e+00 2.118511545949385066e+00 2.879538000000000000e+06
7.539811207090460599e+00 2.110072620569252155e+00 2.899454000000000000e+06
7.555522870235571453e+00 2.101312452268359277e+00 2.904258000000000000e+06
7.571252185241664989e+00 2.095412004638537162e+00 2.930234000000000000e+06
7.586982910029617777e+00 2.089156061424271460e+00 2.929526000000000000e+06
7.602682376348832705e+00 2.080031484053041613e+00 2.942442000000000000e+06
7.618398087127784990e+00 2.073707194990559888e+00 2.960810000000000000e+06
7.634111360506788735e+00 2.064924616031142524e+00 2.964954000000000000e+06
7.649813471415971122e+00 2.060034351926089968e+00 2.980910000000000000e+06
7.665516544353160100e+00 2.053001058516645827e+00 2.990978000000000000e+06
7.681228381318442544e+00 2.043168100023074807e+00 3.007626000000000000e+06
7.696947282980596938e+00 2.036941824331619966e+00 3.019166000000000000e+06
7.712641051068838571e+00 2.032495887245993949e+00 3.021090000000000000e+06
7.728340175203005202e+00 2.021497889976947793e+00 3.047834000000000000e+06
7.744066325082287428e+00 2.017636037557394957e+00 3.055590000000000000e+06
7.759785182459853381e+00 2.008542482335281765e+00 3.068546000000000000e+06
7.775464898067028230e+00 2.001291537697643008e+00 3.067274000000000000e+06
7.791162210093558471e+00 1.997083818314570047e+00 3.098058000000000000e+06
7.806896787352753719e+00 1.992149462854599262e+00 3.109214000000000000e+06
7.822604758484962950e+00 1.981786973398841356e+00 3.110466000000000000e+06
7.838284799897788702e+00 1.976526307703633023e+00 3.124370000000000000e+06
7.853986825204827937e+00 1.968310437017798620e+00 3.144174000000000000e+06
7.869722202747719386e+00 1.961673927441173193e+00 3.161738000000000000e+06
7.885429030328279687e+00 1.956921285234612728e+00 3.159890000000000000e+06
7.901109098578781520e+00 1.952953526280205798e+00 3.174138000000000000e+06
7.916812369163124252e+00 1.943866660241820421e+00 3.195926000000000000e+06
7.932546153031187153e+00 1.935006411561861484e+00 3.211386000000000000e+06
7.948275829971742645e+00 1.930317608036991706e+00 3.219314000000000000e+06
7.963974762265003449e+00 1.922977534604001670e+00 3.225494000000000000e+06
7.979672909422356852e+00 1.917636116132860336e+00 3.242562000000000000e+06
7.995382124285669967e+00 1.909019631920674254e+00 3.257450000000000000e+06
8.011096558073175444e+00 1.903740244310545116e+00 3.269118000000000000e+06
8.026799325701325927e+00 1.897850213331788272e+00 3.278930000000000000e+06
8.042482997119602572e+00 1.893873396923919428e+00 3.286650000000000000e+06
8.058198313138401403e+00 1.885310452540395199e+00 3.316610000000000000e+06
8.073929632859263350e+00 1.882472959848166871e+00 3.321542000000000000e+06
8.089631173905692307e+00 1.874004454755153759e+00 3.328578000000000000e+06
8.105328344487277903e+00 1.868956860147189536e+00 3.345074000000000000e+06
8.121039774478980178e+00 1.860305067159752523e+00 3.361686000000000000e+06
8.136750954641513545e+00 1.855005101311028026e+00 3.369722000000000000e+06
8.152451824383751600e+00 1.852359768291638176e+00 3.385290000000000000e+06
8.168148505929304193e+00 1.844504580744654731e+00 3.391370000000000000e+06
8.183868116116777003e+00 1.837233703168538623e+00 3.422966000000000000e+06
8.199591131301563252e+00 1.833826674831512404e+00 3.419538000000000000e+06
8.215300984565764963e+00 1.823183338224057204e+00 3.441890000000000000e+06
8.231010872605484252e+00 1.819906676621469988e+00 3.447582000000000000e+06
8.246721005479363598e+00 1.812941789771104428e+00 3.466298000000000000e+06
8.262408288354077257e+00 1.807886546454122279e+00 3.466194000000000000e+06
8.278098173695775941e+00 1.804240732266494840e+00 3.492062000000000000e+06
8.293810268215034753e+00 1.796609959025027514e+00 3.503114000000000000e+06
8.309519053075314687e+00 1.794131235950967129e+00 3.517146000000000000e+06
8.325241433409063418e+00 1.784066039427486317e+00 3.535706000000000000e+06
8.340952984226902345e+00 1.779985659971828449e+00 3.539742000000000000e+06
8.356659711712842054e+00 1.775464369272132803e+00 3.558698000000000000e+06
8.372371429175492707e+00 1.769386872493432961e+00 3.570122000000000000e+06
8.388083579962753333e+00 1.764041717361556127e+00 3.585174000000000000e+06
8.403790832576294889e+00 1.760083426211510593e+00 3.594314000000000000e+06
8.419496525959527133e+00 1.755953478406027335e+00 3.612258000000000000e+06
8.435201663874629219e+00 1.746671530007883444e+00 3.620282000000000000e+06
8.450905678681708721e+00 1.745049295453408922e+00 3.639078000000000000e+06
8.466617353651699318e+00 1.735546576449478851e+00 3.650450000000000000e+06
8.482317771685245589e+00 1.729491961857400728e+00 3.661418000000000000e+06
8.498018574275240766e+00 1.727239949816379516e+00 3.677694000000000000e+06
8.513736467920875128e+00 1.720838976855381786e+00 3.695978000000000000e+06
8.529447827058733722e+00 1.714819690991436163e+00 3.702810000000000000e+06
8.545145453356283838e+00 1.708387443819725959e+00 3.716162000000000000e+06
8.560863155475518127e+00 1.706471815949010873e+00 3.740094000000000000e+06
8.576575892842692284e+00 1.698910892782964144e+00 3.740954000000000000e+06
8.592276429309924524e+00 1.694690112540834015e+00 3.760946000000000000e+06
8.607993113742812952e+00 1.691019824375019409e+00 3.778278000000000000e+06
8.623706693511682175e+00 1.687063035909326381e+00 3.784922000000000000e+06
8.639416117971885356e+00 1.680373592805338712e+00 3.805266000000000000e+06
8.655118251607849089e+00 1.673952631598298879e+00 3.807686000000000000e+06
8.670819176621002100e+00 1.672609981920780031e+00 3.833130000000000000e+06
8.686531013296711734e+00 1.666255324842044194e+00 3.841898000000000000e+06
8.702242672461403927e+00 1.661220080278397848e+00 3.858074000000000000e+06
8.717947060126663317e+00 1.656441216715335729e+00 3.868974000000000000e+06
8.733653634556446832e+00 1.650651985580751546e+00 3.885362000000000000e+06
8.749361177527063660e+00 1.647361663703829304e+00 3.898290000000000000e+06
8.765057838444775484e+00 1.641657457488916894e+00 3.907334000000000000e+06
8.780760279838380811e+00 1.639095331061182659e+00 3.928730000000000000e+06
8.796461536498792810e+00 1.632771106311787568e+00 3.936666000000000000e+06
8.812176163138749629e+00 1.626725486741122717e+00 3.961346000000000000e+06
8.827908468663524744e+00 1.622898207996732012e+00 3.975774000000000000e+06
8.843605203440207063e+00 1.618510941521460689e+00 3.970106000000000000e+06
8.859298780821674768e+00 1.614058733453737959e+00 4.003170000000000000e+06
8.875033023597818982e+00 1.610414503286182297e+00 4.019558000000000000e+06
8.890757701901966570e+00 1.605270289807191109e+00 4.025642000000000000e+06
8.906442147587496194e+00 1.598429718749891482e+00 4.028514000000000000e+06
8.922138549702236077e+00 1.596179901551905145e+00 4.059398000000000000e+06
8.937858770665876307e+00 1.590652961391993525e+00 4.069674000000000000e+06
8.953569902743538478e+00 1.587061408556656339e+00 4.083698000000000000e+06
8.969276596619630837e+00 1.584007413539232356e+00 4.095210000000000000e+06
8.984978332063514372e+00 1.578994788491377310e+00 4.110518000000000000e+06
9.000686439228440250e+00 1.572757914632225695e+00 4.126850000000000000e+06
9.016395212272197313e+00 1.566621233135126134e+00 4.140114000000000000e+06
9.032081625028110849e+00 1.564624994268918989e+00 4.144070000000000000e+06
9.047784840512392179e+00 1.559068413684365328e+00 4.175802000000000000e+06
9.063510534008996089e+00 1.556052558309904521e+00 4.187882000000000000e+06
9.079229438028200150e+00 1.552032505804608054e+00 4.199250000000000000e+06
9.094931536527573357e+00 1.545735706856631975e+00 4.209326000000000000e+06
9.110624252584134553e+00 1.542743236233844017e+00 4.222130000000000000e+06
9.126345788688972505e+00 1.538562188753009208e+00 4.254258000000000000e+06
9.142067210789587506e+00 1.535994660054678551e+00 4.252478000000000000e+06
9.157769224107168426e+00 1.531165046088484916e+00 4.270698000000000000e+06
9.173460189222041095e+00 1.526859332202307407e+00 4.278122000000000000e+06
9.189172851773026451e+00 1.521874299577391509e+00 4.309898000000000000e+06
9.204899411326563197e+00 1.518071181219091459e+00 4.317150000000000000e+06
9.220610370561862723e+00 1.514501588794414655e+00 4.329698000000000000e+06
9.236312329177842173e+00 1.508191758895657264e+00 4.340826000000000000e+06
9.252011696799515406e+00 1.505597315343873976e+00 4.359590000000000000e+06
9.267725419345696380e+00 1.500324434239235893e+00 4.376850000000000000e+06
9.283431809080884278e+00 1.497460946493858414e+00 4.386674000000000000e+06
9.299131961634870436e+00 1.490150693514581182e+00 4.401782000000000000e+06
9.314836560434526902e+00 1.488269057139172125e+00 4.419210000000000000e+06
9.330566699333866509e+00 1.486117676851047786e+00 4.446482000000000000e+06
9.346274096307771728e+00 1.481543004549150000e+00 4.435554000000000000e+06
9.361966720359685468e+00 1.477758006719275929e+00 4.468934000000000000e+06
9.377681860044402740e+00 1.472530010161580361e+00 4.477650000000000000e+06
9.393384317371491932e+00 1.468247922946514850e+00 4.491218000000000000e+06
9.409088966137430177e+00 1.464335425258926238e+00 4.510358000000000000e+06
9.424791439829672157e+00 1.460235639670216079e+00 4.518594000000000000e+06
9.440499207501432011e+00 1.459096696339334143e+00 4.544474000000000000e+06
9.456214212898441218e+00 1.453991544118777623e+00 4.552098000000000000e+06
9.471927439984570540e+00 1.450727651863719991e+00 4.574990000000000000e+06
9.487631754062700651e+00 1.444893395758551691e+00 4.577210000000000000e+06
9.503344281547928318e+00 1.442175294139602881e+00 4.608186000000000000e+06
9.519057247113778431e+00 1.437105955102145449e+00 4.610198000000000000e+06
9.534757011366917112e+00 1.435014662237102723e+00 4.628898000000000000e+06
9.550453458784650351e+00 1.431533966650650580e+00 4.641170000000000000e+06
9.566158712525282937e+00 1.428141183778012469e+00 4.662462000000000000e+06
9.581880158653657276e+00 1.423919488909613618e+00 4.681442000000000000e+06
9.597589579516229819e+00 1.419437695318749526e+00 4.687850000000000000e+06
9.613296380928980867e+00 1.415678202045608902e+00 4.708818000000000000e+06
9.629006062959270196e+00 1.412044369478224759e+00 4.721534000000000000e+06
9.644707396083033402e+00 1.408902820124366961e+00 4.732770000000000000e+06
9.660406197323647248e+00 1.405411156688362251e+00 4.753346000000000000e+06
9.676122008914001427e+00 1.400903981364734152e+00 4.772886000000000000e+06
9.691840694543541801e+00 1.395666191162646896e+00 4.785098000000000000e+06
9.707543237507161749e+00 1.393015360156016458e+00 4.795394000000000000e+06
9.723244122996092642e+00 1.389656617198305133e+00 4.813986000000000000e+06
9.738952330288141113e+00 1.387323197563905985e+00 4.832654000000000000e+06
9.754669949504904736e+00 1.382973265349132674e+00 4.849362000000000000e+06
9.770377600734033052e+00 1.380382156637621094e+00 4.858322000000000000e+06
9.786069629200518705e+00 1.377113969493887424e+00 4.871286000000000000e+06
9.801770721287397237e+00 1.373933826008250314e+00 4.894370000000000000e+06
9.817489821034564912e+00 1.368312392540669276e+00 4.914650000000000000e+06
9.833199646667972971e+00 1.365047936258983796e+00 4.919658000000000000e+06
9.848902655768293712e+00 1.361196226838145451e+00 4.941638000000000000e+06
9.864627278272442013e+00 1.359642678929365855e+00 4.965954000000000000e+06
9.880352198135229358e+00 1.355808494761423066e+00 4.971770000000000000e+06
9.896056604692210712e+00 1.353204924802966502e+00 4.985702000000000000e+06
9.911750273437519354e+00 1.349771351440281819e+00 4.996314000000000000e+06
9.927450557379374985e+00 1.344788696378477422e+00 5.021258000000000000e+06
9.943165753651260985e+00 1.339932459655411190e+00 5.038470000000000000e+06
9.958875512968258903e+00 1.339918729462006075e+00 5.048570000000000000e+06
9.974579326095815546e+00 1.337037317676792236e+00 5.067786000000000000e+06
9.990292534396033375e+00 1.332377730950463857e+00 5.084402000000000000e+06
1.000600856325589305e+01 1.326813228536757094e+00 5.104238000000000000e+06
1.002170444839863528e+01 1.325915886073592231e+00 5.101890000000000000e+06
1.003739052522703901e+01 1.320956590326641811e+00 5.129594000000000000e+06
1.005309882194248416e+01 1.318365531280697223e+00 5.149086000000000000e+06
1.006881895908520086e+01 1.315754191370819726e+00 5.168834000000000000e+06
1.008452231173344416e+01 1.311458564129809767e+00 5.172306000000000000e+06
1.010022729382937889e+01 1.307821003081617306e+00 5.199218000000000000e+06
1.011594565713278016e+01 1.305089609102221715e+00 5.215430000000000000e+06
1.013166058960754867e+01 1.302707213869551461e+00 5.229066000000000000e+06
1.014737047935454051e+01 1.300020211534684611e+00 5.244530000000000000e+06
1.016308234466913696e+01 1.297101486451309071e+00 5.262870000000000000e+06
1.017878958276594581e+01 1.293815795812358393e+00 5.272562000000000000e+06
1.019448555450210314e+01 1.290302845051263692e+00 5.290098000000000000e+06
1.021019673146567186e+01 1.285428550353589383e+00 5.314358000000000000e+06
1.022590751621006078e+01 1.285494085227291805e+00 5.322098000000000000e+06
1.024160880192673417e+01 1.282042158192077563e+00 5.341026000000000000e+06
1.025732775208617475e+01 1.277469610710773473e+00 5.366858000000000000e+06
1.027304584666867804e+01 1.274793828992215383e+00 5.374422000000000000e+06
1.028873472736696293e+01 1.271938066805138989e+00 5.377730000000000000e+06
1.030442576009853184e+01 1.268151609879820674e+00 5.409410000000000000e+06
1.032014867554843818e+01 1.265820073338051799e+00 5.434014000000000000e+06
1.033586943357362209e+01 1.263361109875154487e+00 5.438882000000000000e+06
1.035157161316932140e+01 1.259771492059093445e+00 5.456178000000000000e+06
1.036727210965784174e+01 1.256375563560727437e+00 5.469242000000000000e+06
1.038298135070349915e+01 1.254843733113252924e+00 5.496174000000000000e+06
1.039869418006627910e+01 1.248922083795747318e+00 5.505530000000000000e+06
1.041439794625569881e+01 1.247643810170321554e+00 5.521202000000000000e+06
1.043010482665170713e+01 1.244094560621457735e+00 5.544126000000000000e+06
1.044582478281855487e+01 1.241367250912122966e+00 5.560106000000000000e+06
1.046154309703894825e+01 1.238106644128038614e+00 5.579754000000000000e+06
1.047723959228104285e+01 1.236063892171648915e+00 5.576270000000000000e+06
1.049292720351744279e+01 1.233257679764614423e+00 5.607138000000000000e+06
1.050863523850499526e+01 1.229752715809669050e+00 5.625026000000000000e+06
1.052435348202229015e+01 1.226924213053363300e+00 5.646698000000000000e+06
1.054005549761004978e+01 1.225211563700296269e+00 5.649126000000000000e+06
1.055575482461481052e+01 1.221466857537672590e+00 5.676434000000000000e+06
1.057145826219870344e+01 1.219539077310653141e+00 5.687418000000000000e+06
1.058717117850224376e+01 1.216904019188814079e+00 5.715830000000000000e+06
1.060289400134469062e+01 1.213232539913879915e+00 5.729210000000000000e+06
1.061860918710306834e+01 1.210993868892261238e+00 5.744802000000000000e+06
1.063431091651675153e+01 1.206305933394690166e+00 5.752154000000000000e+06
1.065002180958671651e+01 1.205270754678830381e+00 5.786382000000000000e+06
1.066572980082734468e+01 1.201619046268887381e+00 5.784146000000000000e+06
1.068142742642893950e+01 1.198456387709462279e+00 5.812146000000000000e+06
1.069714023788434787e+01 1.196437888732499344e+00 5.830166000000000000e+06
1.071285364357418146e+01 1.194728568129527657e+00 5.845850000000000000e+06
1.072856242199254062e+01 1.190007255876594838e+00 5.862834000000000000e+06
1.074426756718287557e+01 1.187532440922208776e+00 5.876066000000000000e+06
1.075998381704133955e+01 1.184754990556827092e+00 5.905854000000000000e+06
1.077568840897438562e+01 1.182218497480801433e+00 5.902274000000000000e+06
1.079138304940738280e+01 1.180322032863854398e+00 5.931258000000000000e+06
1.080709884248571484e+01 1.176927878345569001e+00 5.954966000000000000e+06
1.082281622961874490e+01 1.174762117738015421e+00 5.965346000000000000e+06
1.083851693336031374e+01 1.171278550133175722e+00 5.977818000000000000e+06
1.085422396324159422e+01 1.171975103576887500e+00 6.004718000000000000e+06
1.086993137901790796e+01 1.168170066866210721e+00 6.011706000000000000e+06
1.088564351758435222e+01 1.163686428693119224e+00 6.045770000000000000e+06
1.090135356744657535e+01 1.163152523195068344e+00 6.041586000000000000e+06
1.091705034221926418e+01 1.160652038821267107e+00 6.073166000000000000e+06
1.093275207829069018e+01 1.156777917019385926e+00 6.078962000000000000e+06
1.094846122315083825e+01 1.155524022702345999e+00 6.114258000000000000e+06
1.096418118107341577e+01 1.152156363637551362e+00 6.123086000000000000e+06
1.097988849072496542e+01 1.148247123486785259e+00 6.136770000000000000e+06
1.099558679320981724e+01 1.146470014612752442e+00 6.154898000000000000e+06
1.101129673485095672e+01 1.143308284549437337e+00 6.178610000000000000e+06
1.102701485690355909e+01 1.141029047841700672e+00 6.197982000000000000e+06
1.104272390432796591e+01 1.138312403449812882e+00 6.205322000000000000e+06
1.105841361686979951e+01 1.135482122900536295e+00 6.218850000000000000e+06
1.107411347758379350e+01 1.133332490604911369e+00 6.249542000000000000e+06
1.108984077014840963e+01 1.130929532082932010e+00 6.274146000000000000e+06
1.110554794633057796e+01 1.128401104773946617e+00 6.270242000000000000e+06
1.112124931961106533e+01 1.125620794953769988e+00 6.305222000000000000e+06
1.113697510740422381e+01 1.124420990522410513e+00 6.325026000000000000e+06
1.115268911253386719e+01 1.121088825794126942e+00 6.331922000000000000e+06
1.116838422783226115e+01 1.118957349482904151e+00 6.343698000000000000e+06
1.118408594539889478e+01 1.116971846031109994e+00 6.375158000000000000e+06
1.119980416311440052e+01 1.112994506723686383e+00 6.392178000000000000e+06
1.121552521724412621e+01 1.110891360532782368e+00 6.412826000000000000e+06
1.123121923820420243e+01 1.108820588730151213e+00 6.407078000000000000e+06
1.124691480473033778e+01 1.106858625232127968e+00 6.447954000000000000e+06
1.126262248805396560e+01 1.105241056959807899e+00 6.456026000000000000e+06
1.127833175656502007e+01 1.101279397793964110e+00 6.482034000000000000e+06
1.129403915665967872e+01 1.099976004477521307e+00 6.492878000000000000e+06
1.130972772992016750e+01 1.096293813327870570e+00 6.502074000000000000e+06
1.132543464171678238e+01 1.095504002029671797e+00 6.542930000000000000e+06
1.134116092480786619e+01 1.093212059058676466e+00 6.556598000000000000e+06
1.135687931575279030e+01 1.090010319116391457e+00 6.570330000000000000e+06
1.137258152843119419e+01 1.087123865180202209e+00 6.581882000000000000e+06
1.138829329520135047e+01 1.086279551023161094e+00 6.612546000000000000e+06
1.140401544384409860e+01 1.083785136639259239e+00 6.628622000000000000e+06
1.141971418729731447e+01 1.081900846791114423e+00 6.629498000000000000e+06
1.143540805815246841e+01 1.079125427037579410e+00 6.659250000000000000e+06
1.145112342906401892e+01 1.077239311481323902e+00 6.686006000000000000e+06
1.146683855971028443e+01 1.074814985122022115e+00 6.693786000000000000e+06
1.148253750634374093e+01 1.071164815182892083e+00 6.711554000000000000e+06
1.149824439280081201e+01 1.069384403470593492e+00 6.735678000000000000e+06
1.151395944216632472e+01 1.067300748480255690e+00 6.754754000000000000e+06
1.152967750311644046e+01 1.065219277599139369e+00 6.776570000000000000e+06
1.154536786069484400e+01 1.061981983020347187e+00 6.767394000000000000e+06
1.156106414707133290e+01 1.060162320338691178e+00 6.818246000000000000e+06
1.157679140551482533e+01 1.058214023970502016e+00 6.830562000000000000e+06
1.159249865891797526e+01 1.055614001432334303e+00 6.839186000000000000e+06
1.160819828013273636e+01 1.054051600081731710e+00 6.861462000000000000e+06
1.162390472506793770e+01 1.051147724970401320e+00 6.880394000000000000e+06
1.163962004466343636e+01 1.048884653037752912e+00 6.907178000000000000e+06
1.165533434666404133e+01 1.046249881090652423e+00 6.917034000000000000e+06
1.167104051015950716e+01 1.045231620825450403e+00 6.937934000000000000e+06
1.168673926950135034e+01 1.042986865306416266e+00 6.947250000000000000e+06
1.170244721913763897e+01 1.040297798400654505e+00 6.982106000000000000e+06
1.171816433671575730e+01 1.038749203441305058e+00 6.995718000000000000e+06
1.173387031746687015e+01 1.036659719964456716e+00 7.006682000000000000e+06
1.174957622851401240e+01 1.034838781750533565e+00 7.035866000000000000e+06
1.176529536104995444e+01 1.031895660827517602e+00 7.054110000000000000e+06
1.178099828544282701e+01 1.030455459929278117e+00 7.059194000000000000e+06
1.179669856151566165e+01 1.027830091703067827e+00 7.091802000000000000e+06
1.181240716294206905e+01 1.025876586787774603e+00 7.100666000000000000e+06
1.182811135021641213e+01 1.024236681642907154e+00 7.129070000000000000e+06
1.184382402706377313e+01 1.022074796991075063e+00 7.143282000000000000e+06
1.185952830171168593e+01 1.019660525572779308e+00 7.161482000000000000e+06
1.187523683486437243e+01 1.017225229077257875e+00 7.184694000000000000e+06
1.189095187450934432e+01 1.015504071814294251e+00 7.203914000000000000e+06
1.190666038869163401e+01 1.014003401227688617e+00 7.219746000000000000e+06
1.192235843864241396e+01 1.009945793354595001e+00 7.228634000000000000e+06
1.193806809039961259e+01 1.009219347111313336e+00 7.271990000000000000e+06
1.195377948291443992e+01 1.007735813329303953e+00 7.266786000000000000e+06
1.196947381174999947e+01 1.004289896005429394e+00 7.293650000000000000e+06
1.198518648559551458e+01 1.002165457915158209e+00 7.324086000000000000e+06
1.200090807358362710e+01 1.001581421651121184e+00 7.338650000000000000e+06
1.201661637889760037e+01 9.986345141609818121e-01 7.351962000000000000e+06
1.203230565217210035e+01 9.975523943244636316e-01 7.357190000000000000e+06
1.204801118703936780e+01 9.949849730800878200e-01 7.406042000000000000e+06
1.206372840719771133e+01 9.929887809156515699e-01 7.408626000000000000e+06
1.207943832024087349e+01 9.911952079251062919e-01 7.435610000000000000e+06
1.209515324384951640e+01 9.888619397328142213e-01 7.453542000000000000e+06
1.211085873951972935e+01 9.867436396721221969e-01 7.464002000000000000e+06
1.212656505101618798e+01 9.851952600277625871e-01 7.493546000000000000e+06
1.214227798456889929e+01 9.829573550428541973e-01 7.510806000000000000e+06
1.215799402266435081e+01 9.811960493428537600e-01 7.532114000000000000e+06
1.217369248650853386e+01 9.796686912853289630e-01 7.536234000000000000e+06
1.218938816956664795e+01 9.760400505747284239e-01 7.565834000000000000e+06
1.220511056850387632e+01 9.766091608880737018e-01 7.603062000000000000e+06
1.222082302231588535e+01 9.734427941410792595e-01 7.593890000000000000e+06
1.223651649645578665e+01 9.712211458464790059e-01 7.622906000000000000e+06
1.225222107367874180e+01 9.697862010179135739e-01 7.646622000000000000e+06
1.226793902491068877e+01 9.678698987937787157e-01 7.672058000000000000e+06
1.228364718069601835e+01 9.660906019861588145e-01 7.679346000000000000e+06
1.229933962477952214e+01 9.632766969909755117e-01 7.693058000000000000e+06
1.231504373451924117e+01 9.616813313954526432e-01 7.732158000000000000e+06
1.233076331536994985e+01 9.592669358646653821e-01 7.746962000000000000e+06
1.234648244688633945e+01 9.594456868150322837e-01 7.770986000000000000e+06
1.236218576653318735e+01 9.561899920407550546e-01 7.772094000000000000e+06
1.237788516389707461e+01 9.555444527281390377e-01 7.803818000000000000e+06
1.239360390984925964e+01 9.526109289642595845e-01 7.834338000000000000e+06
1.240931454438657155e+01 9.508843191795459671e-01 7.833710000000000000e+06
1.242501025862532238e+01 9.491522490600974304e-01 7.858794000000000000e+06
1.244071609171995973e+01 9.474681296603751912e-01 7.884290000000000000e+06
1.245642554635569788e+01 9.456147182783266603e-01 7.901522000000000000e+06
1.247213990979998322e+01 9.441792501054767639e-01 7.930662000000000000e+06
1.248784889213827753e+01 9.421107462594017212e-01 7.934426000000000000e+06
1.250355459696362281e+01 9.398566419180748310e-01 7.967322000000000000e+06
1.251926642764211373e+01 9.373513361548716505e-01 7.981934000000000000e+06
1.253497567568721927e+01 9.366687316528394813e-01 8.003282000000000000e+06
1.255068061703326165e+01 9.357061129478458916e-01 8.019666000000000000e+06
1.256637936912699516e+01 9.320309635394042891e-01 8.034482000000000000e+06
1.258208508998344399e+01 9.312954558580720521e-01 8.068542000000000000e+06
1.259780313698870202e+01 9.291998061394930453e-01 8.088290000000000000e+06
1.261351163942811127e+01 9.270535435720070883e-01 8.096322000000000000e+06
1.262921162496122385e+01 9.255880411383188289e-01 8.122646000000000000e+06
1.264492727534496019e+01 9.233802544202319718e-01 8.150138000000000000e+06
1.266064123044320411e+01 9.207260289306411494e-01 8.165322000000000000e+06
1.267635049109034462e+01 9.207430326936243414e-01 8.182574000000000000e+06
1.269205751319950970e+01 9.187108057853908827e-01 8.203698000000000000e+06
1.270776623809462613e+01 9.172303247609007171e-01 8.226914000000000000e+06
1.272347983526652904e+01 9.150486643584049284e-01 8.246898000000000000e+06
1.273918476699724422e+01 9.120706400344527065e-01 8.261774000000000000e+06
1.275488532096565741e+01 9.111520532945158735e-01 8.279426000000000000e+06
1.277058911046302292e+01 9.099626272247404168e-01 8.308722000000000000e+06
1.278629950396799053e+01 9.082891095520725377e-01 8.326214000000000000e+06
1.280200365974331511e+01 9.058100860131069743e-01 8.342682000000000000e+06
1.281770065856501084e+01 9.048578766185287892e-01 8.360834000000000000e+06
1.283340848437807935e+01 9.037662634128998951e-01 8.393226000000000000e+06
1.284913125601308792e+01 9.018954531688865295e-01 8.420150000000000000e+06
1.286484437274510917e+01 9.000551057672145916e-01 8.421986000000000000e+06
1.288054190366636220e+01 8.984851961598510073e-01 8.445714000000000000e+06
1.289624751817243542e+01 8.959398483816636283e-01 8.472590000000000000e+06
1.291196350413541616e+01 8.939725991922659043e-01 8.495370000000000000e+06
1.292767561271233312e+01 8.924341832454225631e-01 8.512802000000000000e+06
1.294337627341686670e+01 8.902628562444783178e-01 8.523290000000000000e+06
1.295909254465509619e+01 8.891681839957195077e-01 8.570982000000000000e+06
1.297481202941889933e+01 8.882206109897486934e-01 8.568458000000000000e+06
1.299050877709477980e+01 8.863246110346733042e-01 8.586498000000000000e+06
1.300620190024628187e+01 8.846718337596781723e-01 8.608838000000000000e+06
1.302191363383399469e+01 8.828139367841020269e-01 8.645610000000000000e+06
1.303763169598336091e+01 8.809369321256871332e-01 8.658386000000000000e+06
1.305333181807477239e+01 8.801739912267243504e-01 8.668598000000000000e+06
1.306903073371036683e+01 8.776340264349474785e-01 8.697426000000000000e+06
1.308473895878913140e+01 8.768859997785054539e-01 8.722562000000000000e+06
1.310044895130510945e+01 8.751405648136258986e-01 8.737962000000000000e+06
1.311616215419301668e+01 8.726486843668362914e-01 8.771366000000000000e+06
1.313186858979111094e+01 8.707379195782469772e-01 8.771010000000000000e+06
1.314758318782488900e+01 8.698582438908722958e-01 8.822618000000000000e+06
1.316329275779432884e+01 8.686866507881829680e-01 8.807726000000000000e+06
1.317898595262972350e+01 8.664171816125919579e-01 8.844618000000000000e+06
1.319469240226760220e+01 8.657589560254566052e-01 8.868722000000000000e+06
1.321040689247021405e+01 8.631335536362464422e-01 8.891394000000000000e+06
1.322611949941154208e+01 8.616535984220708988e-01 8.911934000000000000e+06
1.324182463394985909e+01 8.604041735834561111e-01 8.923938000000000000e+06
1.325752875752444560e+01 8.596683464970054089e-01 8.953682000000000000e+06
1.327324685934994797e+01 8.576212602007177166e-01 8.981966000000000000e+06
1.328896030804089534e+01 8.566351354026865428e-01 8.990442000000000000e+06
1.330465770248929935e+01 8.542526793780641503e-01 9.007874000000000000e+06
1.332036222917837698e+01 8.529499782165734789e-01 9.038982000000000000e+06
1.333608106842605068e+01 8.522393276999571388e-01 9.068570000000000000e+06
1.335180331535189246e+01 8.500883850196747638e-01 9.085250000000000000e+06
1.336750361723562541e+01 8.490307869613603620e-01 9.084690000000000000e+06
1.338320275923961589e+01 8.468531614847052413e-01 9.128654000000000000e+06
1.339890831652831338e+01 8.454445170734805615e-01 9.133170000000000000e+06
1.341462514739588485e+01 8.437521296267467275e-01 9.185882000000000000e+06
1.343033068227095939e+01 8.420912483709389607e-01 9.163254000000000000e+06
1.344603079414738112e+01 8.405772478262237835e-01 9.220130000000000000e+06
1.346175097817287813e+01 8.392661303231903069e-01 9.233138000000000000e+06
1.347746169624149459e+01 8.388998698074615623e-01 9.249378000000000000e+06
1.349316675243398933e+01 8.362630304533762438e-01 9.271550000000000000e+06
1.350886780744113125e+01 8.351004052651518350e-01 9.286266000000000000e+06
1.352457420959309786e+01 8.332625057908356059e-01 9.320762000000000000e+06
1.354027528269936731e+01 8.315293225333927341e-01 9.326718000000000000e+06
1.355597266711250448e+01 8.304254953871901268e-01 9.354602000000000000e+06
1.357167854077304803e+01 8.296888083935822777e-01 9.384122000000000000e+06
1.358738838662311110e+01 8.285404407986739495e-01 9.400482000000000000e+06
1.360310113866151482e+01 8.257483749508885973e-01 9.432638000000000000e+06
1.361881507393887070e+01 8.248765472487203931e-01 9.445314000000000000e+06
1.363453202384387275e+01 8.233998854102807519e-01 9.477290000000000000e+06
1.365024566205330991e+01 8.213144715740513524e-01 9.489182000000000000e+06
1.366595033684499860e+01 8.207815093892668612e-01 9.506706000000000000e+06
1.368165392332742947e+01 8.190187768421534065e-01 9.533978000000000000e+06
1.369736167268202998e+01 8.174512558639818183e-01 9.553662000000000000e+06
1.371307055606699343e+01 8.156912788613525089e-01 9.579506000000000000e+06
1.372878654632152795e+01 8.145314995025950688e-01 9.607866000000000000e+06
1.374449164540093271e+01 8.138952311707082776e-01 9.608354000000000000e+06
1.376018948147827103e+01 8.119022234038604235e-01 9.643862000000000000e+06
1.377590285876657106e+01 8.098385639410591308e-01 9.670578000000000000e+06
1.379161550194992891e+01 8.092229061230050702e-01 9.687890000000000000e+06
1.380731081996385612e+01 8.072576257358954344e-01 9.693294000000000000e+06
1.382300999567189415e+01 8.058797863688643703e-01 9.736034000000000000e+06
1.383872564254849102e+01 8.055471871654992233e-01 9.758946000000000000e+06
1.385444081006387584e+01 8.044789678774728614e-01 9.778994000000000000e+06
1.387015071998694360e+01 8.023709544756081335e-01 9.796814000000000000e+06
1.388585452423644107e+01 8.008624326950247729e-01 9.816882000000000000e+06
1.390156760444444295e+01 7.994782302730598644e-01 9.850514000000000000e+06
1.391727461050539816e+01 7.983155442812758240e-01 9.856062000000000000e+06
1.393297592547683017e+01 7.961474731826757578e-01 9.886706000000000000e+06
1.394868876145243419e+01 7.959110622482779007e-01 9.916194000000000000e+06
1.396439742877755918e+01 7.944617623594261158e-01 9.924854000000000000e+06
1.398010702101767677e+01 7.928835947232792947e-01 9.961490000000000000e+06
1.399582173626056658e+01 7.921502023529581882e-01 9.979098000000000000e+06
1.401152670862070160e+01 7.901709524050711808e-01 9.990266000000000000e+06
1.402722014478893797e+01 7.890868900736865976e-01 1.001239800000000000e+07
1.404291897715275006e+01 7.877880144853707245e-01 1.003881800000000000e+07
1.405862735443806244e+01 7.860264143997239827e-01 1.007208200000000000e+07
1.407433479531513143e+01 7.845771011051635435e-01 1.008267000000000000e+07
1.409004917104677368e+01 7.835886998867752640e-01 1.012322600000000000e+07
1.410576653922355916e+01 7.826373870553774426e-01 1.013483400000000000e+07
1.412147260933269344e+01 7.814360510074914723e-01 1.015145000000000000e+07
1.413717993358438640e+01 7.793279692949355297e-01 1.018411800000000000e+07
1.415289157905369954e+01 7.795078045571437464e-01 1.019981000000000000e+07
1.416860366393267157e+01 7.772677883317403724e-01 1.023038600000000000e+07
1.418430896436029265e+01 7.754719175990937297e-01 1.023833400000000000e+07
1.420001284291687682e+01 7.746016343714520191e-01 1.027159400000000000e+07
1.421572657614547808e+01 7.739215867912916380e-01 1.029841800000000000e+07
1.423143337578410517e+01 7.728764679366485479e-01 1.030681400000000000e+07
1.424713778177505397e+01 7.717888823713369151e-01 1.034130600000000000e+07
1.426285025225489456e+01 7.701326045499873318e-01 1.036284200000000000e+07
1.427856427368283398e+01 7.677915057647470842e-01 1.038883400000000000e+07
1.429426790244143852e+01 7.669646765034923153e-01 1.039563000000000000e+07
1.430996575509801971e+01 7.653676678085614693e-01 1.042536200000000000e+07
1.432567210679634506e+01 7.643994695375307957e-01 1.045427400000000000e+07
1.434138366999696146e+01 7.636662991131953904e-01 1.047829400000000000e+07
1.435709809438420237e+01 7.623848556507073493e-01 1.050181800000000000e+07
1.437280392282341523e+01 7.615806657466943630e-01 1.051481000000000000e+07
1.438851160269255303e+01 7.599559743145266610e-01 1.054884200000000000e+07
1.440422192675342039e+01 7.583607455362069150e-01 1.056646200000000000e+07
1.441992714275331444e+01 7.575210096336856269e-01 1.058681000000000000e+07
1.443563532454286502e+01 7.563261696659260291e-01 1.061495400000000000e+07
1.445133980253338457e+01 7.550328029563201371e-01 1.063105400000000000e+07
1.446704700330820970e+01 7.535724260721967660e-01 1.066236200000000000e+07
1.448275628028434348e+01 7.525724131204488687e-01 1.068335400000000000e+07
1.449846208348667354e+01 7.512708310395691536e-01 1.069929800000000000e+07
1.451417198299666467e+01 7.500232335473426826e-01 1.073878200000000000e+07
1.452988075651297706e+01 7.496155600946444730e-01 1.074420200000000000e+07
1.454558861043286200e+01 7.481103553583660082e-01 1.078218600000000000e+07
1.456129125218806841e+01 7.471700884360692463e-01 1.078496600000000000e+07
1.457699892464232683e+01 7.461152168306667276e-01 1.083393800000000000e+07
1.459271566640466311e+01 7.442951960972472580e-01 1.084813800000000000e+07
1.460843060267550619e+01 7.433982393956243273e-01 1.087376600000000000e+07
1.462413856613178353e+01 7.416283869616614455e-01 1.088697000000000000e+07
1.463984038393505038e+01 7.413583045848033404e-01 1.091244200000000000e+07
1.465554487563843367e+01 7.399735276588966792e-01 1.093669800000000000e+07
1.467125359738870749e+01 7.387873966979454643e-01 1.096614200000000000e+07
1.468695215062295389e+01 7.377220240125899053e-01 1.096874600000000000e+07
1.470265208970906734e+01 7.365681937486255881e-01 1.101460200000000000e+07
1.471836994524712061e+01 7.356587212597124337e-01 1.104277400000000000e+07
1.473408908505314230e+01 7.338676111339230701e-01 1.106147400000000000e+07
1.474979494899728394e+01 7.334929487150539940e-01 1.107245000000000000e+07
1.476549319820674455e+01 7.322793653951970017e-01 1.109692200000000000e+07
1.478120959716355998e+01 7.304292386704163142e-01 1.114652600000000000e+07
1.479692708607952589e+01 7.297924777863052936e-01 1.114560200000000000e+07
1.481262773648680664e+01 7.286713312385022512e-01 1.116844200000000000e+07
1.482831807978547367e+01 7.274226313973436442e-01 1.118108600000000000e+07
1.484403479212634736e+01 7.268262348274870943e-01 1.125011400000000000e+07
1.485975910022496826e+01 7.255907834350610042e-01 1.124210600000000000e+07
1.487546116254211981e+01 7.242992865084968424e-01 1.126544600000000000e+07
1.489116101759013233e+01 7.229516396718264071e-01 1.128549000000000000e+07
1.490687605691364404e+01 7.222868153115379330e-01 1.133592200000000000e+07
1.492259047301397423e+01 7.215873516014379430e-01 1.133013000000000000e+07
1.493828361520856873e+01 7.198882742067415075e-01 1.135727000000000000e+07
1.495398746968900205e+01 7.188647424054126489e-01 1.138909800000000000e+07
1.496970470176504620e+01 7.182144588060079826e-01 1.142664200000000000e+07
1.498541811108218447e+01 7.171177737588132484e-01 1.143135800000000000e+07
1.500112369815582269e+01 7.158925287058494069e-01 1.146229800000000000e+07
1.501682771044461795e+01 7.149290081314014778e-01 1.147920200000000000e+07
1.503253401606537842e+01 7.141558988356475624e-01 1.150974600000000000e+07
1.504823456875438481e+01 7.129668312120510665e-01 1.152306200000000000e+07
1.506393551489705551e+01 7.119150655794589388e-01 1.155621000000000000e+07
1.507964770104679175e+01 7.110267941356621657e-01 1.158828200000000000e+07
1.509535661435938536e+01 7.096657518686345645e-01 1.159964600000000000e+07
1.511107216380126061e+01 7.085777887235628070e-01 1.164527400000000000e+07
1.512678669010588095e+01 7.078769197013597969e-01 1.164933800000000000e+07
1.514248358802091232e+01 7.070495995589001215e-01 1.166538600000000000e+07
1.515819551110980434e+01 7.056221684495114221e-01 1.171928600000000000e+07
1.517391026295977774e+01 7.048302760457575422e-01 1.172073800000000000e+07
1.518961803510608810e+01 7.037207081809948583e-01 1.175507400000000000e+07
1.520532275548752743e+01 7.027930089538976244e-01 1.176716600000000000e+07
1.522103567250607448e+01 7.015227523175906477e-01 1.181334600000000000e+07
1.523675395281714806e+01 7.004651831431362163e-01 1.182545000000000000e+07
1.525244943101724004e+01 7.002247224447015750e-01 1.182881400000000000e+07
1.526815365307287742e+01 6.988340531273807832e-01 1.188441800000000000e+07
1.528387066072771638e+01 6.981751335965966643e-01 1.190037800000000000e+07
1.529957321464638476e+01 6.970232705704954013e-01 1.190800200000000000e+07
1.531526583627620397e+01 6.960517597112285682e-01 1.193747000000000000e+07
1.533097536464771871e+01 6.954135620488716141e-01 1.198134600000000000e+07
1.534669338573561426e+01 6.942532576261314370e-01 1.199815400000000000e+07
1.536240004252223734e+01 6.927516591074516228e-01 1.201579800000000000e+07
1.537810801182491893e+01 6.922457117726134035e-01 1.204658600000000000e+07
1.539381960142510408e+01 6.914543801300496728e-01 1.207322600000000000e+07
1.540952845721061593e+01 6.906038941648737772e-01 1.208937000000000000e+07
1.542523709037442003e+01 6.897194098614758406e-01 1.212366200000000000e+07
1.544094016867252428e+01 6.885121285169170102e-01 1.212901800000000000e+07
1.545664017249611355e+01 6.872487919414220769e-01 1.216869800000000000e+07
1.547234727593419557e+01 6.873665724173513292e-01 1.219107000000000000e+07
1.548806833453869558e+01 6.857922791729214040e-01 1.223729000000000000e+07
1.550378623459487315e+01 6.847354600645854106e-01 1.223743400000000000e+07
1.551949330626827894e+01 6.839053647968976746e-01 1.226943000000000000e+07
1.553520078467428966e+01 6.833766617617356154e-01 1.228831400000000000e+07
1.555090402017178697e+01 6.823531284635874217e-01 1.231201800000000000e+07
1.556660515225103758e+01 6.813842807187096007e-01 1.233377000000000000e+07
1.558230564648683369e+01 6.807759078269116637e-01 1.236265400000000000e+07
1.559802032509431058e+01 6.798821663223778566e-01 1.240528200000000000e+07
1.561373656517381825e+01 6.791160934629695278e-01 1.241484200000000000e+07
1.562943874868456007e+01 6.780215161279269376e-01 1.243327800000000000e+07
1.564514468723513119e+01 6.767700591574186131e-01 1.246944200000000000e+07
1.566085762263859849e+01 6.756230602509092353e-01 1.249710600000000000e+07
1.567656801168175562e+01 6.753939919159752669e-01 1.251307400000000000e+07
1.569226784315055134e+01 6.743992252732267101e-01 1.253190200000000000e+07
1.570797061764651303e+01 6.738387086250535729e-01 1.256769000000000000e+07
1.572368763200833186e+01 6.731606341113758329e-01 1.260333800000000000e+07
1.573939902922757739e+01 6.718411230054470717e-01 1.261272600000000000e+07
1.575510155432147918e+01 6.709903328916432264e-01 1.263480200000000000e+07
1.577080131559525533e+01 6.700122327491780938e-01 1.266273000000000000e+07
1.578651124257762106e+01 6.695293661291844556e-01 1.269908600000000000e+07
1.580221945868158429e+01 6.681487339307441431e-01 1.271107400000000000e+07
1.581792010585497543e+01 6.671371866359768754e-01 1.273909800000000000e+07
1.583362809238100866e+01 6.669769896840045398e-01 1.276949000000000000e+07
1.584933934958661794e+01 6.661457163871051801e-01 1.279968600000000000e+07
1.586505742005159547e+01 6.652443527467399864e-01 1.282862600000000000e+07
1.588076352344777042e+01 6.646164506342110423e-01 1.283279400000000000e+07
1.589646872608305905e+01 6.635359183817385320e-01 1.287594200000000000e+07
1.591218765353894682e+01 6.628181369211999518e-01 1.290631400000000000e+07
1.592789674253093146e+01 6.621543574048166514e-01 1.291312200000000000e+07
1.594359563934946422e+01 6.615683773163367754e-01 1.293734600000000000e+07
1.595929854003116333e+01 6.603592866435515907e-01 1.297337400000000000e+07
1.597501474699522639e+01 6.593787596564313347e-01 1.300817000000000000e+07
1.599073061961361475e+01 6.595263557506213514e-01 1.302581000000000000e+07
1.600643059467362406e+01 6.583952694537728023e-01 1.303359000000000000e+07
1.602213644221637878e+01 6.574291916551421311e-01 1.308369800000000000e+07
1.603784671360493164e+01 6.568153572901904713e-01 1.309470600000000000e+07
1.605354767035452213e+01 6.562271276427886768e-01 1.311900200000000000e+07
1.606924881116611203e+01 6.553474516590881427e-01 1.314631800000000000e+07
