# k_mean_over_bin [h Mpc^-1] P_bin [h^-3 Mpc^3] N_modes
2.004559772710005558e-02 4.063645833333333030e+03 1.800000000000000000e+01
3.504137442477287673e-02 9.701625000000000000e+03 6.200000000000000000e+01
4.923125820196404961e-02 4.870837691326530148e+03 9.800000000000000000e+01
6.378344006481624640e-02 4.215986904761904952e+03 2.100000000000000000e+02
8.007265176091875325e-02 3.148983214285714439e+03 3.500000000000000000e+02
9.616302738587061139e-02 2.368269999999999982e+03 4.500000000000000000e+02
1.110826890383447979e-01 1.934933139534883821e+03 6.020000000000000000e+02
1.260576397180557251e-01 1.712140255905511822e+03 7.620000000000000000e+02
1.422731428555557009e-01 1.283174584063047405e+03 1.142000000000000000e+03
1.585460595607757484e-01 1.127494300000000067e+03 1.250000000000000000e+03
1.737497011902237598e-01 1.003130401234567785e+03 1.458000000000000000e+03
1.889532144205047226e-01 8.887939636163175692e+02 1.814000000000000000e+03
2.049067109494826788e-01 7.926225321395776291e+02 2.178000000000000000e+03
2.207556613284745450e-01 7.160738590872697387e+02 2.498000000000000000e+03
2.358802738624342921e-01 6.310860030511061041e+02 2.622000000000000000e+03
2.513999951464319649e-01 5.931371704613541169e+02 3.338000000000000000e+03
2.675345382307371400e-01 5.154854916711445867e+02 3.722000000000000000e+03
2.835681791499936044e-01 4.832950839328537427e+02 4.170000000000000000e+03
2.990221799979137507e-01 4.346716383662230214e+02 4.358000000000000000e+03
3.144508804126917023e-01 4.031692242749304569e+02 5.034000000000000000e+03
3.303723395141972552e-01 3.733441547077353562e+02 5.714000000000000000e+03
3.461405835555014798e-01 3.344364969909728984e+02 5.982000000000000000e+03
3.616240832326051979e-01 3.244516434413814068e+02 6.602000000000000000e+03
3.771335216675366642e-01 3.037856591865357814e+02 7.130000000000000000e+03
3.929320011962133541e-01 2.794081404032860405e+02 8.034000000000000000e+03
4.088541926781908975e-01 2.687043922844526946e+02 8.606000000000000000e+03
4.245637628236880179e-01 2.503699260975071468e+02 9.066000000000000000e+03
4.402531073637167558e-01 2.343241567958241376e+02 9.962000000000000000e+03
4.559993315308014661e-01 2.237893127962085202e+02 1.055000000000000000e+04
4.716264483403250773e-01 2.153867361482273282e+02 1.122600000000000000e+04
4.872700578197112775e-01 2.003820393545200034e+02 1.214600000000000000e+04
5.028559864371159316e-01 1.937791924480406180e+02 1.260600000000000000e+04
5.184881697096974662e-01 1.845097993044486486e+02 1.380200000000000000e+04
5.343469721895739433e-01 1.765496983868781342e+02 1.475400000000000000e+04
5.500823565575736485e-01 1.716531854679478499e+02 1.519400000000000000e+04
5.657322269403529669e-01 1.625397319800656533e+02 1.645400000000000000e+04
5.814958906429442687e-01 1.597982686253934901e+02 1.715400000000000000e+04
5.972223875100493018e-01 1.506355250191612924e+02 1.826600000000000000e+04
6.128042965698242694e-01 1.470036399999999901e+02 1.875000000000000000e+04
6.284339241893368566e-01 1.410792972224967912e+02 2.023400000000000000e+04
6.442671741027654608e-01 1.352958624708624598e+02 2.145000000000000000e+04
6.600506477327297006e-01 1.297594253710955172e+02 2.196200000000000000e+04
6.757240646605540135e-01 1.269585819623220573e+02 2.346200000000000000e+04
6.914033637984144942e-01 1.232252932368355403e+02 2.404200000000000000e+04
7.071742118944099875e-01 1.174630867956525009e+02 2.594600000000000000e+04
7.228711511166978632e-01 1.145693295811317967e+02 2.611800000000000000e+04
7.383803448867409802e-01 1.099775503526503257e+02 2.750600000000000000e+04
7.540183656477988938e-01 1.075341980320649640e+02 2.906600000000000000e+04
7.698451130026079392e-01 1.048239819376026247e+02 3.045000000000000000e+04
7.856895634322977884e-01 1.019638806628441756e+02 3.174200000000000000e+04
8.013652298136274554e-01 9.872863565891472604e+01 3.225000000000000000e+04
8.170314793099452411e-01 9.584834306569342743e+01 3.425000000000000000e+04
8.328089595358807440e-01 9.266496023015739070e+01 3.545400000000000000e+04
8.485110835048260691e-01 9.125531783498929883e+01 3.643400000000000000e+04
8.640973204722621759e-01 8.750224908444350547e+01 3.768200000000000000e+04
8.797014300262691044e-01 8.499014480582277997e+01 3.929400000000000000e+04
8.955074489672053550e-01 8.312329817023126566e+01 4.142600000000000000e+04
9.112788985619241222e-01 8.181967028003613507e+01 4.206600000000000000e+04
9.269095651252046153e-01 7.951421016325592461e+01 4.349000000000000000e+04
9.426346125839982770e-01 7.789509211850685233e+01 4.570200000000000000e+04
9.583964670696782928e-01 7.587365441523353127e+01 4.663400000000000000e+04
9.741277885224883804e-01 7.441951229558841874e+01 4.855400000000000000e+04
9.896918448392955092e-01 7.256339267444239738e+01 4.887000000000000000e+04
1.005280879626296420e+00 7.058660336734297402e+01 5.155400000000000000e+04
1.021133664452582135e+00 6.840246810870770844e+01 5.409000000000000000e+04
1.036923334995100809e+00 6.685661155503184716e+01 5.431400000000000000e+04
1.052635308833600680e+00 6.570457740291688253e+01 5.691000000000000000e+04
1.068321370297892425e+00 6.427449462440415573e+01 5.748200000000000000e+04
1.084052701550582753e+00 6.321444594728333755e+01 6.062600000000000000e+04
1.099794715754920382e+00 6.183839819625527667e+01 6.120600000000000000e+04
1.115370388947033220e+00 6.037562729742688106e+01 6.257000000000000000e+04
1.131046383902849950e+00 5.927960596379126912e+01 6.573000000000000000e+04
1.146787968622316356e+00 5.861999895030441365e+01 6.668600000000000000e+04
1.162563353468210270e+00 5.608767109529685513e+01 6.969800000000000000e+04
1.178284495947235833e+00 5.594550952503355745e+01 7.002600000000000000e+04
1.193950312022173277e+00 5.420533775052923886e+01 7.274600000000000000e+04
1.209702279395532543e+00 5.333806234147643721e+01 7.491000000000000000e+04
1.225374778796072261e+00 5.203241132035604011e+01 7.572200000000000000e+04
1.240998268267369031e+00 5.126403774018219650e+01 7.837800000000000000e+04
1.256664763601604173e+00 4.993254716981132191e+01 8.003000000000000000e+04
1.272410839108921055e+00 4.889591097059601310e+01 8.318600000000000000e+04
1.288186821427190987e+00 4.853992157418561959e+01 8.466600000000000000e+04
1.303915415643678744e+00 4.703168257342915837e+01 8.654600000000000000e+04
1.319571589153230251e+00 4.617765845190277929e+01 8.813400000000000000e+04
1.335290070384270056e+00 4.552317343616858381e+01 9.153800000000000000e+04
1.351076062681103140e+00 4.460048798556979932e+01 9.313800000000000000e+04
1.366744220099084473e+00 4.381358623171531974e+01 9.447800000000000000e+04
1.382398842931918725e+00 4.344187038674260748e+01 9.727400000000000000e+04
1.398110035554206876e+00 4.221380278864480573e+01 9.969000000000000000e+04
1.413886464447384306e+00 4.146268642167852647e+01 1.025900000000000000e+05
1.429636290478455862e+00 4.073256239761010278e+01 1.037700000000000000e+05
1.445306609637929229e+00 3.996970266864762067e+01 1.063460000000000000e+05
1.461013715221450848e+00 3.930177528421130262e+01 1.085460000000000000e+05
1.476673179078200837e+00 3.852751837870057727e+01 1.107260000000000000e+05
1.492290038154521659e+00 3.799284200779901255e+01 1.123220000000000000e+05
1.507927148623363189e+00 3.718407541634308444e+01 1.158900000000000000e+05
1.523672044743926701e+00 3.680354225956923386e+01 1.187660000000000000e+05
1.539529615911521709e+00 3.610031644017072949e+01 1.222980000000000000e+05
1.555255688786340684e+00 3.533914735031534349e+01 1.220900000000000000e+05
1.570915144657768492e+00 3.497338049439630936e+01 1.258100000000000000e+05
1.586615423455384422e+00 3.436437319603712837e+01 1.281900000000000000e+05
1.602349133342779730e+00 3.337971586484876951e+01 1.309940000000000000e+05
1.618092974080486135e+00 3.307616173853217845e+01 1.337220000000000000e+05
1.633691874209366679e+00 3.273972259982372890e+01 1.338860000000000000e+05
1.649409270104698511e+00 3.195210192261167848e+01 1.405380000000000000e+05
1.665187916060468121e+00 3.147117942444200978e+01 1.405940000000000000e+05
1.680850499408222509e+00 3.096197960917587011e+01 1.435940000000000000e+05
1.696519861906699678e+00 3.062393206206000684e+01 1.463100000000000000e+05
1.712283893956166425e+00 2.994839362761367241e+01 1.506500000000000000e+05
1.728062756067172412e+00 2.946843608883974142e+01 1.519140000000000000e+05
1.743677627348828585e+00 2.908669930507568679e+01 1.533980000000000000e+05
1.759326903275710174e+00 2.862061811916435516e+01 1.578660000000000000e+05
1.775054497456971747e+00 2.798435807740666803e+01 1.606580000000000000e+05
1.790812710658242546e+00 2.768359008421591483e+01 1.641020000000000000e+05
1.806502375897273804e+00 2.719505557777858584e+01 1.649940000000000000e+05
1.822179186865621636e+00 2.699120989108036284e+01 1.698500000000000000e+05
1.837969883527481585e+00 2.618824355728209241e+01 1.729860000000000000e+05
1.853671301775014824e+00 2.583929865320252617e+01 1.738940000000000000e+05
1.869276135303816311e+00 2.575783751371777086e+01 1.767780000000000000e+05
1.884971321406135658e+00 2.521790189326850395e+01 1.818020000000000000e+05
1.900728707982397125e+00 2.495054763324838731e+01 1.844300000000000000e+05
1.916473119999263952e+00 2.438725285993526981e+01 1.872420000000000000e+05
1.932184555202840048e+00 2.401209198423127589e+01 1.902500000000000000e+05
1.947873548384971176e+00 2.375138391234356305e+01 1.925700000000000000e+05
1.963628993658796507e+00 2.345213967940117072e+01 1.982540000000000000e+05
1.979352447076785815e+00 2.309902107293233797e+01 1.980740000000000000e+05
1.994985104292756439e+00 2.283265528334570860e+01 2.020500000000000000e+05
2.010642935442618739e+00 2.243168436316921444e+01 2.055020000000000000e+05
2.026404838719640278e+00 2.195096028784901065e+01 2.106660000000000000e+05
2.042160439755924539e+00 2.184138005705516505e+01 2.124260000000000000e+05
2.057814152054247447e+00 2.150445030338728003e+01 2.139180000000000000e+05
2.073527659517757193e+00 2.108452491922857419e+01 2.209940000000000000e+05
2.089278401895053872e+00 2.083938615577685383e+01 2.215220000000000000e+05
2.104986979127729807e+00 2.055056691145929904e+01 2.263140000000000000e+05
2.120648321356923383e+00 2.032286597974429299e+01 2.272940000000000000e+05
2.136325257483229656e+00 1.995479520265107709e+01 2.329620000000000000e+05
2.152108829701105730e+00 1.972887249913799934e+01 2.378180000000000000e+05
2.167848322413291839e+00 1.956685249037323970e+01 2.383980000000000000e+05
2.183487000865677263e+00 1.919219155158273438e+01 2.414180000000000000e+05
2.199161537811643807e+00 1.890794026367606762e+01 2.468180000000000000e+05
2.214891256735060487e+00 1.870620553328051372e+01 2.499060000000000000e+05
2.230633713071271895e+00 1.847451335285941809e+01 2.547020000000000000e+05
2.246304443991349320e+00 1.820579911798693473e+01 2.544180000000000000e+05
2.261936208784359970e+00 1.785523172296181471e+01 2.603540000000000000e+05
2.277652670266802293e+00 1.772511265256213875e+01 2.649740000000000000e+05
2.293412982496121355e+00 1.744496542895631919e+01 2.687220000000000000e+05
2.309141221738169047e+00 1.728907210876337786e+01 2.715620000000000000e+05
2.324861988404599789e+00 1.698822690557575399e+01 2.755860000000000000e+05
2.340611247586814159e+00 1.677384631856954300e+01 2.801900000000000000e+05
2.356347504876110666e+00 1.648020570369898863e+01 2.828340000000000000e+05
2.372029085968939910e+00 1.634013220184451498e+01 2.851700000000000000e+05
2.387678571697246621e+00 1.605858164933801646e+01 2.898860000000000000e+05
2.403388139521258626e+00 1.591062538628198020e+01 2.944740000000000000e+05
2.419137128499648348e+00 1.571797975278632897e+01 2.994980000000000000e+05
2.434829956177893884e+00 1.548435447629334760e+01 2.999580000000000000e+05
2.450497304476752181e+00 1.530692837852859789e+01 3.058580000000000000e+05
2.466221630284449073e+00 1.518462389878826535e+01 3.107940000000000000e+05
2.481948461430914410e+00 1.491668796034265831e+01 3.130820000000000000e+05
2.497590267743403203e+00 1.471908519645874236e+01 3.160460000000000000e+05
2.513275415567109317e+00 1.451580762092744692e+01 3.222180000000000000e+05
2.529064511226168488e+00 1.437132717721465092e+01 3.285620000000000000e+05
2.544794397904540872e+00 1.420002134211408951e+01 3.279900000000000000e+05
2.560494206000486273e+00 1.400909831127230198e+01 3.352820000000000000e+05
2.576181416838396743e+00 1.381687055391850372e+01 3.359700000000000000e+05
2.591894431456594372e+00 1.367399132724535527e+01 3.440660000000000000e+05
2.607583386084574517e+00 1.344403115344555566e+01 3.437180000000000000e+05
2.623254195933073518e+00 1.335433345282192263e+01 3.514980000000000000e+05
2.638982638468245323e+00 1.314766629614792137e+01 3.544580000000000000e+05
2.654678623100330981e+00 1.304441581187284882e+01 3.585660000000000000e+05
2.670444987332728282e+00 1.285915077487831759e+01 3.661220000000000000e+05
2.686175436888973866e+00 1.269829693010032479e+01 3.658100000000000000e+05
2.701842624139498383e+00 1.254678140691347821e+01 3.716220000000000000e+05
2.717551210176916143e+00 1.239204252285989405e+01 3.759860000000000000e+05
2.733286152591690943e+00 1.228290551325326341e+01 3.821700000000000000e+05
2.748969669686326611e+00 1.213079791942758057e+01 3.818180000000000000e+05
2.764618652904751617e+00 1.196892759783763793e+01 3.895740000000000000e+05
2.780335698310803405e+00 1.179552982235114200e+01 3.936980000000000000e+05
2.796070939832780322e+00 1.170187353864486468e+01 3.994580000000000000e+05
2.811789110373833278e+00 1.152916921501061687e+01 4.022220000000000000e+05
2.827490318755497611e+00 1.141129381060743953e+01 4.069220000000000000e+05
2.843211165013692643e+00 1.127907407676544516e+01 4.128420000000000000e+05
2.858928238366322816e+00 1.112569761114829703e+01 4.153460000000000000e+05
2.874619182965964193e+00 1.099835106913400828e+01 4.211820000000000000e+05
2.890326122379585971e+00 1.085268859201257285e+01 4.250180000000000000e+05
2.906048410595298837e+00 1.077533643520172113e+01 4.311380000000000000e+05
2.921763637537025282e+00 1.064617893927464642e+01 4.343820000000000000e+05
2.937471882413853042e+00 1.053430607443676337e+01 4.395140000000000000e+05
2.953184966193053373e+00 1.040193552158799051e+01 4.447380000000000000e+05
2.968906669185866321e+00 1.028081686752355672e+01 4.489100000000000000e+05
2.984558054153132023e+00 1.020983072136488268e+01 4.506180000000000000e+05
3.000234266597839206e+00 1.006205037928078028e+01 4.595540000000000000e+05
3.015961738166995865e+00 9.945598847779990592e+00 4.631060000000000000e+05
3.031644318942089189e+00 9.848108731861252352e+00 4.670940000000000000e+05
3.047375183469438475e+00 9.715885020781659165e+00 4.749380000000000000e+05
3.063101994982958765e+00 9.614197608479711832e+00 4.771860000000000000e+05
3.078830638657798602e+00 9.487748364866817496e+00 4.846700000000000000e+05
3.094557820700788220e+00 9.381282725200716044e+00 4.870100000000000000e+05
3.110261604918990841e+00 9.269398395342520303e+00 4.933140000000000000e+05
3.125964826756857384e+00 9.195433609632456040e+00 4.963220000000000000e+05
3.141631907395710410e+00 9.067125504781722967e+00 5.017020000000000000e+05
3.157337759020614865e+00 8.979349617155824248e+00 5.085620000000000000e+05
3.173083732250922218e+00 8.890457216641193483e+00 5.142420000000000000e+05
3.188786566155163538e+00 8.804413571038326225e+00 5.161580000000000000e+05
3.204467208631248454e+00 8.681639182398843246e+00 5.226020000000000000e+05
3.220198682476764773e+00 8.603261422611174325e+00 5.306580000000000000e+05
3.235902901074469540e+00 8.531393738609393651e+00 5.300420000000000000e+05
3.251569839460216826e+00 8.450865502024576870e+00 5.388780000000000000e+05
3.267286640001119125e+00 8.358930770220352358e+00 5.441300000000000000e+05
3.283035953778620897e+00 8.221430178586334847e+00 5.511060000000000000e+05
3.298765470797303756e+00 8.170628287561690684e+00 5.539820000000000000e+05
3.314460854810658219e+00 8.080491077346383832e+00 5.582420000000000000e+05
3.330143183999465961e+00 7.957967995522064797e+00 5.645460000000000000e+05
3.345851390644388967e+00 7.914396996287428543e+00 5.704940000000000000e+05
3.361584614506297086e+00 7.828066862934798031e+00 5.767620000000000000e+05
3.377268741275611497e+00 7.744884423952932195e+00 5.782340000000000000e+05
3.392938742749323389e+00 7.683907722148801689e+00 5.856660000000000000e+05
3.408667877553761993e+00 7.616621190150157261e+00 5.944460000000000000e+05
3.424389245726590758e+00 7.498960100797983586e+00 5.952500000000000000e+05
3.440080490503192756e+00 7.433985137603123405e+00 6.034020000000000000e+05
3.455784632582446392e+00 7.355824670470972215e+00 6.073820000000000000e+05
3.471525169349745088e+00 7.312404985332491059e+00 6.170100000000000000e+05
3.487238775590668638e+00 7.228338235151059443e+00 6.167780000000000000e+05
3.502915637500682244e+00 7.157397566370973685e+00 6.247460000000000000e+05
3.518586117849470174e+00 7.066234702943339663e+00 6.280620000000000000e+05
3.534307361823285198e+00 7.000788226646439405e+00 6.394100000000000000e+05
3.550068718511843802e+00 6.920798377488902808e+00 6.429540000000000000e+05
3.565767899937936303e+00 6.880009102533538368e+00 6.459740000000000000e+05
3.581461234185308484e+00 6.789877427351604489e+00 6.534900000000000000e+05
3.597192479322759873e+00 6.729536766019014848e+00 6.607460000000000000e+05
3.612919168611930854e+00 6.698111475883402832e+00 6.646460000000000000e+05
3.628586482304986038e+00 6.625004870446132621e+00 6.672900000000000000e+05
3.644285394494611641e+00 6.555921352980852213e+00 6.790340000000000000e+05
3.660034289703634869e+00 6.494600291187334840e+00 6.827220000000000000e+05
3.675778468055097559e+00 6.424149858659390588e+00 6.912380000000000000e+05
3.691462948962963786e+00 6.353574343379775335e+00 6.886020000000000000e+05
3.707119074879760223e+00 6.302814821367928921e+00 7.008260000000000000e+05
3.722835664250375487e+00 6.237251687068313011e+00 7.056620000000000000e+05
3.738525251797470528e+00 6.162546719956286445e+00 7.100820000000000000e+05
3.754222032949778853e+00 6.133268999196286764e+00 7.191620000000000000e+05
3.769933086185316640e+00 6.062090688819660400e+00 7.222500000000000000e+05
3.785638995718866973e+00 6.017817254719689757e+00 7.315100000000000000e+05
3.801371660419305520e+00 5.964333240092227761e+00 7.364420000000000000e+05
3.817071936206203997e+00 5.911202351740725724e+00 7.408980000000000000e+05
3.832786102847733023e+00 5.843754915631106606e+00 7.501580000000000000e+05
3.848527046055627121e+00 5.802657027869847717e+00 7.548660000000000000e+05
3.864237159299509283e+00 5.746881678596682974e+00 7.608260000000000000e+05
3.879924927323326056e+00 5.690524898106628982e+00 7.640340000000000000e+05
3.895614328144405114e+00 5.665029605373678834e+00 7.738460000000000000e+05
3.911337128038584687e+00 5.591288600692048583e+00 7.797140000000000000e+05
3.927042484287095014e+00 5.555871117945108573e+00 7.843140000000000000e+05
3.942732759911325768e+00 5.477863553305650335e+00 7.913420000000000000e+05
3.958453369699379998e+00 5.438796659736971684e+00 7.994580000000000000e+05
3.974178216354418591e+00 5.392498652110285562e+00 8.049620000000000000e+05
3.989882109912799013e+00 5.334094249891914608e+00 8.095500000000000000e+05
4.005543243773400874e+00 5.287347963877667922e+00 8.134580000000000000e+05
4.021251057898795445e+00 5.255821233209491794e+00 8.274020000000000000e+05
4.036984636136614846e+00 5.209303925331093765e+00 8.286180000000000000e+05
4.052682677778184583e+00 5.155768546022430066e+00 8.369180000000000000e+05
4.068393456235992467e+00 5.103172004356522962e+00 8.428740000000000000e+05
4.084099822251435974e+00 5.072485865462277310e+00 8.493380000000000000e+05
4.099829813320492455e+00 5.033817184396617961e+00 8.589420000000000000e+05
4.115554009414900349e+00 4.981254457140599889e+00 8.609780000000000000e+05
4.131235359039446386e+00 4.928396054107464508e+00 8.683460000000000000e+05
4.146931044915801223e+00 4.897915681125835974e+00 8.751540000000000000e+05
4.162664159049392687e+00 4.855140519107123076e+00 8.862140000000000000e+05
4.178388788086889960e+00 4.820486597110934746e+00 8.873460000000000000e+05
4.194077965975033351e+00 4.786838006404568802e+00 8.949860000000000000e+05
4.209774792532540388e+00 4.739016077113430647e+00 9.027740000000000000e+05
4.225510803750013977e+00 4.695371411906845260e+00 9.121140000000000000e+05
4.241231113843379141e+00 4.663321588676168972e+00 9.150260000000000000e+05
4.256908196003403866e+00 4.616451047773060701e+00 9.201420000000000000e+05
4.272591924000948893e+00 4.587994562049212632e+00 9.297620000000000000e+05
4.288308084378355645e+00 4.538220727782292130e+00 9.376980000000000000e+05
4.304040323784237287e+00 4.505222479312250172e+00 9.447620000000000000e+05
4.319738418983270378e+00 4.487859265555431243e+00 9.482540000000000000e+05
4.335428335028543856e+00 4.437012568953660363e+00 9.568020000000000000e+05
4.351157550879730884e+00 4.398835642344712582e+00 9.676580000000000000e+05
4.366881330891844826e+00 4.369560957902531406e+00 9.697020000000000000e+05
4.382546060772999574e+00 4.335611699124311436e+00 9.740900000000000000e+05
4.398246218400761798e+00 4.299030736017449783e+00 9.884820000000000000e+05
4.413979276240257654e+00 4.272895803805264237e+00 9.919940000000000000e+05
4.429695644229851403e+00 4.233642847866696535e+00 1.001030000000000000e+06
4.445410080183695989e+00 4.193549157093839241e+00 1.005450000000000000e+06
4.461113024304604657e+00 4.173828444824994044e+00 1.013738000000000000e+06
4.476828248264367538e+00 4.136711493476623147e+00 1.021710000000000000e+06
4.492511743566732996e+00 4.103114321050853164e+00 1.023626000000000000e+06
4.508191947536588806e+00 4.074954577663988609e+00 1.035834000000000000e+06
4.523895481465870283e+00 4.038300380673836898e+00 1.040786000000000000e+06
4.539619934096997156e+00 4.006438911286110738e+00 1.053206000000000000e+06
4.555352618284365995e+00 3.971763534979120269e+00 1.057002000000000000e+06
4.571063001207543941e+00 3.946523068940819723e+00 1.063898000000000000e+06
4.586777862326684385e+00 3.918100322339487462e+00 1.072782000000000000e+06
4.602497075350756361e+00 3.888132099152227017e+00 1.078826000000000000e+06
4.618214180504660149e+00 3.849916170460750298e+00 1.087922000000000000e+06
4.633911241501361467e+00 3.823071928868934766e+00 1.090494000000000000e+06
4.649602871383847535e+00 3.790446283783170056e+00 1.101362000000000000e+06
4.665319460688174047e+00 3.771686075534194327e+00 1.109802000000000000e+06
4.681029772111457099e+00 3.748377992559985827e+00 1.114514000000000000e+06
4.696725943447952467e+00 3.724680050110060758e+00 1.123926000000000000e+06
4.712406639130506392e+00 3.692459542125746008e+00 1.125986000000000000e+06
4.728114319510818397e+00 3.665018223887984483e+00 1.143554000000000000e+06
4.743843011674210075e+00 3.636485660123524699e+00 1.144710000000000000e+06
4.759548004017718270e+00 3.618998793779646395e+00 1.154018000000000000e+06
4.775245153331388437e+00 3.589448188819978736e+00 1.159962000000000000e+06
4.790962201099520534e+00 3.559071372330668392e+00 1.170986000000000000e+06
4.806687457227775795e+00 3.533238565470036896e+00 1.178142000000000000e+06
4.822395257046031780e+00 3.508738037701006451e+00 1.182674000000000000e+06
4.838087143849061356e+00 3.480348899498070026e+00 1.191002000000000000e+06
4.853789225034707222e+00 3.459287360113558307e+00 1.200438000000000000e+06
4.869505077076887289e+00 3.441931835300232834e+00 1.208162000000000000e+06
4.885214479826415435e+00 3.415037383008381777e+00 1.215258000000000000e+06
4.900926872777207954e+00 3.388179112744193144e+00 1.224134000000000000e+06
4.916625834276870499e+00 3.371206627699349312e+00 1.228722000000000000e+06
4.932342625999591945e+00 3.348325911351288653e+00 1.243154000000000000e+06
4.948070313168653200e+00 3.317386549588336120e+00 1.245434000000000000e+06
4.963768791695496674e+00 3.301589122644320806e+00 1.255158000000000000e+06
4.979434313641077026e+00 3.269367876968166886e+00 1.255610000000000000e+06
4.995141420885109262e+00 3.257601588024690908e+00 1.277562000000000000e+06
5.010861277833007499e+00 3.236910454530474546e+00 1.274414000000000000e+06
5.026541148359606304e+00 3.217035032822859630e+00 1.285994000000000000e+06
5.042268620369379839e+00 3.191746693136960467e+00 1.299570000000000000e+06
5.058004053481842455e+00 3.167939140879272308e+00 1.302122000000000000e+06
5.073708460591943137e+00 3.147037897886631352e+00 1.311366000000000000e+06
5.089416057291027862e+00 3.122220066010403361e+00 1.319186000000000000e+06
5.105125712135527571e+00 3.110144270826270763e+00 1.327434000000000000e+06
5.120844156875770103e+00 3.083579227903512354e+00 1.337294000000000000e+06
5.136559512122237159e+00 3.065428455460144530e+00 1.342730000000000000e+06
5.152249183032828306e+00 3.046532019813856351e+00 1.350570000000000000e+06
5.167964432416064291e+00 3.024507922412464467e+00 1.362590000000000000e+06
5.183694924160209716e+00 3.009489683127229309e+00 1.369698000000000000e+06
5.199396868456950926e+00 2.985737835239149707e+00 1.374914000000000000e+06
5.215085298788597612e+00 2.961484782121613257e+00 1.383570000000000000e+06
5.230792912992411559e+00 2.955443665999223146e+00 1.395374000000000000e+06
5.246488594245054315e+00 2.932657191083139825e+00 1.396994000000000000e+06
5.262173859327344161e+00 2.914479855192592783e+00 1.411530000000000000e+06
5.277882164810089982e+00 2.896331690620736588e+00 1.417574000000000000e+06
5.293593858628555360e+00 2.879001339553790118e+00 1.428834000000000000e+06
5.309329156889964985e+00 2.856650160039693631e+00 1.439018000000000000e+06
5.325038538485003414e+00 2.836605069209508390e+00 1.440698000000000000e+06
5.340730702455575241e+00 2.831793231877537398e+00 1.453638000000000000e+06
5.356455193601842524e+00 2.807844400741820845e+00 1.463426000000000000e+06
5.372183381207660702e+00 2.795588185309812790e+00 1.471050000000000000e+06
5.387886700194870926e+00 2.777965384881060817e+00 1.476638000000000000e+06
5.403571860691538831e+00 2.759828786917315480e+00 1.484466000000000000e+06
5.419293096268920529e+00 2.743142775491388630e+00 1.501154000000000000e+06
5.435016687773623012e+00 2.724050846170955165e+00 1.501706000000000000e+06
5.450702718101835487e+00 2.710356651860202692e+00 1.511502000000000000e+06
5.466391329901655105e+00 2.689103124913664544e+00 1.520234000000000000e+06
5.482117701107046770e+00 2.679694594823486486e+00 1.535010000000000000e+06
5.497863840523032231e+00 2.663115427528804258e+00 1.543358000000000000e+06
5.513531058043433575e+00 2.649213676148653995e+00 1.535754000000000000e+06
5.529215137958169990e+00 2.631915731191550201e+00 1.564802000000000000e+06
5.544946163489404611e+00 2.613392316757494171e+00 1.563038000000000000e+06
5.560660431796565106e+00 2.601637010540880812e+00 1.578426000000000000e+06
5.576372624871568817e+00 2.590446334514082238e+00 1.581482000000000000e+06
5.592071612679278658e+00 2.570863243837337109e+00 1.592250000000000000e+06
5.607777081388953810e+00 2.558382223525960786e+00 1.602230000000000000e+06
5.623461069047772654e+00 2.550592177991144016e+00 1.604754000000000000e+06
5.639160434689571844e+00 2.525971568097234332e+00 1.623458000000000000e+06
5.654868627057174635e+00 2.518110233797564046e+00 1.624910000000000000e+06
5.670595730029768688e+00 2.502164733071468028e+00 1.645122000000000000e+06
5.686329334746649700e+00 2.489075635360123773e+00 1.645130000000000000e+06
5.702030598096980540e+00 2.478445146662511700e+00 1.655706000000000000e+06
5.717729473142792784e+00 2.460521388011556176e+00 1.663502000000000000e+06
5.733437455346763301e+00 2.447725145835844884e+00 1.675514000000000000e+06
5.749160590029285700e+00 2.432372197676612391e+00 1.685298000000000000e+06
5.764862617007506351e+00 2.416892710909191777e+00 1.689566000000000000e+06
5.780540238679900078e+00 2.405739317371970554e+00 1.697850000000000000e+06
5.796263103923236848e+00 2.394052152226358920e+00 1.718546000000000000e+06
5.812002103804656983e+00 2.384330326045369652e+00 1.719822000000000000e+06
5.827695391299545058e+00 2.372653896185883848e+00 1.726586000000000000e+06
5.843388778895907798e+00 2.353470962852736825e+00 1.739186000000000000e+06
5.859113417771065535e+00 2.345537179324685084e+00 1.751538000000000000e+06
5.874835560723500549e+00 2.332200883700347394e+00 1.758062000000000000e+06
5.890526541065327137e+00 2.318506134395153850e+00 1.763010000000000000e+06
5.906225317694219434e+00 2.312409411224968014e+00 1.778642000000000000e+06
5.921952321011594300e+00 2.297189337698802625e+00 1.788582000000000000e+06
5.937670655764399896e+00 2.281655175718458217e+00 1.794746000000000000e+06
5.953363581550269679e+00 2.269870902627974640e+00 1.803290000000000000e+06
5.969050809995837703e+00 2.263105046884196891e+00 1.811058000000000000e+06
5.984760752596141486e+00 2.246445854695852784e+00 1.828358000000000000e+06
6.000476440810660783e+00 2.237576459487529146e+00 1.831362000000000000e+06
6.016171166004743220e+00 2.231757114680497533e+00 1.842458000000000000e+06
6.031847027098122815e+00 2.211397359390752104e+00 1.846998000000000000e+06
6.047561666320434348e+00 2.206177419130479489e+00 1.869122000000000000e+06
6.063310221741519790e+00 2.193241411765207260e+00 1.876346000000000000e+06
6.079025995273507732e+00 2.180503946249706004e+00 1.879506000000000000e+06
6.094727650148782594e+00 2.172939710329863772e+00 1.893326000000000000e+06
6.110443441650997620e+00 2.161822637822808257e+00 1.901826000000000000e+06
6.126157369603382641e+00 2.154080598882194941e+00 1.911962000000000000e+06
6.141856103084946561e+00 2.139514526380290160e+00 1.919198000000000000e+06
6.157554247585426133e+00 2.132322138882067897e+00 1.930242000000000000e+06
6.173264897526903994e+00 2.120677219705916716e+00 1.942442000000000000e+06
6.188983783131053684e+00 2.111274000452930899e+00 1.951734000000000000e+06
6.204674330135580007e+00 2.095168282532185344e+00 1.955402000000000000e+06
6.220364153407833108e+00 2.091255049805818000e+00 1.971858000000000000e+06
6.236097253224911263e+00 2.082654751024989981e+00 1.984898000000000000e+06
6.251804727814884721e+00 2.071629920530481339e+00 1.986422000000000000e+06
6.267477703420695434e+00 2.063120007253978372e+00 1.996146000000000000e+06
6.283195068785119908e+00 2.051104775852136797e+00 2.017106000000000000e+06
6.298926466691256110e+00 2.041933537823202194e+00 2.020638000000000000e+06
6.314631082636630310e+00 2.032223189145665465e+00 2.029346000000000000e+06
6.330330969697290477e+00 2.024666560836295037e+00 2.041002000000000000e+06
6.346042618354868381e+00 2.011222549903726620e+00 2.051450000000000000e+06
6.361769829008385280e+00 2.004858206115923025e+00 2.065886000000000000e+06
6.377467710730222450e+00 1.995395840053939107e+00 2.064546000000000000e+06
6.393156758488530933e+00 1.989645883849902930e+00 2.082650000000000000e+06
6.408877231485442749e+00 1.976160662892292752e+00 2.095182000000000000e+06
6.424598957671957322e+00 1.971611885905510064e+00 2.101346000000000000e+06
6.440311953715900373e+00 1.959488743846765413e+00 2.115554000000000000e+06
6.456005935746694568e+00 1.952970688968990176e+00 2.115654000000000000e+06
6.471719753415134946e+00 1.943166978505099785e+00 2.141066000000000000e+06
6.487439387114228850e+00 1.932708925098117314e+00 2.139786000000000000e+06
6.503131318747780831e+00 1.928588371351759756e+00 2.152202000000000000e+06
6.518819434526843537e+00 1.917469156711024025e+00 2.161086000000000000e+06
6.534523450777902198e+00 1.908788161896419977e+00 2.176058000000000000e+06
6.550254613659266312e+00 1.899155361148210375e+00 2.190818000000000000e+06
6.565965738846988309e+00 1.890431794512308139e+00 2.191158000000000000e+06
6.581657291702928347e+00 1.885123955137454344e+00 2.205314000000000000e+06
6.597356411838022794e+00 1.876366136866896683e+00 2.215554000000000000e+06
6.613072568835591802e+00 1.863495051919650702e+00 2.230562000000000000e+06
6.628796834083485301e+00 1.859077278495312235e+00 2.239614000000000000e+06
6.644501868950448475e+00 1.852041629670134970e+00 2.245706000000000000e+06
6.660203335766918364e+00 1.842478605320944540e+00 2.259674000000000000e+06
6.675922241577704419e+00 1.833461455894605407e+00 2.273214000000000000e+06
6.691636876769640807e+00 1.829321832260986103e+00 2.278802000000000000e+06
6.707348854586632214e+00 1.823773862985465843e+00 2.294034000000000000e+06
6.723042755046850338e+00 1.813932879349456240e+00 2.294942000000000000e+06
6.738741204690306574e+00 1.806114132193953337e+00 2.317050000000000000e+06
6.754459451825965743e+00 1.798278681890546293e+00 2.322842000000000000e+06
6.770155876549564411e+00 1.791175814416447354e+00 2.330810000000000000e+06
6.785853403723873356e+00 1.782679932888824093e+00 2.345958000000000000e+06
6.801555230257334550e+00 1.775693346238463421e+00 2.353586000000000000e+06
6.817285949066600459e+00 1.770679990404888438e+00 2.376210000000000000e+06
6.833012673954052651e+00 1.763022625375762820e+00 2.374502000000000000e+06
6.848703343789808606e+00 1.755239495865226651e+00 2.386346000000000000e+06
6.864405076602009714e+00 1.747206737644473096e+00 2.401314000000000000e+06
6.880122619459167588e+00 1.741310414895602232e+00 2.411450000000000000e+06
6.895827031199952550e+00 1.732726612517443199e+00 2.420718000000000000e+06
6.911509854271036701e+00 1.726171635705846530e+00 2.425754000000000000e+06
6.927232044479275430e+00 1.720059888775660628e+00 2.455218000000000000e+06
6.942960195844471549e+00 1.715953906701994658e+00 2.450942000000000000e+06
6.958661448092413160e+00 1.708219672250752774e+00 2.467130000000000000e+06
6.974361211749578793e+00 1.703177010223550614e+00 2.474874000000000000e+06
6.990070831352309000e+00 1.694628933464291443e+00 2.490362000000000000e+06
7.005778159324729693e+00 1.688695638598606497e+00 2.498142000000000000e+06
7.021469697735486015e+00 1.682628465671355933e+00 2.507090000000000000e+06
7.037177120604764191e+00 1.676135252272563436e+00 2.525562000000000000e+06
7.052899061516400003e+00 1.669328953109724623e+00 2.534726000000000000e+06
7.068628793135065536e+00 1.662251667316363868e+00 2.549906000000000000e+06
7.084334935478915796e+00 1.656201270523708802e+00 2.551074000000000000e+06
7.100038328422084710e+00 1.648585094655078631e+00 2.570702000000000000e+06
7.115745931638459254e+00 1.639740787262850441e+00 2.574642000000000000e+06
7.131451190238497162e+00 1.637604440287949492e+00 2.594066000000000000e+06
7.147151468730735147e+00 1.632418388763381412e+00 2.594802000000000000e+06
7.162835307179018507e+00 1.624935777919855440e+00 2.612030000000000000e+06
7.178551581855800556e+00 1.620962924008563455e+00 2.627954000000000000e+06
7.194283665259025184e+00 1.612945869606219107e+00 2.640402000000000000e+06
7.209984529526630936e+00 1.608693166718027312e+00 2.641454000000000000e+06
7.225685108067660956e+00 1.599866858714705797e+00 2.661834000000000000e+06
7.241394735953288198e+00 1.595876646318024727e+00 2.669138000000000000e+06
7.257108192998378726e+00 1.588557197438374757e+00 2.684858000000000000e+06
7.272822849503533860e+00 1.583652015100727173e+00 2.693910000000000000e+06
7.288518104809805997e+00 1.581505706445096138e+00 2.701682000000000000e+06
7.304234199753477874e+00 1.573312574512487405e+00 2.722698000000000000e+06
7.319945495172938799e+00 1.568927134345248220e+00 2.725262000000000000e+06
7.335649438298961655e+00 1.563656402122189926e+00 2.742450000000000000e+06
7.351353846506168743e+00 1.557571140244013330e+00 2.749850000000000000e+06
7.367055388436875241e+00 1.552887909918658549e+00 2.763902000000000000e+06
7.382770533642191602e+00 1.545441277985443840e+00 2.778498000000000000e+06
7.398475089415688544e+00 1.540496600862623078e+00 2.784530000000000000e+06
7.414188731852492609e+00 1.536046247895050954e+00 2.804106000000000000e+06
7.429901641940141133e+00 1.529847782218599850e+00 2.809790000000000000e+06
7.445612173277812218e+00 1.525370806546272773e+00 2.825058000000000000e+06
7.461320649323638143e+00 1.520450159296905968e+00 2.834330000000000000e+06
7.477011404590944821e+00 1.515943754129982057e+00 2.842022000000000000e+06
7.492720686839765776e+00 1.507692981666139520e+00 2.864754000000000000e+06
7.508423522993188826e+00 1.504925483191384972e+00 2.864186000000000000e+06
7.524104703200965361e+00 1.500956229784083273e+00 2.879538000000000000e+06
7.539811207090460599e+00 1.494664512697908121e+00 2.899454000000000000e+06
7.555522870235571453e+00 1.488146542077184664e+00 2.904258000000000000e+06
7.571252185241664989e+00 1.484677162301713649e+00 2.930234000000000000e+06
7.586982910029617777e+00 1.480391367067573460e+00 2.929526000000000000e+06
7.602682376348832705e+00 1.473917072961845820e+00 2.942442000000000000e+06
7.618398087127784990e+00 1.470396783312674538e+00 2.960810000000000000e+06
7.634111360506788735e+00 1.464019677876958747e+00 2.964954000000000000e+06
7.649813471415971122e+00 1.461511082186312205e+00 2.980910000000000000e+06
7.665516544353160100e+00 1.456524421109081979e+00 2.990978000000000000e+06
7.681228381318442544e+00 1.449692049476896338e+00 3.007626000000000000e+06
7.696947282980596938e+00 1.445434765759815887e+00 3.019166000000000000e+06
7.712641051068838571e+00 1.443059127665842434e+00 3.021090000000000000e+06
7.728340175203005202e+00 1.435693840281327738e+00 3.047834000000000000e+06
7.744066325082287428e+00 1.432360689752224747e+00 3.055590000000000000e+06
7.759785182459853381e+00 1.425716120925024422e+00 3.068546000000000000e+06
7.775464898067028230e+00 1.422218230259181260e+00 3.067274000000000000e+06
7.791162210093558471e+00 1.418565920973719585e+00 3.098058000000000000e+06
7.806896787352753719e+00 1.415732561348302276e+00 3.109214000000000000e+06
7.822604758484962950e+00 1.409626885489184023e+00 3.110466000000000000e+06
7.838284799897788702e+00 1.404677422968470424e+00 3.124370000000000000e+06
7.853986825204827937e+00 1.399821542955320020e+00 3.144174000000000000e+06
7.869722202747719386e+00 1.395361032444813576e+00 3.161738000000000000e+06
7.885429030328279687e+00 1.393022700157283911e+00 3.159890000000000000e+06
7.901109098578781520e+00 1.388955363629432727e+00 3.174138000000000000e+06
7.916812369163124252e+00 1.384040024706454375e+00 3.195926000000000000e+06
7.932546153031187153e+00 1.377969667925313280e+00 3.211386000000000000e+06
7.948275829971742645e+00 1.376063192344704422e+00 3.219314000000000000e+06
7.963974762265003449e+00 1.370102533131358991e+00 3.225494000000000000e+06
7.979672909422356852e+00 1.366726680939331251e+00 3.242562000000000000e+06
7.995382124285669967e+00 1.361969024850726795e+00 3.257450000000000000e+06
8.011096558073175444e+00 1.357586511101771309e+00 3.269118000000000000e+06
8.026799325701325927e+00 1.352821499696547525e+00 3.278930000000000000e+06
8.042482997119602572e+00 1.351185249418100476e+00 3.286650000000000000e+06
8.058198313138401403e+00 1.345956262569310224e+00 3.316610000000000000e+06
8.073929632859263350e+00 1.343637985008167890e+00 3.321542000000000000e+06
8.089631173905692307e+00 1.338574009682212518e+00 3.328578000000000000e+06
8.105328344487277903e+00 1.335035189057103056e+00 3.345074000000000000e+06
8.121039774478980178e+00 1.328803166030378735e+00 3.361686000000000000e+06
8.136750954641513545e+00 1.325726276529636483e+00 3.369722000000000000e+06
8.152451824383751600e+00 1.323981844982261347e+00 3.385290000000000000e+06
8.168148505929304193e+00 1.319817359945980373e+00 3.391370000000000000e+06
8.183868116116777003e+00 1.314064469235160404e+00 3.422966000000000000e+06
8.199591131301563252e+00 1.312720607286715468e+00 3.419538000000000000e+06
8.215300984565764963e+00 1.305746116232651355e+00 3.441890000000000000e+06
8.231010872605484252e+00 1.303471099454632354e+00 3.447582000000000000e+06
8.246721005479363598e+00 1.298979343380171070e+00 3.466298000000000000e+06
8.262408288354077257e+00 1.296212935571407598e+00 3.466194000000000000e+06
8.278098173695775941e+00 1.293452264020512832e+00 3.492062000000000000e+06
8.293810268215034753e+00 1.288933360433031972e+00 3.503114000000000000e+06
8.309519053075314687e+00 1.286482705011392946e+00 3.517146000000000000e+06
8.325241433409063418e+00 1.280915466387759549e+00 3.535706000000000000e+06
8.340952984226902345e+00 1.278078458825530284e+00 3.539742000000000000e+06
8.356659711712842054e+00 1.274804858406080044e+00 3.558698000000000000e+06
8.372371429175492707e+00 1.271209779385690464e+00 3.570122000000000000e+06
8.388083579962753333e+00 1.267271965042700899e+00 3.585174000000000000e+06
8.403790832576294889e+00 1.264407338924757207e+00 3.594314000000000000e+06
8.419496525959527133e+00 1.262400138639045100e+00 3.612258000000000000e+06
8.435201663874629219e+00 1.256727100264565022e+00 3.620282000000000000e+06
8.450905678681708721e+00 1.256351471444140611e+00 3.639078000000000000e+06
8.466617353651699318e+00 1.249449109013957226e+00 3.650450000000000000e+06
8.482317771685245589e+00 1.245985025473737240e+00 3.661418000000000000e+06
8.498018574275240766e+00 1.243472268220249033e+00 3.677694000000000000e+06
8.513736467920875128e+00 1.240479786405654927e+00 3.695978000000000000e+06
8.529447827058733722e+00 1.236120135788765895e+00 3.702810000000000000e+06
8.545145453356283838e+00 1.233379761162188393e+00 3.716162000000000000e+06
8.560863155475518127e+00 1.230999541722748170e+00 3.740094000000000000e+06
8.576575892842692284e+00 1.226108367010126488e+00 3.740954000000000000e+06
8.592276429309924524e+00 1.222681208398099795e+00 3.760946000000000000e+06
8.607993113742812952e+00 1.220356866276118391e+00 3.778278000000000000e+06
8.623706693511682175e+00 1.217585329367421476e+00 3.784922000000000000e+06
8.639416117971885356e+00 1.213565359162802171e+00 3.805266000000000000e+06
8.655118251607849089e+00 1.209835054676252186e+00 3.807686000000000000e+06
8.670819176621002100e+00 1.208812771807895814e+00 3.833130000000000000e+06
8.686531013296711734e+00 1.205634688895957263e+00 3.841898000000000000e+06
8.702242672461403927e+00 1.201133130157689966e+00 3.858074000000000000e+06
8.717947060126663317e+00 1.197970702310224844e+00 3.868974000000000000e+06
8.733653634556446832e+00 1.194844135501402560e+00 3.885362000000000000e+06
8.749361177527063660e+00 1.192823520056229825e+00 3.898290000000000000e+06
8.765057838444775484e+00 1.189146615057735001e+00 3.907334000000000000e+06
8.780760279838380811e+00 1.186951763037928265e+00 3.928730000000000000e+06
8.796461536498792810e+00 1.183689319845778076e+00 3.936666000000000000e+06
8.812176163138749629e+00 1.179812240586911587e+00 3.961346000000000000e+06
8.827908468663524744e+00 1.177541152993102580e+00 3.975774000000000000e+06
8.843605203440207063e+00 1.174581358784878793e+00 3.970106000000000000e+06
8.859298780821674768e+00 1.171950729047230189e+00 4.003170000000000000e+06
8.875033023597818982e+00 1.169447859690045499e+00 4.019558000000000000e+06
8.890757701901966570e+00 1.166733778115391251e+00 4.025642000000000000e+06
8.906442147587496194e+00 1.162585881543417798e+00 4.028514000000000000e+06
8.922138549702236077e+00 1.160152194980635043e+00 4.059398000000000000e+06
8.937858770665876307e+00 1.156820423454065327e+00 4.069674000000000000e+06
8.953569902743538478e+00 1.154420576644012320e+00 4.083698000000000000e+06
8.969276596619630837e+00 1.153838020516652296e+00 4.095210000000000000e+06
8.984978332063514372e+00 1.150243472963748070e+00 4.110518000000000000e+06
9.000686439228440250e+00 1.145068999357863770e+00 4.126850000000000000e+06
9.016395212272197313e+00 1.142232073802798675e+00 4.140114000000000000e+06
9.032081625028110849e+00 1.141131182629636864e+00 4.144070000000000000e+06
9.047784840512392179e+00 1.136772888178127161e+00 4.175802000000000000e+06
9.063510534008996089e+00 1.135108630090341464e+00 4.187882000000000000e+06
9.079229438028200150e+00 1.133091861641959852e+00 4.199250000000000000e+06
9.094931536527573357e+00 1.129141815102940427e+00 4.209326000000000000e+06
9.110624252584134553e+00 1.126169137378526974e+00 4.222130000000000000e+06
9.126345788688972505e+00 1.124452372188052607e+00 4.254258000000000000e+06
9.142067210789587506e+00 1.122047074670345035e+00 4.252478000000000000e+06
9.157769224107168426e+00 1.119636766636273650e+00 4.270698000000000000e+06
9.173460189222041095e+00 1.117121601487755633e+00 4.278122000000000000e+06
9.189172851773026451e+00 1.113423913976618440e+00 4.309898000000000000e+06
9.204899411326563197e+00 1.111314987897108031e+00 4.317150000000000000e+06
9.220610370561862723e+00 1.109206346493450512e+00 4.329698000000000000e+06
9.236312329177842173e+00 1.105072744219648406e+00 4.340826000000000000e+06
9.252011696799515406e+00 1.103648393541594386e+00 4.359590000000000000e+06
9.267725419345696380e+00 1.100074939739767110e+00 4.376850000000000000e+06
9.283431809080884278e+00 1.098874796713865676e+00 4.386674000000000000e+06
9.299131961634870436e+00 1.094843065831065720e+00 4.401782000000000000e+06
9.314836560434526902e+00 1.093336591834287219e+00 4.419210000000000000e+06
9.330566699333866509e+00 1.091976983152074032e+00 4.446482000000000000e+06
9.346274096307771728e+00 1.089174993698645233e+00 4.435554000000000000e+06
9.361966720359685468e+00 1.086978684402141626e+00 4.468934000000000000e+06
9.377681860044402740e+00 1.083536341607763021e+00 4.477650000000000000e+06
9.393384317371491932e+00 1.081617391985871146e+00 4.491218000000000000e+06
9.409088966137430177e+00 1.078338570907231730e+00 4.510358000000000000e+06
9.424791439829672157e+00 1.075738603645293168e+00 4.518594000000000000e+06
9.440499207501432011e+00 1.075644618057007174e+00 4.544474000000000000e+06
9.456214212898441218e+00 1.071938148080291642e+00 4.552098000000000000e+06
9.471927439984570540e+00 1.069253921866495816e+00 4.574990000000000000e+06
9.487631754062700651e+00 1.066280878526438602e+00 4.577210000000000000e+06
9.503344281547928318e+00 1.064462675768729882e+00 4.608186000000000000e+06
9.519057247113778431e+00 1.062072388214128749e+00 4.610198000000000000e+06
9.534757011366917112e+00 1.060578025266488922e+00 4.628898000000000000e+06
9.550453458784650351e+00 1.058021145530114060e+00 4.641170000000000000e+06
9.566158712525282937e+00 1.056602713330424992e+00 4.662462000000000000e+06
9.581880158653657276e+00 1.053751707273100857e+00 4.681442000000000000e+06
9.597589579516229819e+00 1.050663203814115265e+00 4.687850000000000000e+06
9.613296380928980867e+00 1.048868314723567563e+00 4.708818000000000000e+06
9.629006062959270196e+00 1.046584330431592713e+00 4.721534000000000000e+06
9.644707396083033402e+00 1.043616317716685948e+00 4.732770000000000000e+06
9.660406197323647248e+00 1.042207741662399378e+00 4.753346000000000000e+06
9.676122008914001427e+00 1.039481458388069601e+00 4.772886000000000000e+06
9.691840694543541801e+00 1.035817761726092190e+00 4.785098000000000000e+06
9.707543237507161749e+00 1.034631982272989470e+00 4.795394000000000000e+06
9.723244122996092642e+00 1.032181855119645109e+00 4.813986000000000000e+06
9.738952330288141113e+00 1.030861923903511501e+00 4.832654000000000000e+06
9.754669949504904736e+00 1.028615413738962037e+00 4.849362000000000000e+06
9.770377600734033052e+00 1.027023733708881448e+00 4.858322000000000000e+06
9.786069629200518705e+00 1.024464484327136660e+00 4.871286000000000000e+06
9.801770721287397237e+00 1.022620071633325578e+00 4.894370000000000000e+06
9.817489821034564912e+00 1.019587661379752319e+00 4.914650000000000000e+06
9.833199646667972971e+00 1.017306182665542957e+00 4.919658000000000000e+06
9.848902655768293712e+00 1.015289869472429940e+00 4.941638000000000000e+06
9.864627278272442013e+00 1.013675620031921465e+00 4.965954000000000000e+06
9.880352198135229358e+00 1.011830696110238348e+00 4.971770000000000000e+06
9.896056604692210712e+00 1.010020855638784631e+00 4.985702000000000000e+06
9.911750273437519354e+00 1.008016409697228832e+00 4.996314000000000000e+06
9.927450557379374985e+00 1.004253117445867316e+00 5.021258000000000000e+06
9.943165753651260985e+00 1.002575285751428513e+00 5.038470000000000000e+06
9.958875512968258903e+00 1.001728608298983580e+00 5.048570000000000000e+06
9.974579326095815546e+00 1.000278228007259962e+00 5.067786000000000000e+06
9.990292534396033375e+00 9.977309032605997663e-01 5.084402000000000000e+06
1.000600856325589305e+01 9.941666121368165632e-01 5.104238000000000000e+06
1.002170444839863528e+01 9.931137284418126709e-01 5.101890000000000000e+06
1.003739052522703901e+01 9.905762522336075682e-01 5.129594000000000000e+06
1.005309882194248416e+01 9.889780438703101861e-01 5.149086000000000000e+06
1.006881895908520086e+01 9.875361638621011906e-01 5.168834000000000000e+06
1.008452231173344416e+01 9.851144731189530601e-01 5.172306000000000000e+06
1.010022729382937889e+01 9.821216382925278543e-01 5.199218000000000000e+06
1.011594565713278016e+01 9.816204991726472651e-01 5.215430000000000000e+06
1.013166058960754867e+01 9.801047644072573561e-01 5.229066000000000000e+06
1.014737047935454051e+01 9.777941970014472073e-01 5.244530000000000000e+06
1.016308234466913696e+01 9.766895249170129967e-01 5.262870000000000000e+06
1.017878958276594581e+01 9.751032799614304247e-01 5.272562000000000000e+06
1.019448555450210314e+01 9.719261344496832322e-01 5.290098000000000000e+06
1.021019673146567186e+01 9.692634557175109355e-01 5.314358000000000000e+06
1.022590751621006078e+01 9.697304521637895025e-01 5.322098000000000000e+06
1.024160880192673417e+01 9.674174025739623595e-01 5.341026000000000000e+06
1.025732775208617475e+01 9.644788440461812273e-01 5.366858000000000000e+06
1.027304584666867804e+01 9.621673735333772237e-01 5.374422000000000000e+06
1.028873472736696293e+01 9.612540049426059330e-01 5.377730000000000000e+06
1.030442576009853184e+01 9.588700985874615279e-01 5.409410000000000000e+06
1.032014867554843818e+01 9.577888463298033228e-01 5.434014000000000000e+06
1.033586943357362209e+01 9.556498927536946075e-01 5.438882000000000000e+06
1.035157161316932140e+01 9.537833992952576834e-01 5.456178000000000000e+06
1.036727210965784174e+01 9.521449224590903260e-01 5.469242000000000000e+06
1.038298135070349915e+01 9.511409209388203001e-01 5.496174000000000000e+06
1.039869418006627910e+01 9.475542772448792839e-01 5.505530000000000000e+06
1.041439794625569881e+01 9.464175554525989797e-01 5.521202000000000000e+06
1.043010482665170713e+01 9.447187888586947579e-01 5.544126000000000000e+06
1.044582478281855487e+01 9.426201586804280330e-01 5.560106000000000000e+06
1.046154309703894825e+01 9.414198188665665601e-01 5.579754000000000000e+06
1.047723959228104285e+01 9.394916315027788123e-01 5.576270000000000000e+06
1.049292720351744279e+01 9.377476530807695720e-01 5.607138000000000000e+06
1.050863523850499526e+01 9.364347827014487535e-01 5.625026000000000000e+06
1.052435348202229015e+01 9.340005433263829371e-01 5.646698000000000000e+06
1.054005549761004978e+01 9.331724057845408593e-01 5.649126000000000000e+06
1.055575482461481052e+01 9.311441831262373681e-01 5.676434000000000000e+06
1.057145826219870344e+01 9.300391671581023090e-01 5.687418000000000000e+06
1.058717117850224376e+01 9.284396141942640179e-01 5.715830000000000000e+06
1.060289400134469062e+01 9.260188577482758587e-01 5.729210000000000000e+06
1.061860918710306834e+01 9.248694733082184483e-01 5.744802000000000000e+06
1.063431091651675153e+01 9.214754159919918974e-01 5.752154000000000000e+06
1.065002180958671651e+01 9.212164008528991310e-01 5.786382000000000000e+06
1.066572980082734468e+01 9.201496642719598773e-01 5.784146000000000000e+06
1.068142742642893950e+01 9.175195358134499157e-01 5.812146000000000000e+06
1.069714023788434787e+01 9.163249382607631111e-01 5.830166000000000000e+06
1.071285364357418146e+01 9.146846053183027569e-01 5.845850000000000000e+06
1.072856242199254062e+01 9.123242274981689937e-01 5.862834000000000000e+06
1.074426756718287557e+01 9.107975472024990582e-01 5.876066000000000000e+06
1.075998381704133955e+01 9.092626570179350720e-01 5.905854000000000000e+06
1.077568840897438562e+01 9.079537818813562255e-01 5.902274000000000000e+06
1.079138304940738280e+01 9.065241302941129398e-01 5.931258000000000000e+06
1.080709884248571484e+01 9.048095320779330208e-01 5.954966000000000000e+06
1.082281622961874490e+01 9.029933888160048827e-01 5.965346000000000000e+06
1.083851693336031374e+01 9.005232343975678733e-01 5.977818000000000000e+06
1.085422396324159422e+01 9.021111399402936826e-01 6.004718000000000000e+06
1.086993137901790796e+01 8.991367009630877316e-01 6.011706000000000000e+06
1.088564351758435222e+01 8.968750878713547259e-01 6.045770000000000000e+06
1.090135356744657535e+01 8.964444104577837802e-01 6.041586000000000000e+06
1.091705034221926418e+01 8.952123159485514403e-01 6.073166000000000000e+06
1.093275207829069018e+01 8.927864658472943749e-01 6.078962000000000000e+06
1.094846122315083825e+01 8.918492644569464556e-01 6.114258000000000000e+06
1.096418118107341577e+01 8.895756976139156391e-01 6.123086000000000000e+06
1.097988849072496542e+01 8.878240507628605283e-01 6.136770000000000000e+06
1.099558679320981724e+01 8.870733519873116313e-01 6.154898000000000000e+06
1.101129673485095672e+01 8.847761875243783658e-01 6.178610000000000000e+06
1.102701485690355909e+01 8.837148930087244114e-01 6.197982000000000000e+06
1.104272390432796591e+01 8.816096892312760280e-01 6.205322000000000000e+06
1.105841361686979951e+01 8.804480731968129525e-01 6.218850000000000000e+06
1.107411347758379350e+01 8.788108792612322473e-01 6.249542000000000000e+06
1.108984077014840963e+01 8.777335592764337058e-01 6.274146000000000000e+06
1.110554794633057796e+01 8.758649187702803873e-01 6.270242000000000000e+06
1.112124931961106533e+01 8.741233853463049597e-01 6.305222000000000000e+06
1.113697510740422381e+01 8.738417043661164119e-01 6.325026000000000000e+06
1.115268911253386719e+01 8.714674628019738467e-01 6.331922000000000000e+06
1.116838422783226115e+01 8.707788422462734435e-01 6.343698000000000000e+06
1.118408594539889478e+01 8.689947762863288183e-01 6.375158000000000000e+06
1.119980416311440052e+01 8.670223983124374367e-01 6.392178000000000000e+06
1.121552521724412621e+01 8.654890995015303012e-01 6.412826000000000000e+06
1.123121923820420243e+01 8.643749147427266522e-01 6.407078000000000000e+06
1.124691480473033778e+01 8.633706909199414525e-01 6.447954000000000000e+06
1.126262248805396560e+01 8.622867225131993774e-01 6.456026000000000000e+06
1.127833175656502007e+01 8.602492674367335779e-01 6.482034000000000000e+06
1.129403915665967872e+01 8.590021250976839218e-01 6.492878000000000000e+06
1.130972772992016750e+01 8.569584105010186192e-01 6.502074000000000000e+06
1.132543464171678238e+01 8.565537916499182947e-01 6.542930000000000000e+06
1.134116092480786619e+01 8.553828525097925128e-01 6.556598000000000000e+06
1.135687931575279030e+01 8.535818596630609933e-01 6.570330000000000000e+06
1.137258152843119419e+01 8.516703125337099500e-01 6.581882000000000000e+06
1.138829329520135047e+01 8.514283303284392312e-01 6.612546000000000000e+06
1.140401544384409860e+01 8.494276789353805146e-01 6.628622000000000000e+06
1.141971418729731447e+01 8.489377325402315266e-01 6.629498000000000000e+06
1.143540805815246841e+01 8.470476405000563203e-01 6.659250000000000000e+06
1.145112342906401892e+01 8.455127022021816652e-01 6.686006000000000000e+06
1.146683855971028443e+01 8.445056355252468228e-01 6.693786000000000000e+06
1.148253750634374093e+01 8.424829778617589637e-01 6.711554000000000000e+06
1.149824439280081201e+01 8.410557185186109397e-01 6.735678000000000000e+06
1.151395944216632472e+01 8.401135703831701385e-01 6.754754000000000000e+06
1.152967750311644046e+01 8.387817140529796323e-01 6.776570000000000000e+06
1.154536786069484400e+01 8.371475046376788409e-01 6.767394000000000000e+06
1.156106414707133290e+01 8.361105627459027856e-01 6.818246000000000000e+06
1.157679140551482533e+01 8.347115508211476742e-01 6.830562000000000000e+06
1.159249865891797526e+01 8.335722993935243963e-01 6.839186000000000000e+06
1.160819828013273636e+01 8.323579581144658901e-01 6.861462000000000000e+06
1.162390472506793770e+01 8.306291035077351115e-01 6.880394000000000000e+06
1.163962004466343636e+01 8.295443522665841840e-01 6.907178000000000000e+06
1.165533434666404133e+01 8.274438870764549980e-01 6.917034000000000000e+06
1.167104051015950716e+01 8.276865274302118713e-01 6.937934000000000000e+06
1.168673926950135034e+01 8.259727949908237665e-01 6.947250000000000000e+06
1.170244721913763897e+01 8.248089473290722839e-01 6.982106000000000000e+06
1.171816433671575730e+01 8.233307860608446438e-01 6.995718000000000000e+06
1.173387031746687015e+01 8.223387332263687455e-01 7.006682000000000000e+06
1.174957622851401240e+01 8.212588187438476517e-01 7.035866000000000000e+06
1.176529536104995444e+01 8.194291696613746900e-01 7.054110000000000000e+06
1.178099828544282701e+01 8.186820620031125539e-01 7.059194000000000000e+06
1.179669856151566165e+01 8.171262395650640276e-01 7.091802000000000000e+06
1.181240716294206905e+01 8.155877209264595917e-01 7.100666000000000000e+06
1.182811135021641213e+01 8.148010890621075752e-01 7.129070000000000000e+06
1.184382402706377313e+01 8.134903535937683117e-01 7.143282000000000000e+06
1.185952830171168593e+01 8.125234413770779929e-01 7.161482000000000000e+06
1.187523683486437243e+01 8.114121492160973892e-01 7.184694000000000000e+06
1.189095187450934432e+01 8.099758686736125979e-01 7.203914000000000000e+06
1.190666038869163401e+01 8.091619151144652244e-01 7.219746000000000000e+06
1.192235843864241396e+01 8.068072058980990668e-01 7.228634000000000000e+06
1.193806809039961259e+01 8.064155753789540304e-01 7.271990000000000000e+06
1.195377948291443992e+01 8.054286998406172682e-01 7.266786000000000000e+06
1.196947381174999947e+01 8.032971146133967011e-01 7.293650000000000000e+06
1.198518648559551458e+01 8.020211668732453170e-01 7.324086000000000000e+06
1.200090807358362710e+01 8.017471197018525286e-01 7.338650000000000000e+06
1.201661637889760037e+01 8.001357324752222944e-01 7.351962000000000000e+06
1.203230565217210035e+01 7.998506223164006945e-01 7.357190000000000000e+06
1.204801118703936780e+01 7.977561428898188867e-01 7.406042000000000000e+06
1.206372840719771133e+01 7.969195637625654527e-01 7.408626000000000000e+06
1.207943832024087349e+01 7.959915191894141318e-01 7.435610000000000000e+06
1.209515324384951640e+01 7.944156617082187566e-01 7.453542000000000000e+06
1.211085873951972935e+01 7.936083752389133661e-01 7.464002000000000000e+06
1.212656505101618798e+01 7.922342773367908597e-01 7.493546000000000000e+06
1.214227798456889929e+01 7.914538066886562806e-01 7.510806000000000000e+06
1.215799402266435081e+01 7.900063647470019212e-01 7.532114000000000000e+06
1.217369248650853386e+01 7.890111294314905432e-01 7.536234000000000000e+06
1.218938816956664795e+01 7.868213867763950153e-01 7.565834000000000000e+06
1.220511056850387632e+01 7.875062704999643559e-01 7.603062000000000000e+06
1.222082302231588535e+01 7.857945664211622994e-01 7.593890000000000000e+06
1.223651649645578665e+01 7.839045896669852853e-01 7.622906000000000000e+06
1.225222107367874180e+01 7.833917382080610725e-01 7.646622000000000000e+06
1.226793902491068877e+01 7.821908411015662255e-01 7.672058000000000000e+06
1.228364718069601835e+01 7.814121801517994736e-01 7.679346000000000000e+06
1.229933962477952214e+01 7.796132565229587641e-01 7.693058000000000000e+06
1.231504373451924117e+01 7.785032975270294031e-01 7.732158000000000000e+06
1.233076331536994985e+01 7.771054640515856482e-01 7.746962000000000000e+06
1.234648244688633945e+01 7.774690367477178343e-01 7.770986000000000000e+06
1.236218576653318735e+01 7.754049938150516796e-01 7.772094000000000000e+06
1.237788516389707461e+01 7.752812789842100649e-01 7.803818000000000000e+06
1.239360390984925964e+01 7.731454144562054376e-01 7.834338000000000000e+06
1.240931454438657155e+01 7.723216075141919879e-01 7.833710000000000000e+06
1.242501025862532238e+01 7.719771634171858077e-01 7.858794000000000000e+06
1.244071609171995973e+01 7.708169029804838868e-01 7.884290000000000000e+06
1.245642554635569788e+01 7.697592944751656674e-01 7.901522000000000000e+06
1.247213990979998322e+01 7.690497968517635563e-01 7.930662000000000000e+06
1.248784889213827753e+01 7.673328228154121522e-01 7.934426000000000000e+06
1.250355459696362281e+01 7.664191932998314361e-01 7.967322000000000000e+06
1.251926642764211373e+01 7.645773568160296740e-01 7.981934000000000000e+06
1.253497567568721927e+01 7.649594878701013734e-01 8.003282000000000000e+06
1.255068061703326165e+01 7.634817958752895262e-01 8.019666000000000000e+06
1.256637936912699516e+01 7.620025161547440140e-01 8.034482000000000000e+06
1.258208508998344399e+01 7.611649043904091805e-01 8.068542000000000000e+06
1.259780313698870202e+01 7.600481065837155770e-01 8.088290000000000000e+06
1.261351163942811127e+01 7.585214002111081433e-01 8.096322000000000000e+06
1.262921162496122385e+01 7.580875739260335422e-01 8.122646000000000000e+06
1.264492727534496019e+01 7.571212291129303384e-01 8.150138000000000000e+06
1.266064123044320411e+01 7.551429692546112182e-01 8.165322000000000000e+06
1.267635049109034462e+01 7.555442822759684818e-01 8.182574000000000000e+06
1.269205751319950970e+01 7.534155328487225356e-01 8.203698000000000000e+06
1.270776623809462613e+01 7.533556325008381460e-01 8.226914000000000000e+06
1.272347983526652904e+01 7.520129993119838430e-01 8.246898000000000000e+06
1.273918476699724422e+01 7.503276536007884578e-01 8.261774000000000000e+06
1.275488532096565741e+01 7.500090585989898084e-01 8.279426000000000000e+06
1.277058911046302292e+01 7.498004506589581730e-01 8.308722000000000000e+06
1.278629950396799053e+01 7.481301225262766419e-01 8.326214000000000000e+06
1.280200365974331511e+01 7.466679180628004175e-01 8.342682000000000000e+06
1.281770065856501084e+01 7.463974885759004918e-01 8.360834000000000000e+06
1.283340848437807935e+01 7.456052654843322580e-01 8.393226000000000000e+06
1.284913125601308792e+01 7.445674958284591582e-01 8.420150000000000000e+06
1.286484437274510917e+01 7.438663517132420022e-01 8.421986000000000000e+06
1.288054190366636220e+01 7.426211093579536682e-01 8.445714000000000000e+06
1.289624751817243542e+01 7.413676337459973453e-01 8.472590000000000000e+06
1.291196350413541616e+01 7.400597619644583292e-01 8.495370000000000000e+06
1.292767561271233312e+01 7.392069027330836484e-01 8.512802000000000000e+06
1.294337627341686670e+01 7.377168910127427370e-01 8.523290000000000000e+06
1.295909254465509619e+01 7.370898690488441041e-01 8.570982000000000000e+06
1.297481202941889933e+01 7.365708042217163909e-01 8.568458000000000000e+06
1.299050877709477980e+01 7.356464183652055011e-01 8.586498000000000000e+06
1.300620190024628187e+01 7.346040778093396728e-01 8.608838000000000000e+06
1.302191363383399469e+01 7.336690528487868068e-01 8.645610000000000000e+06
1.303763169598336091e+01 7.326146582053514322e-01 8.658386000000000000e+06
1.305333181807477239e+01 7.321630325918908611e-01 8.668598000000000000e+06
1.306903073371036683e+01 7.310624430722376665e-01 8.697426000000000000e+06
1.308473895878913140e+01 7.300725406136407969e-01 8.722562000000000000e+06
1.310044895130510945e+01 7.294759922279360209e-01 8.737962000000000000e+06
1.311616215419301668e+01 7.279807386899600496e-01 8.771366000000000000e+06
1.313186858979111094e+01 7.270710556708976924e-01 8.771010000000000000e+06
1.314758318782488900e+01 7.267576358854027641e-01 8.822618000000000000e+06
1.316329275779432884e+01 7.258194680443056379e-01 8.807726000000000000e+06
1.317898595262972350e+01 7.245999770708017040e-01 8.844618000000000000e+06
1.319469240226760220e+01 7.239828917853101675e-01 8.868722000000000000e+06
1.321040689247021405e+01 7.222435537104755499e-01 8.891394000000000000e+06
1.322611949941154208e+01 7.214621988897134131e-01 8.911934000000000000e+06
1.324182463394985909e+01 7.206322477811925031e-01 8.923938000000000000e+06
1.325752875752444560e+01 7.205863464885172709e-01 8.953682000000000000e+06
1.327324685934994797e+01 7.189423228722976456e-01 8.981966000000000000e+06
1.328896030804089534e+01 7.184257459199447915e-01 8.990442000000000000e+06
1.330465770248929935e+01 7.176349824609002948e-01 9.007874000000000000e+06
1.332036222917837698e+01 7.163589882134957509e-01 9.038982000000000000e+06
1.333608106842605068e+01 7.161044133749863150e-01 9.068570000000000000e+06
1.335180331535189246e+01 7.148940865688890867e-01 9.085250000000000000e+06
1.336750361723562541e+01 7.143135318871640660e-01 9.084690000000000000e+06
1.338320275923961589e+01 7.129111257804272572e-01 9.128654000000000000e+06
1.339890831652831338e+01 7.117985869090359685e-01 9.133170000000000000e+06
1.341462514739588485e+01 7.112569593208359908e-01 9.185882000000000000e+06
1.343033068227095939e+01 7.102659164528234426e-01 9.163254000000000000e+06
1.344603079414738112e+01 7.094811569901943171e-01 9.220130000000000000e+06
1.346175097817287813e+01 7.083717908256109697e-01 9.233138000000000000e+06
1.347746169624149459e+01 7.084642880851014235e-01 9.249378000000000000e+06
1.349316675243398933e+01 7.070035754539424344e-01 9.271550000000000000e+06
1.350886780744113125e+01 7.059518325234276359e-01 9.286266000000000000e+06
1.352457420959309786e+01 7.051865501983636264e-01 9.320762000000000000e+06
1.354027528269936731e+01 7.039023266276518420e-01 9.326718000000000000e+06
1.355597266711250448e+01 7.035839686177990382e-01 9.354602000000000000e+06
1.357167854077304803e+01 7.034682626675142769e-01 9.384122000000000000e+06
1.358738838662311110e+01 7.023898880929723143e-01 9.400482000000000000e+06
1.360310113866151482e+01 7.011929748602669932e-01 9.432638000000000000e+06
1.361881507393887070e+01 7.006084710365372281e-01 9.445314000000000000e+06
1.363453202384387275e+01 6.994734254201359080e-01 9.477290000000000000e+06
1.365024566205330991e+01 6.983944453800127183e-01 9.489182000000000000e+06
1.366595033684499860e+01 6.979202365151504495e-01 9.506706000000000000e+06
1.368165392332742947e+01 6.973701848273616832e-01 9.533978000000000000e+06
1.369736167268202998e+01 6.964704738350593338e-01 9.553662000000000000e+06
1.371307055606699343e+01 6.950840158145942249e-01 9.579506000000000000e+06
1.372878654632152795e+01 6.946889663115618507e-01 9.607866000000000000e+06
1.374449164540093271e+01 6.943126262833363427e-01 9.608354000000000000e+06
1.376018948147827103e+01 6.930969667546051927e-01 9.643862000000000000e+06
1.377590285876657106e+01 6.916039558338705762e-01 9.670578000000000000e+06
1.379161550194992891e+01 6.913885273263837838e-01 9.687890000000000000e+06
1.380731081996385612e+01 6.902649914466640890e-01 9.693294000000000000e+06
1.382300999567189415e+01 6.897400933480716256e-01 9.736034000000000000e+06
1.383872564254849102e+01 6.896927701003776612e-01 9.758946000000000000e+06
1.385444081006387584e+01 6.890426049959740284e-01 9.778994000000000000e+06
1.387015071998694360e+01 6.879021588038723989e-01 9.796814000000000000e+06
1.388585452423644107e+01 6.871884575978400855e-01 9.816882000000000000e+06
1.390156760444444295e+01 6.862358654583913253e-01 9.850514000000000000e+06
1.391727461050539816e+01 6.854286225066360538e-01 9.856062000000000000e+06
1.393297592547683017e+01 6.839275892294156556e-01 9.886706000000000000e+06
1.394868876145243419e+01 6.840527222440383470e-01 9.916194000000000000e+06
1.396439742877755918e+01 6.838047693195284937e-01 9.924854000000000000e+06
1.398010702101767677e+01 6.823882772557117171e-01 9.961490000000000000e+06
1.399582173626056658e+01 6.819728596712849589e-01 9.979098000000000000e+06
1.401152670862070160e+01 6.807079511196199029e-01 9.990266000000000000e+06
1.402722014478893797e+01 6.803903021034521936e-01 1.001239800000000000e+07
1.404291897715275006e+01 6.796591491149656106e-01 1.003881800000000000e+07
1.405862735443806244e+01 6.785632801639224221e-01 1.007208200000000000e+07
1.407433479531513143e+01 6.778694532301463571e-01 1.008267000000000000e+07
1.409004917104677368e+01 6.769390508519714800e-01 1.012322600000000000e+07
1.410576653922355916e+01 6.764787168689688768e-01 1.013483400000000000e+07
1.412147260933269344e+01 6.759363933231212762e-01 1.015145000000000000e+07
1.413717993358438640e+01 6.743375322241945691e-01 1.018411800000000000e+07
1.415289157905369954e+01 6.749128170034539576e-01 1.019981000000000000e+07
1.416860366393267157e+01 6.734592907833584219e-01 1.023038600000000000e+07
1.418430896436029265e+01 6.725230393929324535e-01 1.023833400000000000e+07
1.420001284291687682e+01 6.719148459333575962e-01 1.027159400000000000e+07
1.421572657614547808e+01 6.716805921064769036e-01 1.029841800000000000e+07
1.423143337578410517e+01 6.710817232172813229e-01 1.030681400000000000e+07
1.424713778177505397e+01 6.708659912007245429e-01 1.034130600000000000e+07
1.426285025225489456e+01 6.698208850429254735e-01 1.036284200000000000e+07
1.427856427368283398e+01 6.683603280214122089e-01 1.038883400000000000e+07
1.429426790244143852e+01 6.677809329497106372e-01 1.039563000000000000e+07
1.430996575509801971e+01 6.670109392844104645e-01 1.042536200000000000e+07
1.432567210679634506e+01 6.664285822238827928e-01 1.045427400000000000e+07
1.434138366999696146e+01 6.663011650560672905e-01 1.047829400000000000e+07
1.435709809438420237e+01 6.653593692063602960e-01 1.050181800000000000e+07
1.437280392282341523e+01 6.647645083458474380e-01 1.051481000000000000e+07
1.438851160269255303e+01 6.639859616818604149e-01 1.054884200000000000e+07
1.440422192675342039e+01 6.630288359528477837e-01 1.056646200000000000e+07
1.441992714275331444e+01 6.626310002729811632e-01 1.058681000000000000e+07
1.443563532454286502e+01 6.618427644622859596e-01 1.061495400000000000e+07
1.445133980253338457e+01 6.611079202494879459e-01 1.063105400000000000e+07
1.446704700330820970e+01 6.603000348328071922e-01 1.066236200000000000e+07
1.448275628028434348e+01 6.598002836936789350e-01 1.068335400000000000e+07
1.449846208348667354e+01 6.590728195438616543e-01 1.069929800000000000e+07
1.451417198299666467e+01 6.579743866669423014e-01 1.073878200000000000e+07
1.452988075651297706e+01 6.583004023937747418e-01 1.074420200000000000e+07
1.454558861043286200e+01 6.575423573661222099e-01 1.078218600000000000e+07
1.456129125218806841e+01 6.565956257998403212e-01 1.078496600000000000e+07
1.457699892464232683e+01 6.561626529522320839e-01 1.083393800000000000e+07
1.459271566640466311e+01 6.552389451535369780e-01 1.084813800000000000e+07
1.460843060267550619e+01 6.546012209569342932e-01 1.087376600000000000e+07
1.462413856613178353e+01 6.534652433137961847e-01 1.088697000000000000e+07
1.463984038393505038e+01 6.538031084151466610e-01 1.091244200000000000e+07
1.465554487563843367e+01 6.527985869226707871e-01 1.093669800000000000e+07
1.467125359738870749e+01 6.521232809131962682e-01 1.096614200000000000e+07
1.468695215062295389e+01 6.516622319452013423e-01 1.096874600000000000e+07
1.470265208970906734e+01 6.505327201109943891e-01 1.101460200000000000e+07
1.471836994524712061e+01 6.500173778798696844e-01 1.104277400000000000e+07
1.473408908505314230e+01 6.494327067079848081e-01 1.106147400000000000e+07
1.474979494899728394e+01 6.492015768867774872e-01 1.107245000000000000e+07
1.476549319820674455e+01 6.482418277789102623e-01 1.109692200000000000e+07
1.478120959716355998e+01 6.471003162779147555e-01 1.114652600000000000e+07
1.479692708607952589e+01 6.471044363507686414e-01 1.114560200000000000e+07
1.481262773648680664e+01 6.464226612807766337e-01 1.116844200000000000e+07
1.482831807978547367e+01 6.456235557082737886e-01 1.118108600000000000e+07
1.484403479212634736e+01 6.451756399979591272e-01 1.125011400000000000e+07
1.485975910022496826e+01 6.445779376212962264e-01 1.124210600000000000e+07
1.487546116254211981e+01 6.440405022579664962e-01 1.126544600000000000e+07
1.489116101759013233e+01 6.432785373076401747e-01 1.128549000000000000e+07
1.490687605691364404e+01 6.425471611396055271e-01 1.133592200000000000e+07
1.492259047301397423e+01 6.423908198758531141e-01 1.133013000000000000e+07
1.493828361520856873e+01 6.412756762848818015e-01 1.135727000000000000e+07
1.495398746968900205e+01 6.410918142946877563e-01 1.138909800000000000e+07
1.496970470176504620e+01 6.405601050597367063e-01 1.142664200000000000e+07
1.498541811108218447e+01 6.399209962630861837e-01 1.143135800000000000e+07
1.500112369815582269e+01 6.394322935941815222e-01 1.146229800000000000e+07
1.501682771044461795e+01 6.390383233956506981e-01 1.147920200000000000e+07
1.503253401606537842e+01 6.383945397231181040e-01 1.150974600000000000e+07
1.504823456875438481e+01 6.377608226007982495e-01 1.152306200000000000e+07
1.506393551489705551e+01 6.369366340694743167e-01 1.155621000000000000e+07
1.507964770104679175e+01 6.365672236833725961e-01 1.158828200000000000e+07
1.509535661435938536e+01 6.357930664435793577e-01 1.159964600000000000e+07
1.511107216380126061e+01 6.352856102827636464e-01 1.164527400000000000e+07
1.512678669010588095e+01 6.346643474504730653e-01 1.164933800000000000e+07
1.514248358802091232e+01 6.341481113441080897e-01 1.166538600000000000e+07
1.515819551110980434e+01 6.335990520241592261e-01 1.171928600000000000e+07
1.517391026295977774e+01 6.333881023532818011e-01 1.172073800000000000e+07
1.518961803510608810e+01 6.323197114709783184e-01 1.175507400000000000e+07
1.520532275548752743e+01 6.316578265318938401e-01 1.176716600000000000e+07
1.522103567250607448e+01 6.314872179313126832e-01 1.181334600000000000e+07
1.523675395281714806e+01 6.307184927423480358e-01 1.182545000000000000e+07
1.525244943101724004e+01 6.304682785611473994e-01 1.182881400000000000e+07
1.526815365307287742e+01 6.296908270981381728e-01 1.188441800000000000e+07
1.528387066072771638e+01 6.290992185290248395e-01 1.190037800000000000e+07
1.529957321464638476e+01 6.287343166385090942e-01 1.190800200000000000e+07
1.531526583627620397e+01 6.281425628713621645e-01 1.193747000000000000e+07
1.533097536464771871e+01 6.278563360076572231e-01 1.198134600000000000e+07
1.534669338573561426e+01 6.272650776111058368e-01 1.199815400000000000e+07
1.536240004252223734e+01 6.262584474206374097e-01 1.201579800000000000e+07
1.537810801182491893e+01 6.261398457621105695e-01 1.204658600000000000e+07
1.539381960142510408e+01 6.258608096957680722e-01 1.207322600000000000e+07
1.540952845721061593e+01 6.246997982525144266e-01 1.208937000000000000e+07
1.542523709037442003e+01 6.247540553341061065e-01 1.212366200000000000e+07
1.544094016867252428e+01 6.239813478716909056e-01 1.212901800000000000e+07
1.545664017249611355e+01 6.231114865370148692e-01 1.216869800000000000e+07
1.547234727593419557e+01 6.234488851265721499e-01 1.219107000000000000e+07
1.548806833453869558e+01 6.223140499244522728e-01 1.223729000000000000e+07
1.550378623459487315e+01 6.218378787579160738e-01 1.223743400000000000e+07
1.551949330626827894e+01 6.212408807907131569e-01 1.226943000000000000e+07
1.553520078467428966e+01 6.209185002922288366e-01 1.228831400000000000e+07
1.555090402017178697e+01 6.204891025987778752e-01 1.231201800000000000e+07
1.556660515225103758e+01 6.197931775929014231e-01 1.233377000000000000e+07
1.558230564648683369e+01 6.193893317729348702e-01 1.236265400000000000e+07
1.559802032509431058e+01 6.190016478464577254e-01 1.240528200000000000e+07
1.561373656517381825e+01 6.186726339328361135e-01 1.241484200000000000e+07
1.562943874868456007e+01 6.182468131091414243e-01 1.243327800000000000e+07
1.564514468723513119e+01 6.172455431445930119e-01 1.246944200000000000e+07
1.566085762263859849e+01 6.167236238533945203e-01 1.249710600000000000e+07
1.567656801168175562e+01 6.168546593746668805e-01 1.251307400000000000e+07
1.569226784315055134e+01 6.158875564140223746e-01 1.253190200000000000e+07
1.570797061764651303e+01 6.158191759981349600e-01 1.256769000000000000e+07
1.572368763200833186e+01 6.154972992075591343e-01 1.260333800000000000e+07
1.573939902922757739e+01 6.146865871818669724e-01 1.261272600000000000e+07
1.575510155432147918e+01 6.141742862294161664e-01 1.263480200000000000e+07
1.577080131559525533e+01 6.137452587238296786e-01 1.266273000000000000e+07
1.578651124257762106e+01 6.133985548251267295e-01 1.269908600000000000e+07
1.580221945868158429e+01 6.127738694621712723e-01 1.271107400000000000e+07
1.581792010585497543e+01 6.117668221093831571e-01 1.273909800000000000e+07
1.583362809238100866e+01 6.116201195192603191e-01 1.276949000000000000e+07
1.584933934958661794e+01 6.112045639244587658e-01 1.279968600000000000e+07
1.586505742005159547e+01 6.109685479957088772e-01 1.282862600000000000e+07
1.588076352344777042e+01 6.105737768408032728e-01 1.283279400000000000e+07
1.589646872608305905e+01 6.100941973798887918e-01 1.287594200000000000e+07
1.591218765353894682e+01 6.096277759862342993e-01 1.290631400000000000e+07
1.592789674253093146e+01 6.090416786893209089e-01 1.291312200000000000e+07
1.594359563934946422e+01 6.093483161074921828e-01 1.293734600000000000e+07
1.595929854003116333e+01 6.083804028157979715e-01 1.297337400000000000e+07
1.597501474699522639e+01 6.073518411890374002e-01 1.300817000000000000e+07
1.599073061961361475e+01 6.080152788962837063e-01 1.302581000000000000e+07
1.600643059467362406e+01 6.071240924411462903e-01 1.303359000000000000e+07
1.602213644221637878e+01 6.065117063998266556e-01 1.308369800000000000e+07
1.603784671360493164e+01 6.059514050945473684e-01 1.309470600000000000e+07
1.605354767035452213e+01 6.058939925460793408e-01 1.311900200000000000e+07
1.606924881116611203e+01 6.052870849465227243e-01 1.314631800000000000e+07
