# k_mean_over_bin [h Mpc^-1] P_bin [h^-3 Mpc^3] N_modes
2.004559772710005558e-02 1.048411284722222081e+04 1.800000000000000000e+01
3.504137442477287673e-02 2.509938306451612880e+04 6.200000000000000000e+01
4.923125820196404961e-02 1.241932653061224300e+04 9.800000000000000000e+01
6.378344006481624640e-02 1.093439642857143008e+04 2.100000000000000000e+02
8.007265176091875325e-02 8.204427142857142826e+03 3.500000000000000000e+02
9.616302738587061139e-02 6.178192777777777337e+03 4.500000000000000000e+02
1.110826890383447979e-01 5.061004568106312036e+03 6.020000000000000000e+02
1.260576397180557251e-01 4.299189304461941902e+03 7.620000000000000000e+02
1.422731428555557009e-01 3.438469570928196390e+03 1.142000000000000000e+03
1.585460595607757484e-01 3.106064800000000105e+03 1.250000000000000000e+03
1.737497011902237598e-01 2.785183813443072722e+03 1.458000000000000000e+03
1.889532144205047226e-01 2.352877894156560160e+03 1.814000000000000000e+03
2.049067109494826788e-01 2.204012396694214658e+03 2.178000000000000000e+03
2.207556613284745450e-01 1.965819855884707522e+03 2.498000000000000000e+03
2.358802738624342921e-01 1.772242944317315050e+03 2.622000000000000000e+03
2.513999951464319649e-01 1.656560515278609955e+03 3.338000000000000000e+03
2.675345382307371400e-01 1.478310048361096278e+03 3.722000000000000000e+03
2.835681791499936044e-01 1.389059832134292492e+03 4.170000000000000000e+03
2.990221799979137507e-01 1.295959040844424180e+03 4.358000000000000000e+03
3.144508804126917023e-01 1.197278506158124856e+03 5.034000000000000000e+03
3.303723395141972552e-01 1.119101942597129892e+03 5.714000000000000000e+03
3.461405835555014798e-01 1.049011033099297947e+03 5.982000000000000000e+03
3.616240832326051979e-01 9.890643744319903590e+02 6.602000000000000000e+03
3.771335216675366642e-01 9.418051893408135129e+02 7.130000000000000000e+03
3.929320011962133541e-01 8.813417351257156724e+02 8.034000000000000000e+03
4.088541926781908975e-01 8.317698698582383940e+02 8.606000000000000000e+03
4.245637628236880179e-01 7.981423450253695364e+02 9.066000000000000000e+03
4.402531073637167558e-01 7.644215518972093832e+02 9.962000000000000000e+03
4.559993315308014661e-01 7.027184834123222572e+02 1.055000000000000000e+04
4.716264483403250773e-01 6.911161143773383628e+02 1.122600000000000000e+04
4.872700578197112775e-01 6.386185163839948018e+02 1.214600000000000000e+04
5.028559864371159316e-01 6.257843090591782129e+02 1.260600000000000000e+04
5.184881697096974662e-01 5.968191928705984992e+02 1.380200000000000000e+04
5.343469721895739433e-01 5.704400840450047099e+02 1.475400000000000000e+04
5.500823565575736485e-01 5.327425628537580451e+02 1.519400000000000000e+04
5.657322269403529669e-01 5.132864956849398368e+02 1.645400000000000000e+04
5.814958906429442687e-01 5.110389996502273107e+02 1.715400000000000000e+04
5.972223875100493018e-01 4.775492171247125839e+02 1.826600000000000000e+04
6.128042965698242694e-01 4.719332266666666555e+02 1.875000000000000000e+04
6.284339241893368566e-01 4.545043985371157191e+02 2.023400000000000000e+04
6.442671741027654608e-01 4.357813519813519747e+02 2.145000000000000000e+04
6.600506477327297006e-01 4.291305436663327555e+02 2.196200000000000000e+04
6.757240646605540135e-01 4.110010229306964789e+02 2.346200000000000000e+04
6.914033637984144942e-01 3.970383911488228819e+02 2.404200000000000000e+04
7.071742118944099875e-01 3.811513528096816117e+02 2.594600000000000000e+04
7.228711511166978632e-01 3.650179186767746842e+02 2.611800000000000000e+04
7.383803448867409802e-01 3.514822220606412770e+02 2.750600000000000000e+04
7.540183656477988938e-01 3.455815729718571561e+02 2.906600000000000000e+04
7.698451130026079392e-01 3.293964203612479196e+02 3.045000000000000000e+04
7.856895634322977884e-01 3.198906181084997797e+02 3.174200000000000000e+04
8.013652298136274554e-01 3.114131162790697545e+02 3.225000000000000000e+04
8.170314793099452411e-01 3.053444087591241214e+02 3.425000000000000000e+04
8.328089595358807440e-01 2.968810853500310145e+02 3.545400000000000000e+04
8.485110835048260691e-01 2.863127847614865118e+02 3.643400000000000000e+04
8.640973204722621759e-01 2.766068414627673633e+02 3.768200000000000000e+04
8.797014300262691044e-01 2.671322084796661329e+02 3.929400000000000000e+04
8.955074489672053550e-01 2.629594940375609440e+02 4.142600000000000000e+04
9.112788985619241222e-01 2.546789568772880727e+02 4.206600000000000000e+04
9.269095651252046153e-01 2.488059323982524802e+02 4.349000000000000000e+04
9.426346125839982770e-01 2.384645967353726519e+02 4.570200000000000000e+04
9.583964670696782928e-01 2.335151606124287298e+02 4.663400000000000000e+04
9.741277885224883804e-01 2.295714874160728414e+02 4.855400000000000000e+04
9.896918448392955092e-01 2.238742173112338776e+02 4.887000000000000000e+04
1.005280879626296420e+00 2.154531947084610124e+02 5.155400000000000000e+04
1.021133664452582135e+00 2.130764096875577707e+02 5.409000000000000000e+04
1.036923334995100809e+00 2.063463195492874718e+02 5.431400000000000000e+04
1.052635308833600680e+00 2.015714461430328583e+02 5.691000000000000000e+04
1.068321370297892425e+00 1.934586653213179659e+02 5.748200000000000000e+04
1.084052701550582753e+00 1.897132088542869326e+02 6.062600000000000000e+04
1.099794715754920382e+00 1.874748554063327219e+02 6.120600000000000000e+04
1.115370388947033220e+00 1.813380693623142008e+02 6.257000000000000000e+04
1.131046383902849950e+00 1.753119732237943253e+02 6.573000000000000000e+04
1.146787968622316356e+00 1.711058243109498278e+02 6.668600000000000000e+04
1.162563353468210270e+00 1.686564033401245410e+02 6.969800000000000000e+04
1.178284495947235833e+00 1.645750435552509146e+02 7.002600000000000000e+04
1.193950312022173277e+00 1.618237978720479475e+02 7.274600000000000000e+04
1.209702279395532543e+00 1.581543318649045489e+02 7.491000000000000000e+04
1.225374778796072261e+00 1.527439581627532448e+02 7.572200000000000000e+04
1.240998268267369031e+00 1.501200081655566692e+02 7.837800000000000000e+04
1.256664763601604173e+00 1.448552917655879071e+02 8.003000000000000000e+04
1.272410839108921055e+00 1.409012093381097941e+02 8.318600000000000000e+04
1.288186821427190987e+00 1.375457208324475005e+02 8.466600000000000000e+04
1.303915415643678744e+00 1.353140410879763351e+02 8.654600000000000000e+04
1.319571589153230251e+00 1.327803685297388085e+02 8.813400000000000000e+04
1.335290070384270056e+00 1.296708798531757338e+02 9.153800000000000000e+04
1.351076062681103140e+00 1.274298567716721351e+02 9.313800000000000000e+04
1.366744220099084473e+00 1.242978259488981649e+02 9.447800000000000000e+04
1.382398842931918725e+00 1.205029195879680231e+02 9.727400000000000000e+04
1.398110035554206876e+00 1.189123081552813801e+02 9.969000000000000000e+04
1.413886464447384306e+00 1.162069499951262372e+02 1.025900000000000000e+05
1.429636290478455862e+00 1.124862098872506522e+02 1.037700000000000000e+05
1.445306609637929229e+00 1.113481372124950610e+02 1.063460000000000000e+05
1.461013715221450848e+00 1.085783815156707703e+02 1.085460000000000000e+05
1.476673179078200837e+00 1.057124704224843299e+02 1.107260000000000000e+05
1.492290038154521659e+00 1.041144744573636558e+02 1.123220000000000000e+05
1.507927148623363189e+00 1.025596341358184560e+02 1.158900000000000000e+05
1.523672044743926701e+00 9.973627974336088187e+01 1.187660000000000000e+05
1.539529615911521709e+00 9.758727861453171215e+01 1.222980000000000000e+05
1.555255688786340684e+00 9.521792939634696040e+01 1.220900000000000000e+05
1.570915144657768492e+00 9.262681821794770087e+01 1.258100000000000000e+05
1.586615423455384422e+00 9.169620095171229934e+01 1.281900000000000000e+05
1.602349133342779730e+00 8.977799746553276350e+01 1.309940000000000000e+05
1.618092974080486135e+00 8.723059780739144742e+01 1.337220000000000000e+05
1.633691874209366679e+00 8.617212404583003149e+01 1.338860000000000000e+05
1.649409270104698511e+00 8.403556333518336885e+01 1.405380000000000000e+05
1.665187916060468121e+00 8.309409363130717452e+01 1.405940000000000000e+05
1.680850499408222509e+00 8.123394431522208947e+01 1.435940000000000000e+05
1.696519861906699678e+00 7.914427585264164122e+01 1.463100000000000000e+05
1.712283893956166425e+00 7.779721208098240481e+01 1.506500000000000000e+05
1.728062756067172412e+00 7.589597403794252273e+01 1.519140000000000000e+05
1.743677627348828585e+00 7.441706541154383103e+01 1.533980000000000000e+05
1.759326903275710174e+00 7.319040832098109206e+01 1.578660000000000000e+05
1.775054497456971747e+00 7.121416300464341020e+01 1.606580000000000000e+05
1.790812710658242546e+00 7.071843731337826000e+01 1.641020000000000000e+05
1.806502375897273804e+00 6.937048619949815986e+01 1.649940000000000000e+05
1.822179186865621636e+00 6.756513982926111339e+01 1.698500000000000000e+05
1.837969883527481585e+00 6.673456233452418473e+01 1.729860000000000000e+05
1.853671301775014824e+00 6.544780728489769217e+01 1.738940000000000000e+05
1.869276135303816311e+00 6.374062383328242021e+01 1.767780000000000000e+05
1.884971321406135658e+00 6.239915402470820283e+01 1.818020000000000000e+05
1.900728707982397125e+00 6.158498075150463791e+01 1.844300000000000000e+05
1.916473119999263952e+00 6.044663056365558873e+01 1.872420000000000000e+05
1.932184555202840048e+00 5.935134822601840199e+01 1.902500000000000000e+05
1.947873548384971176e+00 5.829974035415693123e+01 1.925700000000000000e+05
1.963628993658796507e+00 5.741197655532801747e+01 1.982540000000000000e+05
1.979352447076785815e+00 5.654479638922826723e+01 1.980740000000000000e+05
1.994985104292756439e+00 5.535466468695867803e+01 2.020500000000000000e+05
2.010642935442618739e+00 5.433369018306390785e+01 2.055020000000000000e+05
2.026404838719640278e+00 5.304913939601074446e+01 2.106660000000000000e+05
2.042160439755924539e+00 5.249108395394161164e+01 2.124260000000000000e+05
2.057814152054247447e+00 5.098575622434764654e+01 2.139180000000000000e+05
2.073527659517757193e+00 5.036806881634795019e+01 2.209940000000000000e+05
2.089278401895053872e+00 4.961127562950858305e+01 2.215220000000000000e+05
2.104986979127729807e+00 4.852346297621888027e+01 2.263140000000000000e+05
2.120648321356923383e+00 4.757590169560128857e+01 2.272940000000000000e+05
2.136325257483229656e+00 4.681146710622333273e+01 2.329620000000000000e+05
2.152108829701105730e+00 4.586110386934547023e+01 2.378180000000000000e+05
2.167848322413291839e+00 4.495693755820099113e+01 2.383980000000000000e+05
2.183487000865677263e+00 4.444299099487196969e+01 2.414180000000000000e+05
2.199161537811643807e+00 4.364381447058156027e+01 2.468180000000000000e+05
2.214891256735060487e+00 4.285063583907549400e+01 2.499060000000000000e+05
2.230633713071271895e+00 4.205884131259275449e+01 2.547020000000000000e+05
2.246304443991349320e+00 4.138154926145162449e+01 2.544180000000000000e+05
2.261936208784359970e+00 4.057680696282753985e+01 2.603540000000000000e+05
2.277652670266802293e+00 3.987536513016371487e+01 2.649740000000000000e+05
2.293412982496121355e+00 3.909238916054510327e+01 2.687220000000000000e+05
2.309141221738169047e+00 3.836922691687349385e+01 2.715620000000000000e+05
2.324861988404599789e+00 3.784330118365954831e+01 2.755860000000000000e+05
2.340611247586814159e+00 3.708724793889860649e+01 2.801900000000000000e+05
2.356347504876110666e+00 3.664116053939766715e+01 2.828340000000000000e+05
2.372029085968939910e+00 3.578563663779500104e+01 2.851700000000000000e+05
2.387678571697246621e+00 3.537714135901698853e+01 2.898860000000000000e+05
2.403388139521258626e+00 3.477121239905730476e+01 2.944740000000000000e+05
2.419137128499648348e+00 3.410314259193717135e+01 2.994980000000000000e+05
2.434829956177893884e+00 3.367196074117043025e+01 2.999580000000000000e+05
2.450497304476752181e+00 3.303581727468302631e+01 3.058580000000000000e+05
2.466221630284449073e+00 3.254778084519006143e+01 3.107940000000000000e+05
2.481948461430914410e+00 3.190774940750346644e+01 3.130820000000000000e+05
2.497590267743403203e+00 3.143228833777361331e+01 3.160460000000000000e+05
2.513275415567109317e+00 3.088489780210912983e+01 3.222180000000000000e+05
2.529064511226168488e+00 3.036828969874787632e+01 3.285620000000000000e+05
2.544794397904540872e+00 2.995295588280130517e+01 3.279900000000000000e+05
2.560494206000486273e+00 2.950088582148758576e+01 3.352820000000000000e+05
2.576181416838396743e+00 2.900444087269696780e+01 3.359700000000000000e+05
2.591894431456594372e+00 2.868410711898298615e+01 3.440660000000000000e+05
2.607583386084574517e+00 2.800893174055475399e+01 3.437180000000000000e+05
2.623254195933073518e+00 2.765564811179580218e+01 3.514980000000000000e+05
2.638982638468245323e+00 2.724762031044580723e+01 3.544580000000000000e+05
2.654678623100330981e+00 2.685534880607754360e+01 3.585660000000000000e+05
2.670444987332728282e+00 2.642273886846460940e+01 3.661220000000000000e+05
2.686175436888973866e+00 2.600522675705967401e+01 3.658100000000000000e+05
2.701842624139498383e+00 2.553112302285656199e+01 3.716220000000000000e+05
2.717551210176916143e+00 2.518239242950535228e+01 3.759860000000000000e+05
2.733286152591690943e+00 2.493109610906141071e+01 3.821700000000000000e+05
2.748969669686326611e+00 2.440108376242083921e+01 3.818180000000000000e+05
2.764618652904751617e+00 2.414338482547603348e+01 3.895740000000000000e+05
2.780335698310803405e+00 2.374467231227997033e+01 3.936980000000000000e+05
2.796070939832780322e+00 2.331673918159105696e+01 3.994580000000000000e+05
2.811789110373833278e+00 2.302757183843748123e+01 4.022220000000000000e+05
2.827490318755497611e+00 2.264303969802566741e+01 4.069220000000000000e+05
2.843211165013692643e+00 2.227424535294374408e+01 4.128420000000000000e+05
2.858928238366322816e+00 2.195211943776995867e+01 4.153460000000000000e+05
2.874619182965964193e+00 2.163311110161403050e+01 4.211820000000000000e+05
2.890326122379585971e+00 2.131465020305022406e+01 4.250180000000000000e+05
2.906048410595298837e+00 2.100388042807639266e+01 4.311380000000000000e+05
2.921763637537025282e+00 2.071021589292373832e+01 4.343820000000000000e+05
2.937471882413853042e+00 2.033948406649162521e+01 4.395140000000000000e+05
2.953184966193053373e+00 2.012452724975153728e+01 4.447380000000000000e+05
2.968906669185866321e+00 1.984934173887861419e+01 4.489100000000000000e+05
2.984558054153132023e+00 1.960811374601103552e+01 4.506180000000000000e+05
3.000234266597839206e+00 1.929715767896699674e+01 4.595540000000000000e+05
3.015961738166995865e+00 1.894534296683696795e+01 4.631060000000000000e+05
3.031644318942089189e+00 1.873298950532440799e+01 4.670940000000000000e+05
3.047375183469438475e+00 1.847309543561475209e+01 4.749380000000000000e+05
3.063101994982958765e+00 1.817674868919037934e+01 4.771860000000000000e+05
3.078830638657798602e+00 1.789298079105370931e+01 4.846700000000000000e+05
3.094557820700788220e+00 1.764022710005954764e+01 4.870100000000000000e+05
3.110261604918990841e+00 1.747897485171716170e+01 4.933140000000000000e+05
3.125964826756857384e+00 1.717202944862407676e+01 4.963220000000000000e+05
3.141631907395710410e+00 1.697520839063826870e+01 5.017020000000000000e+05
3.157337759020614865e+00 1.672424797763104820e+01 5.085620000000000000e+05
3.173083732250922218e+00 1.646569513964242759e+01 5.142420000000000000e+05
3.188786566155163538e+00 1.625359289209892921e+01 5.161580000000000000e+05
3.204467208631248454e+00 1.603404694203236858e+01 5.226020000000000000e+05
3.220198682476764773e+00 1.581971816122625185e+01 5.306580000000000000e+05
3.235902901074469540e+00 1.564238965968734618e+01 5.300420000000000000e+05
3.251569839460216826e+00 1.543299689354547866e+01 5.388780000000000000e+05
3.267286640001119125e+00 1.524784977854556800e+01 5.441300000000000000e+05
3.283035953778620897e+00 1.503168083816906453e+01 5.511060000000000000e+05
3.298765470797303756e+00 1.481143881931181916e+01 5.539820000000000000e+05
3.314460854810658219e+00 1.461893408235138203e+01 5.582420000000000000e+05
3.330143183999465961e+00 1.446699383221207746e+01 5.645460000000000000e+05
3.345851390644388967e+00 1.425582302355502406e+01 5.704940000000000000e+05
3.361584614506297086e+00 1.401560522364510852e+01 5.767620000000000000e+05
3.377268741275611497e+00 1.393053936641567248e+01 5.782340000000000000e+05
3.392938742749323389e+00 1.368649708195456149e+01 5.856660000000000000e+05
3.408667877553761993e+00 1.349720327834656253e+01 5.944460000000000000e+05
3.424389245726590758e+00 1.333075094498109969e+01 5.952500000000000000e+05
3.440080490503192756e+00 1.317381778648396917e+01 6.034020000000000000e+05
3.455784632582446392e+00 1.303384361077542586e+01 6.073820000000000000e+05
3.471525169349745088e+00 1.283285846258569585e+01 6.170100000000000000e+05
3.487238775590668638e+00 1.270714827701377203e+01 6.167780000000000000e+05
3.502915637500682244e+00 1.252752238509730454e+01 6.247460000000000000e+05
3.518586117849470174e+00 1.238979591186857299e+01 6.280620000000000000e+05
3.534307361823285198e+00 1.225392471184373022e+01 6.394100000000000000e+05
3.550068718511843802e+00 1.205847774490865554e+01 6.429540000000000000e+05
3.565767899937936303e+00 1.196164396709465194e+01 6.459740000000000000e+05
3.581461234185308484e+00 1.182396746698495704e+01 6.534900000000000000e+05
3.597192479322759873e+00 1.166654206003517302e+01 6.607460000000000000e+05
3.612919168611930854e+00 1.157404919310429925e+01 6.646460000000000000e+05
3.628586482304986038e+00 1.141037854605943380e+01 6.672900000000000000e+05
3.644285394494611641e+00 1.124079427539710885e+01 6.790340000000000000e+05
3.660034289703634869e+00 1.117284267974373080e+01 6.827220000000000000e+05
3.675778468055097559e+00 1.103484472786507631e+01 6.912380000000000000e+05
3.691462948962963786e+00 1.088997781011382493e+01 6.886020000000000000e+05
3.707119074879760223e+00 1.076285697163061883e+01 7.008260000000000000e+05
3.722835664250375487e+00 1.064039299267921557e+01 7.056620000000000000e+05
3.738525251797470528e+00 1.052431268501384309e+01 7.100820000000000000e+05
3.754222032949778853e+00 1.037330392873928275e+01 7.191620000000000000e+05
3.769933086185316640e+00 1.030279681550709547e+01 7.222500000000000000e+05
3.785638995718866973e+00 1.018094216073601288e+01 7.315100000000000000e+05
3.801371660419305520e+00 1.003233180617075071e+01 7.364420000000000000e+05
3.817071936206203997e+00 9.961452183701400287e+00 7.408980000000000000e+05
3.832786102847733023e+00 9.824418989066302288e+00 7.501580000000000000e+05
3.848527046055627121e+00 9.737320266113457023e+00 7.548660000000000000e+05
3.864237159299509283e+00 9.612574359971924665e+00 7.608260000000000000e+05
3.879924927323326056e+00 9.499486933827553159e+00 7.640340000000000000e+05
3.895614328144405114e+00 9.404731044678140250e+00 7.738460000000000000e+05
3.911337128038584687e+00 9.288984807249837772e+00 7.797140000000000000e+05
3.927042484287095014e+00 9.212223675721713079e+00 7.843140000000000000e+05
3.942732759911325768e+00 9.094785819531884030e+00 7.913420000000000000e+05
3.958453369699379998e+00 9.004795749120029669e+00 7.994580000000000000e+05
3.974178216354418591e+00 8.902978028776512787e+00 8.049620000000000000e+05
3.989882109912799013e+00 8.790449014884812229e+00 8.095500000000000000e+05
4.005543243773400874e+00 8.710820349667715234e+00 8.134580000000000000e+05
4.021251057898795445e+00 8.627364932644590922e+00 8.274020000000000000e+05
4.036984636136614846e+00 8.551717437950902223e+00 8.286180000000000000e+05
4.052682677778184583e+00 8.445152332725548661e+00 8.369180000000000000e+05
4.068393456235992467e+00 8.361669122549750810e+00 8.428740000000000000e+05
4.084099822251435974e+00 8.275091306405695235e+00 8.493380000000000000e+05
4.099829813320492455e+00 8.157039706988364003e+00 8.589420000000000000e+05
4.115554009414900349e+00 8.108630534113530075e+00 8.609780000000000000e+05
4.131235359039446386e+00 8.029248133808412291e+00 8.683460000000000000e+05
4.146931044915801223e+00 7.934289279372545245e+00 8.751540000000000000e+05
4.162664159049392687e+00 7.851907665642834822e+00 8.862140000000000000e+05
4.178388788086889960e+00 7.780761394089791061e+00 8.873460000000000000e+05
4.194077965975033351e+00 7.697699740554599934e+00 8.949860000000000000e+05
4.209774792532540388e+00 7.637842361432650939e+00 9.027740000000000000e+05
4.225510803750013977e+00 7.542010647791833833e+00 9.121140000000000000e+05
4.241231113843379141e+00 7.445735421725721892e+00 9.150260000000000000e+05
4.256908196003403866e+00 7.403373066331066177e+00 9.201420000000000000e+05
4.272591924000948893e+00 7.328871797298663004e+00 9.297620000000000000e+05
4.288308084378355645e+00 7.281967115211933184e+00 9.376980000000000000e+05
4.304040323784237287e+00 7.209250054511083583e+00 9.447620000000000000e+05
4.319738418983270378e+00 7.127002891630301207e+00 9.482540000000000000e+05
4.335428335028543856e+00 7.073524616378310093e+00 9.568020000000000000e+05
4.351157550879730884e+00 6.978995161513675605e+00 9.676580000000000000e+05
4.366881330891844826e+00 6.935853489010026074e+00 9.697020000000000000e+05
4.382546060772999574e+00 6.841520804032482417e+00 9.740900000000000000e+05
4.398246218400761798e+00 6.783278805279206125e+00 9.884820000000000000e+05
4.413979276240257654e+00 6.711135853644275784e+00 9.919940000000000000e+05
4.429695644229851403e+00 6.643425271969870316e+00 1.001030000000000000e+06
4.445410080183695989e+00 6.595078820428664557e+00 1.005450000000000000e+06
4.461113024304604657e+00 6.532827022366725522e+00 1.013738000000000000e+06
4.476828248264367538e+00 6.478435661782698141e+00 1.021710000000000000e+06
4.492511743566732996e+00 6.416140758441072123e+00 1.023626000000000000e+06
4.508191947536588806e+00 6.362738624142478372e+00 1.035834000000000000e+06
4.523895481465870283e+00 6.298520060800202991e+00 1.040786000000000000e+06
4.539619934096997156e+00 6.254475382783614812e+00 1.053206000000000000e+06
4.555352618284365995e+00 6.201906429694551193e+00 1.057002000000000000e+06
4.571063001207543941e+00 6.146233473509679079e+00 1.063898000000000000e+06
4.586777862326684385e+00 6.099192566616516764e+00 1.072782000000000000e+06
4.602497075350756361e+00 6.021896024011287096e+00 1.078826000000000000e+06
4.618214180504660149e+00 5.975166877772487339e+00 1.087922000000000000e+06
4.633911241501361467e+00 5.926196751197164048e+00 1.090494000000000000e+06
4.649602871383847535e+00 5.876182399610663687e+00 1.101362000000000000e+06
4.665319460688174047e+00 5.832174568076107235e+00 1.109802000000000000e+06
4.681029772111457099e+00 5.760081075697568664e+00 1.114514000000000000e+06
4.696725943447952467e+00 5.724182908839194006e+00 1.123926000000000000e+06
4.712406639130506392e+00 5.686023627291991289e+00 1.125986000000000000e+06
4.728114319510818397e+00 5.640397392689807887e+00 1.143554000000000000e+06
4.743843011674210075e+00 5.587257034532763456e+00 1.144710000000000000e+06
4.759548004017718270e+00 5.533885519983223311e+00 1.154018000000000000e+06
4.775245153331388437e+00 5.486474125876537933e+00 1.159962000000000000e+06
4.790962201099520534e+00 5.449244055864032710e+00 1.170986000000000000e+06
4.806687457227775795e+00 5.404949912659085420e+00 1.178142000000000000e+06
4.822395257046031780e+00 5.351497961399338088e+00 1.182674000000000000e+06
4.838087143849061356e+00 5.317966720458907837e+00 1.191002000000000000e+06
4.853789225034707222e+00 5.266519387090378146e+00 1.200438000000000000e+06
4.869505077076887289e+00 5.229074826058094594e+00 1.208162000000000000e+06
4.885214479826415435e+00 5.184429561459377389e+00 1.215258000000000000e+06
4.900926872777207954e+00 5.148208039315957940e+00 1.224134000000000000e+06
4.916625834276870499e+00 5.109008791248142778e+00 1.228722000000000000e+06
4.932342625999591945e+00 5.063975179261780646e+00 1.243154000000000000e+06
4.948070313168653200e+00 5.026634891933253968e+00 1.245434000000000000e+06
4.963768791695496674e+00 4.986542730078603824e+00 1.255158000000000000e+06
4.979434313641077026e+00 4.936814775288505430e+00 1.255610000000000000e+06
4.995141420885109262e+00 4.900159835687035503e+00 1.277562000000000000e+06
5.010861277833007499e+00 4.867313133722636742e+00 1.274414000000000000e+06
5.026541148359606304e+00 4.814265851940211505e+00 1.285994000000000000e+06
5.042268620369379839e+00 4.783786560169901669e+00 1.299570000000000000e+06
5.058004053481842455e+00 4.764766665489100994e+00 1.302122000000000000e+06
5.073708460591943137e+00 4.715163806290539661e+00 1.311366000000000000e+06
5.089416057291027862e+00 4.692449358922851310e+00 1.319186000000000000e+06
5.105125712135527571e+00 4.649388594837859934e+00 1.327434000000000000e+06
5.120844156875770103e+00 4.611009994810415513e+00 1.337294000000000000e+06
5.136559512122237159e+00 4.570239735464315167e+00 1.342730000000000000e+06
5.152249183032828306e+00 4.544908816277572150e+00 1.350570000000000000e+06
5.167964432416064291e+00 4.508137444132130689e+00 1.362590000000000000e+06
5.183694924160209716e+00 4.471230519428369909e+00 1.369698000000000000e+06
5.199396868456950926e+00 4.444198691699989823e+00 1.374914000000000000e+06
5.215085298788597612e+00 4.398485801224369496e+00 1.383570000000000000e+06
5.230792912992411559e+00 4.372606913988651200e+00 1.395374000000000000e+06
5.246488594245054315e+00 4.342568758348281932e+00 1.396994000000000000e+06
5.262173859327344161e+00 4.319398808385227717e+00 1.411530000000000000e+06
5.277882164810089982e+00 4.283318542806231477e+00 1.417574000000000000e+06
5.293593858628555360e+00 4.253931877320948018e+00 1.428834000000000000e+06
5.309329156889964985e+00 4.223489212782606472e+00 1.439018000000000000e+06
5.325038538485003414e+00 4.186841031222366283e+00 1.440698000000000000e+06
5.340730702455575241e+00 4.157525119734073904e+00 1.453638000000000000e+06
5.356455193601842524e+00 4.126966105563246501e+00 1.463426000000000000e+06
5.372183381207660702e+00 4.105906325413820390e+00 1.471050000000000000e+06
5.387886700194870926e+00 4.075204281618107771e+00 1.476638000000000000e+06
5.403571860691538831e+00 4.043179500237795487e+00 1.484466000000000000e+06
5.419293096268920529e+00 4.035102994096542162e+00 1.501154000000000000e+06
5.435016687773623012e+00 3.987128306073226103e+00 1.501706000000000000e+06
5.450702718101835487e+00 3.963408582985666229e+00 1.511502000000000000e+06
5.466391329901655105e+00 3.934736691851385970e+00 1.520234000000000000e+06
5.482117701107046770e+00 3.907164122709298137e+00 1.535010000000000000e+06
5.497863840523032231e+00 3.888813224151493220e+00 1.543358000000000000e+06
5.513531058043433575e+00 3.857814793254648489e+00 1.535754000000000000e+06
5.529215137958169990e+00 3.835977970375804791e+00 1.564802000000000000e+06
5.544946163489404611e+00 3.802166358079586139e+00 1.563038000000000000e+06
5.560660431796565106e+00 3.781741747791787844e+00 1.578426000000000000e+06
5.576372624871568817e+00 3.759040570806369885e+00 1.581482000000000000e+06
5.592071612679278658e+00 3.745235672790077075e+00 1.592250000000000000e+06
5.607777081388953810e+00 3.713084887937437184e+00 1.602230000000000000e+06
5.623461069047772654e+00 3.682419548416766997e+00 1.604754000000000000e+06
5.639160434689571844e+00 3.666966746290941881e+00 1.623458000000000000e+06
5.654868627057174635e+00 3.642689441261362404e+00 1.624910000000000000e+06
5.670595730029768688e+00 3.625505889532812720e+00 1.645122000000000000e+06
5.686329334746649700e+00 3.581786545744105599e+00 1.645130000000000000e+06
5.702030598096980540e+00 3.565236521459727914e+00 1.655706000000000000e+06
5.717729473142792784e+00 3.548288189614439592e+00 1.663502000000000000e+06
5.733437455346763301e+00 3.522978620292041452e+00 1.675514000000000000e+06
5.749160590029285700e+00 3.504638942193012419e+00 1.685298000000000000e+06
5.764862617007506351e+00 3.481641735214841660e+00 1.689566000000000000e+06
5.780540238679900078e+00 3.463479105928085389e+00 1.697850000000000000e+06
5.796263103923236848e+00 3.439620469862314067e+00 1.718546000000000000e+06
5.812002103804656983e+00 3.415803495943184664e+00 1.719822000000000000e+06
5.827695391299545058e+00 3.404170426494828927e+00 1.726586000000000000e+06
5.843388778895907798e+00 3.380186765532841253e+00 1.739186000000000000e+06
5.859113417771065535e+00 3.359959932356591850e+00 1.751538000000000000e+06
5.874835560723500549e+00 3.340417744084110740e+00 1.758062000000000000e+06
5.890526541065327137e+00 3.317247775111882735e+00 1.763010000000000000e+06
5.906225317694219434e+00 3.298125761114377941e+00 1.778642000000000000e+06
5.921952321011594300e+00 3.283905350719172667e+00 1.788582000000000000e+06
5.937670655764399896e+00 3.258757506633250145e+00 1.794746000000000000e+06
5.953363581550269679e+00 3.242368947867509288e+00 1.803290000000000000e+06
5.969050809995837703e+00 3.219897430120957083e+00 1.811058000000000000e+06
5.984760752596141486e+00 3.207106321628477641e+00 1.828358000000000000e+06
6.000476440810660783e+00 3.187305950434704105e+00 1.831362000000000000e+06
6.016171166004743220e+00 3.166703121590831671e+00 1.842458000000000000e+06
6.031847027098122815e+00 3.145728094995230428e+00 1.846998000000000000e+06
6.047561666320434348e+00 3.137132300620291137e+00 1.869122000000000000e+06
6.063310221741519790e+00 3.116133431680510935e+00 1.876346000000000000e+06
6.079025995273507732e+00 3.097581492158045346e+00 1.879506000000000000e+06
6.094727650148782594e+00 3.076409450881675944e+00 1.893326000000000000e+06
6.110443441650997620e+00 3.060652236324458819e+00 1.901826000000000000e+06
6.126157369603382641e+00 3.041065146692245591e+00 1.911962000000000000e+06
6.141856103084946561e+00 3.027373413269501157e+00 1.919198000000000000e+06
6.157554247585426133e+00 3.009227081371144585e+00 1.930242000000000000e+06
6.173264897526903994e+00 2.993515636502917410e+00 1.942442000000000000e+06
6.188983783131053684e+00 2.976266745365915956e+00 1.951734000000000000e+06
6.204674330135580007e+00 2.965923375346859903e+00 1.955402000000000000e+06
6.220364153407833108e+00 2.937544691352014237e+00 1.971858000000000000e+06
6.236097253224911263e+00 2.927159229340752233e+00 1.984898000000000000e+06
6.251804727814884721e+00 2.916399184060586958e+00 1.986422000000000000e+06
6.267477703420695434e+00 2.896633562875661649e+00 1.996146000000000000e+06
6.283195068785119908e+00 2.890244241006670212e+00 2.017106000000000000e+06
6.298926466691256110e+00 2.866414469093424788e+00 2.020638000000000000e+06
6.314631082636630310e+00 2.855135102638977962e+00 2.029346000000000000e+06
6.330330969697290477e+00 2.834537888742882039e+00 2.041002000000000000e+06
6.346042618354868381e+00 2.820544249189597785e+00 2.051450000000000000e+06
6.361769829008385280e+00 2.808487496405900341e+00 2.065886000000000000e+06
6.377467710730222450e+00 2.788363882422576268e+00 2.064546000000000000e+06
6.393156758488530933e+00 2.777682279787770714e+00 2.082650000000000000e+06
6.408877231485442749e+00 2.762361455949888800e+00 2.095182000000000000e+06
6.424598957671957322e+00 2.749719703466254384e+00 2.101346000000000000e+06
6.440311953715900373e+00 2.732605265571098396e+00 2.115554000000000000e+06
6.456005935746694568e+00 2.720584273231823502e+00 2.115654000000000000e+06
6.471719753415134946e+00 2.710751793732654402e+00 2.141066000000000000e+06
6.487439387114228850e+00 2.695675642330588317e+00 2.139786000000000000e+06
6.503131318747780831e+00 2.687753984059117141e+00 2.152202000000000000e+06
6.518819434526843537e+00 2.670530233410424170e+00 2.161086000000000000e+06
6.534523450777902198e+00 2.659464729340853761e+00 2.176058000000000000e+06
6.550254613659266312e+00 2.640926128961876174e+00 2.190818000000000000e+06
6.565965738846988309e+00 2.630045391523568643e+00 2.191158000000000000e+06
6.581657291702928347e+00 2.615549078271846906e+00 2.205314000000000000e+06
6.597356411838022794e+00 2.601326575655569684e+00 2.215554000000000000e+06
6.613072568835591802e+00 2.587749410238316727e+00 2.230562000000000000e+06
6.628796834083485301e+00 2.576810557533574908e+00 2.239614000000000000e+06
6.644501868950448475e+00 2.564576574137487519e+00 2.245706000000000000e+06
6.660203335766918364e+00 2.551986259964933001e+00 2.259674000000000000e+06
6.675922241577704419e+00 2.539401921684452113e+00 2.273214000000000000e+06
6.691636876769640807e+00 2.529789994918382412e+00 2.278802000000000000e+06
6.707348854586632214e+00 2.518313154905289064e+00 2.294034000000000000e+06
6.723042755046850338e+00 2.505861803914870123e+00 2.294942000000000000e+06
6.738741204690306574e+00 2.493555382922250097e+00 2.317050000000000000e+06
6.754459451825965743e+00 2.481517899194177090e+00 2.322842000000000000e+06
6.770155876549564411e+00 2.467127951227255700e+00 2.330810000000000000e+06
6.785853403723873356e+00 2.457441693329548205e+00 2.345958000000000000e+06
6.801555230257334550e+00 2.449260830069519557e+00 2.353586000000000000e+06
6.817285949066600459e+00 2.439782679140311661e+00 2.376210000000000000e+06
6.833012673954052651e+00 2.426295913837932972e+00 2.374502000000000000e+06
6.848703343789808606e+00 2.417809068760355729e+00 2.386346000000000000e+06
6.864405076602009714e+00 2.404651161822235483e+00 2.401314000000000000e+06
6.880122619459167588e+00 2.396987289804889176e+00 2.411450000000000000e+06
6.895827031199952550e+00 2.382797583196390345e+00 2.420718000000000000e+06
6.911509854271036701e+00 2.371780485572733355e+00 2.425754000000000000e+06
6.927232044479275430e+00 2.361284211829662194e+00 2.455218000000000000e+06
6.942960195844471549e+00 2.353589762630041715e+00 2.450942000000000000e+06
6.958661448092413160e+00 2.343045360398519517e+00 2.467130000000000000e+06
6.974361211749578793e+00 2.330991799986585011e+00 2.474874000000000000e+06
6.990070831352309000e+00 2.322429229164273856e+00 2.490362000000000000e+06
7.005778159324729693e+00 2.311347193234011499e+00 2.498142000000000000e+06
7.021469697735486015e+00 2.302086083866155430e+00 2.507090000000000000e+06
7.037177120604764191e+00 2.292876991338957282e+00 2.525562000000000000e+06
7.052899061516400003e+00 2.280265598727436505e+00 2.534726000000000000e+06
7.068628793135065536e+00 2.276091550041452471e+00 2.549906000000000000e+06
7.084334935478915796e+00 2.263536847617905412e+00 2.551074000000000000e+06
7.100038328422084710e+00 2.254540394024667105e+00 2.570702000000000000e+06
7.115745931638459254e+00 2.245341682455269439e+00 2.574642000000000000e+06
7.131451190238497162e+00 2.235192550999087757e+00 2.594066000000000000e+06
7.147151468730735147e+00 2.227199609064583807e+00 2.594802000000000000e+06
7.162835307179018507e+00 2.216627680386519472e+00 2.612030000000000000e+06
7.178551581855800556e+00 2.204491022293388891e+00 2.627954000000000000e+06
7.194283665259025184e+00 2.200778896546813801e+00 2.640402000000000000e+06
7.209984529526630936e+00 2.191984036064985375e+00 2.641454000000000000e+06
7.225685108067660956e+00 2.182538618110671180e+00 2.661834000000000000e+06
7.241394735953288198e+00 2.171527661739482973e+00 2.669138000000000000e+06
7.257108192998378726e+00 2.165643210925866313e+00 2.684858000000000000e+06
7.272822849503533860e+00 2.153037406594874970e+00 2.693910000000000000e+06
7.288518104809805997e+00 2.145169379667925202e+00 2.701682000000000000e+06
7.304234199753477874e+00 2.137067717389148580e+00 2.722698000000000000e+06
7.319945495172938799e+00 2.127731572230486368e+00 2.725262000000000000e+06
7.335649438298961655e+00 2.119381210231726875e+00 2.742450000000000000e+06
7.351353846506168743e+00 2.110885684673709406e+00 2.749850000000000000e+06
7.367055388436875241e+00 2.103336695729443484e+00 2.763902000000000000e+06
7.382770533642191602e+00 2.091953818214013605e+00 2.778498000000000000e+06
7.398475089415688544e+00 2.091089878722800499e+00 2.784530000000000000e+06
7.414188731852492609e+00 2.078996122115212231e+00 2.804106000000000000e+06
7.429901641940141133e+00 2.068771509614597548e+00 2.809790000000000000e+06
7.445612173277812218e+00 2.063612676270717206e+00 2.825058000000000000e+06
7.461320649323638143e+00 2.053298486767595854e+00 2.834330000000000000e+06
7.477011404590944821e+00 2.046567725372991475e+00 2.842022000000000000e+06
7.492720686839765776e+00 2.041066353341334239e+00 2.864754000000000000e+06
7.508423522993188826e+00 2.031765918833483564e+00 2.864186000000000000e+06
7.524104703200965361e+00 2.026051054023249698e+00 2.879538000000000000e+06
7.539811207090460599e+00 2.013431149450896740e+00 2.899454000000000000e+06
7.555522870235571453e+00 2.005632764031294535e+00 2.904258000000000000e+06
7.571252185241664989e+00 2.000905217808543579e+00 2.930234000000000000e+06
7.586982910029617777e+00 1.991918658513356810e+00 2.929526000000000000e+06
7.602682376348832705e+00 1.982738487283691509e+00 2.942442000000000000e+06
7.618398087127784990e+00 1.981484289772055485e+00 2.960810000000000000e+06
7.634111360506788735e+00 1.975336379586327462e+00 2.964954000000000000e+06
7.649813471415971122e+00 1.964200361634534486e+00 2.980910000000000000e+06
7.665516544353160100e+00 1.956508540016008046e+00 2.990978000000000000e+06
7.681228381318442544e+00 1.951376268192920316e+00 3.007626000000000000e+06
7.696947282980596938e+00 1.945253921115963847e+00 3.019166000000000000e+06
7.712641051068838571e+00 1.938328384788271963e+00 3.021090000000000000e+06
7.728340175203005202e+00 1.930950963864829895e+00 3.047834000000000000e+06
7.744066325082287428e+00 1.921986261245782535e+00 3.055590000000000000e+06
7.759785182459853381e+00 1.915815992329917838e+00 3.068546000000000000e+06
7.775464898067028230e+00 1.913815655203936705e+00 3.067274000000000000e+06
7.791162210093558471e+00 1.903210656482222207e+00 3.098058000000000000e+06
7.806896787352753719e+00 1.897730583999686083e+00 3.109214000000000000e+06
7.822604758484962950e+00 1.890034805074223723e+00 3.110466000000000000e+06
7.838284799897788702e+00 1.884381811373172733e+00 3.124370000000000000e+06
7.853986825204827937e+00 1.874194144471648116e+00 3.144174000000000000e+06
7.869722202747719386e+00 1.871795196186401222e+00 3.161738000000000000e+06
7.885429030328279687e+00 1.864423603353281278e+00 3.159890000000000000e+06
7.901109098578781520e+00 1.856194658203266457e+00 3.174138000000000000e+06
7.916812369163124252e+00 1.851038634811944972e+00 3.195926000000000000e+06
7.932546153031187153e+00 1.846225586086505999e+00 3.211386000000000000e+06
7.948275829971742645e+00 1.837680791622066101e+00 3.219314000000000000e+06
7.963974762265003449e+00 1.830713992957357705e+00 3.225494000000000000e+06
7.979672909422356852e+00 1.825073506690080283e+00 3.242562000000000000e+06
7.995382124285669967e+00 1.820909453713794646e+00 3.257450000000000000e+06
8.011096558073175444e+00 1.813657842879945026e+00 3.269118000000000000e+06
8.026799325701325927e+00 1.807787906420692314e+00 3.278930000000000000e+06
8.042482997119602572e+00 1.802658786302161698e+00 3.286650000000000000e+06
8.058198313138401403e+00 1.796242096598635429e+00 3.316610000000000000e+06
8.073929632859263350e+00 1.791909149425176428e+00 3.321542000000000000e+06
8.089631173905692307e+00 1.783350728148777042e+00 3.328578000000000000e+06
8.105328344487277903e+00 1.778548546310186218e+00 3.345074000000000000e+06
8.121039774478980178e+00 1.773960149758186722e+00 3.361686000000000000e+06
8.136750954641513545e+00 1.768511170951194034e+00 3.369722000000000000e+06
8.152451824383751600e+00 1.758741496297215212e+00 3.385290000000000000e+06
8.168148505929304193e+00 1.755064472469827663e+00 3.391370000000000000e+06
8.183868116116777003e+00 1.752018571028751248e+00 3.422966000000000000e+06
8.199591131301563252e+00 1.746007647816751884e+00 3.419538000000000000e+06
8.215300984565764963e+00 1.739406546984360480e+00 3.441890000000000000e+06
8.231010872605484252e+00 1.737364912567707087e+00 3.447582000000000000e+06
8.246721005479363598e+00 1.729201009261177147e+00 3.466298000000000000e+06
8.262408288354077257e+00 1.725100787780487588e+00 3.466194000000000000e+06
8.278098173695775941e+00 1.718065143173288511e+00 3.492062000000000000e+06
8.293810268215034753e+00 1.714088807843535678e+00 3.503114000000000000e+06
8.309519053075314687e+00 1.708159399695093894e+00 3.517146000000000000e+06
8.325241433409063418e+00 1.703274961210009986e+00 3.535706000000000000e+06
8.340952984226902345e+00 1.699843237162482534e+00 3.539742000000000000e+06
8.356659711712842054e+00 1.693073562297222168e+00 3.558698000000000000e+06
8.372371429175492707e+00 1.685994624273344122e+00 3.570122000000000000e+06
8.388083579962753333e+00 1.683190969252817304e+00 3.585174000000000000e+06
8.403790832576294889e+00 1.677130601277462052e+00 3.594314000000000000e+06
8.419496525959527133e+00 1.672049449402561949e+00 3.612258000000000000e+06
8.435201663874629219e+00 1.667004117358813486e+00 3.620282000000000000e+06
8.450905678681708721e+00 1.662227080595689355e+00 3.639078000000000000e+06
8.466617353651699318e+00 1.658169129833308109e+00 3.650450000000000000e+06
8.482317771685245589e+00 1.654902007910596495e+00 3.661418000000000000e+06
8.498018574275240766e+00 1.648984662671772128e+00 3.677694000000000000e+06
8.513736467920875128e+00 1.641939968257386750e+00 3.695978000000000000e+06
8.529447827058733722e+00 1.637742282212697909e+00 3.702810000000000000e+06
8.545145453356283838e+00 1.633152968035300967e+00 3.716162000000000000e+06
8.560863155475518127e+00 1.624371205643494465e+00 3.740094000000000000e+06
8.576575892842692284e+00 1.625001403385339716e+00 3.740954000000000000e+06
8.592276429309924524e+00 1.621067013458847628e+00 3.760946000000000000e+06
8.607993113742812952e+00 1.613307173267821915e+00 3.778278000000000000e+06
8.623706693511682175e+00 1.611089739762140427e+00 3.784922000000000000e+06
8.639416117971885356e+00 1.607016828784111340e+00 3.805266000000000000e+06
8.655118251607849089e+00 1.602997594864702613e+00 3.807686000000000000e+06
8.670819176621002100e+00 1.595950046045920612e+00 3.833130000000000000e+06
8.686531013296711734e+00 1.594459951825894395e+00 3.841898000000000000e+06
8.702242672461403927e+00 1.587247030513152302e+00 3.858074000000000000e+06
8.717947060126663317e+00 1.582259792906336227e+00 3.868974000000000000e+06
8.733653634556446832e+00 1.579472517618693006e+00 3.885362000000000000e+06
8.749361177527063660e+00 1.578230454891760282e+00 3.898290000000000000e+06
8.765057838444775484e+00 1.569310046184943408e+00 3.907334000000000000e+06
8.780760279838380811e+00 1.566910044721831374e+00 3.928730000000000000e+06
8.796461536498792810e+00 1.564240527390436286e+00 3.936666000000000000e+06
8.812176163138749629e+00 1.557905696700061071e+00 3.961346000000000000e+06
8.827908468663524744e+00 1.553359169811965979e+00 3.975774000000000000e+06
8.843605203440207063e+00 1.549670462199246090e+00 3.970106000000000000e+06
8.859298780821674768e+00 1.544850830716657297e+00 4.003170000000000000e+06
8.875033023597818982e+00 1.543136708065911744e+00 4.019558000000000000e+06
8.890757701901966570e+00 1.538727239034171523e+00 4.025642000000000000e+06
8.906442147587496194e+00 1.531991697186605439e+00 4.028514000000000000e+06
8.922138549702236077e+00 1.531516495795682165e+00 4.059398000000000000e+06
8.937858770665876307e+00 1.526670563784715773e+00 4.069674000000000000e+06
8.953569902743538478e+00 1.523057042905719305e+00 4.083698000000000000e+06
8.969276596619630837e+00 1.516811469985666294e+00 4.095210000000000000e+06
8.984978332063514372e+00 1.513582108143061156e+00 4.110518000000000000e+06
9.000686439228440250e+00 1.509949598361946865e+00 4.126850000000000000e+06
9.016395212272197313e+00 1.505134641220024383e+00 4.140114000000000000e+06
9.032081625028110849e+00 1.502631591647824338e+00 4.144070000000000000e+06
9.047784840512392179e+00 1.498407970492853902e+00 4.175802000000000000e+06
9.063510534008996089e+00 1.493286463181149770e+00 4.187882000000000000e+06
9.079229438028200150e+00 1.490459963088646811e+00 4.199250000000000000e+06
9.094931536527573357e+00 1.485806991428081369e+00 4.209326000000000000e+06
9.110624252584134553e+00 1.481693600149687429e+00 4.222130000000000000e+06
9.126345788688972505e+00 1.479126794848831361e+00 4.254258000000000000e+06
9.142067210789587506e+00 1.474215857201377489e+00 4.252478000000000000e+06
9.157769224107168426e+00 1.472825168157523734e+00 4.270698000000000000e+06
9.173460189222041095e+00 1.465910626204675715e+00 4.278122000000000000e+06
9.189172851773026451e+00 1.463931396984337052e+00 4.309898000000000000e+06
9.204899411326563197e+00 1.459842604496021767e+00 4.317150000000000000e+06
9.220610370561862723e+00 1.456182971652988156e+00 4.329698000000000000e+06
9.236312329177842173e+00 1.451773118756660486e+00 4.340826000000000000e+06
9.252011696799515406e+00 1.450380655061599855e+00 4.359590000000000000e+06
9.267725419345696380e+00 1.444758102288175250e+00 4.376850000000000000e+06
9.283431809080884278e+00 1.440919475666530003e+00 4.386674000000000000e+06
9.299131961634870436e+00 1.438823980833217053e+00 4.401782000000000000e+06
9.314836560434526902e+00 1.436491703268231390e+00 4.419210000000000000e+06
9.330566699333866509e+00 1.432091932453566807e+00 4.446482000000000000e+06
9.346274096307771728e+00 1.428620077672372091e+00 4.435554000000000000e+06
9.361966720359685468e+00 1.425233847714018731e+00 4.468934000000000000e+06
9.377681860044402740e+00 1.422721851864259257e+00 4.477650000000000000e+06
9.393384317371491932e+00 1.420208838671380480e+00 4.491218000000000000e+06
9.409088966137430177e+00 1.415610689883153528e+00 4.510358000000000000e+06
9.424791439829672157e+00 1.411797231616737314e+00 4.518594000000000000e+06
9.440499207501432011e+00 1.410457403871163029e+00 4.544474000000000000e+06
9.456214212898441218e+00 1.406991677244206818e+00 4.552098000000000000e+06
9.471927439984570540e+00 1.400915521126822050e+00 4.574990000000000000e+06
9.487631754062700651e+00 1.398537100111203024e+00 4.577210000000000000e+06
9.503344281547928318e+00 1.395712000340264103e+00 4.608186000000000000e+06
9.519057247113778431e+00 1.391554549284000464e+00 4.610198000000000000e+06
9.534757011366917112e+00 1.389590459759536767e+00 4.628898000000000000e+06
9.550453458784650351e+00 1.385728706339134364e+00 4.641170000000000000e+06
9.566158712525282937e+00 1.382926123580202837e+00 4.662462000000000000e+06
9.581880158653657276e+00 1.378768870788103174e+00 4.681442000000000000e+06
9.597589579516229819e+00 1.377050673549708337e+00 4.687850000000000000e+06
9.613296380928980867e+00 1.373877159830768635e+00 4.708818000000000000e+06
9.629006062959270196e+00 1.370131084516176267e+00 4.721534000000000000e+06
9.644707396083033402e+00 1.366672371570982758e+00 4.732770000000000000e+06
9.660406197323647248e+00 1.363875152366354149e+00 4.753346000000000000e+06
9.676122008914001427e+00 1.362459736100966934e+00 4.772886000000000000e+06
9.691840694543541801e+00 1.357207835659792083e+00 4.785098000000000000e+06
9.707543237507161749e+00 1.356388859810059522e+00 4.795394000000000000e+06
9.723244122996092642e+00 1.351554096750593015e+00 4.813986000000000000e+06
9.738952330288141113e+00 1.349224670336423904e+00 4.832654000000000000e+06
9.754669949504904736e+00 1.346803146475763269e+00 4.849362000000000000e+06
9.770377600734033052e+00 1.342357916992739542e+00 4.858322000000000000e+06
9.786069629200518705e+00 1.339755662057206420e+00 4.871286000000000000e+06
9.801770721287397237e+00 1.338019397797877819e+00 4.894370000000000000e+06
9.817489821034564912e+00 1.334722818511999920e+00 4.914650000000000000e+06
9.833199646667972971e+00 1.330869544183762354e+00 4.919658000000000000e+06
9.848902655768293712e+00 1.330036315893636800e+00 4.941638000000000000e+06
9.864627278272442013e+00 1.326869922677495595e+00 4.965954000000000000e+06
9.880352198135229358e+00 1.322406808842726100e+00 4.971770000000000000e+06
9.896056604692210712e+00 1.321461752026093839e+00 4.985702000000000000e+06
9.911750273437519354e+00 1.316770723377273633e+00 4.996314000000000000e+06
9.927450557379374985e+00 1.314139803212661217e+00 5.021258000000000000e+06
9.943165753651260985e+00 1.313050191824105317e+00 5.038470000000000000e+06
9.958875512968258903e+00 1.311072739409377297e+00 5.048570000000000000e+06
9.974579326095815546e+00 1.307596453362474209e+00 5.067786000000000000e+06
9.990292534396033375e+00 1.302995416176769616e+00 5.084402000000000000e+06
1.000600856325589305e+01 1.301536389956738038e+00 5.104238000000000000e+06
1.002170444839863528e+01 1.300116035430007200e+00 5.101890000000000000e+06
1.003739052522703901e+01 1.294666692919556494e+00 5.129594000000000000e+06
1.005309882194248416e+01 1.292253324182194740e+00 5.149086000000000000e+06
1.006881895908520086e+01 1.291473183313683437e+00 5.168834000000000000e+06
1.008452231173344416e+01 1.286879005225135542e+00 5.172306000000000000e+06
1.010022729382937889e+01 1.284757150017560301e+00 5.199218000000000000e+06
1.011594565713278016e+01 1.281306814586716802e+00 5.215430000000000000e+06
1.013166058960754867e+01 1.278154358732515483e+00 5.229066000000000000e+06
1.014737047935454051e+01 1.276650719892916896e+00 5.244530000000000000e+06
1.016308234466913696e+01 1.274231930486597664e+00 5.262870000000000000e+06
1.017878958276594581e+01 1.272663365551699455e+00 5.272562000000000000e+06
1.019448555450210314e+01 1.269383478340098792e+00 5.290098000000000000e+06
1.021019673146567186e+01 1.266167992446124213e+00 5.314358000000000000e+06
1.022590751621006078e+01 1.263767221122196416e+00 5.322098000000000000e+06
1.024160880192673417e+01 1.261963244515192262e+00 5.341026000000000000e+06
1.025732775208617475e+01 1.260488259611117101e+00 5.366858000000000000e+06
1.027304584666867804e+01 1.256295932846360097e+00 5.374422000000000000e+06
1.028873472736696293e+01 1.252788816098985958e+00 5.377730000000000000e+06
1.030442576009853184e+01 1.253723788731118560e+00 5.409410000000000000e+06
1.032014867554843818e+01 1.249083090326966294e+00 5.434014000000000000e+06
1.033586943357362209e+01 1.247374552343661680e+00 5.438882000000000000e+06
1.035157161316932140e+01 1.245668946284377077e+00 5.456178000000000000e+06
1.036727210965784174e+01 1.241617485567469981e+00 5.469242000000000000e+06
1.038298135070349915e+01 1.240482015307375674e+00 5.496174000000000000e+06
1.039869418006627910e+01 1.237105510277847875e+00 5.505530000000000000e+06
1.041439794625569881e+01 1.236573304146452168e+00 5.521202000000000000e+06
1.043010482665170713e+01 1.233093908760370949e+00 5.544126000000000000e+06
1.044582478281855487e+01 1.230705583670527181e+00 5.560106000000000000e+06
1.046154309703894825e+01 1.230049658103206767e+00 5.579754000000000000e+06
1.047723959228104285e+01 1.226755160707785119e+00 5.576270000000000000e+06
1.049292720351744279e+01 1.222841670741829478e+00 5.607138000000000000e+06
1.050863523850499526e+01 1.221817908041669343e+00 5.625026000000000000e+06
1.052435348202229015e+01 1.218615374861556244e+00 5.646698000000000000e+06
1.054005549761004978e+01 1.216608020426522607e+00 5.649126000000000000e+06
1.055575482461481052e+01 1.214989815789279115e+00 5.676434000000000000e+06
1.057145826219870344e+01 1.211299398074838107e+00 5.687418000000000000e+06
1.058717117850224376e+01 1.210971984821102021e+00 5.715830000000000000e+06
1.060289400134469062e+01 1.207721396143621728e+00 5.729210000000000000e+06
1.061860918710306834e+01 1.206039303008180186e+00 5.744802000000000000e+06
1.063431091651675153e+01 1.203473168486101086e+00 5.752154000000000000e+06
1.065002180958671651e+01 1.200561508037319536e+00 5.786382000000000000e+06
1.066572980082734468e+01 1.199500064486615614e+00 5.784146000000000000e+06
1.068142742642893950e+01 1.196285932941120178e+00 5.812146000000000000e+06
1.069714023788434787e+01 1.194808689838333882e+00 5.830166000000000000e+06
1.071285364357418146e+01 1.192823712548217951e+00 5.845850000000000000e+06
1.072856242199254062e+01 1.189407887038930411e+00 5.862834000000000000e+06
1.074426756718287557e+01 1.188814335986015047e+00 5.876066000000000000e+06
1.075998381704133955e+01 1.185511782038634720e+00 5.905854000000000000e+06
1.077568840897438562e+01 1.184018227550940550e+00 5.902274000000000000e+06
1.079138304940738280e+01 1.181475160918644907e+00 5.931258000000000000e+06
1.080709884248571484e+01 1.179769120428227458e+00 5.954966000000000000e+06
1.082281622961874490e+01 1.178114479864202258e+00 5.965346000000000000e+06
1.083851693336031374e+01 1.173751776986184714e+00 5.977818000000000000e+06
1.085422396324159422e+01 1.173948468520919830e+00 6.004718000000000000e+06
1.086993137901790796e+01 1.170974345718170495e+00 6.011706000000000000e+06
1.088564351758435222e+01 1.169313999705579254e+00 6.045770000000000000e+06
1.090135356744657535e+01 1.168215845971571021e+00 6.041586000000000000e+06
1.091705034221926418e+01 1.165961378299226414e+00 6.073166000000000000e+06
1.093275207829069018e+01 1.164647188121919585e+00 6.078962000000000000e+06
1.094846122315083825e+01 1.161541433155094394e+00 6.114258000000000000e+06
1.096418118107341577e+01 1.160293763634872910e+00 6.123086000000000000e+06
1.097988849072496542e+01 1.158372564068720134e+00 6.136770000000000000e+06
1.099558679320981724e+01 1.155364962993700395e+00 6.154898000000000000e+06
1.101129673485095672e+01 1.152865126622330871e+00 6.178610000000000000e+06
1.102701485690355909e+01 1.150916056226042539e+00 6.197982000000000000e+06
1.104272390432796591e+01 1.149492081152275524e+00 6.205322000000000000e+06
1.105841361686979951e+01 1.148720261784735186e+00 6.218850000000000000e+06
1.107411347758379350e+01 1.146137188933205042e+00 6.249542000000000000e+06
1.108984077014840963e+01 1.144424277025112291e+00 6.274146000000000000e+06
1.110554794633057796e+01 1.142507258890486321e+00 6.270242000000000000e+06
1.112124931961106533e+01 1.139127139377487330e+00 6.305222000000000000e+06
1.113697510740422381e+01 1.138464648208560526e+00 6.325026000000000000e+06
1.115268911253386719e+01 1.138188767960186532e+00 6.331922000000000000e+06
1.116838422783226115e+01 1.135310665797772955e+00 6.343698000000000000e+06
1.118408594539889478e+01 1.131832026751336873e+00 6.375158000000000000e+06
1.119980416311440052e+01 1.131121035740869418e+00 6.392178000000000000e+06
1.121552521724412621e+01 1.129050203451645196e+00 6.412826000000000000e+06
1.123121923820420243e+01 1.126427210656714362e+00 6.407078000000000000e+06
1.124691480473033778e+01 1.125015780199424498e+00 6.447954000000000000e+06
1.126262248805396560e+01 1.122609713777484863e+00 6.456026000000000000e+06
1.127833175656502007e+01 1.122468888623540106e+00 6.482034000000000000e+06
1.129403915665967872e+01 1.119716018073957375e+00 6.492878000000000000e+06
1.130972772992016750e+01 1.118810398036072851e+00 6.502074000000000000e+06
1.132543464171678238e+01 1.115833655564097526e+00 6.542930000000000000e+06
1.134116092480786619e+01 1.113927298882743777e+00 6.556598000000000000e+06
1.135687931575279030e+01 1.112841896830143895e+00 6.570330000000000000e+06
1.137258152843119419e+01 1.110834560692519180e+00 6.581882000000000000e+06
1.138829329520135047e+01 1.108386391565366669e+00 6.612546000000000000e+06
1.140401544384409860e+01 1.108417782760881432e+00 6.628622000000000000e+06
1.141971418729731447e+01 1.104411223896590633e+00 6.629498000000000000e+06
1.143540805815246841e+01 1.103668731463753439e+00 6.659250000000000000e+06
1.145112342906401892e+01 1.102511873306724510e+00 6.686006000000000000e+06
1.146683855971028443e+01 1.100569244370823929e+00 6.693786000000000000e+06
1.148253750634374093e+01 1.097566971822025117e+00 6.711554000000000000e+06
1.149824439280081201e+01 1.096520944142519882e+00 6.735678000000000000e+06
1.151395944216632472e+01 1.095127890667817017e+00 6.754754000000000000e+06
1.152967750311644046e+01 1.092972329659399833e+00 6.776570000000000000e+06
1.154536786069484400e+01 1.091363159881041378e+00 6.767394000000000000e+06
1.156106414707133290e+01 1.089436124774612269e+00 6.818246000000000000e+06
1.157679140551482533e+01 1.087185944582598207e+00 6.830562000000000000e+06
1.159249865891797526e+01 1.085855465840525502e+00 6.839186000000000000e+06
1.160819828013273636e+01 1.084292094017280883e+00 6.861462000000000000e+06
1.162390472506793770e+01 1.083534751062221080e+00 6.880394000000000000e+06
1.163962004466343636e+01 1.081552842564648120e+00 6.907178000000000000e+06
1.165533434666404133e+01 1.079918141214861738e+00 6.917034000000000000e+06
1.167104051015950716e+01 1.077307740315776918e+00 6.937934000000000000e+06
1.168673926950135034e+01 1.076639317715643029e+00 6.947250000000000000e+06
1.170244721913763897e+01 1.075373676652860988e+00 6.982106000000000000e+06
1.171816433671575730e+01 1.072908241870241142e+00 6.995718000000000000e+06
1.173387031746687015e+01 1.072297344163756883e+00 7.006682000000000000e+06
1.174957622851401240e+01 1.070011211128807815e+00 7.035866000000000000e+06
1.176529536104995444e+01 1.068823777911033446e+00 7.054110000000000000e+06
1.178099828544282701e+01 1.066468565674778324e+00 7.059194000000000000e+06
1.179669856151566165e+01 1.064829009608559307e+00 7.091802000000000000e+06
1.181240716294206905e+01 1.062542654449596613e+00 7.100666000000000000e+06
1.182811135021641213e+01 1.061561886753812134e+00 7.129070000000000000e+06
1.184382402706377313e+01 1.059433674885017940e+00 7.143282000000000000e+06
1.185952830171168593e+01 1.058883901404765071e+00 7.161482000000000000e+06
1.187523683486437243e+01 1.057921882268054725e+00 7.184694000000000000e+06
1.189095187450934432e+01 1.055579508583805781e+00 7.203914000000000000e+06
1.190666038869163401e+01 1.054442704771054284e+00 7.219746000000000000e+06
1.192235843864241396e+01 1.053266841287025857e+00 7.228634000000000000e+06
1.193806809039961259e+01 1.051356506265822555e+00 7.271990000000000000e+06
1.195377948291443992e+01 1.049480058997196208e+00 7.266786000000000000e+06
1.196947381174999947e+01 1.047407128118294839e+00 7.293650000000000000e+06
1.198518648559551458e+01 1.046080766938017881e+00 7.324086000000000000e+06
1.200090807358362710e+01 1.045242653621578865e+00 7.338650000000000000e+06
1.201661637889760037e+01 1.043218055261983190e+00 7.351962000000000000e+06
1.203230565217210035e+01 1.042353194630015079e+00 7.357190000000000000e+06
1.204801118703936780e+01 1.038945566336242798e+00 7.406042000000000000e+06
1.206372840719771133e+01 1.039407172126113554e+00 7.408626000000000000e+06
1.207943832024087349e+01 1.037347238491529211e+00 7.435610000000000000e+06
1.209515324384951640e+01 1.035622862257970844e+00 7.453542000000000000e+06
1.211085873951972935e+01 1.034551705639950248e+00 7.464002000000000000e+06
1.212656505101618798e+01 1.032878759935549784e+00 7.493546000000000000e+06
1.214227798456889929e+01 1.031316146362986741e+00 7.510806000000000000e+06
1.215799402266435081e+01 1.029596272706440718e+00 7.532114000000000000e+06
1.217369248650853386e+01 1.028818770754729828e+00 7.536234000000000000e+06
1.218938816956664795e+01 1.027017246215023993e+00 7.565834000000000000e+06
1.220511056850387632e+01 1.025784151174881753e+00 7.603062000000000000e+06
1.222082302231588535e+01 1.024349904989406035e+00 7.593890000000000000e+06
1.223651649645578665e+01 1.022183665914285111e+00 7.622906000000000000e+06
1.225222107367874180e+01 1.021053087232506096e+00 7.646622000000000000e+06
1.226793902491068877e+01 1.020297356980356618e+00 7.672058000000000000e+06
1.228364718069601835e+01 1.017513926316121253e+00 7.679346000000000000e+06
1.229933962477952214e+01 1.017980171214099672e+00 7.693058000000000000e+06
1.231504373451924117e+01 1.014968007637712555e+00 7.732158000000000000e+06
1.233076331536994985e+01 1.013809477831438821e+00 7.746962000000000000e+06
1.234648244688633945e+01 1.013220394426138649e+00 7.770986000000000000e+06
1.236218576653318735e+01 1.012275520599725143e+00 7.772094000000000000e+06
1.237788516389707461e+01 1.010154965172175956e+00 7.803818000000000000e+06
1.239360390984925964e+01 1.010031096437248310e+00 7.834338000000000000e+06
1.240931454438657155e+01 1.007738925745272685e+00 7.833710000000000000e+06
1.242501025862532238e+01 1.006004165524633898e+00 7.858794000000000000e+06
1.244071609171995973e+01 1.004674105087458580e+00 7.884290000000000000e+06
1.245642554635569788e+01 1.004610693990347636e+00 7.901522000000000000e+06
1.247213990979998322e+01 1.002604070126806635e+00 7.930662000000000000e+06
1.248784889213827753e+01 1.000152121905226732e+00 7.934426000000000000e+06
1.250355459696362281e+01 9.993828541133393806e-01 7.967322000000000000e+06
1.251926642764211373e+01 9.972717764892568004e-01 7.981934000000000000e+06
1.253497567568721927e+01 9.969788019465014584e-01 8.003282000000000000e+06
1.255068061703326165e+01 9.964236665217727218e-01 8.019666000000000000e+06
1.256637936912699516e+01 9.941603578177161671e-01 8.034482000000000000e+06
1.258208508998344399e+01 9.929844202335441627e-01 8.068542000000000000e+06
1.259780313698870202e+01 9.913477385207504211e-01 8.088290000000000000e+06
1.261351163942811127e+01 9.894444662650521138e-01 8.096322000000000000e+06
1.262921162496122385e+01 9.892187225689756946e-01 8.122646000000000000e+06
1.264492727534496019e+01 9.878364022793233445e-01 8.150138000000000000e+06
1.266064123044320411e+01 9.865758508972457541e-01 8.165322000000000000e+06
1.267635049109034462e+01 9.846323418523316162e-01 8.182574000000000000e+06
1.269205751319950970e+01 9.844002058583822823e-01 8.203698000000000000e+06
1.270776623809462613e+01 9.826063576208527994e-01 8.226914000000000000e+06
1.272347983526652904e+01 9.813782103282956415e-01 8.246898000000000000e+06
1.273918476699724422e+01 9.794533837405865473e-01 8.261774000000000000e+06
1.275488532096565741e+01 9.786889815791577352e-01 8.279426000000000000e+06
1.277058911046302292e+01 9.775484725569106859e-01 8.308722000000000000e+06
1.278629950396799053e+01 9.764155713509165002e-01 8.326214000000000000e+06
1.280200365974331511e+01 9.753694914896671175e-01 8.342682000000000000e+06
1.281770065856501084e+01 9.742410266726979629e-01 8.360834000000000000e+06
1.283340848437807935e+01 9.725128931354880546e-01 8.393226000000000000e+06
1.284913125601308792e+01 9.713875049731893752e-01 8.420150000000000000e+06
1.286484437274510917e+01 9.705252419084999804e-01 8.421986000000000000e+06
1.288054190366636220e+01 9.683300310666451693e-01 8.445714000000000000e+06
1.289624751817243542e+01 9.669110626148555987e-01 8.472590000000000000e+06
1.291196350413541616e+01 9.665114056244754615e-01 8.495370000000000000e+06
1.292767561271233312e+01 9.648033044818850046e-01 8.512802000000000000e+06
1.294337627341686670e+01 9.636890214928741649e-01 8.523290000000000000e+06
1.295909254465509619e+01 9.630762846077614014e-01 8.570982000000000000e+06
1.297481202941889933e+01 9.615791429449732641e-01 8.568458000000000000e+06
1.299050877709477980e+01 9.604938474334938636e-01 8.586498000000000000e+06
1.300620190024628187e+01 9.586240907309442338e-01 8.608838000000000000e+06
1.302191363383399469e+01 9.582743727741593887e-01 8.645610000000000000e+06
1.303763169598336091e+01 9.565557021828317019e-01 8.658386000000000000e+06
1.305333181807477239e+01 9.557324033251974882e-01 8.668598000000000000e+06
1.306903073371036683e+01 9.538402511271725226e-01 8.697426000000000000e+06
1.308473895878913140e+01 9.540794321668335520e-01 8.722562000000000000e+06
1.310044895130510945e+01 9.519718099025837876e-01 8.737962000000000000e+06
1.311616215419301668e+01 9.518338420720330317e-01 8.771366000000000000e+06
1.313186858979111094e+01 9.501748943394204838e-01 8.771010000000000000e+06
1.314758318782488900e+01 9.494154682884377028e-01 8.822618000000000000e+06
1.316329275779432884e+01 9.481795868763401858e-01 8.807726000000000000e+06
1.317898595262972350e+01 9.476602042055405350e-01 8.844618000000000000e+06
1.319469240226760220e+01 9.460050726587212466e-01 8.868722000000000000e+06
1.321040689247021405e+01 9.440773853908622781e-01 8.891394000000000000e+06
1.322611949941154208e+01 9.436404039796524312e-01 8.911934000000000000e+06
1.324182463394985909e+01 9.417457853248195621e-01 8.923938000000000000e+06
1.325752875752444560e+01 9.403834087473734726e-01 8.953682000000000000e+06
1.327324685934994797e+01 9.402005084410250957e-01 8.981966000000000000e+06
1.328896030804089534e+01 9.386399467345432068e-01 8.990442000000000000e+06
1.330465770248929935e+01 9.377944229681720589e-01 9.007874000000000000e+06
1.332036222917837698e+01 9.367352429731578001e-01 9.038982000000000000e+06
1.333608106842605068e+01 9.356382538812624272e-01 9.068570000000000000e+06
1.335180331535189246e+01 9.335677058969208408e-01 9.085250000000000000e+06
1.336750361723562541e+01 9.335680138782941340e-01 9.084690000000000000e+06
1.338320275923961589e+01 9.322730382814378158e-01 9.128654000000000000e+06
1.339890831652831338e+01 9.318600223142676775e-01 9.133170000000000000e+06
1.341462514739588485e+01 9.299409681073630418e-01 9.185882000000000000e+06
1.343033068227095939e+01 9.295766547560506687e-01 9.163254000000000000e+06
1.344603079414738112e+01 9.282731371466563797e-01 9.220130000000000000e+06
1.346175097817287813e+01 9.264354112328875290e-01 9.233138000000000000e+06
1.347746169624149459e+01 9.249128968456040711e-01 9.249378000000000000e+06
1.349316675243398933e+01 9.243664759398375619e-01 9.271550000000000000e+06
1.350886780744113125e+01 9.238470015827675574e-01 9.286266000000000000e+06
1.352457420959309786e+01 9.234545415922003064e-01 9.320762000000000000e+06
1.354027528269936731e+01 9.220288423001531397e-01 9.326718000000000000e+06
1.355597266711250448e+01 9.211516427957062714e-01 9.354602000000000000e+06
1.357167854077304803e+01 9.194567163555631417e-01 9.384122000000000000e+06
1.358738838662311110e+01 9.177778330940903340e-01 9.400482000000000000e+06
1.360310113866151482e+01 9.174282952446600747e-01 9.432638000000000000e+06
1.361881507393887070e+01 9.164720198820283104e-01 9.445314000000000000e+06
1.363453202384387275e+01 9.152203847302340378e-01 9.477290000000000000e+06
1.365024566205330991e+01 9.145633417084844119e-01 9.489182000000000000e+06
1.366595033684499860e+01 9.127021494090592491e-01 9.506706000000000000e+06
1.368165392332742947e+01 9.124481931886144759e-01 9.533978000000000000e+06
1.369736167268202998e+01 9.115146631731372295e-01 9.553662000000000000e+06
1.371307055606699343e+01 9.101629040161360873e-01 9.579506000000000000e+06
1.372878654632152795e+01 9.095271520231443807e-01 9.607866000000000000e+06
1.374449164540093271e+01 9.086990341946185046e-01 9.608354000000000000e+06
1.376018948147827103e+01 9.080537444438753214e-01 9.643862000000000000e+06
1.377590285876657106e+01 9.057201131100953706e-01 9.670578000000000000e+06
1.379161550194992891e+01 9.055576601303275686e-01 9.687890000000000000e+06
1.380731081996385612e+01 9.042728921664813235e-01 9.693294000000000000e+06
1.382300999567189415e+01 9.026531747937609484e-01 9.736034000000000000e+06
1.383872564254849102e+01 9.027584536280864880e-01 9.758946000000000000e+06
1.385444081006387584e+01 9.019698754289039444e-01 9.778994000000000000e+06
1.387015071998694360e+01 9.004759098212949953e-01 9.796814000000000000e+06
1.388585452423644107e+01 8.990779353362911008e-01 9.816882000000000000e+06
1.390156760444444295e+01 8.987232544413418234e-01 9.850514000000000000e+06
1.391727461050539816e+01 8.983112119221652314e-01 9.856062000000000000e+06
1.393297592547683017e+01 8.963946131299949105e-01 9.886706000000000000e+06
1.394868876145243419e+01 8.952663693348476004e-01 9.916194000000000000e+06
1.396439742877755918e+01 8.944514448272992135e-01 9.924854000000000000e+06
1.398010702101767677e+01 8.945141740843989275e-01 9.961490000000000000e+06
1.399582173626056658e+01 8.938935162276190338e-01 9.979098000000000000e+06
1.401152670862070160e+01 8.914582454561270630e-01 9.990266000000000000e+06
1.402722014478893797e+01 8.912387422074112830e-01 1.001239800000000000e+07
1.404291897715275006e+01 8.902398668847268937e-01 1.003881800000000000e+07
1.405862735443806244e+01 8.896598538415394497e-01 1.007208200000000000e+07
1.407433479531513143e+01 8.892471934517345300e-01 1.008267000000000000e+07
1.409004917104677368e+01 8.879497504056513835e-01 1.012322600000000000e+07
1.410576653922355916e+01 8.866317889370461947e-01 1.013483400000000000e+07
1.412147260933269344e+01 8.856023523733062008e-01 1.015145000000000000e+07
1.413717993358438640e+01 8.847669479084983024e-01 1.018411800000000000e+07
1.415289157905369954e+01 8.845429473686274857e-01 1.019981000000000000e+07
1.416860366393267157e+01 8.828657100523870094e-01 1.023038600000000000e+07
1.418430896436029265e+01 8.818693549165322887e-01 1.023833400000000000e+07
1.420001284291687682e+01 8.814392391288051742e-01 1.027159400000000000e+07
1.421572657614547808e+01 8.804678543830711801e-01 1.029841800000000000e+07
1.423143337578410517e+01 8.787957170858036182e-01 1.030681400000000000e+07
1.424713778177505397e+01 8.784217389950553789e-01 1.034130600000000000e+07
1.426285025225489456e+01 8.770900878349779939e-01 1.036284200000000000e+07
1.427856427368283398e+01 8.762421268835366428e-01 1.038883400000000000e+07
1.429426790244143852e+01 8.753240544344114138e-01 1.039563000000000000e+07
1.430996575509801971e+01 8.750577677782316321e-01 1.042536200000000000e+07
1.432567210679634506e+01 8.731981771283209293e-01 1.045427400000000000e+07
1.434138366999696146e+01 8.730377292334038364e-01 1.047829400000000000e+07
1.435709809438420237e+01 8.720189209144549869e-01 1.050181800000000000e+07
1.437280392282341523e+01 8.706318991974176802e-01 1.051481000000000000e+07
1.438851160269255303e+01 8.704777263703447066e-01 1.054884200000000000e+07
1.440422192675342039e+01 8.689987244547890954e-01 1.056646200000000000e+07
1.441992714275331444e+01 8.683117010695383664e-01 1.058681000000000000e+07
1.443563532454286502e+01 8.673412056236889933e-01 1.061495400000000000e+07
1.445133980253338457e+01 8.667599656628589555e-01 1.063105400000000000e+07
1.446704700330820970e+01 8.661534845656149173e-01 1.066236200000000000e+07
1.448275628028434348e+01 8.650719614832570459e-01 1.068335400000000000e+07
1.449846208348667354e+01 8.643550259091764554e-01 1.069929800000000000e+07
1.451417198299666467e+01 8.638191929028823379e-01 1.073878200000000000e+07
1.452988075651297706e+01 8.628882815122053129e-01 1.074420200000000000e+07
1.454558861043286200e+01 8.619057397080702732e-01 1.078218600000000000e+07
1.456129125218806841e+01 8.615214920473556193e-01 1.078496600000000000e+07
1.457699892464232683e+01 8.604725262411506703e-01 1.083393800000000000e+07
1.459271566640466311e+01 8.590249312831381712e-01 1.084813800000000000e+07
1.460843060267550619e+01 8.576483069435189011e-01 1.087376600000000000e+07
1.462413856613178353e+01 8.570616985258524556e-01 1.088697000000000000e+07
1.463984038393505038e+01 8.571107182058791407e-01 1.091244200000000000e+07
1.465554487563843367e+01 8.558600594073274559e-01 1.093669800000000000e+07
1.467125359738870749e+01 8.556061010335267447e-01 1.096614200000000000e+07
1.468695215062295389e+01 8.544499982039879260e-01 1.096874600000000000e+07
1.470265208970906734e+01 8.534846742533229724e-01 1.101460200000000000e+07
1.471836994524712061e+01 8.531960357062454703e-01 1.104277400000000000e+07
1.473408908505314230e+01 8.522776440101924589e-01 1.106147400000000000e+07
1.474979494899728394e+01 8.506192396443424952e-01 1.107245000000000000e+07
1.476549319820674455e+01 8.506102863478719467e-01 1.109692200000000000e+07
1.478120959716355998e+01 8.495853326857175647e-01 1.114652600000000000e+07
1.479692708607952589e+01 8.488523096374696042e-01 1.114560200000000000e+07
1.481262773648680664e+01 8.472819216861223746e-01 1.116844200000000000e+07
1.482831807978547367e+01 8.470007296250113837e-01 1.118108600000000000e+07
1.484403479212634736e+01 8.466074210448000237e-01 1.125011400000000000e+07
1.485975910022496826e+01 8.455152442078023300e-01 1.124210600000000000e+07
1.487546116254211981e+01 8.451926359595527405e-01 1.126544600000000000e+07
1.489116101759013233e+01 8.438354028048404842e-01 1.128549000000000000e+07
1.490687605691364404e+01 8.431667931377792025e-01 1.133592200000000000e+07
1.492259047301397423e+01 8.428200735560845702e-01 1.133013000000000000e+07
1.493828361520856873e+01 8.416395841606301165e-01 1.135727000000000000e+07
1.495398746968900205e+01 8.409588713697959683e-01 1.138909800000000000e+07
1.496970470176504620e+01 8.407770191802631521e-01 1.142664200000000000e+07
1.498541811108218447e+01 8.400581103312485531e-01 1.143135800000000000e+07
1.500112369815582269e+01 8.385723351460588892e-01 1.146229800000000000e+07
1.501682771044461795e+01 8.381383130987676289e-01 1.147920200000000000e+07
1.503253401606537842e+01 8.370209038496592147e-01 1.150974600000000000e+07
1.504823456875438481e+01 8.365728657886245534e-01 1.152306200000000000e+07
1.506393551489705551e+01 8.360088644979625228e-01 1.155621000000000000e+07
1.507964770104679175e+01 8.353522981232247568e-01 1.158828200000000000e+07
1.509535661435938536e+01 8.348228902847552035e-01 1.159964600000000000e+07
1.511107216380126061e+01 8.336644547822575912e-01 1.164527400000000000e+07
1.512678669010588095e+01 8.333719049099613807e-01 1.164933800000000000e+07
1.514248358802091232e+01 8.322078669321357758e-01 1.166538600000000000e+07
1.515819551110980434e+01 8.317804514711903963e-01 1.171928600000000000e+07
1.517391026295977774e+01 8.316080437938293546e-01 1.172073800000000000e+07
1.518961803510608810e+01 8.307775859173663902e-01 1.175507400000000000e+07
1.520532275548752743e+01 8.293497346769815870e-01 1.176716600000000000e+07
1.522103567250607448e+01 8.288683832675348695e-01 1.181334600000000000e+07
1.523675395281714806e+01 8.285588286280859416e-01 1.182545000000000000e+07
1.525244943101724004e+01 8.277178929349975345e-01 1.182881400000000000e+07
1.526815365307287742e+01 8.268772606281603599e-01 1.188441800000000000e+07
1.528387066072771638e+01 8.263033325496046411e-01 1.190037800000000000e+07
1.529957321464638476e+01 8.255230390455090550e-01 1.190800200000000000e+07
1.531526583627620397e+01 8.245764806110507106e-01 1.193747000000000000e+07
1.533097536464771871e+01 8.246356461118808934e-01 1.198134600000000000e+07
1.534669338573561426e+01 8.231675472743557043e-01 1.199815400000000000e+07
1.536240004252223734e+01 8.231224426376009262e-01 1.201579800000000000e+07
1.537810801182491893e+01 8.221550902471455036e-01 1.204658600000000000e+07
1.539381960142510408e+01 8.218090177389207884e-01 1.207322600000000000e+07
1.540952845721061593e+01 8.213656294744887676e-01 1.208937000000000000e+07
1.542523709037442003e+01 8.196346945337142920e-01 1.212366200000000000e+07
1.544094016867252428e+01 8.192897396969812673e-01 1.212901800000000000e+07
1.545664017249611355e+01 8.192127867747230896e-01 1.216869800000000000e+07
1.547234727593419557e+01 8.181550922109379620e-01 1.219107000000000000e+07
1.548806833453869558e+01 8.171484045895782700e-01 1.223729000000000000e+07
1.550378623459487315e+01 8.166788887278166875e-01 1.223743400000000000e+07
1.551949330626827894e+01 8.162491656091602765e-01 1.226943000000000000e+07
1.553520078467428966e+01 8.155521579282560829e-01 1.228831400000000000e+07
1.555090402017178697e+01 8.149400853702456482e-01 1.231201800000000000e+07
1.556660515225103758e+01 8.136143287899806342e-01 1.233377000000000000e+07
1.558230564648683369e+01 8.136497227860619574e-01 1.236265400000000000e+07
1.559802032509431058e+01 8.129845012793743830e-01 1.240528200000000000e+07
1.561373656517381825e+01 8.123347844459074540e-01 1.241484200000000000e+07
1.562943874868456007e+01 8.121474481629059605e-01 1.243327800000000000e+07
1.564514468723513119e+01 8.114208318223060656e-01 1.246944200000000000e+07
1.566085762263859849e+01 8.109279060288037133e-01 1.249710600000000000e+07
1.567656801168175562e+01 8.100474751447965804e-01 1.251307400000000000e+07
1.569226784315055134e+01 8.094099363368785216e-01 1.253190200000000000e+07
1.570797061764651303e+01 8.092800665834374296e-01 1.256769000000000000e+07
1.572368763200833186e+01 8.080218113645765143e-01 1.260333800000000000e+07
1.573939902922757739e+01 8.071766563390023741e-01 1.261272600000000000e+07
1.575510155432147918e+01 8.071299415693257151e-01 1.263480200000000000e+07
1.577080131559525533e+01 8.066948438448896530e-01 1.266273000000000000e+07
1.578651124257762106e+01 8.057353103995043009e-01 1.269908600000000000e+07
1.580221945868158429e+01 8.051849119909143537e-01 1.271107400000000000e+07
1.581792010585497543e+01 8.046959054714861725e-01 1.273909800000000000e+07
1.583362809238100866e+01 8.038961618670753539e-01 1.276949000000000000e+07
1.584933934958661794e+01 8.035654937160178202e-01 1.279968600000000000e+07
1.586505742005159547e+01 8.028414734360483918e-01 1.282862600000000000e+07
1.588076352344777042e+01 8.026102499580372029e-01 1.283279400000000000e+07
1.589646872608305905e+01 8.020273002161705245e-01 1.287594200000000000e+07
1.591218765353894682e+01 8.012523947581005057e-01 1.290631400000000000e+07
1.592789674253093146e+01 8.006547913045350962e-01 1.291312200000000000e+07
1.594359563934946422e+01 8.001726938430803182e-01 1.293734600000000000e+07
1.595929854003116333e+01 7.993735476985400767e-01 1.297337400000000000e+07
1.597501474699522639e+01 7.987460957229187697e-01 1.300817000000000000e+07
1.599073061961361475e+01 7.981899782048103020e-01 1.302581000000000000e+07
1.600643059467362406e+01 7.979550530590573398e-01 1.303359000000000000e+07
1.602213644221637878e+01 7.973864117010343033e-01 1.308369800000000000e+07
1.603784671360493164e+01 7.969652010514783891e-01 1.309470600000000000e+07
1.605354767035452213e+01 7.963736875716613817e-01 1.311900200000000000e+07
1.606924881116611203e+01 7.958295242820080384e-01 1.314631800000000000e+07
