# k_mean_over_bin [h Mpc^-1] P_bin [h^-3 Mpc^3] N_modes
2.004559772710005558e-02 1.050472222222222081e+04 1.800000000000000000e+01
3.504137442477287673e-02 2.518104435483870839e+04 6.200000000000000000e+01
4.923125820196404961e-02 1.247567474489795859e+04 9.800000000000000000e+01
6.378344006481624640e-02 1.100223690476190495e+04 2.100000000000000000e+02
8.007265176091875325e-02 8.276077857142856374e+03 3.500000000000000000e+02
9.616302738587061139e-02 6.250534444444444489e+03 4.500000000000000000e+02
1.110826890383447979e-01 5.139825996677741387e+03 6.020000000000000000e+02
1.260576397180557251e-01 4.382326443569553703e+03 7.620000000000000000e+02
1.422731428555557009e-01 3.520443301225919640e+03 1.142000000000000000e+03
1.585460595607757484e-01 3.197189600000000155e+03 1.250000000000000000e+03
1.737497011902237598e-01 2.882019890260630746e+03 1.458000000000000000e+03
1.889532144205047226e-01 2.446869900771775065e+03 1.814000000000000000e+03
2.049067109494826788e-01 2.308845730027548143e+03 2.178000000000000000e+03
2.207556613284745450e-01 2.071992193755003882e+03 2.498000000000000000e+03
2.358802738624342921e-01 1.882709191456903227e+03 2.622000000000000000e+03
2.513999951464319649e-01 1.770979179149191168e+03 3.338000000000000000e+03
2.675345382307371400e-01 1.595251477700161331e+03 3.722000000000000000e+03
2.835681791499936044e-01 1.509898681055155976e+03 4.170000000000000000e+03
2.990221799979137507e-01 1.420186897659476926e+03 4.358000000000000000e+03
3.144508804126917023e-01 1.322943285657528804e+03 5.034000000000000000e+03
3.303723395141972552e-01 1.248048389919496003e+03 5.714000000000000000e+03
3.461405835555014798e-01 1.179862922099632215e+03 5.982000000000000000e+03
3.616240832326051979e-01 1.121454332020599850e+03 6.602000000000000000e+03
3.771335216675366642e-01 1.078633520336605898e+03 7.130000000000000000e+03
3.929320011962133541e-01 1.019441311924321667e+03 8.034000000000000000e+03
4.088541926781908975e-01 9.728223913548687278e+02 8.606000000000000000e+03
4.245637628236880179e-01 9.435690491947937062e+02 9.066000000000000000e+03
4.402531073637167558e-01 9.131271832965268231e+02 9.962000000000000000e+03
4.559993315308014661e-01 8.475709004739336478e+02 1.055000000000000000e+04
4.716264483403250773e-01 8.415822198467842554e+02 1.122600000000000000e+04
4.872700578197112775e-01 7.869326527251770358e+02 1.214600000000000000e+04
5.028559864371159316e-01 7.786128827542440831e+02 1.260600000000000000e+04
5.184881697096974662e-01 7.519108824807999554e+02 1.380200000000000000e+04
5.343469721895739433e-01 7.255637115358546225e+02 1.475400000000000000e+04
5.500823565575736485e-01 6.859175990522574011e+02 1.519400000000000000e+04
5.657322269403529669e-01 6.666482922085815517e+02 1.645400000000000000e+04
5.814958906429442687e-01 6.711347790602774239e+02 1.715400000000000000e+04
5.972223875100493018e-01 6.365412241322676437e+02 1.826600000000000000e+04
6.128042965698242694e-01 6.338990933333333260e+02 1.875000000000000000e+04
6.284339241893368566e-01 6.180982010477414406e+02 2.023400000000000000e+04
6.442671741027654608e-01 5.978971561771561483e+02 2.145000000000000000e+04
6.600506477327297006e-01 5.948529733175485035e+02 2.196200000000000000e+04
6.757240646605540135e-01 5.774288210723723296e+02 2.346200000000000000e+04
6.914033637984144942e-01 5.637130854338241761e+02 2.404200000000000000e+04
7.071742118944099875e-01 5.461445309488938165e+02 2.594600000000000000e+04
7.228711511166978632e-01 5.284388927176660218e+02 2.611800000000000000e+04
7.383803448867409802e-01 5.149884752417653999e+02 2.750600000000000000e+04
7.540183656477988938e-01 5.110547374939792462e+02 2.906600000000000000e+04
7.698451130026079392e-01 4.927898193760262870e+02 3.045000000000000000e+04
7.856895634322977884e-01 4.828149454980782593e+02 3.174200000000000000e+04
8.013652298136274554e-01 4.746106356589147595e+02 3.225000000000000000e+04
8.170314793099452411e-01 4.700851678832116818e+02 3.425000000000000000e+04
8.328089595358807440e-01 4.629936819540813531e+02 3.545400000000000000e+04
8.485110835048260691e-01 4.503973211835099164e+02 3.643400000000000000e+04
8.640973204722621759e-01 4.397453426038957787e+02 3.768200000000000000e+04
8.797014300262691044e-01 4.288267419962335225e+02 3.929400000000000000e+04
8.955074489672053550e-01 4.257705305846570241e+02 4.142600000000000000e+04
9.112788985619241222e-01 4.171171492416678461e+02 4.206600000000000000e+04
9.269095651252046153e-01 4.111320303518050423e+02 4.349000000000000000e+04
9.426346125839982770e-01 3.982677344536344322e+02 4.570200000000000000e+04
9.583964670696782928e-01 3.930497062229275116e+02 4.663400000000000000e+04
9.741277885224883804e-01 3.904645961197841757e+02 4.855400000000000000e+04
9.896918448392955092e-01 3.839937384898710775e+02 4.887000000000000000e+04
1.005280879626296420e+00 3.727461302711719213e+02 5.155400000000000000e+04
1.021133664452582135e+00 3.720130892956184425e+02 5.409000000000000000e+04
1.036923334995100809e+00 3.641329307360900884e+02 5.431400000000000000e+04
1.052635308833600680e+00 3.576607626076260544e+02 5.691000000000000000e+04
1.068321370297892425e+00 3.460452315507463368e+02 5.748200000000000000e+04
1.084052701550582753e+00 3.440734008511199704e+02 6.062600000000000000e+04
1.099794715754920382e+00 3.419580760056203985e+02 6.120600000000000000e+04
1.115370388947033220e+00 3.346670928560012612e+02 6.257000000000000000e+04
1.131046383902849950e+00 3.263962878442112014e+02 6.573000000000000000e+04
1.146787968622316356e+00 3.204863389617011080e+02 6.668600000000000000e+04
1.162563353468210270e+00 3.191991161869781308e+02 6.969800000000000000e+04
1.178284495947235833e+00 3.137981035615342762e+02 7.002600000000000000e+04
1.193950312022173277e+00 3.113316745937921155e+02 7.274600000000000000e+04
1.209702279395532543e+00 3.075141636630623339e+02 7.491000000000000000e+04
1.225374778796072261e+00 2.993981933916167009e+02 7.572200000000000000e+04
1.240998268267369031e+00 2.966892750516726665e+02 7.837800000000000000e+04
1.256664763601604173e+00 2.895542921404473304e+02 8.003000000000000000e+04
1.272410839108921055e+00 2.836323660231288954e+02 8.318600000000000000e+04
1.288186821427190987e+00 2.783712706399263084e+02 8.466600000000000000e+04
1.303915415643678744e+00 2.761723245441730228e+02 8.654600000000000000e+04
1.319571589153230251e+00 2.732667528989946959e+02 8.813400000000000000e+04
1.335290070384270056e+00 2.694525333741178201e+02 9.153800000000000000e+04
1.351076062681103140e+00 2.659523932229594720e+02 9.313800000000000000e+04
1.366744220099084473e+00 2.620728211858845498e+02 9.447800000000000000e+04
1.382398842931918725e+00 2.557926886937927975e+02 9.727400000000000000e+04
1.398110035554206876e+00 2.547585314474872291e+02 9.969000000000000000e+04
1.413886464447384306e+00 2.510174091042011923e+02 1.025900000000000000e+05
1.429636290478455862e+00 2.450172689602004539e+02 1.037700000000000000e+05
1.445306609637929229e+00 2.448937430650894100e+02 1.063460000000000000e+05
1.461013715221450848e+00 2.411362740220735645e+02 1.085460000000000000e+05
1.476673179078200837e+00 2.365234362299730719e+02 1.107260000000000000e+05
1.492290038154521659e+00 2.342372820996777421e+02 1.123220000000000000e+05
1.507927148623363189e+00 2.329415652774182490e+02 1.158900000000000000e+05
1.523672044743926701e+00 2.282219827223279083e+02 1.187660000000000000e+05
1.539529615911521709e+00 2.251640092233724033e+02 1.222980000000000000e+05
1.555255688786340684e+00 2.214002784830862538e+02 1.220900000000000000e+05
1.570915144657768492e+00 2.173109768698831488e+02 1.258100000000000000e+05
1.586615423455384422e+00 2.163727903892659299e+02 1.281900000000000000e+05
1.602349133342779730e+00 2.139412950211460043e+02 1.309940000000000000e+05
1.618092974080486135e+00 2.091363724742375894e+02 1.337220000000000000e+05
1.633691874209366679e+00 2.076774569409796527e+02 1.338860000000000000e+05
1.649409270104698511e+00 2.040856138553273809e+02 1.405380000000000000e+05
1.665187916060468121e+00 2.032128824843165376e+02 1.405940000000000000e+05
1.680850499408222509e+00 2.005600373274649257e+02 1.435940000000000000e+05
1.696519861906699678e+00 1.969463878067117548e+02 1.463100000000000000e+05
1.712283893956166425e+00 1.947491536674410781e+02 1.506500000000000000e+05
1.728062756067172412e+00 1.915321036902458047e+02 1.519140000000000000e+05
1.743677627348828585e+00 1.890411217877677643e+02 1.533980000000000000e+05
1.759326903275710174e+00 1.871395614001748413e+02 1.578660000000000000e+05
1.775054497456971747e+00 1.837199641474436476e+02 1.606580000000000000e+05
1.790812710658242546e+00 1.834586415765804190e+02 1.641020000000000000e+05
1.806502375897273804e+00 1.812275234250942617e+02 1.649940000000000000e+05
1.822179186865621636e+00 1.780270944951427623e+02 1.698500000000000000e+05
1.837969883527481585e+00 1.766994092007445545e+02 1.729860000000000000e+05
1.853671301775014824e+00 1.747018643541467782e+02 1.738940000000000000e+05
1.869276135303816311e+00 1.710683229813664639e+02 1.767780000000000000e+05
1.884971321406135658e+00 1.692142440677220350e+02 1.818020000000000000e+05
1.900728707982397125e+00 1.676578756167651818e+02 1.844300000000000000e+05
1.916473119999263952e+00 1.661047948644000769e+02 1.872420000000000000e+05
1.932184555202840048e+00 1.640543285151117061e+02 1.902500000000000000e+05
1.947873548384971176e+00 1.623852417302798870e+02 1.925700000000000000e+05
1.963628993658796507e+00 1.609338222684031621e+02 1.982540000000000000e+05
1.979352447076785815e+00 1.596344598483395032e+02 1.980740000000000000e+05
1.994985104292756439e+00 1.577723335807968397e+02 2.020500000000000000e+05
2.010642935442618739e+00 1.554473046491031596e+02 2.055020000000000000e+05
2.026404838719640278e+00 1.530436520368735387e+02 2.106660000000000000e+05
2.042160439755924539e+00 1.526374078502631448e+02 2.124260000000000000e+05
2.057814152054247447e+00 1.494225637861236464e+02 2.139180000000000000e+05
2.073527659517757193e+00 1.484724472157614912e+02 2.209940000000000000e+05
2.089278401895053872e+00 1.470625581206381298e+02 2.215220000000000000e+05
2.104986979127729807e+00 1.448964447625864977e+02 2.263140000000000000e+05
2.120648321356923383e+00 1.429273012046072324e+02 2.272940000000000000e+05
2.136325257483229656e+00 1.415028116173453157e+02 2.329620000000000000e+05
2.152108829701105730e+00 1.395427427696810412e+02 2.378180000000000000e+05
2.167848322413291839e+00 1.377267426740157248e+02 2.383980000000000000e+05
2.183487000865677263e+00 1.369879379333769691e+02 2.414180000000000000e+05
2.199161537811643807e+00 1.354862206160004519e+02 2.468180000000000000e+05
2.214891256735060487e+00 1.336809360319480220e+02 2.499060000000000000e+05
2.230633713071271895e+00 1.323058319133732539e+02 2.547020000000000000e+05
2.246304443991349320e+00 1.308234480264760862e+02 2.544180000000000000e+05
2.261936208784359970e+00 1.295023083954922924e+02 2.603540000000000000e+05
2.277652670266802293e+00 1.277840240929298687e+02 2.649740000000000000e+05
2.293412982496121355e+00 1.258268247482528466e+02 2.687220000000000000e+05
2.309141221738169047e+00 1.245833511316016313e+02 2.715620000000000000e+05
2.324861988404599789e+00 1.234237878556965882e+02 2.755860000000000000e+05
2.340611247586814159e+00 1.220022556122631130e+02 2.801900000000000000e+05
2.356347504876110666e+00 1.212140831724615850e+02 2.828340000000000000e+05
2.372029085968939910e+00 1.189261984079671777e+02 2.851700000000000000e+05
2.387678571697246621e+00 1.183156689181264341e+02 2.898860000000000000e+05
2.403388139521258626e+00 1.171005929216161690e+02 2.944740000000000000e+05
2.419137128499648348e+00 1.156681113062524560e+02 2.994980000000000000e+05
2.434829956177893884e+00 1.145615719534068120e+02 2.999580000000000000e+05
2.450497304476752181e+00 1.133360055973687111e+02 3.058580000000000000e+05
2.466221630284449073e+00 1.123856316402504518e+02 3.107940000000000000e+05
2.481948461430914410e+00 1.111764074587488267e+02 3.130820000000000000e+05
2.497590267743403203e+00 1.100089733772931737e+02 3.160460000000000000e+05
2.513275415567109317e+00 1.083708421006895861e+02 3.222180000000000000e+05
2.529064511226168488e+00 1.073147959897979717e+02 3.285620000000000000e+05
2.544794397904540872e+00 1.066858745693466375e+02 3.279900000000000000e+05
2.560494206000486273e+00 1.057104884843206634e+02 3.352820000000000000e+05
2.576181416838396743e+00 1.044087507813197533e+02 3.359700000000000000e+05
2.591894431456594372e+00 1.040598954851685534e+02 3.440660000000000000e+05
2.607583386084574517e+00 1.024007354866489266e+02 3.437180000000000000e+05
2.623254195933073518e+00 1.013247529146680819e+02 3.514980000000000000e+05
2.638982638468245323e+00 1.004815126192665957e+02 3.544580000000000000e+05
2.654678623100330981e+00 9.972329780291494217e+01 3.585660000000000000e+05
2.670444987332728282e+00 9.856700225607856680e+01 3.661220000000000000e+05
2.686175436888973866e+00 9.762927202646181968e+01 3.658100000000000000e+05
2.701842624139498383e+00 9.649241433499632592e+01 3.716220000000000000e+05
2.717551210176916143e+00 9.564221008229029053e+01 3.759860000000000000e+05
2.733286152591690943e+00 9.527221916947954128e+01 3.821700000000000000e+05
2.748969669686326611e+00 9.387566851222310049e+01 3.818180000000000000e+05
2.764618652904751617e+00 9.336643615847053468e+01 3.895740000000000000e+05
2.780335698310803405e+00 9.215613998547109986e+01 3.936980000000000000e+05
2.796070939832780322e+00 9.121517656424455822e+01 3.994580000000000000e+05
2.811789110373833278e+00 9.028772170592360169e+01 4.022220000000000000e+05
2.827490318755497611e+00 8.934901529039963464e+01 4.069220000000000000e+05
2.843211165013692643e+00 8.846834382160730570e+01 4.128420000000000000e+05
2.858928238366322816e+00 8.757097937623090900e+01 4.153460000000000000e+05
2.874619182965964193e+00 8.697314700058406345e+01 4.211820000000000000e+05
2.890326122379585971e+00 8.613773534297371270e+01 4.250180000000000000e+05
2.906048410595298837e+00 8.515162198646372360e+01 4.311380000000000000e+05
2.921763637537025282e+00 8.438065113195297329e+01 4.343820000000000000e+05
2.937471882413853042e+00 8.335641640539323305e+01 4.395140000000000000e+05
2.953184966193053373e+00 8.297678183559759191e+01 4.447380000000000000e+05
2.968906669185866321e+00 8.218746742108662318e+01 4.489100000000000000e+05
2.984558054153132023e+00 8.166209960543076818e+01 4.506180000000000000e+05
3.000234266597839206e+00 8.087158418814763650e+01 4.595540000000000000e+05
3.015961738166995865e+00 7.969663100888350016e+01 4.631060000000000000e+05
3.031644318942089189e+00 7.930094584815903147e+01 4.670940000000000000e+05
3.047375183469438475e+00 7.867911179985597414e+01 4.749380000000000000e+05
3.063101994982958765e+00 7.771968163357684034e+01 4.771860000000000000e+05
3.078830638657798602e+00 7.703680442362845326e+01 4.846700000000000000e+05
3.094557820700788220e+00 7.628796944621261389e+01 4.870100000000000000e+05
3.110261604918990841e+00 7.594975208487900886e+01 4.933140000000000000e+05
3.125964826756857384e+00 7.499332288312828609e+01 4.963220000000000000e+05
3.141631907395710410e+00 7.445108849476382318e+01 5.017020000000000000e+05
3.157337759020614865e+00 7.368532450320708449e+01 5.085620000000000000e+05
3.173083732250922218e+00 7.313400305692651671e+01 5.142420000000000000e+05
3.188786566155163538e+00 7.227756617159862174e+01 5.161580000000000000e+05
3.204467208631248454e+00 7.177383936532963560e+01 5.226020000000000000e+05
3.220198682476764773e+00 7.116026518021023151e+01 5.306580000000000000e+05
3.235902901074469540e+00 7.071435848479931963e+01 5.300420000000000000e+05
3.251569839460216826e+00 7.010085399663745420e+01 5.388780000000000000e+05
3.267286640001119125e+00 6.951598331281127230e+01 5.441300000000000000e+05
3.283035953778620897e+00 6.889824462081705292e+01 5.511060000000000000e+05
3.298765470797303756e+00 6.827712091728612620e+01 5.539820000000000000e+05
3.314460854810658219e+00 6.759916308697661691e+01 5.582420000000000000e+05
3.330143183999465961e+00 6.724142939636450933e+01 5.645460000000000000e+05
3.345851390644388967e+00 6.650193691782911287e+01 5.704940000000000000e+05
3.361584614506297086e+00 6.574119654207454744e+01 5.767620000000000000e+05
3.377268741275611497e+00 6.555992902527350452e+01 5.782340000000000000e+05
3.392938742749323389e+00 6.479930199123732848e+01 5.856660000000000000e+05
3.408667877553761993e+00 6.411912940788566573e+01 5.944460000000000000e+05
3.424389245726590758e+00 6.367359596808063316e+01 5.952500000000000000e+05
3.440080490503192756e+00 6.312087132624684926e+01 6.034020000000000000e+05
3.455784632582446392e+00 6.276997342693724846e+01 6.073820000000000000e+05
3.471525169349745088e+00 6.206877036028589600e+01 6.170100000000000000e+05
3.487238775590668638e+00 6.167369134437350198e+01 6.167780000000000000e+05
3.502915637500682244e+00 6.113445144106565010e+01 6.247460000000000000e+05
3.518586117849470174e+00 6.064082208444389011e+01 6.280620000000000000e+05
3.534307361823285198e+00 6.020120423515427888e+01 6.394100000000000000e+05
3.550068718511843802e+00 5.954329547681482637e+01 6.429540000000000000e+05
3.565767899937936303e+00 5.935559635527126687e+01 6.459740000000000000e+05
3.581461234185308484e+00 5.889746438354067948e+01 6.534900000000000000e+05
3.597192479322759873e+00 5.830452246400281524e+01 6.607460000000000000e+05
3.612919168611930854e+00 5.806683858775949858e+01 6.646460000000000000e+05
3.628586482304986038e+00 5.749885057471264105e+01 6.672900000000000000e+05
3.644285394494611641e+00 5.694650341514563507e+01 6.790340000000000000e+05
3.660034289703634869e+00 5.683517449269248090e+01 6.827220000000000000e+05
3.675778468055097559e+00 5.627229984462660184e+01 6.912380000000000000e+05
3.691462948962963786e+00 5.575591706094376576e+01 6.886020000000000000e+05
3.707119074879760223e+00 5.533034447922879906e+01 7.008260000000000000e+05
3.722835664250375487e+00 5.499701556835992733e+01 7.056620000000000000e+05
3.738525251797470528e+00 5.457815857886835431e+01 7.100820000000000000e+05
3.754222032949778853e+00 5.399627900250569468e+01 7.191620000000000000e+05
3.769933086185316640e+00 5.377091588785046383e+01 7.222500000000000000e+05
3.785638995718866973e+00 5.337255266503534301e+01 7.315100000000000000e+05
3.801371660419305520e+00 5.277837494330850632e+01 7.364420000000000000e+05
3.817071936206203997e+00 5.262706067501869711e+01 7.408980000000000000e+05
3.832786102847733023e+00 5.218398257433766929e+01 7.501580000000000000e+05
3.848527046055627121e+00 5.176952200787954439e+01 7.548660000000000000e+05
3.864237159299509283e+00 5.133194186318553420e+01 7.608260000000000000e+05
3.879924927323326056e+00 5.096343879984399194e+01 7.640340000000000000e+05
3.895614328144405114e+00 5.059304306024712616e+01 7.738460000000000000e+05
3.911337128038584687e+00 5.020663474043045937e+01 7.797140000000000000e+05
3.927042484287095014e+00 4.993018612443485438e+01 7.843140000000000000e+05
3.942732759911325768e+00 4.945763020287056833e+01 7.913420000000000000e+05
3.958453369699379998e+00 4.913347793129845797e+01 7.994580000000000000e+05
3.974178216354418591e+00 4.879811469361285958e+01 8.049620000000000000e+05
3.989882109912799013e+00 4.835307516521523752e+01 8.095500000000000000e+05
4.005543243773400874e+00 4.809665403745491830e+01 8.134580000000000000e+05
4.021251057898795445e+00 4.771371594460733689e+01 8.274020000000000000e+05
4.036984636136614846e+00 4.747655493846380637e+01 8.286180000000000000e+05
4.052682677778184583e+00 4.714512532888527119e+01 8.369180000000000000e+05
4.068393456235992467e+00 4.677966101694914869e+01 8.428740000000000000e+05
4.084099822251435974e+00 4.639586124723019367e+01 8.493380000000000000e+05
4.099829813320492455e+00 4.594720947398077726e+01 8.589420000000000000e+05
4.115554009414900349e+00 4.580875701818164458e+01 8.609780000000000000e+05
4.131235359039446386e+00 4.553490428930403766e+01 8.683460000000000000e+05
4.146931044915801223e+00 4.514388553328900144e+01 8.751540000000000000e+05
4.162664159049392687e+00 4.489268731931564815e+01 8.862140000000000000e+05
4.178388788086889960e+00 4.450945178092874244e+01 8.873460000000000000e+05
4.194077965975033351e+00 4.418867334237630473e+01 8.949860000000000000e+05
4.209774792532540388e+00 4.394706094770119620e+01 9.027740000000000000e+05
4.225510803750013977e+00 4.361737238985477916e+01 9.121140000000000000e+05
4.241231113843379141e+00 4.320288166675045716e+01 9.150260000000000000e+05
4.256908196003403866e+00 4.300116721114784468e+01 9.201420000000000000e+05
4.272591924000948893e+00 4.271867854354125171e+01 9.297620000000000000e+05
4.288308084378355645e+00 4.256774782499269350e+01 9.376980000000000000e+05
4.304040323784237287e+00 4.231549956496980514e+01 9.447620000000000000e+05
4.319738418983270378e+00 4.194749929871110083e+01 9.482540000000000000e+05
4.335428335028543856e+00 4.176461169604578316e+01 9.568020000000000000e+05
4.351157550879730884e+00 4.130363000150880026e+01 9.676580000000000000e+05
4.366881330891844826e+00 4.116403183658484721e+01 9.697020000000000000e+05
4.382546060772999574e+00 4.069226457514192674e+01 9.740900000000000000e+05
4.398246218400761798e+00 4.052933285583349488e+01 9.884820000000000000e+05
4.413979276240257654e+00 4.016953731574989206e+01 9.919940000000000000e+05
4.429695644229851403e+00 3.992584438028829652e+01 1.001030000000000000e+06
4.445410080183695989e+00 3.972451738027749002e+01 1.005450000000000000e+06
4.461113024304604657e+00 3.947056931869970242e+01 1.013738000000000000e+06
4.476828248264367538e+00 3.919653130536062235e+01 1.021710000000000000e+06
4.492511743566732996e+00 3.892169210238895971e+01 1.023626000000000000e+06
4.508191947536588806e+00 3.870310879928636894e+01 1.035834000000000000e+06
4.523895481465870283e+00 3.843078212043590014e+01 1.040786000000000000e+06
4.539619934096997156e+00 3.823027973634787458e+01 1.053206000000000000e+06
4.555352618284365995e+00 3.807185606082107654e+01 1.057002000000000000e+06
4.571063001207543941e+00 3.778421615606007578e+01 1.063898000000000000e+06
4.586777862326684385e+00 3.758504896614596191e+01 1.072782000000000000e+06
4.602497075350756361e+00 3.722021530812197909e+01 1.078826000000000000e+06
4.618214180504660149e+00 3.702248874459750283e+01 1.087922000000000000e+06
4.633911241501361467e+00 3.679806032862170895e+01 1.090494000000000000e+06
4.649602871383847535e+00 3.655986678312852689e+01 1.101362000000000000e+06
4.665319460688174047e+00 3.636399285638339052e+01 1.109802000000000000e+06
4.681029772111457099e+00 3.605650175771681631e+01 1.114514000000000000e+06
4.696725943447952467e+00 3.591483780960668071e+01 1.123926000000000000e+06
4.712406639130506392e+00 3.568239747208224344e+01 1.125986000000000000e+06
4.728114319510818397e+00 3.550141401280568942e+01 1.143554000000000000e+06
4.743843011674210075e+00 3.527576766167850053e+01 1.144710000000000000e+06
4.759548004017718270e+00 3.502220242665192274e+01 1.154018000000000000e+06
4.775245153331388437e+00 3.478275667651181635e+01 1.159962000000000000e+06
4.790962201099520534e+00 3.459095155706387459e+01 1.170986000000000000e+06
4.806687457227775795e+00 3.441396028662079942e+01 1.178142000000000000e+06
4.822395257046031780e+00 3.417826721480306418e+01 1.182674000000000000e+06
4.838087143849061356e+00 3.402364731545371512e+01 1.191002000000000000e+06
4.853789225034707222e+00 3.370258855517735697e+01 1.200438000000000000e+06
4.869505077076887289e+00 3.360413255838206936e+01 1.208162000000000000e+06
4.885214479826415435e+00 3.339618089327533568e+01 1.215258000000000000e+06
4.900926872777207954e+00 3.319866942671308863e+01 1.224134000000000000e+06
4.916625834276870499e+00 3.298736736218607746e+01 1.228722000000000000e+06
4.932342625999591945e+00 3.277482918447754656e+01 1.243154000000000000e+06
4.948070313168653200e+00 3.264357324434694618e+01 1.245434000000000000e+06
4.963768791695496674e+00 3.241119285380804627e+01 1.255158000000000000e+06
4.979434313641077026e+00 3.213618241332898151e+01 1.255610000000000000e+06
4.995141420885109262e+00 3.195972641640875622e+01 1.277562000000000000e+06
5.010861277833007499e+00 3.183274195041799715e+01 1.274414000000000000e+06
5.026541148359606304e+00 3.157131059709454490e+01 1.285994000000000000e+06
5.042268620369379839e+00 3.137693236993774804e+01 1.299570000000000000e+06
5.058004053481842455e+00 3.135461039748963330e+01 1.302122000000000000e+06
5.073708460591943137e+00 3.106773242557760639e+01 1.311366000000000000e+06
5.089416057291027862e+00 3.096276036889415195e+01 1.319186000000000000e+06
5.105125712135527571e+00 3.071860145212492910e+01 1.327434000000000000e+06
5.120844156875770103e+00 3.055819288802611666e+01 1.337294000000000000e+06
5.136559512122237159e+00 3.033804562346860578e+01 1.342730000000000000e+06
5.152249183032828306e+00 3.018463315489015741e+01 1.350570000000000000e+06
5.167964432416064291e+00 3.002342010436007769e+01 1.362590000000000000e+06
5.183694924160209716e+00 2.983251782509720940e+01 1.369698000000000000e+06
5.199396868456950926e+00 2.969806402436807247e+01 1.374914000000000000e+06
5.215085298788597612e+00 2.942219909364904140e+01 1.383570000000000000e+06
5.230792912992411559e+00 2.932683567273003433e+01 1.395374000000000000e+06
5.246488594245054315e+00 2.914076366827631048e+01 1.396994000000000000e+06
5.262173859327344161e+00 2.902869935460103790e+01 1.411530000000000000e+06
5.277882164810089982e+00 2.880900750154842171e+01 1.417574000000000000e+06
5.293593858628555360e+00 2.870169662815974476e+01 1.428834000000000000e+06
5.309329156889964985e+00 2.854265895214653526e+01 1.439018000000000000e+06
5.325038538485003414e+00 2.836237157266825193e+01 1.440698000000000000e+06
5.340730702455575241e+00 2.819408408420803269e+01 1.453638000000000000e+06
5.356455193601842524e+00 2.801599260912406919e+01 1.463426000000000000e+06
5.372183381207660702e+00 2.791445022263009434e+01 1.471050000000000000e+06
5.387886700194870926e+00 2.775448010954614375e+01 1.476638000000000000e+06
5.403571860691538831e+00 2.754996072661819184e+01 1.484466000000000000e+06
5.419293096268920529e+00 2.753373737804382415e+01 1.501154000000000000e+06
5.435016687773623012e+00 2.725399778651746985e+01 1.501706000000000000e+06
5.450702718101835487e+00 2.712736602399467856e+01 1.511502000000000000e+06
5.466391329901655105e+00 2.698047274301192999e+01 1.520234000000000000e+06
5.482117701107046770e+00 2.681158559227627336e+01 1.535010000000000000e+06
5.497863840523032231e+00 2.672597025447109687e+01 1.543358000000000000e+06
5.513531058043433575e+00 2.653648696340689739e+01 1.535754000000000000e+06
5.529215137958169990e+00 2.639102199511503599e+01 1.564802000000000000e+06
5.544946163489404611e+00 2.624693705463334936e+01 1.563038000000000000e+06
5.560660431796565106e+00 2.610676458699996161e+01 1.578426000000000000e+06
5.576372624871568817e+00 2.600020487112720602e+01 1.581482000000000000e+06
5.592071612679278658e+00 2.593273418119013840e+01 1.592250000000000000e+06
5.607777081388953810e+00 2.570719559613788263e+01 1.602230000000000000e+06
5.623461069047772654e+00 2.556097196205773869e+01 1.604754000000000000e+06
5.639160434689571844e+00 2.549219259136977911e+01 1.623458000000000000e+06
5.654868627057174635e+00 2.536212097900806839e+01 1.624910000000000000e+06
5.670595730029768688e+00 2.521824642792449467e+01 1.645122000000000000e+06
5.686329334746649700e+00 2.498143003896348802e+01 1.645130000000000000e+06
5.702030598096980540e+00 2.490163108667843517e+01 1.655706000000000000e+06
5.717729473142792784e+00 2.478832246669976769e+01 1.663502000000000000e+06
5.733437455346763301e+00 2.462791238986961417e+01 1.675514000000000000e+06
5.749160590029285700e+00 2.452224591733924441e+01 1.685298000000000000e+06
5.764862617007506351e+00 2.438307825796683659e+01 1.689566000000000000e+06
5.780540238679900078e+00 2.428187884677680586e+01 1.697850000000000000e+06
5.796263103923236848e+00 2.414884443011708726e+01 1.718546000000000000e+06
5.812002103804656983e+00 2.400733564287466848e+01 1.719822000000000000e+06
5.827695391299545058e+00 2.390917104621490097e+01 1.726586000000000000e+06
5.843388778895907798e+00 2.378184277012349312e+01 1.739186000000000000e+06
5.859113417771065535e+00 2.366264620008244535e+01 1.751538000000000000e+06
5.874835560723500549e+00 2.353591397800532548e+01 1.758062000000000000e+06
5.890526541065327137e+00 2.342103788407326093e+01 1.763010000000000000e+06
5.906225317694219434e+00 2.330290862354537751e+01 1.778642000000000000e+06
5.921952321011594300e+00 2.321925413539887728e+01 1.788582000000000000e+06
5.937670655764399896e+00 2.305859882122595295e+01 1.794746000000000000e+06
5.953363581550269679e+00 2.296174436723988066e+01 1.803290000000000000e+06
5.969050809995837703e+00 2.286097518687971331e+01 1.811058000000000000e+06
5.984760752596141486e+00 2.276017278891770701e+01 1.828358000000000000e+06
6.000476440810660783e+00 2.260586383249188458e+01 1.831362000000000000e+06
6.016171166004743220e+00 2.251902838490755343e+01 1.842458000000000000e+06
6.031847027098122815e+00 2.236142323922386765e+01 1.846998000000000000e+06
6.047561666320434348e+00 2.231758226589810334e+01 1.869122000000000000e+06
6.063310221741519790e+00 2.218285966447552937e+01 1.876346000000000000e+06
6.079025995273507732e+00 2.206631316952433153e+01 1.879506000000000000e+06
6.094727650148782594e+00 2.192903282371868201e+01 1.893326000000000000e+06
6.110443441650997620e+00 2.183285747486889150e+01 1.901826000000000000e+06
6.126157369603382641e+00 2.169608182589402645e+01 1.911962000000000000e+06
6.141856103084946561e+00 2.164300087849195364e+01 1.919198000000000000e+06
6.157554247585426133e+00 2.150490353023092638e+01 1.930242000000000000e+06
6.173264897526903994e+00 2.141245504370272101e+01 1.942442000000000000e+06
6.188983783131053684e+00 2.132791456212783388e+01 1.951734000000000000e+06
6.204674330135580007e+00 2.123992508957237391e+01 1.955402000000000000e+06
6.220364153407833108e+00 2.107471430498545217e+01 1.971858000000000000e+06
6.236097253224911263e+00 2.101084488976259834e+01 1.984898000000000000e+06
6.251804727814884721e+00 2.091598059224072159e+01 1.986422000000000000e+06
6.267477703420695434e+00 2.079163548157299246e+01 1.996146000000000000e+06
6.283195068785119908e+00 2.074450623814514572e+01 2.017106000000000000e+06
6.298926466691256110e+00 2.060621447285461016e+01 2.020638000000000000e+06
6.314631082636630310e+00 2.051815511006994086e+01 2.029346000000000000e+06
6.330330969697290477e+00 2.039067085676545332e+01 2.041002000000000000e+06
6.346042618354868381e+00 2.030035340856467485e+01 2.051450000000000000e+06
6.361769829008385280e+00 2.023682042474754184e+01 2.065886000000000000e+06
6.377467710730222450e+00 2.009086743526179575e+01 2.064546000000000000e+06
6.393156758488530933e+00 2.002221016493410133e+01 2.082650000000000000e+06
6.408877231485442749e+00 1.992613911345171829e+01 2.095182000000000000e+06
6.424598957671957322e+00 1.981856581448271726e+01 2.101346000000000000e+06
6.440311953715900373e+00 1.971813907846360792e+01 2.115554000000000000e+06
6.456005935746694568e+00 1.962571573612698472e+01 2.115654000000000000e+06
6.471719753415134946e+00 1.958948299585346575e+01 2.141066000000000000e+06
6.487439387114228850e+00 1.947753280000897291e+01 2.139786000000000000e+06
6.503131318747780831e+00 1.942358198719265161e+01 2.152202000000000000e+06
6.518819434526843537e+00 1.928392854333423045e+01 2.161086000000000000e+06
6.534523450777902198e+00 1.921400992069145275e+01 2.176058000000000000e+06
6.550254613659266312e+00 1.909199577509405188e+01 2.190818000000000000e+06
6.565965738846988309e+00 1.901985525461878979e+01 2.191158000000000000e+06
6.581657291702928347e+00 1.891225829972512074e+01 2.205314000000000000e+06
6.597356411838022794e+00 1.883436467808954262e+01 2.215554000000000000e+06
6.613072568835591802e+00 1.873381865198097884e+01 2.230562000000000000e+06
6.628796834083485301e+00 1.866715960875400881e+01 2.239614000000000000e+06
6.644501868950448475e+00 1.856317790485486441e+01 2.245706000000000000e+06
6.660203335766918364e+00 1.847126620919654982e+01 2.259674000000000000e+06
6.675922241577704419e+00 1.839277956232892919e+01 2.273214000000000000e+06
6.691636876769640807e+00 1.833334708324812823e+01 2.278802000000000000e+06
6.707348854586632214e+00 1.825057170033225162e+01 2.294034000000000000e+06
6.723042755046850338e+00 1.816134089663268014e+01 2.294942000000000000e+06
6.738741204690306574e+00 1.806724412507282906e+01 2.317050000000000000e+06
6.754459451825965743e+00 1.801148592973607521e+01 2.322842000000000000e+06
6.770155876549564411e+00 1.788877514683736436e+01 2.330810000000000000e+06
6.785853403723873356e+00 1.783501494911673646e+01 2.345958000000000000e+06
6.801555230257334550e+00 1.777029605036739568e+01 2.353586000000000000e+06
6.817285949066600459e+00 1.769070747114101749e+01 2.376210000000000000e+06
6.833012673954052651e+00 1.761593125632237644e+01 2.374502000000000000e+06
6.848703343789808606e+00 1.754706651927256189e+01 2.386346000000000000e+06
6.864405076602009714e+00 1.746111837102519715e+01 2.401314000000000000e+06
6.880122619459167588e+00 1.738282941798502890e+01 2.411450000000000000e+06
6.895827031199952550e+00 1.729858496528715861e+01 2.420718000000000000e+06
6.911509854271036701e+00 1.722024079935557950e+01 2.425754000000000000e+06
6.927232044479275430e+00 1.712990536889188675e+01 2.455218000000000000e+06
6.942960195844471549e+00 1.706928356525776636e+01 2.450942000000000000e+06
6.958661448092413160e+00 1.699014644546497266e+01 2.467130000000000000e+06
6.974361211749578793e+00 1.692242271727772618e+01 2.474874000000000000e+06
6.990070831352309000e+00 1.685569567797773871e+01 2.490362000000000000e+06
7.005778159324729693e+00 1.676591642909010105e+01 2.498142000000000000e+06
7.021469697735486015e+00 1.671006465663378648e+01 2.507090000000000000e+06
7.037177120604764191e+00 1.664396122526392219e+01 2.525562000000000000e+06
7.052899061516400003e+00 1.655615163137948542e+01 2.534726000000000000e+06
7.068628793135065536e+00 1.651155768094980658e+01 2.549906000000000000e+06
7.084334935478915796e+00 1.643906527211676405e+01 2.551074000000000000e+06
7.100038328422084710e+00 1.635357501569610150e+01 2.570702000000000000e+06
7.115745931638459254e+00 1.629591065476287426e+01 2.574642000000000000e+06
7.131451190238497162e+00 1.621392825009078464e+01 2.594066000000000000e+06
7.147151468730735147e+00 1.614688750817981244e+01 2.594802000000000000e+06
7.162835307179018507e+00 1.606518608132371995e+01 2.612030000000000000e+06
7.178551581855800556e+00 1.598434980216548773e+01 2.627954000000000000e+06
7.194283665259025184e+00 1.594937589048940296e+01 2.640402000000000000e+06
7.209984529526630936e+00 1.588883243849788762e+01 2.641454000000000000e+06
7.225685108067660956e+00 1.582336689665847018e+01 2.661834000000000000e+06
7.241394735953288198e+00 1.575802974593295680e+01 2.669138000000000000e+06
7.257108192998378726e+00 1.567764552166259762e+01 2.684858000000000000e+06
7.272822849503533860e+00 1.558711315522790208e+01 2.693910000000000000e+06
7.288518104809805997e+00 1.553161474962634436e+01 2.701682000000000000e+06
7.304234199753477874e+00 1.547677340637852694e+01 2.722698000000000000e+06
7.319945495172938799e+00 1.541154575229831103e+01 2.725262000000000000e+06
7.335649438298961655e+00 1.532887162938248515e+01 2.742450000000000000e+06
7.351353846506168743e+00 1.527409713257086743e+01 2.749850000000000000e+06
7.367055388436875241e+00 1.521199810991851464e+01 2.763902000000000000e+06
7.382770533642191602e+00 1.514324214017789494e+01 2.778498000000000000e+06
7.398475089415688544e+00 1.510577512183384741e+01 2.784530000000000000e+06
7.414188731852492609e+00 1.503172847246145416e+01 2.804106000000000000e+06
7.429901641940141133e+00 1.495367981237031962e+01 2.809790000000000000e+06
7.445612173277812218e+00 1.491544456786373907e+01 2.825058000000000000e+06
7.461320649323638143e+00 1.483554702522289048e+01 2.834330000000000000e+06
7.477011404590944821e+00 1.477955906041543699e+01 2.842022000000000000e+06
7.492720686839765776e+00 1.474231434880621627e+01 2.864754000000000000e+06
7.508423522993188826e+00 1.466675278770303237e+01 2.864186000000000000e+06
7.524104703200965361e+00 1.460888517533020803e+01 2.879538000000000000e+06
7.539811207090460599e+00 1.451767263767592198e+01 2.899454000000000000e+06
7.555522870235571453e+00 1.447749339073870090e+01 2.904258000000000000e+06
7.571252185241664989e+00 1.441424678029126660e+01 2.930234000000000000e+06
7.586982910029617777e+00 1.436943997083487190e+01 2.929526000000000000e+06
7.602682376348832705e+00 1.429100182773356131e+01 2.942442000000000000e+06
7.618398087127784990e+00 1.426461677716570797e+01 2.960810000000000000e+06
7.634111360506788735e+00 1.421275878141785753e+01 2.964954000000000000e+06
7.649813471415971122e+00 1.414796957975920222e+01 2.980910000000000000e+06
7.665516544353160100e+00 1.406298006872668438e+01 2.990978000000000000e+06
7.681228381318442544e+00 1.402105048965529654e+01 3.007626000000000000e+06
7.696947282980596938e+00 1.396913452258007737e+01 3.019166000000000000e+06
7.712641051068838571e+00 1.391676911313466469e+01 3.021090000000000000e+06
7.728340175203005202e+00 1.386485484445675276e+01 3.047834000000000000e+06
7.744066325082287428e+00 1.380363857716513110e+01 3.055590000000000000e+06
7.759785182459853381e+00 1.374939792331612409e+01 3.068546000000000000e+06
7.775464898067028230e+00 1.372079703345706925e+01 3.067274000000000000e+06
7.791162210093558471e+00 1.364003514459703403e+01 3.098058000000000000e+06
7.806896787352753719e+00 1.358173995099726206e+01 3.109214000000000000e+06
7.822604758484962950e+00 1.352939270192955057e+01 3.110466000000000000e+06
7.838284799897788702e+00 1.347968390427510244e+01 3.124370000000000000e+06
7.853986825204827937e+00 1.341085830491569553e+01 3.144174000000000000e+06
7.869722202747719386e+00 1.339162954046160614e+01 3.161738000000000000e+06
7.885429030328279687e+00 1.332575627632607507e+01 3.159890000000000000e+06
7.901109098578781520e+00 1.326272392693701363e+01 3.174138000000000000e+06
7.916812369163124252e+00 1.321089411957598614e+01 3.195926000000000000e+06
7.932546153031187153e+00 1.316644962642298289e+01 3.211386000000000000e+06
7.948275829971742645e+00 1.309921306216168979e+01 3.219314000000000000e+06
7.963974762265003449e+00 1.304557131403747761e+01 3.225494000000000000e+06
7.979672909422356852e+00 1.300001418631316774e+01 3.242562000000000000e+06
7.995382124285669967e+00 1.296168475341141146e+01 3.257450000000000000e+06
8.011096558073175444e+00 1.290466602918585437e+01 3.269118000000000000e+06
8.026799325701325927e+00 1.284170506842171200e+01 3.278930000000000000e+06
8.042482997119602572e+00 1.280838543806003038e+01 3.286650000000000000e+06
8.058198313138401403e+00 1.275854562339256049e+01 3.316610000000000000e+06
8.073929632859263350e+00 1.271511484726069874e+01 3.321542000000000000e+06
8.089631173905692307e+00 1.265349828064717030e+01 3.328578000000000000e+06
8.105328344487277903e+00 1.261390091818596559e+01 3.345074000000000000e+06
8.121039774478980178e+00 1.256614924772866893e+01 3.361686000000000000e+06
8.136750954641513545e+00 1.252212615758807424e+01 3.369722000000000000e+06
8.152451824383751600e+00 1.244876982474174909e+01 3.385290000000000000e+06
8.168148505929304193e+00 1.241767191430012041e+01 3.391370000000000000e+06
8.183868116116777003e+00 1.237353803689548748e+01 3.422966000000000000e+06
8.199591131301563252e+00 1.233739528556196774e+01 3.419538000000000000e+06
8.215300984565764963e+00 1.226906844785859008e+01 3.441890000000000000e+06
8.231010872605484252e+00 1.224617717577130982e+01 3.447582000000000000e+06
8.246721005479363598e+00 1.218786728665567765e+01 3.466298000000000000e+06
8.262408288354077257e+00 1.214656421423613253e+01 3.466194000000000000e+06
8.278098173695775941e+00 1.209903947868050622e+01 3.492062000000000000e+06
8.293810268215034753e+00 1.205188983287440863e+01 3.503114000000000000e+06
8.309519053075314687e+00 1.201238504173554489e+01 3.517146000000000000e+06
8.325241433409063418e+00 1.197021471807893533e+01 3.535706000000000000e+06
8.340952984226902345e+00 1.192259435857189587e+01 3.539742000000000000e+06
8.356659711712842054e+00 1.186444930140180531e+01 3.558698000000000000e+06
8.372371429175492707e+00 1.182105933634760930e+01 3.570122000000000000e+06
8.388083579962753333e+00 1.178722260063249294e+01 3.585174000000000000e+06
8.403790832576294889e+00 1.174583077605350923e+01 3.594314000000000000e+06
8.419496525959527133e+00 1.169202532045053111e+01 3.612258000000000000e+06
8.435201663874629219e+00 1.166263512068949382e+01 3.620282000000000000e+06
8.450905678681708721e+00 1.160304011070936170e+01 3.639078000000000000e+06
8.466617353651699318e+00 1.158063142900190456e+01 3.650450000000000000e+06
8.482317771685245589e+00 1.153431266247120668e+01 3.661418000000000000e+06
8.498018574275240766e+00 1.148619651335864233e+01 3.677694000000000000e+06
8.513736467920875128e+00 1.143675422310414191e+01 3.695978000000000000e+06
8.529447827058733722e+00 1.139437022153445689e+01 3.702810000000000000e+06
8.545145453356283838e+00 1.135495061840684095e+01 3.716162000000000000e+06
8.560863155475518127e+00 1.128801147778638736e+01 3.740094000000000000e+06
8.576575892842692284e+00 1.127681334761133236e+01 3.740954000000000000e+06
8.592276429309924524e+00 1.123846925746873104e+01 3.760946000000000000e+06
8.607993113742812952e+00 1.118863143474355226e+01 3.778278000000000000e+06
8.623706693511682175e+00 1.115513291951591057e+01 3.784922000000000000e+06
8.639416117971885356e+00 1.111742516817484017e+01 3.805266000000000000e+06
8.655118251607849089e+00 1.108086958851123782e+01 3.807686000000000000e+06
8.670819176621002100e+00 1.102656262636539708e+01 3.833130000000000000e+06
8.686531013296711734e+00 1.101411854244959088e+01 3.841898000000000000e+06
8.702242672461403927e+00 1.095004294889107754e+01 3.858074000000000000e+06
8.717947060126663317e+00 1.091112941053622976e+01 3.868974000000000000e+06
8.733653634556446832e+00 1.088277282786005529e+01 3.885362000000000000e+06
8.749361177527063660e+00 1.086005915414194511e+01 3.898290000000000000e+06
8.765057838444775484e+00 1.079723310062564323e+01 3.907334000000000000e+06
8.780760279838380811e+00 1.076466135366899834e+01 3.928730000000000000e+06
8.796461536498792810e+00 1.073267379046126813e+01 3.936666000000000000e+06
8.812176163138749629e+00 1.069279078373865843e+01 3.961346000000000000e+06
8.827908468663524744e+00 1.065279062642896690e+01 3.975774000000000000e+06
8.843605203440207063e+00 1.061986153518319220e+01 3.970106000000000000e+06
8.859298780821674768e+00 1.057583664945530799e+01 4.003170000000000000e+06
8.875033023597818982e+00 1.055513466903575015e+01 4.019558000000000000e+06
8.890757701901966570e+00 1.050768548221625309e+01 4.025642000000000000e+06
8.906442147587496194e+00 1.046537854901335862e+01 4.028514000000000000e+06
8.922138549702236077e+00 1.044309919845257895e+01 4.059398000000000000e+06
8.937858770665876307e+00 1.039325213764050737e+01 4.069674000000000000e+06
8.953569902743538478e+00 1.036727397569555897e+01 4.083698000000000000e+06
8.969276596619630837e+00 1.030965444995494806e+01 4.095210000000000000e+06
8.984978332063514372e+00 1.028507453318535525e+01 4.110518000000000000e+06
9.000686439228440250e+00 1.024996013908913639e+01 4.126850000000000000e+06
9.016395212272197313e+00 1.021201541793293543e+01 4.140114000000000000e+06
9.032081625028110849e+00 1.018221603399556408e+01 4.144070000000000000e+06
9.047784840512392179e+00 1.014785279570247845e+01 4.175802000000000000e+06
9.063510534008996089e+00 1.010237060165496459e+01 4.187882000000000000e+06
9.079229438028200150e+00 1.007163850687622819e+01 4.199250000000000000e+06
9.094931536527573357e+00 1.004328864050919279e+01 4.209326000000000000e+06
9.110624252584134553e+00 9.990510003244807535e+00 4.222130000000000000e+06
9.126345788688972505e+00 9.971511835906520460e+00 4.254258000000000000e+06
9.142067210789587506e+00 9.927279106440996870e+00 4.252478000000000000e+06
9.157769224107168426e+00 9.895581471693855491e+00 4.270698000000000000e+06
9.173460189222041095e+00 9.856530505675152654e+00 4.278122000000000000e+06
9.189172851773026451e+00 9.827457633568126738e+00 4.309898000000000000e+06
9.204899411326563197e+00 9.793717614630022439e+00 4.317150000000000000e+06
9.220610370561862723e+00 9.768822675392140553e+00 4.329698000000000000e+06
9.236312329177842173e+00 9.729936191867631479e+00 4.340826000000000000e+06
9.252011696799515406e+00 9.702318796033571502e+00 4.359590000000000000e+06
9.267725419345696380e+00 9.656759541679518222e+00 4.376850000000000000e+06
9.283431809080884278e+00 9.619715529350939320e+00 4.386674000000000000e+06
9.299131961634870436e+00 9.595090352043786908e+00 4.401782000000000000e+06
9.314836560434526902e+00 9.566891820031182547e+00 4.419210000000000000e+06
9.330566699333866509e+00 9.540310744539166166e+00 4.446482000000000000e+06
9.346274096307771728e+00 9.498229984349192634e+00 4.435554000000000000e+06
9.361966720359685468e+00 9.469841353665103156e+00 4.468934000000000000e+06
9.377681860044402740e+00 9.445283128426742891e+00 4.477650000000000000e+06
9.393384317371491932e+00 9.416376582031867670e+00 4.491218000000000000e+06
9.409088966137430177e+00 9.382092507956130589e+00 4.510358000000000000e+06
9.424791439829672157e+00 9.343911845144750927e+00 4.518594000000000000e+06
9.440499207501432011e+00 9.318532353799360735e+00 4.544474000000000000e+06
9.456214212898441218e+00 9.287166488946414944e+00 4.552098000000000000e+06
9.471927439984570540e+00 9.247058463515767102e+00 4.574990000000000000e+06
9.487631754062700651e+00 9.222021274968811966e+00 4.577210000000000000e+06
9.503344281547928318e+00 9.183908809236433157e+00 4.608186000000000000e+06
9.519057247113778431e+00 9.155392458198107875e+00 4.610198000000000000e+06
9.534757011366917112e+00 9.132926238599338831e+00 4.628898000000000000e+06
9.550453458784650351e+00 9.099709771458488916e+00 4.641170000000000000e+06
9.566158712525282937e+00 9.063028931924806741e+00 4.662462000000000000e+06
9.581880158653657276e+00 9.024553545681010647e+00 4.681442000000000000e+06
9.597589579516229819e+00 9.010761863114220560e+00 4.687850000000000000e+06
9.613296380928980867e+00 8.984043978764947980e+00 4.708818000000000000e+06
9.629006062959270196e+00 8.950261503994253687e+00 4.721534000000000000e+06
9.644707396083033402e+00 8.912514235849195998e+00 4.732770000000000000e+06
9.660406197323647248e+00 8.887230174281443240e+00 4.753346000000000000e+06
9.676122008914001427e+00 8.868052578670431174e+00 4.772886000000000000e+06
9.691840694543541801e+00 8.828043229208679676e+00 4.785098000000000000e+06
9.707543237507161749e+00 8.806726621420471801e+00 4.795394000000000000e+06
9.723244122996092642e+00 8.768499949937536897e+00 4.813986000000000000e+06
9.738952330288141113e+00 8.750614465674555476e+00 4.832654000000000000e+06
9.754669949504904736e+00 8.721957238911015153e+00 4.849362000000000000e+06
9.770377600734033052e+00 8.683818816455557865e+00 4.858322000000000000e+06
9.786069629200518705e+00 8.657221932770935879e+00 4.871286000000000000e+06
9.801770721287397237e+00 8.639358283088528268e+00 4.894370000000000000e+06
9.817489821034564912e+00 8.604879696417853552e+00 4.914650000000000000e+06
9.833199646667972971e+00 8.575948978567209835e+00 4.919658000000000000e+06
9.848902655768293712e+00 8.550341405015906560e+00 4.941638000000000000e+06
9.864627278272442013e+00 8.526558240370329500e+00 4.965954000000000000e+06
9.880352198135229358e+00 8.491009037023031780e+00 4.971770000000000000e+06
9.896056604692210712e+00 8.476881289736128977e+00 4.985702000000000000e+06
9.911750273437519354e+00 8.437757915135037479e+00 4.996314000000000000e+06
9.927450557379374985e+00 8.407567983959399527e+00 5.021258000000000000e+06
9.943165753651260985e+00 8.391255281861358384e+00 5.038470000000000000e+06
9.958875512968258903e+00 8.366189237744549700e+00 5.048570000000000000e+06
9.974579326095815546e+00 8.330679314398832247e+00 5.067786000000000000e+06
9.990292534396033375e+00 8.296389624581218314e+00 5.084402000000000000e+06
1.000600856325589305e+01 8.277281741172727081e+00 5.104238000000000000e+06
1.002170444839863528e+01 8.258476760573042696e+00 5.101890000000000000e+06
1.003739052522703901e+01 8.225132827276388170e+00 5.129594000000000000e+06
1.005309882194248416e+01 8.190911552069628954e+00 5.149086000000000000e+06
1.006881895908520086e+01 8.180066916445758451e+00 5.168834000000000000e+06
1.008452231173344416e+01 8.140301830556815332e+00 5.172306000000000000e+06
1.010022729382937889e+01 8.117495361802486542e+00 5.199218000000000000e+06
1.011594565713278016e+01 8.096607182916844891e+00 5.215430000000000000e+06
1.013166058960754867e+01 8.060328938284580857e+00 5.229066000000000000e+06
1.014737047935454051e+01 8.037797095259250568e+00 5.244530000000000000e+06
1.016308234466913696e+01 8.014461311033713287e+00 5.262870000000000000e+06
1.017878958276594581e+01 7.996505683574701706e+00 5.272562000000000000e+06
1.019448555450210314e+01 7.966644096196327851e+00 5.290098000000000000e+06
1.021019673146567186e+01 7.940460164708512458e+00 5.314358000000000000e+06
1.022590751621006078e+01 7.907774715910905527e+00 5.322098000000000000e+06
1.024160880192673417e+01 7.885634707638569552e+00 5.341026000000000000e+06
1.025732775208617475e+01 7.870517162928477362e+00 5.366858000000000000e+06
1.027304584666867804e+01 7.832793926491072867e+00 5.374422000000000000e+06
1.028873472736696293e+01 7.812956024196083149e+00 5.377730000000000000e+06
1.030442576009853184e+01 7.800219247570438164e+00 5.409410000000000000e+06
1.032014867554843818e+01 7.767371228708649156e+00 5.434014000000000000e+06
1.033586943357362209e+01 7.747488546359343253e+00 5.438882000000000000e+06
1.035157161316932140e+01 7.727769878475372778e+00 5.456178000000000000e+06
1.036727210965784174e+01 7.693972217722309992e+00 5.469242000000000000e+06
1.038298135070349915e+01 7.673483408640264791e+00 5.496174000000000000e+06
1.039869418006627910e+01 7.647737456702624392e+00 5.505530000000000000e+06
1.041439794625569881e+01 7.630613044043670357e+00 5.521202000000000000e+06
1.043010482665170713e+01 7.599775329781465416e+00 5.544126000000000000e+06
1.044582478281855487e+01 7.578397965794177793e+00 5.560106000000000000e+06
1.046154309703894825e+01 7.565187282450086315e+00 5.579754000000000000e+06
1.047723959228104285e+01 7.541081762540192912e+00 5.576270000000000000e+06
1.049292720351744279e+01 7.498224584449322272e+00 5.607138000000000000e+06
1.050863523850499526e+01 7.484518649336020069e+00 5.625026000000000000e+06
1.052435348202229015e+01 7.462084212755844881e+00 5.646698000000000000e+06
1.054005549761004978e+01 7.439608180097240009e+00 5.649126000000000000e+06
1.055575482461481052e+01 7.422501521201515295e+00 5.676434000000000000e+06
1.057145826219870344e+01 7.384109274190854499e+00 5.687418000000000000e+06
1.058717117850224376e+01 7.373154904886954242e+00 5.715830000000000000e+06
1.060289400134469062e+01 7.350002530889947927e+00 5.729210000000000000e+06
1.061860918710306834e+01 7.327359933379775647e+00 5.744802000000000000e+06
1.063431091651675153e+01 7.305444186647298110e+00 5.752154000000000000e+06
1.065002180958671651e+01 7.277871388373599260e+00 5.786382000000000000e+06
1.066572980082734468e+01 7.260652134299514060e+00 5.784146000000000000e+06
1.068142742642893950e+01 7.237017101772735828e+00 5.812146000000000000e+06
1.069714023788434787e+01 7.213605238684456467e+00 5.830166000000000000e+06
1.071285364357418146e+01 7.194428184096410384e+00 5.845850000000000000e+06
1.072856242199254062e+01 7.167429949406720624e+00 5.862834000000000000e+06
1.074426756718287557e+01 7.153861103670380750e+00 5.876066000000000000e+06
1.075998381704133955e+01 7.126377319859244608e+00 5.905854000000000000e+06
1.077568840897438562e+01 7.108179660923908294e+00 5.902274000000000000e+06
1.079138304940738280e+01 7.085840474314217374e+00 5.931258000000000000e+06
1.080709884248571484e+01 7.060108823459278149e+00 5.954966000000000000e+06
1.082281622961874490e+01 7.042326798814351640e+00 5.965346000000000000e+06
1.083851693336031374e+01 7.007994555873063192e+00 5.977818000000000000e+06
1.085422396324159422e+01 7.003815333209653105e+00 6.004718000000000000e+06
1.086993137901790796e+01 6.975222673896561254e+00 6.011706000000000000e+06
1.088564351758435222e+01 6.960965435337434393e+00 6.045770000000000000e+06
1.090135356744657535e+01 6.940663593963572353e+00 6.041586000000000000e+06
1.091705034221926418e+01 6.919320828707794746e+00 6.073166000000000000e+06
1.093275207829069018e+01 6.900386612056466973e+00 6.078962000000000000e+06
1.094846122315083825e+01 6.876130513301859537e+00 6.114258000000000000e+06
1.096418118107341577e+01 6.858301189955522403e+00 6.123086000000000000e+06
1.097988849072496542e+01 6.840348913190489100e+00 6.136770000000000000e+06
1.099558679320981724e+01 6.810972334553716756e+00 6.154898000000000000e+06
1.101129673485095672e+01 6.798667014101877015e+00 6.178610000000000000e+06
1.102701485690355909e+01 6.772781850608795118e+00 6.197982000000000000e+06
1.104272390432796591e+01 6.754830128073933793e+00 6.205322000000000000e+06
1.105841361686979951e+01 6.737423800220298631e+00 6.218850000000000000e+06
1.107411347758379350e+01 6.716850610812760358e+00 6.249542000000000000e+06
1.108984077014840963e+01 6.699634978210579739e+00 6.274146000000000000e+06
1.110554794633057796e+01 6.675263889336329193e+00 6.270242000000000000e+06
1.112124931961106533e+01 6.652328498504889609e+00 6.305222000000000000e+06
1.113697510740422381e+01 6.633990121147327557e+00 6.325026000000000000e+06
1.115268911253386719e+01 6.622367742369536181e+00 6.331922000000000000e+06
1.116838422783226115e+01 6.598459762744065316e+00 6.343698000000000000e+06
1.118408594539889478e+01 6.575101668068461969e+00 6.375158000000000000e+06
1.119980416311440052e+01 6.557476340615044919e+00 6.392178000000000000e+06
1.121552521724412621e+01 6.543425940451214728e+00 6.412826000000000000e+06
1.123121923820420243e+01 6.517268558303801029e+00 6.407078000000000000e+06
1.124691480473033778e+01 6.504069973203902677e+00 6.447954000000000000e+06
1.126262248805396560e+01 6.475620141554572662e+00 6.456026000000000000e+06
1.127833175656502007e+01 6.461655091596249179e+00 6.482034000000000000e+06
1.129403915665967872e+01 6.447494008050051129e+00 6.492878000000000000e+06
1.130972772992016750e+01 6.430737638482736607e+00 6.502074000000000000e+06
1.132543464171678238e+01 6.406291982338188085e+00 6.542930000000000000e+06
1.134116092480786619e+01 6.385885485125061045e+00 6.556598000000000000e+06
1.135687931575279030e+01 6.375730290563791591e+00 6.570330000000000000e+06
1.137258152843119419e+01 6.354659047366695290e+00 6.581882000000000000e+06
1.138829329520135047e+01 6.330655091095017895e+00 6.612546000000000000e+06
1.140401544384409860e+01 6.321572115592048569e+00 6.628622000000000000e+06
1.141971418729731447e+01 6.290666955476870825e+00 6.629498000000000000e+06
1.143540805815246841e+01 6.276150016893794259e+00 6.659250000000000000e+06
1.145112342906401892e+01 6.260935452346289232e+00 6.686006000000000000e+06
1.146683855971028443e+01 6.244161375938817926e+00 6.693786000000000000e+06
1.148253750634374093e+01 6.220454458088245708e+00 6.711554000000000000e+06
1.149824439280081201e+01 6.206138120022957949e+00 6.735678000000000000e+06
1.151395944216632472e+01 6.188182722864518759e+00 6.754754000000000000e+06
1.152967750311644046e+01 6.167979966266119440e+00 6.776570000000000000e+06
1.154536786069484400e+01 6.154279771504363339e+00 6.767394000000000000e+06
1.156106414707133290e+01 6.134441027795125123e+00 6.818246000000000000e+06
1.157679140551482533e+01 6.112342732559927327e+00 6.830562000000000000e+06
1.159249865891797526e+01 6.096681096259116472e+00 6.839186000000000000e+06
1.160819828013273636e+01 6.079449540054291390e+00 6.861462000000000000e+06
1.162390472506793770e+01 6.065662518745292608e+00 6.880394000000000000e+06
1.163962004466343636e+01 6.048739441780710102e+00 6.907178000000000000e+06
1.165533434666404133e+01 6.031587527255179104e+00 6.917034000000000000e+06
1.167104051015950716e+01 6.008965781455978039e+00 6.937934000000000000e+06
1.168673926950135034e+01 5.994577998488610504e+00 6.947250000000000000e+06
1.170244721913763897e+01 5.979397047251932662e+00 6.982106000000000000e+06
1.171816433671575730e+01 5.958085217271479550e+00 6.995718000000000000e+06
1.173387031746687015e+01 5.947628849147142738e+00 7.006682000000000000e+06
1.174957622851401240e+01 5.925299316388345616e+00 7.035866000000000000e+06
1.176529536104995444e+01 5.910958008877093661e+00 7.054110000000000000e+06
1.178099828544282701e+01 5.894971578908300813e+00 7.059194000000000000e+06
1.179669856151566165e+01 5.874666551604232900e+00 7.091802000000000000e+06
1.181240716294206905e+01 5.854095376405537010e+00 7.100666000000000000e+06
1.182811135021641213e+01 5.844019486412673103e+00 7.129070000000000000e+06
1.184382402706377313e+01 5.823936952230082120e+00 7.143282000000000000e+06
1.185952830171168593e+01 5.811940601121387218e+00 7.161482000000000000e+06
1.187523683486437243e+01 5.800268181219687236e+00 7.184694000000000000e+06
1.189095187450934432e+01 5.777263304364820939e+00 7.203914000000000000e+06
1.190666038869163401e+01 5.764504180617988638e+00 7.219746000000000000e+06
1.192235843864241396e+01 5.753229725007518169e+00 7.228634000000000000e+06
1.193806809039961259e+01 5.728740001017603056e+00 7.271990000000000000e+06
1.195377948291443992e+01 5.717104095263022323e+00 7.266786000000000000e+06
1.196947381174999947e+01 5.698066674435982470e+00 7.293650000000000000e+06
1.198518648559551458e+01 5.679732870422330215e+00 7.324086000000000000e+06
1.200090807358362710e+01 5.674688396367178811e+00 7.338650000000000000e+06
1.201661637889760037e+01 5.650596126584985335e+00 7.351962000000000000e+06
1.203230565217210035e+01 5.640668787947572760e+00 7.357190000000000000e+06
1.204801118703936780e+01 5.613636001524160868e+00 7.406042000000000000e+06
1.206372840719771133e+01 5.606457661650082080e+00 7.408626000000000000e+06
1.207943832024087349e+01 5.589878974287247004e+00 7.435610000000000000e+06
1.209515324384951640e+01 5.571968333981347499e+00 7.453542000000000000e+06
1.211085873951972935e+01 5.557137846426085659e+00 7.464002000000000000e+06
1.212656505101618798e+01 5.543706544271564063e+00 7.493546000000000000e+06
1.214227798456889929e+01 5.523374721700972323e+00 7.510806000000000000e+06
1.215799402266435081e+01 5.509562919520336166e+00 7.532114000000000000e+06
1.217369248650853386e+01 5.498557502328085711e+00 7.536234000000000000e+06
1.218938816956664795e+01 5.481082984374227252e+00 7.565834000000000000e+06
1.220511056850387632e+01 5.466983170727793606e+00 7.603062000000000000e+06
1.222082302231588535e+01 5.452330228644345134e+00 7.593890000000000000e+06
1.223651649645578665e+01 5.431791497888075249e+00 7.622906000000000000e+06
1.225222107367874180e+01 5.422023999617086254e+00 7.646622000000000000e+06
1.226793902491068877e+01 5.406423674065029772e+00 7.672058000000000000e+06
1.228364718069601835e+01 5.387562430446551254e+00 7.679346000000000000e+06
1.229933962477952214e+01 5.378887823281717218e+00 7.693058000000000000e+06
1.231504373451924117e+01 5.360459525012293724e+00 7.732158000000000000e+06
1.233076331536994985e+01 5.345288643470820666e+00 7.746962000000000000e+06
1.234648244688633945e+01 5.337660883702532111e+00 7.770986000000000000e+06
1.236218576653318735e+01 5.318625842662221714e+00 7.772094000000000000e+06
1.237788516389707461e+01 5.302482964108081731e+00 7.803818000000000000e+06
1.239360390984925964e+01 5.295804189198882739e+00 7.834338000000000000e+06
1.240931454438657155e+01 5.276232589666965289e+00 7.833710000000000000e+06
1.242501025862532238e+01 5.260479406891183984e+00 7.858794000000000000e+06
1.244071609171995973e+01 5.245811100301992269e+00 7.884290000000000000e+06
1.245642554635569788e+01 5.236171967881631417e+00 7.901522000000000000e+06
1.247213990979998322e+01 5.219666655822679857e+00 7.930662000000000000e+06
1.248784889213827753e+01 5.205963481164232576e+00 7.934426000000000000e+06
1.250355459696362281e+01 5.191413626812120263e+00 7.967322000000000000e+06
1.251926642764211373e+01 5.172178572260807350e+00 7.981934000000000000e+06
1.253497567568721927e+01 5.163217290106733692e+00 8.003282000000000000e+06
1.255068061703326165e+01 5.151168639691477757e+00 8.019666000000000000e+06
1.256637936912699516e+01 5.135219420492820319e+00 8.034482000000000000e+06
1.258208508998344399e+01 5.121320803684234590e+00 8.068542000000000000e+06
1.259780313698870202e+01 5.109396423718734148e+00 8.088290000000000000e+06
1.261351163942811127e+01 5.088451768593195368e+00 8.096322000000000000e+06
1.262921162496122385e+01 5.078446112264402679e+00 8.122646000000000000e+06
1.264492727534496019e+01 5.066967945818831254e+00 8.150138000000000000e+06
1.266064123044320411e+01 5.052078534073733529e+00 8.165322000000000000e+06
1.267635049109034462e+01 5.035300627895329839e+00 8.182574000000000000e+06
1.269205751319950970e+01 5.025851024745181306e+00 8.203698000000000000e+06
1.270776623809462613e+01 5.012507970789533474e+00 8.226914000000000000e+06
1.272347983526652904e+01 4.997965053041761863e+00 8.246898000000000000e+06
1.273918476699724422e+01 4.982957897420094540e+00 8.261774000000000000e+06
1.275488532096565741e+01 4.968200935668728668e+00 8.279426000000000000e+06
1.277058911046302292e+01 4.959656130028180065e+00 8.308722000000000000e+06
1.278629950396799053e+01 4.944377840877018038e+00 8.326214000000000000e+06
1.280200365974331511e+01 4.932128061455536283e+00 8.342682000000000000e+06
1.281770065856501084e+01 4.921541559131541455e+00 8.360834000000000000e+06
1.283340848437807935e+01 4.905090843496886954e+00 8.393226000000000000e+06
1.284913125601308792e+01 4.893836333081952539e+00 8.420150000000000000e+06
1.286484437274510917e+01 4.882599424886244321e+00 8.421986000000000000e+06
1.288054190366636220e+01 4.866178987353822372e+00 8.445714000000000000e+06
1.289624751817243542e+01 4.851410489590549879e+00 8.472590000000000000e+06
1.291196350413541616e+01 4.842218761513624514e+00 8.495370000000000000e+06
1.292767561271233312e+01 4.826257206499105834e+00 8.512802000000000000e+06
1.294337627341686670e+01 4.814938363003018473e+00 8.523290000000000000e+06
1.295909254465509619e+01 4.804449245139005065e+00 8.570982000000000000e+06
1.297481202941889933e+01 4.790297624146607980e+00 8.568458000000000000e+06
1.299050877709477980e+01 4.781522338909296899e+00 8.586498000000000000e+06
1.300620190024628187e+01 4.766378923613151741e+00 8.608838000000000000e+06
1.302191363383399469e+01 4.753625018940248026e+00 8.645610000000000000e+06
1.303763169598336091e+01 4.742061164748256452e+00 8.658386000000000000e+06
1.305333181807477239e+01 4.727076281539413394e+00 8.668598000000000000e+06
1.306903073371036683e+01 4.712221293978241299e+00 8.697426000000000000e+06
1.308473895878913140e+01 4.701399886868101063e+00 8.722562000000000000e+06
1.310044895130510945e+01 4.688608167442247954e+00 8.737962000000000000e+06
1.311616215419301668e+01 4.680201008600028523e+00 8.771366000000000000e+06
1.313186858979111094e+01 4.668590276376381354e+00 8.771010000000000000e+06
1.314758318782488900e+01 4.659961476287423743e+00 8.822618000000000000e+06
1.316329275779432884e+01 4.646155886320713968e+00 8.807726000000000000e+06
1.317898595262972350e+01 4.636470224039070942e+00 8.844618000000000000e+06
1.319469240226760220e+01 4.620722579871147317e+00 8.868722000000000000e+06
1.321040689247021405e+01 4.605062828168451361e+00 8.891394000000000000e+06
1.322611949941154208e+01 4.596661510284972607e+00 8.911934000000000000e+06
1.324182463394985909e+01 4.582292705305661684e+00 8.923938000000000000e+06
1.325752875752444560e+01 4.570159628184248923e+00 8.953682000000000000e+06
1.327324685934994797e+01 4.560908825528843025e+00 8.981966000000000000e+06
1.328896030804089534e+01 4.547762612783665226e+00 8.990442000000000000e+06
1.330465770248929935e+01 4.534748154781028440e+00 9.007874000000000000e+06
1.332036222917837698e+01 4.526281831294719282e+00 9.038982000000000000e+06
1.333608106842605068e+01 4.512931145704339286e+00 9.068570000000000000e+06
1.335180331535189246e+01 4.497154838887206907e+00 9.085250000000000000e+06
1.336750361723562541e+01 4.491059573854474074e+00 9.084690000000000000e+06
1.338320275923961589e+01 4.480452868517089016e+00 9.128654000000000000e+06
1.339890831652831338e+01 4.469543433440962943e+00 9.133170000000000000e+06
1.341462514739588485e+01 4.457387543188557899e+00 9.185882000000000000e+06
1.343033068227095939e+01 4.447804240720599545e+00 9.163254000000000000e+06
1.344603079414738112e+01 4.434929225509836037e+00 9.220130000000000000e+06
1.346175097817287813e+01 4.421373535194643267e+00 9.233138000000000000e+06
1.347746169624149459e+01 4.408214692923134947e+00 9.249378000000000000e+06
1.349316675243398933e+01 4.398176356704111001e+00 9.271550000000000000e+06
1.350886780744113125e+01 4.386857753159342899e+00 9.286266000000000000e+06
1.352457420959309786e+01 4.378992189694361770e+00 9.320762000000000000e+06
1.354027528269936731e+01 4.367803122170092145e+00 9.326718000000000000e+06
1.355597266711250448e+01 4.356945597471704623e+00 9.354602000000000000e+06
1.357167854077304803e+01 4.343975493924737918e+00 9.384122000000000000e+06
1.358738838662311110e+01 4.330404334586248183e+00 9.400482000000000000e+06
1.360310113866151482e+01 4.320999491340598020e+00 9.432638000000000000e+06
1.361881507393887070e+01 4.312439374699454042e+00 9.445314000000000000e+06
1.363453202384387275e+01 4.300782185624793641e+00 9.477290000000000000e+06
1.365024566205330991e+01 4.293218530322213233e+00 9.489182000000000000e+06
1.366595033684499860e+01 4.279867706017205009e+00 9.506706000000000000e+06
1.368165392332742947e+01 4.270605197536641917e+00 9.533978000000000000e+06
1.369736167268202998e+01 4.258560539403633882e+00 9.553662000000000000e+06
1.371307055606699343e+01 4.248746020932602896e+00 9.579506000000000000e+06
1.372878654632152795e+01 4.239630735899106107e+00 9.607866000000000000e+06
1.374449164540093271e+01 4.229738829356203489e+00 9.608354000000000000e+06
1.376018948147827103e+01 4.219979506135612901e+00 9.643862000000000000e+06
1.377590285876657106e+01 4.202972769569719880e+00 9.670578000000000000e+06
1.379161550194992891e+01 4.195103784208945363e+00 9.687890000000000000e+06
1.380731081996385612e+01 4.186669670805404309e+00 9.693294000000000000e+06
1.382300999567189415e+01 4.173294382497021004e+00 9.736034000000000000e+06
1.383872564254849102e+01 4.165285882307371956e+00 9.758946000000000000e+06
1.385444081006387584e+01 4.156589522398724590e+00 9.778994000000000000e+06
1.387015071998694360e+01 4.145564466162162454e+00 9.796814000000000000e+06
1.388585452423644107e+01 4.132906558314544121e+00 9.816882000000000000e+06
1.390156760444444295e+01 4.127419137722153408e+00 9.850514000000000000e+06
1.391727461050539816e+01 4.113870631089779906e+00 9.856062000000000000e+06
1.393297592547683017e+01 4.105691015794340260e+00 9.886706000000000000e+06
1.394868876145243419e+01 4.095452751327777641e+00 9.916194000000000000e+06
1.396439742877755918e+01 4.086082878398009655e+00 9.924854000000000000e+06
1.398010702101767677e+01 4.078735610837334491e+00 9.961490000000000000e+06
1.399582173626056658e+01 4.068390549927458189e+00 9.979098000000000000e+06
1.401152670862070160e+01 4.055041977861250757e+00 9.990266000000000000e+06
1.402722014478893797e+01 4.046485966698487147e+00 1.001239800000000000e+07
1.404291897715275006e+01 4.037416357184680393e+00 1.003881800000000000e+07
1.405862735443806244e+01 4.025716629392016799e+00 1.007208200000000000e+07
1.407433479531513143e+01 4.018354662009169687e+00 1.008267000000000000e+07
1.409004917104677368e+01 4.009489069986188703e+00 1.012322600000000000e+07
1.410576653922355916e+01 3.998950550152079231e+00 1.013483400000000000e+07
1.412147260933269344e+01 3.988477311123041158e+00 1.015145000000000000e+07
1.413717993358438640e+01 3.979126321984878700e+00 1.018411800000000000e+07
1.415289157905369954e+01 3.970372389289604342e+00 1.019981000000000000e+07
1.416860366393267157e+01 3.960279895597292210e+00 1.023038600000000000e+07
1.418430896436029265e+01 3.950771287594251113e+00 1.023833400000000000e+07
1.420001284291687682e+01 3.942491885874772617e+00 1.027159400000000000e+07
1.421572657614547808e+01 3.932359319654727514e+00 1.029841800000000000e+07
1.423143337578410517e+01 3.918542432220082805e+00 1.030681400000000000e+07
1.424713778177505397e+01 3.912963024206033591e+00 1.034130600000000000e+07
1.426285025225489456e+01 3.901695307136787250e+00 1.036284200000000000e+07
1.427856427368283398e+01 3.892715582903721216e+00 1.038883400000000000e+07
1.429426790244143852e+01 3.883453335680473462e+00 1.039563000000000000e+07
1.430996575509801971e+01 3.875350515406563279e+00 1.042536200000000000e+07
1.432567210679634506e+01 3.861247945098817969e+00 1.045427400000000000e+07
1.434138366999696146e+01 3.859654252877424696e+00 1.047829400000000000e+07
1.435709809438420237e+01 3.848818176052946516e+00 1.050181800000000000e+07
1.437280392282341523e+01 3.838653480186517530e+00 1.051481000000000000e+07
1.438851160269255303e+01 3.828831638581751129e+00 1.054884200000000000e+07
1.440422192675342039e+01 3.819874239835434171e+00 1.056646200000000000e+07
1.441992714275331444e+01 3.810422591885563204e+00 1.058681000000000000e+07
1.443563532454286502e+01 3.801085525193985681e+00 1.061495400000000000e+07
1.445133980253338457e+01 3.791764391376433174e+00 1.063105400000000000e+07
1.446704700330820970e+01 3.786365910292672332e+00 1.066236200000000000e+07
1.448275628028434348e+01 3.776776094848115939e+00 1.068335400000000000e+07
1.449846208348667354e+01 3.768937363927988393e+00 1.069929800000000000e+07
1.451417198299666467e+01 3.760657400438895515e+00 1.073878200000000000e+07
1.452988075651297706e+01 3.751194178962755643e+00 1.074420200000000000e+07
1.454558861043286200e+01 3.742036726133271873e+00 1.078218600000000000e+07
1.456129125218806841e+01 3.736211314898906899e+00 1.078496600000000000e+07
1.457699892464232683e+01 3.725419879641179488e+00 1.083393800000000000e+07
1.459271566640466311e+01 3.714921030687478254e+00 1.084813800000000000e+07
1.460843060267550619e+01 3.704369948737171736e+00 1.087376600000000000e+07
1.462413856613178353e+01 3.699155228681625829e+00 1.088697000000000000e+07
1.463984038393505038e+01 3.692579534443344524e+00 1.091244200000000000e+07
1.465554487563843367e+01 3.684397978256325423e+00 1.093669800000000000e+07
1.467125359738870749e+01 3.676162865664150736e+00 1.096614200000000000e+07
1.468695215062295389e+01 3.664446965952170121e+00 1.096874600000000000e+07
1.470265208970906734e+01 3.659332220991734275e+00 1.101460200000000000e+07
1.471836994524712061e+01 3.651722293691784138e+00 1.104277400000000000e+07
1.473408908505314230e+01 3.643324569582679473e+00 1.106147400000000000e+07
1.474979494899728394e+01 3.633181093615234225e+00 1.107245000000000000e+07
1.476549319820674455e+01 3.624975646399966056e+00 1.109692200000000000e+07
1.478120959716355998e+01 3.617165742940894990e+00 1.114652600000000000e+07
1.479692708607952589e+01 3.608716334927444702e+00 1.114560200000000000e+07
1.481262773648680664e+01 3.597450745591909804e+00 1.116844200000000000e+07
1.482831807978547367e+01 3.590964598608757719e+00 1.118108600000000000e+07
1.484403479212634736e+01 3.584753007836187333e+00 1.125011400000000000e+07
1.485975910022496826e+01 3.578670757952290948e+00 1.124210600000000000e+07
1.487546116254211981e+01 3.571245026606137074e+00 1.126544600000000000e+07
1.489116101759013233e+01 3.560623419984422444e+00 1.128549000000000000e+07
1.490687605691364404e+01 3.552117595727987354e+00 1.133592200000000000e+07
1.492259047301397423e+01 3.547477742973823123e+00 1.133013000000000000e+07
1.493828361520856873e+01 3.536754519351921644e+00 1.135727000000000000e+07
1.495398746968900205e+01 3.528925293293639243e+00 1.138909800000000000e+07
1.496970470176504620e+01 3.523696638084924615e+00 1.142664200000000000e+07
1.498541811108218447e+01 3.516471796264275973e+00 1.143135800000000000e+07
1.500112369815582269e+01 3.506937614080527510e+00 1.146229800000000000e+07
1.501682771044461795e+01 3.499471130484505643e+00 1.147920200000000000e+07
1.503253401606537842e+01 3.491351068911511923e+00 1.150974600000000000e+07
1.504823456875438481e+01 3.486252178457427409e+00 1.152306200000000000e+07
1.506393551489705551e+01 3.478433846390815098e+00 1.155621000000000000e+07
1.507964770104679175e+01 3.470459555609709756e+00 1.158828200000000000e+07
1.509535661435938536e+01 3.462478768748632252e+00 1.159964600000000000e+07
1.511107216380126061e+01 3.454368871011536335e+00 1.164527400000000000e+07
1.512678669010588095e+01 3.450127723995989992e+00 1.164933800000000000e+07
1.514248358802091232e+01 3.442896788841792066e+00 1.166538600000000000e+07
1.515819551110980434e+01 3.433461048736245580e+00 1.171928600000000000e+07
1.517391026295977774e+01 3.427816234779755167e+00 1.172073800000000000e+07
1.518961803510608810e+01 3.421238181911912868e+00 1.175507400000000000e+07
1.520532275548752743e+01 3.410826022170503791e+00 1.176716600000000000e+07
1.522103567250607448e+01 3.404635062750215102e+00 1.181334600000000000e+07
1.523675395281714806e+01 3.401250354109145668e+00 1.182545000000000000e+07
1.525244943101724004e+01 3.392381687631575105e+00 1.182881400000000000e+07
1.526815365307287742e+01 3.383737933149103316e+00 1.188441800000000000e+07
1.528387066072771638e+01 3.377573720767525156e+00 1.190037800000000000e+07
1.529957321464638476e+01 3.371134804982397259e+00 1.190800200000000000e+07
1.531526583627620397e+01 3.364260601283186158e+00 1.193747000000000000e+07
1.533097536464771871e+01 3.357090263481248282e+00 1.198134600000000000e+07
1.534669338573561426e+01 3.345601998440760116e+00 1.199815400000000000e+07
1.536240004252223734e+01 3.344020596884201613e+00 1.201579800000000000e+07
1.537810801182491893e+01 3.338442277338990571e+00 1.204658600000000000e+07
1.539381960142510408e+01 3.330500066842118301e+00 1.207322600000000000e+07
1.540952845721061593e+01 3.324670847198820223e+00 1.208937000000000000e+07
1.542523709037442003e+01 3.313979884955552180e+00 1.212366200000000000e+07
1.544094016867252428e+01 3.308566282942279280e+00 1.212901800000000000e+07
1.545664017249611355e+01 3.301850699228463082e+00 1.216869800000000000e+07
1.547234727593419557e+01 3.296118880459221412e+00 1.219107000000000000e+07
1.548806833453869558e+01 3.288145659700799861e+00 1.223729000000000000e+07
1.550378623459487315e+01 3.282372431998407780e+00 1.223743400000000000e+07
1.551949330626827894e+01 3.276641539175006557e+00 1.226943000000000000e+07
1.553520078467428966e+01 3.269362745776190238e+00 1.228831400000000000e+07
1.555090402017178697e+01 3.263271707367549457e+00 1.231201800000000000e+07
1.556660515225103758e+01 3.253699720361251657e+00 1.233377000000000000e+07
1.558230564648683369e+01 3.250390409696817695e+00 1.236265400000000000e+07
1.559802032509431058e+01 3.242679045909637736e+00 1.240528200000000000e+07
1.561373656517381825e+01 3.237463352332635047e+00 1.241484200000000000e+07
1.562943874868456007e+01 3.232681518100053442e+00 1.243327800000000000e+07
1.564514468723513119e+01 3.226167458014560729e+00 1.246944200000000000e+07
1.566085762263859849e+01 3.220536658647209727e+00 1.249710600000000000e+07
1.567656801168175562e+01 3.213616094654279109e+00 1.251307400000000000e+07
1.569226784315055134e+01 3.205766850075910224e+00 1.253190200000000000e+07
1.570797061764651303e+01 3.201448157935149474e+00 1.256769000000000000e+07
1.572368763200833186e+01 3.193585381904381126e+00 1.260333800000000000e+07
1.573939902922757739e+01 3.186904084017998962e+00 1.261272600000000000e+07
1.575510155432147918e+01 3.183369869982924705e+00 1.263480200000000000e+07
1.577080131559525533e+01 3.177330007036397230e+00 1.266273000000000000e+07
1.578651124257762106e+01 3.172119946270148816e+00 1.269908600000000000e+07
1.580221945868158429e+01 3.165489871272876066e+00 1.271107400000000000e+07
1.581792010585497543e+01 3.158190634847145351e+00 1.273909800000000000e+07
1.583362809238100866e+01 3.152410315525521867e+00 1.276949000000000000e+07
1.584933934958661794e+01 3.146626565682939525e+00 1.279968600000000000e+07
1.586505742005159547e+01 3.140388066500652275e+00 1.282862600000000000e+07
1.588076352344777042e+01 3.136413161467408894e+00 1.283279400000000000e+07
1.589646872608305905e+01 3.130286545248495145e+00 1.287594200000000000e+07
1.591218765353894682e+01 3.124247868136479589e+00 1.290631400000000000e+07
1.592789674253093146e+01 3.117260721303492854e+00 1.291312200000000000e+07
1.594359563934946422e+01 3.112246978630702099e+00 1.293734600000000000e+07
1.595929854003116333e+01 3.106210304273969047e+00 1.297337400000000000e+07
1.597501474699522639e+01 3.100469012935716417e+00 1.300817000000000000e+07
1.599073061961361475e+01 3.095770320617297955e+00 1.302581000000000000e+07
1.600643059467362406e+01 3.091604385284484113e+00 1.303359000000000000e+07
1.602213644221637878e+01 3.085225904786245810e+00 1.308369800000000000e+07
1.603784671360493164e+01 3.081441309182504806e+00 1.309470600000000000e+07
1.605354767035452213e+01 3.075833359885149942e+00 1.311900200000000000e+07
1.606924881116611203e+01 3.068799035593083868e+00 1.314631800000000000e+07
