# k_mean_over_bin [h Mpc^-1] P_bin [h^-3 Mpc^3] N_modes
2.004559772710005558e-02 1.120537217881944343e+03 1.800000000000000000e+01
3.504137442477287673e-02 2.659008316532258050e+03 6.200000000000000000e+01
4.923125820196404961e-02 1.351723852040816155e+03 9.800000000000000000e+01
6.378344006481624640e-02 1.148616517857142981e+03 2.100000000000000000e+02
8.007265176091875325e-02 8.569464285714285552e+02 3.500000000000000000e+02
9.616302738587061139e-02 6.420554166666667015e+02 4.500000000000000000e+02
1.110826890383447979e-01 5.286490344684385718e+02 6.020000000000000000e+02
1.260576397180557251e-01 4.807908054461942129e+02 7.620000000000000000e+02
1.422731428555557009e-01 3.408489218476357223e+02 1.142000000000000000e+03
1.585460595607757484e-01 2.930678250000000276e+02 1.250000000000000000e+03
1.737497011902237598e-01 2.591785836762688291e+02 1.458000000000000000e+03
1.889532144205047226e-01 2.370364353638368300e+02 1.814000000000000000e+03
2.049067109494826788e-01 2.060456123737373844e+02 2.178000000000000000e+03
2.207556613284745450e-01 1.825336269015212167e+02 2.498000000000000000e+03
2.358802738624342921e-01 1.605458619374523437e+02 2.622000000000000000e+03
2.513999951464319649e-01 1.487131796734571765e+02 3.338000000000000000e+03
2.675345382307371400e-01 1.275018303331542313e+02 3.722000000000000000e+03
2.835681791499936044e-01 1.145776603717026347e+02 4.170000000000000000e+03
2.990221799979137507e-01 1.032766320559889834e+02 4.358000000000000000e+03
3.144508804126917023e-01 9.347665872069924831e+01 5.034000000000000000e+03
3.303723395141972552e-01 8.556688615680783982e+01 5.714000000000000000e+03
3.461405835555014798e-01 7.717926174356402669e+01 5.982000000000000000e+03
3.616240832326051979e-01 7.314946701757043002e+01 6.602000000000000000e+03
3.771335216675366642e-01 6.624050666199158854e+01 7.130000000000000000e+03
3.929320011962133541e-01 6.189150796614389094e+01 8.034000000000000000e+03
4.088541926781908975e-01 5.873413534162212102e+01 8.606000000000000000e+03
4.245637628236880179e-01 5.441279574784910267e+01 9.066000000000000000e+03
4.402531073637167558e-01 5.128045322224453173e+01 9.962000000000000000e+03
4.559993315308014661e-01 4.760219490521326691e+01 1.055000000000000000e+04
4.716264483403250773e-01 4.505560195082843222e+01 1.122600000000000000e+04
4.872700578197112775e-01 4.144415085213238825e+01 1.214600000000000000e+04
5.028559864371159316e-01 3.979037511899095847e+01 1.260600000000000000e+04
5.184881697096974662e-01 3.737658038690045004e+01 1.380200000000000000e+04
5.343469721895739433e-01 3.557514911210518704e+01 1.475400000000000000e+04
5.500823565575736485e-01 3.392463307884690948e+01 1.519400000000000000e+04
5.657322269403529669e-01 3.258832578704266325e+01 1.645400000000000000e+04
5.814958906429442687e-01 3.054248098111227705e+01 1.715400000000000000e+04
5.972223875100493018e-01 2.898185494908573290e+01 1.826600000000000000e+04
6.128042965698242694e-01 2.768046000000000006e+01 1.875000000000000000e+04
6.284339241893368566e-01 2.635305055846594868e+01 2.023400000000000000e+04
6.442671741027654608e-01 2.514819055944056103e+01 2.145000000000000000e+04
6.600506477327297006e-01 2.377184881841362341e+01 2.196200000000000000e+04
6.757240646605540135e-01 2.327054652203563379e+01 2.346200000000000000e+04
6.914033637984144942e-01 2.230435279926794934e+01 2.404200000000000000e+04
7.071742118944099875e-01 2.172912732213057652e+01 2.594600000000000000e+04
7.228711511166978632e-01 2.028141750899762741e+01 2.611800000000000000e+04
7.383803448867409802e-01 1.992747037010106936e+01 2.750600000000000000e+04
7.540183656477988938e-01 1.912052742035367814e+01 2.906600000000000000e+04
7.698451130026079392e-01 1.862149835796387620e+01 3.045000000000000000e+04
7.856895634322977884e-01 1.780747511183920295e+01 3.174200000000000000e+04
8.013652298136274554e-01 1.717878488372092960e+01 3.225000000000000000e+04
8.170314793099452411e-01 1.662641970802919644e+01 3.425000000000000000e+04
8.328089595358807440e-01 1.597958446155581846e+01 3.545400000000000000e+04
8.485110835048260691e-01 1.551721263105890181e+01 3.643400000000000000e+04
8.640973204722621759e-01 1.498774448012313520e+01 3.768200000000000000e+04
8.797014300262691044e-01 1.447840637247417028e+01 3.929400000000000000e+04
8.955074489672053550e-01 1.406405699319268265e+01 4.142600000000000000e+04
9.112788985619241222e-01 1.377482557172062982e+01 4.206600000000000000e+04
9.269095651252046153e-01 1.319552914463094950e+01 4.349000000000000000e+04
9.426346125839982770e-01 1.275680358627631250e+01 4.570200000000000000e+04
9.583964670696782928e-01 1.241253028905948597e+01 4.663400000000000000e+04
9.741277885224883804e-01 1.222919069489640442e+01 4.855400000000000000e+04
9.896918448392955092e-01 1.185931553100061286e+01 4.887000000000000000e+04
1.005280879626296420e+00 1.149277214183186402e+01 5.155400000000000000e+04
1.021133664452582135e+00 1.128664725457570661e+01 5.409000000000000000e+04
1.036923334995100809e+00 1.107027078653753982e+01 5.431400000000000000e+04
1.052635308833600680e+00 1.059186105253909638e+01 5.691000000000000000e+04
1.068321370297892425e+00 1.037756167147976782e+01 5.748200000000000000e+04
1.084052701550582753e+00 1.008795421931184499e+01 6.062600000000000000e+04
1.099794715754920382e+00 9.872722853968566525e+00 6.120600000000000000e+04
1.115370388947033220e+00 9.699731300942943335e+00 6.257000000000000000e+04
1.131046383902849950e+00 9.323741061919976758e+00 6.573000000000000000e+04
1.146787968622316356e+00 9.228066048345979766e+00 6.668600000000000000e+04
1.162563353468210270e+00 9.021611990301012796e+00 6.969800000000000000e+04
1.178284495947235833e+00 8.704251813612087219e+00 7.002600000000000000e+04
1.193950312022173277e+00 8.580798256948835245e+00 7.274600000000000000e+04
1.209702279395532543e+00 8.407176945668135559e+00 7.491000000000000000e+04
1.225374778796072261e+00 8.243074172631468244e+00 7.572200000000000000e+04
1.240998268267369031e+00 8.056489863226925507e+00 7.837800000000000000e+04
1.256664763601604173e+00 7.837081406972385089e+00 8.003000000000000000e+04
1.272410839108921055e+00 7.736355877190874253e+00 8.318600000000000000e+04
1.288186821427190987e+00 7.528988909361490123e+00 8.466600000000000000e+04
1.303915415643678744e+00 7.425962060638273243e+00 8.654600000000000000e+04
1.319571589153230251e+00 7.368913387568928997e+00 8.813400000000000000e+04
1.335290070384270056e+00 7.122072254145818349e+00 9.153800000000000000e+04
1.351076062681103140e+00 7.025634005454271858e+00 9.313800000000000000e+04
1.366744220099084473e+00 6.872945288850314860e+00 9.447800000000000000e+04
1.382398842931918725e+00 6.787857623825483522e+00 9.727400000000000000e+04
1.398110035554206876e+00 6.716338775203130496e+00 9.969000000000000000e+04
1.413886464447384306e+00 6.508314650550736324e+00 1.025900000000000000e+05
1.429636290478455862e+00 6.375702274260383717e+00 1.037700000000000000e+05
1.445306609637929229e+00 6.340471785492637125e+00 1.063460000000000000e+05
1.461013715221450848e+00 6.203953853665726825e+00 1.085460000000000000e+05
1.476673179078200837e+00 6.039097072954861645e+00 1.107260000000000000e+05
1.492290038154521659e+00 5.955424471608411707e+00 1.123220000000000000e+05
1.507927148623363189e+00 5.890852856156700845e+00 1.158900000000000000e+05
1.523672044743926701e+00 5.785316820470504773e+00 1.187660000000000000e+05
1.539529615911521709e+00 5.704935383244206903e+00 1.222980000000000000e+05
1.555255688786340684e+00 5.556768060447211610e+00 1.220900000000000000e+05
1.570915144657768492e+00 5.481707535172084533e+00 1.258100000000000000e+05
1.586615423455384422e+00 5.417670060067087512e+00 1.281900000000000000e+05
1.602349133342779730e+00 5.321991846954822414e+00 1.309940000000000000e+05
1.618092974080486135e+00 5.227541092714736770e+00 1.337220000000000000e+05
1.633691874209366679e+00 5.209921593743931822e+00 1.338860000000000000e+05
1.649409270104698511e+00 5.087748064580398299e+00 1.405380000000000000e+05
1.665187916060468121e+00 4.994663712533963462e+00 1.405940000000000000e+05
1.680850499408222509e+00 4.969312349401785234e+00 1.435940000000000000e+05
1.696519861906699678e+00 4.885655030414872257e+00 1.463100000000000000e+05
1.712283893956166425e+00 4.823026468635911002e+00 1.506500000000000000e+05
1.728062756067172412e+00 4.737745945074187226e+00 1.519140000000000000e+05
1.743677627348828585e+00 4.670498474556382895e+00 1.533980000000000000e+05
1.759326903275710174e+00 4.607395275106735966e+00 1.578660000000000000e+05
1.775054497456971747e+00 4.553801398000722145e+00 1.606580000000000000e+05
1.790812710658242546e+00 4.507577604173014230e+00 1.641020000000000000e+05
1.806502375897273804e+00 4.429212198625404717e+00 1.649940000000000000e+05
1.822179186865621636e+00 4.368866279069766989e+00 1.698500000000000000e+05
1.837969883527481585e+00 4.309241427051899720e+00 1.729860000000000000e+05
1.853671301775014824e+00 4.255042223998527717e+00 1.738940000000000000e+05
1.869276135303816311e+00 4.183508411680186612e+00 1.767780000000000000e+05
1.884971321406135658e+00 4.165555453185334045e+00 1.818020000000000000e+05
1.900728707982397125e+00 4.092222997885376579e+00 1.844300000000000000e+05
1.916473119999263952e+00 4.040026409673043162e+00 1.872420000000000000e+05
1.932184555202840048e+00 4.001538436268068821e+00 1.902500000000000000e+05
1.947873548384971176e+00 3.937984239497325678e+00 1.925700000000000000e+05
1.963628993658796507e+00 3.895440003732585588e+00 1.982540000000000000e+05
1.979352447076785815e+00 3.849731034865757184e+00 1.980740000000000000e+05
1.994985104292756439e+00 3.809191413016580263e+00 2.020500000000000000e+05
2.010642935442618739e+00 3.760891317359441377e+00 2.055020000000000000e+05
2.026404838719640278e+00 3.720488237304548473e+00 2.106660000000000000e+05
2.042160439755924539e+00 3.675953331983843775e+00 2.124260000000000000e+05
2.057814152054247447e+00 3.632373444497424497e+00 2.139180000000000000e+05
2.073527659517757193e+00 3.592716883716299492e+00 2.209940000000000000e+05
2.089278401895053872e+00 3.557120173165644772e+00 2.215220000000000000e+05
2.104986979127729807e+00 3.510669909948124889e+00 2.263140000000000000e+05
2.120648321356923383e+00 3.487505719464657705e+00 2.272940000000000000e+05
2.136325257483229656e+00 3.436750145946549484e+00 2.329620000000000000e+05
2.152108829701105730e+00 3.404681573724444910e+00 2.378180000000000000e+05
2.167848322413291839e+00 3.363795260446815760e+00 2.383980000000000000e+05
2.183487000865677263e+00 3.330481260717925274e+00 2.414180000000000000e+05
2.199161537811643807e+00 3.293081086063414986e+00 2.468180000000000000e+05
2.214891256735060487e+00 3.251884458556417279e+00 2.499060000000000000e+05
2.230633713071271895e+00 3.234716698337664731e+00 2.547020000000000000e+05
2.246304443991349320e+00 3.209034197658970466e+00 2.544180000000000000e+05
2.261936208784359970e+00 3.154004979758329164e+00 2.603540000000000000e+05
2.277652670266802293e+00 3.132342229803678713e+00 2.649740000000000000e+05
2.293412982496121355e+00 3.106315960360521267e+00 2.687220000000000000e+05
2.309141221738169047e+00 3.072406347353458855e+00 2.715620000000000000e+05
2.324861988404599789e+00 3.028312622919886898e+00 2.755860000000000000e+05
2.340611247586814159e+00 3.017702050394375224e+00 2.801900000000000000e+05
2.356347504876110666e+00 2.984115682697271232e+00 2.828340000000000000e+05
2.372029085968939910e+00 2.957318660798821774e+00 2.851700000000000000e+05
2.387678571697246621e+00 2.924818506240383975e+00 2.898860000000000000e+05
2.403388139521258626e+00 2.902704058762403339e+00 2.944740000000000000e+05
2.419137128499648348e+00 2.883721468924667075e+00 2.994980000000000000e+05
2.434829956177893884e+00 2.843300770441195002e+00 2.999580000000000000e+05
2.450497304476752181e+00 2.814935362161525845e+00 3.058580000000000000e+05
2.466221630284449073e+00 2.787722937057986794e+00 3.107940000000000000e+05
2.481948461430914410e+00 2.767062223315297498e+00 3.130820000000000000e+05
2.497590267743403203e+00 2.740482002619871960e+00 3.160460000000000000e+05
2.513275415567109317e+00 2.705234693592536654e+00 3.222180000000000000e+05
2.529064511226168488e+00 2.695067635636501091e+00 3.285620000000000000e+05
2.544794397904540872e+00 2.674025694380926410e+00 3.279900000000000000e+05
2.560494206000486273e+00 2.649426080135527606e+00 3.352820000000000000e+05
2.576181416838396743e+00 2.632706789296663352e+00 3.359700000000000000e+05
2.591894431456594372e+00 2.609777811524533142e+00 3.440660000000000000e+05
2.607583386084574517e+00 2.583243749236292519e+00 3.437180000000000000e+05
2.623254195933073518e+00 2.568070088592253608e+00 3.514980000000000000e+05
2.638982638468245323e+00 2.551805855700816306e+00 3.544580000000000000e+05
2.654678623100330981e+00 2.515057897290875477e+00 3.585660000000000000e+05
2.670444987332728282e+00 2.490435735902240211e+00 3.661220000000000000e+05
2.686175436888973866e+00 2.472118722834258264e+00 3.658100000000000000e+05
2.701842624139498383e+00 2.455185981992455080e+00 3.716220000000000000e+05
2.717551210176916143e+00 2.431072400302138892e+00 3.759860000000000000e+05
2.733286152591690943e+00 2.416146446607530418e+00 3.821700000000000000e+05
2.748969669686326611e+00 2.394677568894080455e+00 3.818180000000000000e+05
2.764618652904751617e+00 2.388499039977000304e+00 3.895740000000000000e+05
2.780335698310803405e+00 2.358122215505285890e+00 3.936980000000000000e+05
2.796070939832780322e+00 2.337852790531169678e+00 3.994580000000000000e+05
2.811789110373833278e+00 2.323643566239539382e+00 4.022220000000000000e+05
2.827490318755497611e+00 2.299743716240458813e+00 4.069220000000000000e+05
2.843211165013692643e+00 2.298406987418915914e+00 4.128420000000000000e+05
2.858928238366322816e+00 2.267357064953075430e+00 4.153460000000000000e+05
2.874619182965964193e+00 2.257358309471914737e+00 4.211820000000000000e+05
2.890326122379585971e+00 2.239484857111933902e+00 4.250180000000000000e+05
2.906048410595298837e+00 2.225525382824061094e+00 4.311380000000000000e+05
2.921763637537025282e+00 2.199460670561855569e+00 4.343820000000000000e+05
2.937471882413853042e+00 2.189219228511491977e+00 4.395140000000000000e+05
2.953184966193053373e+00 2.172763093102005882e+00 4.447380000000000000e+05
2.968906669185866321e+00 2.161321590073733923e+00 4.489100000000000000e+05
2.984558054153132023e+00 2.140405093671358117e+00 4.506180000000000000e+05
3.000234266597839206e+00 2.124247640103230417e+00 4.595540000000000000e+05
3.015961738166995865e+00 2.110208300043618479e+00 4.631060000000000000e+05
3.031644318942089189e+00 2.085569098511220076e+00 4.670940000000000000e+05
3.047375183469438475e+00 2.080131117114233597e+00 4.749380000000000000e+05
3.063101994982958765e+00 2.065873029594329946e+00 4.771860000000000000e+05
3.078830638657798602e+00 2.053502640972208138e+00 4.846700000000000000e+05
3.094557820700788220e+00 2.037258090182953119e+00 4.870100000000000000e+05
3.110261604918990841e+00 2.021024768200375465e+00 4.933140000000000000e+05
3.125964826756857384e+00 2.005758106632387516e+00 4.963220000000000000e+05
3.141631907395710410e+00 1.998927899430338995e+00 5.017020000000000000e+05
3.157337759020614865e+00 1.979810598314463155e+00 5.085620000000000000e+05
3.173083732250922218e+00 1.966133162985520544e+00 5.142420000000000000e+05
3.188786566155163538e+00 1.944031793559336529e+00 5.161580000000000000e+05
3.204467208631248454e+00 1.939560243741891510e+00 5.226020000000000000e+05
3.220198682476764773e+00 1.932301854490085846e+00 5.306580000000000000e+05
3.235902901074469540e+00 1.926116939789677129e+00 5.300420000000000000e+05
3.251569839460216826e+00 1.901834343766121371e+00 5.388780000000000000e+05
3.267286640001119125e+00 1.887493567713597775e+00 5.441300000000000000e+05
3.283035953778620897e+00 1.881580063544944226e+00 5.511060000000000000e+05
3.298765470797303756e+00 1.863957448075930445e+00 5.539820000000000000e+05
3.314460854810658219e+00 1.858870682428050980e+00 5.582420000000000000e+05
3.330143183999465961e+00 1.843271296758811406e+00 5.645460000000000000e+05
3.345851390644388967e+00 1.836523587452278283e+00 5.704940000000000000e+05
3.361584614506297086e+00 1.815952572291517075e+00 5.767620000000000000e+05
3.377268741275611497e+00 1.807342377826277824e+00 5.782340000000000000e+05
3.392938742749323389e+00 1.798776521088811586e+00 5.856660000000000000e+05
3.408667877553761993e+00 1.785458645528778199e+00 5.944460000000000000e+05
3.424389245726590758e+00 1.772456950860982650e+00 5.952500000000000000e+05
3.440080490503192756e+00 1.763802158428377842e+00 6.034020000000000000e+05
3.455784632582446392e+00 1.749431371031739513e+00 6.073820000000000000e+05
3.471525169349745088e+00 1.734247013824735451e+00 6.170100000000000000e+05
3.487238775590668638e+00 1.727749084759832465e+00 6.167780000000000000e+05
3.502915637500682244e+00 1.719502005615082041e+00 6.247460000000000000e+05
3.518586117849470174e+00 1.703751978307874060e+00 6.280620000000000000e+05
3.534307361823285198e+00 1.700563214525890876e+00 6.394100000000000000e+05
3.550068718511843802e+00 1.691235103911010729e+00 6.429540000000000000e+05
3.565767899937936303e+00 1.679890173598318270e+00 6.459740000000000000e+05
3.581461234185308484e+00 1.670449050482792241e+00 6.534900000000000000e+05
3.597192479322759873e+00 1.660642478350228490e+00 6.607460000000000000e+05
3.612919168611930854e+00 1.649255393096475508e+00 6.646460000000000000e+05
3.628586482304986038e+00 1.642052368535419360e+00 6.672900000000000000e+05
3.644285394494611641e+00 1.629528491945911428e+00 6.790340000000000000e+05
3.660034289703634869e+00 1.621914373639636420e+00 6.827220000000000000e+05
3.675778468055097559e+00 1.611556366982139332e+00 6.912380000000000000e+05
3.691462948962963786e+00 1.598829585159497135e+00 6.886020000000000000e+05
3.707119074879760223e+00 1.591082344262341852e+00 7.008260000000000000e+05
3.722835664250375487e+00 1.582953489064169661e+00 7.056620000000000000e+05
3.738525251797470528e+00 1.575310492309338839e+00 7.100820000000000000e+05
3.754222032949778853e+00 1.567065209229631106e+00 7.191620000000000000e+05
3.769933086185316640e+00 1.556679473866389607e+00 7.222500000000000000e+05
3.785638995718866973e+00 1.551301930253858430e+00 7.315100000000000000e+05
3.801371660419305520e+00 1.537855493032716847e+00 7.364420000000000000e+05
3.817071936206203997e+00 1.530685735418370719e+00 7.408980000000000000e+05
3.832786102847733023e+00 1.527658173344815351e+00 7.501580000000000000e+05
3.848527046055627121e+00 1.517315987208325723e+00 7.548660000000000000e+05
3.864237159299509283e+00 1.502799095982524147e+00 7.608260000000000000e+05
3.879924927323326056e+00 1.496844708481559705e+00 7.640340000000000000e+05
3.895614328144405114e+00 1.490746543885992814e+00 7.738460000000000000e+05
3.911337128038584687e+00 1.485482176798159193e+00 7.797140000000000000e+05
3.927042484287095014e+00 1.478280382601866005e+00 7.843140000000000000e+05
3.942732759911325768e+00 1.467382149563652538e+00 7.913420000000000000e+05
3.958453369699379998e+00 1.463025887538807579e+00 7.994580000000000000e+05
3.974178216354418591e+00 1.450986195621656538e+00 8.049620000000000000e+05
3.989882109912799013e+00 1.443816008893829883e+00 8.095500000000000000e+05
4.005543243773400874e+00 1.435915560483761899e+00 8.134580000000000000e+05
4.021251057898795445e+00 1.428072448459152710e+00 8.274020000000000000e+05
4.036984636136614846e+00 1.420775767603407180e+00 8.286180000000000000e+05
4.052682677778184583e+00 1.416929286979130564e+00 8.369180000000000000e+05
4.068393456235992467e+00 1.406595321483400829e+00 8.428740000000000000e+05
4.084099822251435974e+00 1.405042809811877014e+00 8.493380000000000000e+05
4.099829813320492455e+00 1.387304526964567852e+00 8.589420000000000000e+05
4.115554009414900349e+00 1.387117469900508437e+00 8.609780000000000000e+05
4.131235359039446386e+00 1.375863998912875807e+00 8.683460000000000000e+05
4.146931044915801223e+00 1.369017052998672268e+00 8.751540000000000000e+05
4.162664159049392687e+00 1.360979966464082036e+00 8.862140000000000000e+05
4.178388788086889960e+00 1.354404736145764954e+00 8.873460000000000000e+05
4.194077965975033351e+00 1.348258240911030859e+00 8.949860000000000000e+05
4.209774792532540388e+00 1.347773778376426312e+00 9.027740000000000000e+05
4.225510803750013977e+00 1.333612081384563774e+00 9.121140000000000000e+05
4.241231113843379141e+00 1.333865649719243152e+00 9.150260000000000000e+05
4.256908196003403866e+00 1.321770715824296616e+00 9.201420000000000000e+05
4.272591924000948893e+00 1.316445364512638605e+00 9.297620000000000000e+05
4.288308084378355645e+00 1.309498633888522612e+00 9.376980000000000000e+05
4.304040323784237287e+00 1.306134111024787270e+00 9.447620000000000000e+05
4.319738418983270378e+00 1.297728113986337029e+00 9.482540000000000000e+05
4.335428335028543856e+00 1.289506214451892951e+00 9.568020000000000000e+05
4.351157550879730884e+00 1.288042237030025072e+00 9.676580000000000000e+05
4.366881330891844826e+00 1.277418474954161276e+00 9.697020000000000000e+05
4.382546060772999574e+00 1.268286939605170138e+00 9.740900000000000000e+05
4.398246218400761798e+00 1.266467295307350138e+00 9.884820000000000000e+05
4.413979276240257654e+00 1.261153419274713139e+00 9.919940000000000000e+05
4.429695644229851403e+00 1.250150594887265987e+00 1.001030000000000000e+06
4.445410080183695989e+00 1.246062459595206118e+00 1.005450000000000000e+06
4.461113024304604657e+00 1.241155382357177039e+00 1.013738000000000000e+06
4.476828248264367538e+00 1.235663984888079936e+00 1.021710000000000000e+06
4.492511743566732996e+00 1.230081470185399928e+00 1.023626000000000000e+06
4.508191947536588806e+00 1.222789920971893096e+00 1.035834000000000000e+06
4.523895481465870283e+00 1.218598612010538096e+00 1.040786000000000000e+06
4.539619934096997156e+00 1.212775444689832671e+00 1.053206000000000000e+06
4.555352618284365995e+00 1.204574707521840038e+00 1.057002000000000000e+06
4.571063001207543941e+00 1.200048195409710416e+00 1.063898000000000000e+06
4.586777862326684385e+00 1.194335731770294506e+00 1.072782000000000000e+06
4.602497075350756361e+00 1.190927220886408122e+00 1.078826000000000000e+06
4.618214180504660149e+00 1.186955843341710226e+00 1.087922000000000000e+06
4.633911241501361467e+00 1.176917296197870000e+00 1.090494000000000000e+06
4.649602871383847535e+00 1.175986641994185344e+00 1.101362000000000000e+06
4.665319460688174047e+00 1.167186466594942074e+00 1.109802000000000000e+06
4.681029772111457099e+00 1.162446366757169391e+00 1.114514000000000000e+06
4.696725943447952467e+00 1.156459477759211874e+00 1.123926000000000000e+06
4.712406639130506392e+00 1.150635531880503049e+00 1.125986000000000000e+06
4.728114319510818397e+00 1.147183145701908380e+00 1.143554000000000000e+06
4.743843011674210075e+00 1.140214006167500793e+00 1.144710000000000000e+06
4.759548004017718270e+00 1.137006311859953600e+00 1.154018000000000000e+06
4.775245153331388437e+00 1.129402945958574600e+00 1.159962000000000000e+06
4.790962201099520534e+00 1.124285431251953460e+00 1.170986000000000000e+06
4.806687457227775795e+00 1.119094090525590390e+00 1.178142000000000000e+06
4.822395257046031780e+00 1.117077592810867603e+00 1.182674000000000000e+06
4.838087143849061356e+00 1.111569501982364372e+00 1.191002000000000000e+06
4.853789225034707222e+00 1.106085028964427952e+00 1.200438000000000000e+06
4.869505077076887289e+00 1.102334475840160533e+00 1.208162000000000000e+06
4.885214479826415435e+00 1.094946608045369807e+00 1.215258000000000000e+06
4.900926872777207954e+00 1.091207539370689927e+00 1.224134000000000000e+06
4.916625834276870499e+00 1.087016224988239799e+00 1.228722000000000000e+06
4.932342625999591945e+00 1.081831072417415607e+00 1.243154000000000000e+06
4.948070313168653200e+00 1.077365601067579615e+00 1.245434000000000000e+06
4.963768791695496674e+00 1.072037145921071355e+00 1.255158000000000000e+06
4.979434313641077026e+00 1.066834845214676530e+00 1.255610000000000000e+06
4.995141420885109262e+00 1.062083581853561887e+00 1.277562000000000000e+06
5.010861277833007499e+00 1.057182261808172319e+00 1.274414000000000000e+06
5.026541148359606304e+00 1.050711745155887167e+00 1.285994000000000000e+06
5.042268620369379839e+00 1.048479881807059311e+00 1.299570000000000000e+06
5.058004053481842455e+00 1.044348475027685463e+00 1.302122000000000000e+06
5.073708460591943137e+00 1.038806671821596694e+00 1.311366000000000000e+06
5.089416057291027862e+00 1.036721887588255120e+00 1.319186000000000000e+06
5.105125712135527571e+00 1.032121841839217735e+00 1.327434000000000000e+06
5.120844156875770103e+00 1.026744399511251737e+00 1.337294000000000000e+06
5.136559512122237159e+00 1.021400616654130067e+00 1.342730000000000000e+06
5.152249183032828306e+00 1.018966528947037098e+00 1.350570000000000000e+06
5.167964432416064291e+00 1.013379024504803327e+00 1.362590000000000000e+06
5.183694924160209716e+00 1.009704420244462497e+00 1.369698000000000000e+06
5.199396868456950926e+00 1.006608958814878552e+00 1.374914000000000000e+06
5.215085298788597612e+00 1.000443418114009386e+00 1.383570000000000000e+06
5.230792912992411559e+00 9.971277413797304812e-01 1.395374000000000000e+06
5.246488594245054315e+00 9.899189796090748228e-01 1.396994000000000000e+06
5.262173859327344161e+00 9.897001834888383698e-01 1.411530000000000000e+06
5.277882164810089982e+00 9.845782301311960527e-01 1.417574000000000000e+06
5.293593858628555360e+00 9.807971044921943715e-01 1.428834000000000000e+06
5.309329156889964985e+00 9.748000893664985345e-01 1.439018000000000000e+06
5.325038538485003414e+00 9.711688362168894306e-01 1.440698000000000000e+06
5.340730702455575241e+00 9.678576268644599745e-01 1.453638000000000000e+06
5.356455193601842524e+00 9.635816057661952261e-01 1.463426000000000000e+06
5.372183381207660702e+00 9.601036674484212385e-01 1.471050000000000000e+06
5.387886700194870926e+00 9.576288332008250359e-01 1.476638000000000000e+06
5.403571860691538831e+00 9.530695718190917987e-01 1.484466000000000000e+06
5.419293096268920529e+00 9.476469436180432471e-01 1.501154000000000000e+06
5.435016687773623012e+00 9.442490740531103155e-01 1.501706000000000000e+06
5.450702718101835487e+00 9.390391147348796652e-01 1.511502000000000000e+06
5.466391329901655105e+00 9.363556038083610256e-01 1.520234000000000000e+06
5.482117701107046770e+00 9.340818626588751616e-01 1.535010000000000000e+06
5.497863840523032231e+00 9.291586916321423750e-01 1.543358000000000000e+06
5.513531058043433575e+00 9.260907020264963485e-01 1.535754000000000000e+06
5.529215137958169990e+00 9.222368069570463511e-01 1.564802000000000000e+06
5.544946163489404611e+00 9.175930943457548672e-01 1.563038000000000000e+06
5.560660431796565106e+00 9.133805607611633626e-01 1.578426000000000000e+06
5.576372624871568817e+00 9.100513790229669553e-01 1.581482000000000000e+06
5.592071612679278658e+00 9.069121526142251977e-01 1.592250000000000000e+06
5.607777081388953810e+00 9.025217197281290016e-01 1.602230000000000000e+06
5.623461069047772654e+00 8.994494639053711715e-01 1.604754000000000000e+06
5.639160434689571844e+00 8.956080169613257480e-01 1.623458000000000000e+06
5.654868627057174635e+00 8.936020302662917025e-01 1.624910000000000000e+06
5.670595730029768688e+00 8.888062709027050312e-01 1.645122000000000000e+06
5.686329334746649700e+00 8.875987763884921611e-01 1.645130000000000000e+06
5.702030598096980540e+00 8.817209999842967605e-01 1.655706000000000000e+06
5.717729473142792784e+00 8.791071486538639679e-01 1.663502000000000000e+06
5.733437455346763301e+00 8.762627468347026216e-01 1.675514000000000000e+06
5.749160590029285700e+00 8.717312902525250484e-01 1.685298000000000000e+06
5.764862617007506351e+00 8.700163237186353538e-01 1.689566000000000000e+06
5.780540238679900078e+00 8.648076979709632406e-01 1.697850000000000000e+06
5.796263103923236848e+00 8.611782140251119655e-01 1.718546000000000000e+06
5.812002103804656983e+00 8.594063077458015121e-01 1.719822000000000000e+06
5.827695391299545058e+00 8.564424969274626598e-01 1.726586000000000000e+06
5.843388778895907798e+00 8.536085272075557562e-01 1.739186000000000000e+06
5.859113417771065535e+00 8.495704917620972019e-01 1.751538000000000000e+06
5.874835560723500549e+00 8.450264410470165188e-01 1.758062000000000000e+06
5.890526541065327137e+00 8.435539928871645943e-01 1.763010000000000000e+06
5.906225317694219434e+00 8.388517054022113228e-01 1.778642000000000000e+06
5.921952321011594300e+00 8.376185016957566898e-01 1.788582000000000000e+06
5.937670655764399896e+00 8.322460392724094769e-01 1.794746000000000000e+06
5.953363581550269679e+00 8.278633081756123779e-01 1.803290000000000000e+06
5.969050809995837703e+00 8.273548527987507617e-01 1.811058000000000000e+06
5.984760752596141486e+00 8.230204369166214118e-01 1.828358000000000000e+06
6.000476440810660783e+00 8.213299719006946775e-01 1.831362000000000000e+06
6.016171166004743220e+00 8.180965319155172333e-01 1.842458000000000000e+06
6.031847027098122815e+00 8.142112904291179953e-01 1.846998000000000000e+06
6.047561666320434348e+00 8.114304470227197141e-01 1.869122000000000000e+06
6.063310221741519790e+00 8.083806904483501476e-01 1.876346000000000000e+06
6.079025995273507732e+00 8.048285028087166504e-01 1.879506000000000000e+06
6.094727650148782594e+00 8.010814038364232337e-01 1.893326000000000000e+06
6.110443441650997620e+00 8.005482625645038430e-01 1.901826000000000000e+06
6.126157369603382641e+00 7.946200029080074945e-01 1.911962000000000000e+06
6.141856103084946561e+00 7.947936455748703111e-01 1.919198000000000000e+06
6.157554247585426133e+00 7.905419372285962254e-01 1.930242000000000000e+06
6.173264897526903994e+00 7.858934140633285770e-01 1.942442000000000000e+06
6.188983783131053684e+00 7.831487282590763321e-01 1.951734000000000000e+06
6.204674330135580007e+00 7.816601778048708482e-01 1.955402000000000000e+06
6.220364153407833108e+00 7.783864253916864540e-01 1.971858000000000000e+06
6.236097253224911263e+00 7.753190592161411931e-01 1.984898000000000000e+06
6.251804727814884721e+00 7.723077598818377520e-01 1.986422000000000000e+06
6.267477703420695434e+00 7.700059890408817997e-01 1.996146000000000000e+06
6.283195068785119908e+00 7.684190245827438037e-01 2.017106000000000000e+06
6.298926466691256110e+00 7.637225222924639567e-01 2.020638000000000000e+06
6.314631082636630310e+00 7.608447499834921635e-01 2.029346000000000000e+06
6.330330969697290477e+00 7.588767061472747599e-01 2.041002000000000000e+06
6.346042618354868381e+00 7.565702917448633436e-01 2.051450000000000000e+06
6.361769829008385280e+00 7.543288327623111078e-01 2.065886000000000000e+06
6.377467710730222450e+00 7.505377695628966395e-01 2.064546000000000000e+06
6.393156758488530933e+00 7.479937819604830507e-01 2.082650000000000000e+06
6.408877231485442749e+00 7.448842153092188889e-01 2.095182000000000000e+06
6.424598957671957322e+00 7.425890357894416871e-01 2.101346000000000000e+06
6.440311953715900373e+00 7.401983121206076044e-01 2.115554000000000000e+06
6.456005935746694568e+00 7.378765620465350672e-01 2.115654000000000000e+06
6.471719753415134946e+00 7.349341986655245629e-01 2.141066000000000000e+06
6.487439387114228850e+00 7.322551764522247097e-01 2.139786000000000000e+06
6.503131318747780831e+00 7.306918100624384405e-01 2.152202000000000000e+06
6.518819434526843537e+00 7.273506815554772187e-01 2.161086000000000000e+06
6.534523450777902198e+00 7.247949043637623712e-01 2.176058000000000000e+06
6.550254613659266312e+00 7.225709757725197191e-01 2.190818000000000000e+06
6.565965738846988309e+00 7.198264570606044410e-01 2.191158000000000000e+06
6.581657291702928347e+00 7.160665669378600828e-01 2.205314000000000000e+06
6.597356411838022794e+00 7.148932614596620327e-01 2.215554000000000000e+06
6.613072568835591802e+00 7.118028438572879812e-01 2.230562000000000000e+06
6.628796834083485301e+00 7.092734506928426441e-01 2.239614000000000000e+06
6.644501868950448475e+00 7.081459015561253345e-01 2.245706000000000000e+06
6.660203335766918364e+00 7.053102571432871004e-01 2.259674000000000000e+06
6.675922241577704419e+00 7.013024840600137200e-01 2.273214000000000000e+06
6.691636876769640807e+00 6.987684208632430893e-01 2.278802000000000000e+06
6.707348854586632214e+00 6.980078542863793478e-01 2.294034000000000000e+06
6.723042755046850338e+00 6.951588536878056113e-01 2.294942000000000000e+06
6.738741204690306574e+00 6.929274292742927388e-01 2.317050000000000000e+06
6.754459451825965743e+00 6.889821821716672900e-01 2.322842000000000000e+06
6.770155876549564411e+00 6.883916428194489789e-01 2.330810000000000000e+06
6.785853403723873356e+00 6.855290567861829221e-01 2.345958000000000000e+06
6.801555230257334550e+00 6.830179033185955761e-01 2.353586000000000000e+06
6.817285949066600459e+00 6.809383955963488333e-01 2.376210000000000000e+06
6.833012673954052651e+00 6.788806663460380530e-01 2.374502000000000000e+06
6.848703343789808606e+00 6.754784302024936515e-01 2.386346000000000000e+06
6.864405076602009714e+00 6.748217330178394313e-01 2.401314000000000000e+06
6.880122619459167588e+00 6.717987621555495670e-01 2.411450000000000000e+06
6.895827031199952550e+00 6.700279627779857083e-01 2.420718000000000000e+06
6.911509854271036701e+00 6.675994865926223598e-01 2.425754000000000000e+06
6.927232044479275430e+00 6.647949387793670173e-01 2.455218000000000000e+06
6.942960195844471549e+00 6.620783457952085227e-01 2.450942000000000000e+06
6.958661448092413160e+00 6.606497732182737836e-01 2.467130000000000000e+06
6.974361211749578793e+00 6.588436926485954359e-01 2.474874000000000000e+06
6.990070831352309000e+00 6.561460743458179534e-01 2.490362000000000000e+06
7.005778159324729693e+00 6.540034553680295071e-01 2.498142000000000000e+06
7.021469697735486015e+00 6.510328707784722724e-01 2.507090000000000000e+06
7.037177120604764191e+00 6.492786061082641558e-01 2.525562000000000000e+06
7.052899061516400003e+00 6.468491071618786004e-01 2.534726000000000000e+06
7.068628793135065536e+00 6.442983094278769141e-01 2.549906000000000000e+06
7.084334935478915796e+00 6.426924503170037273e-01 2.551074000000000000e+06
7.100038328422084710e+00 6.411567735194511064e-01 2.570702000000000000e+06
7.115745931638459254e+00 6.385913556137124969e-01 2.574642000000000000e+06
7.131451190238497162e+00 6.363730240479616995e-01 2.594066000000000000e+06
7.147151468730735147e+00 6.345002431784775299e-01 2.594802000000000000e+06
7.162835307179018507e+00 6.323921432755366112e-01 2.612030000000000000e+06
7.178551581855800556e+00 6.295065952448178903e-01 2.627954000000000000e+06
7.194283665259025184e+00 6.284781635523681853e-01 2.640402000000000000e+06
7.209984529526630936e+00 6.264916027309201940e-01 2.641454000000000000e+06
7.225685108067660956e+00 6.231392528609973613e-01 2.661834000000000000e+06
7.241394735953288198e+00 6.223375299441242792e-01 2.669138000000000000e+06
7.257108192998378726e+00 6.202914176466688412e-01 2.684858000000000000e+06
7.272822849503533860e+00 6.177378327412571535e-01 2.693910000000000000e+06
7.288518104809805997e+00 6.160914756066776521e-01 2.701682000000000000e+06
7.304234199753477874e+00 6.132621484277728241e-01 2.722698000000000000e+06
7.319945495172938799e+00 6.109121801867123391e-01 2.725262000000000000e+06
7.335649438298961655e+00 6.099746576965850986e-01 2.742450000000000000e+06
7.351353846506168743e+00 6.087523410367837728e-01 2.749850000000000000e+06
7.367055388436875241e+00 6.070357686343438308e-01 2.763902000000000000e+06
7.382770533642191602e+00 6.050464135658906173e-01 2.778498000000000000e+06
7.398475089415688544e+00 6.027862422024542477e-01 2.784530000000000000e+06
7.414188731852492609e+00 6.009699258872523986e-01 2.804106000000000000e+06
7.429901641940141133e+00 5.979725798013374449e-01 2.809790000000000000e+06
7.445612173277812218e+00 5.964306750516272793e-01 2.825058000000000000e+06
7.461320649323638143e+00 5.941311526886424721e-01 2.834330000000000000e+06
7.477011404590944821e+00 5.928301223565475286e-01 2.842022000000000000e+06
7.492720686839765776e+00 5.906330002506323673e-01 2.864754000000000000e+06
7.508423522993188826e+00 5.888640350172789084e-01 2.864186000000000000e+06
7.524104703200965361e+00 5.874902067623347657e-01 2.879538000000000000e+06
7.539811207090460599e+00 5.852037573281039240e-01 2.899454000000000000e+06
7.555522870235571453e+00 5.841463637183749169e-01 2.904258000000000000e+06
7.571252185241664989e+00 5.818124081557991545e-01 2.930234000000000000e+06
7.586982910029617777e+00 5.793360427591357498e-01 2.929526000000000000e+06
7.602682376348832705e+00 5.771558113974718518e-01 2.942442000000000000e+06
7.618398087127784990e+00 5.764035432871409403e-01 2.960810000000000000e+06
7.634111360506788735e+00 5.740449936154152777e-01 2.964954000000000000e+06
7.649813471415971122e+00 5.733824151014287329e-01 2.980910000000000000e+06
7.665516544353160100e+00 5.705563531393410548e-01 2.990978000000000000e+06
7.681228381318442544e+00 5.689112442836975481e-01 3.007626000000000000e+06
7.696947282980596938e+00 5.662373317664547434e-01 3.019166000000000000e+06
7.712641051068838571e+00 5.652818188137394007e-01 3.021090000000000000e+06
7.728340175203005202e+00 5.637409632545604676e-01 3.047834000000000000e+06
7.744066325082287428e+00 5.627519562506750894e-01 3.055590000000000000e+06
7.759785182459853381e+00 5.609341525269623263e-01 3.068546000000000000e+06
7.775464898067028230e+00 5.580539511631500416e-01 3.067274000000000000e+06
7.791162210093558471e+00 5.578614490109610191e-01 3.098058000000000000e+06
7.806896787352753719e+00 5.554457653927969973e-01 3.109214000000000000e+06
7.822604758484962950e+00 5.543689434316273479e-01 3.110466000000000000e+06
7.838284799897788702e+00 5.522501336269391992e-01 3.124370000000000000e+06
7.853986825204827937e+00 5.507716016988881691e-01 3.144174000000000000e+06
7.869722202747719386e+00 5.484571697591641426e-01 3.161738000000000000e+06
7.885429030328279687e+00 5.460416739190288027e-01 3.159890000000000000e+06
7.901109098578781520e+00 5.458489438707453401e-01 3.174138000000000000e+06
7.916812369163124252e+00 5.436249149698709759e-01 3.195926000000000000e+06
7.932546153031187153e+00 5.420121950460019544e-01 3.211386000000000000e+06
7.948275829971742645e+00 5.409987189817457853e-01 3.219314000000000000e+06
7.963974762265003449e+00 5.384797646500040225e-01 3.225494000000000000e+06
7.979672909422356852e+00 5.377633488580942922e-01 3.242562000000000000e+06
7.995382124285669967e+00 5.361461802944020860e-01 3.257450000000000000e+06
8.011096558073175444e+00 5.349960218627777264e-01 3.269118000000000000e+06
8.026799325701325927e+00 5.328915606615572953e-01 3.278930000000000000e+06
8.042482997119602572e+00 5.310276040953554322e-01 3.286650000000000000e+06
8.058198313138401403e+00 5.293602880652232834e-01 3.316610000000000000e+06
8.073929632859263350e+00 5.288703258908060700e-01 3.321542000000000000e+06
8.089631173905692307e+00 5.265199208190404212e-01 3.328578000000000000e+06
8.105328344487277903e+00 5.254513801488397418e-01 3.345074000000000000e+06
8.121039774478980178e+00 5.236745044004704752e-01 3.361686000000000000e+06
8.136750954641513545e+00 5.218770643394321507e-01 3.369722000000000000e+06
8.152451824383751600e+00 5.209250167637040629e-01 3.385290000000000000e+06
8.168148505929304193e+00 5.195540445306763289e-01 3.391370000000000000e+06
8.183868116116777003e+00 5.180499163590874812e-01 3.422966000000000000e+06
8.199591131301563252e+00 5.155743626770634691e-01 3.419538000000000000e+06
8.215300984565764963e+00 5.145541039951887496e-01 3.441890000000000000e+06
8.231010872605484252e+00 5.129852241368008103e-01 3.447582000000000000e+06
8.246721005479363598e+00 5.120826671567187960e-01 3.466298000000000000e+06
8.262408288354077257e+00 5.094389552344732452e-01 3.466194000000000000e+06
8.278098173695775941e+00 5.095102478134695412e-01 3.492062000000000000e+06
8.293810268215034753e+00 5.073772577769378733e-01 3.503114000000000000e+06
8.309519053075314687e+00 5.060754515166558942e-01 3.517146000000000000e+06
8.325241433409063418e+00 5.039256304115783403e-01 3.535706000000000000e+06
8.340952984226902345e+00 5.026860361574374547e-01 3.539742000000000000e+06
8.356659711712842054e+00 5.016257350300588058e-01 3.558698000000000000e+06
8.372371429175492707e+00 5.003921784745731793e-01 3.570122000000000000e+06
8.388083579962753333e+00 4.992715834712624923e-01 3.585174000000000000e+06
8.403790832576294889e+00 4.976523684352562871e-01 3.594314000000000000e+06
8.419496525959527133e+00 4.963528352625974915e-01 3.612258000000000000e+06
8.435201663874629219e+00 4.943346954739989974e-01 3.620282000000000000e+06
8.450905678681708721e+00 4.938901076041788962e-01 3.639078000000000000e+06
8.466617353651699318e+00 4.921274774342889180e-01 3.650450000000000000e+06
8.482317771685245589e+00 4.903952853785064070e-01 3.661418000000000000e+06
8.498018574275240766e+00 4.892043084606821912e-01 3.677694000000000000e+06
8.513736467920875128e+00 4.876626700700058548e-01 3.695978000000000000e+06
8.529447827058733722e+00 4.862703932959023256e-01 3.702810000000000000e+06
8.545145453356283838e+00 4.849575650900041501e-01 3.716162000000000000e+06
8.560863155475518127e+00 4.838539485905968829e-01 3.740094000000000000e+06
8.576575892842692284e+00 4.826267243596152889e-01 3.740954000000000000e+06
8.592276429309924524e+00 4.814371503871631708e-01 3.760946000000000000e+06
8.607993113742812952e+00 4.806555393753450534e-01 3.778278000000000000e+06
8.623706693511682175e+00 4.788741353190369421e-01 3.784922000000000000e+06
8.639416117971885356e+00 4.774642889616652064e-01 3.805266000000000000e+06
8.655118251607849089e+00 4.761553342371193653e-01 3.807686000000000000e+06
8.670819176621002100e+00 4.752066848763281670e-01 3.833130000000000000e+06
8.686531013296711734e+00 4.741347570914167808e-01 3.841898000000000000e+06
8.702242672461403927e+00 4.721530095068160460e-01 3.858074000000000000e+06
8.717947060126663317e+00 4.710627416984450866e-01 3.868974000000000000e+06
8.733653634556446832e+00 4.697424911758544264e-01 3.885362000000000000e+06
8.749361177527063660e+00 4.683845994012759695e-01 3.898290000000000000e+06
8.765057838444775484e+00 4.671058322631236326e-01 3.907334000000000000e+06
8.780760279838380811e+00 4.658408060620098934e-01 3.928730000000000000e+06
8.796461536498792810e+00 4.651520156904344616e-01 3.936666000000000000e+06
8.812176163138749629e+00 4.634480931481370081e-01 3.961346000000000000e+06
8.827908468663524744e+00 4.627012878498626414e-01 3.975774000000000000e+06
8.843605203440207063e+00 4.615061285517313983e-01 3.970106000000000000e+06
8.859298780821674768e+00 4.596388612024970843e-01 4.003170000000000000e+06
8.875033023597818982e+00 4.594210358452347487e-01 4.019558000000000000e+06
8.890757701901966570e+00 4.573891878612156847e-01 4.025642000000000000e+06
8.906442147587496194e+00 4.561288604185066986e-01 4.028514000000000000e+06
8.922138549702236077e+00 4.552841332631095139e-01 4.059398000000000000e+06
8.937858770665876307e+00 4.543540833983262250e-01 4.069674000000000000e+06
8.953569902743538478e+00 4.527526888619090029e-01 4.083698000000000000e+06
8.969276596619630837e+00 4.515075844706376573e-01 4.095210000000000000e+06
8.984978332063514372e+00 4.508585657574057382e-01 4.110518000000000000e+06
9.000686439228440250e+00 4.497633182693822618e-01 4.126850000000000000e+06
9.016395212272197313e+00 4.481425511471422984e-01 4.140114000000000000e+06
9.032081625028110849e+00 4.469284724920186691e-01 4.144070000000000000e+06
9.047784840512392179e+00 4.458843474858242839e-01 4.175802000000000000e+06
9.063510534008996089e+00 4.444695731637137714e-01 4.187882000000000000e+06
9.079229438028200150e+00 4.437163481574090684e-01 4.199250000000000000e+06
9.094931536527573357e+00 4.420790585001018735e-01 4.209326000000000000e+06
9.110624252584134553e+00 4.415222589072340109e-01 4.222130000000000000e+06
9.126345788688972505e+00 4.403247875422693913e-01 4.254258000000000000e+06
9.142067210789587506e+00 4.386949797271144091e-01 4.252478000000000000e+06
9.157769224107168426e+00 4.378877293594630182e-01 4.270698000000000000e+06
9.173460189222041095e+00 4.372520524192624602e-01 4.278122000000000000e+06
9.189172851773026451e+00 4.356698522795667272e-01 4.309898000000000000e+06
9.204899411326563197e+00 4.346015600569820836e-01 4.317150000000000000e+06
9.220610370561862723e+00 4.333795625006640062e-01 4.329698000000000000e+06
9.236312329177842173e+00 4.319285373336779754e-01 4.340826000000000000e+06
9.252011696799515406e+00 4.314323135891219296e-01 4.359590000000000000e+06
9.267725419345696380e+00 4.303355723865336935e-01 4.376850000000000000e+06
9.283431809080884278e+00 4.290667314233972962e-01 4.386674000000000000e+06
9.299131961634870436e+00 4.281213835669281376e-01 4.401782000000000000e+06
9.314836560434526902e+00 4.267737050287268574e-01 4.419210000000000000e+06
9.330566699333866509e+00 4.258266703879606263e-01 4.446482000000000000e+06
9.346274096307771728e+00 4.245593955118120433e-01 4.435554000000000000e+06
9.361966720359685468e+00 4.242678735018239333e-01 4.468934000000000000e+06
9.377681860044402740e+00 4.232053085882103716e-01 4.477650000000000000e+06
9.393384317371491932e+00 4.215873344380077214e-01 4.491218000000000000e+06
9.409088966137430177e+00 4.213060249319455219e-01 4.510358000000000000e+06
9.424791439829672157e+00 4.194067889259358028e-01 4.518594000000000000e+06
9.440499207501432011e+00 4.185096834089049311e-01 4.544474000000000000e+06
9.456214212898441218e+00 4.177865898317654758e-01 4.552098000000000000e+06
9.471927439984570540e+00 4.166742440967083905e-01 4.574990000000000000e+06
9.487631754062700651e+00 4.157056372768564434e-01 4.577210000000000000e+06
9.503344281547928318e+00 4.149687914072913153e-01 4.608186000000000000e+06
9.519057247113778431e+00 4.139669814615337673e-01 4.610198000000000000e+06
9.534757011366917112e+00 4.128020859392451669e-01 4.628898000000000000e+06
9.550453458784650351e+00 4.120727909126362110e-01 4.641170000000000000e+06
9.566158712525282937e+00 4.108884962494064319e-01 4.662462000000000000e+06
9.581880158653657276e+00 4.096959334324765667e-01 4.681442000000000000e+06
9.597589579516229819e+00 4.090691895005172940e-01 4.687850000000000000e+06
9.613296380928980867e+00 4.079289377928813631e-01 4.708818000000000000e+06
9.629006062959270196e+00 4.069349071721182209e-01 4.721534000000000000e+06
9.644707396083033402e+00 4.060184099375207523e-01 4.732770000000000000e+06
9.660406197323647248e+00 4.050287418588926491e-01 4.753346000000000000e+06
9.676122008914001427e+00 4.041553946605890291e-01 4.772886000000000000e+06
9.691840694543541801e+00 4.029745054333265242e-01 4.785098000000000000e+06
9.707543237507161749e+00 4.017351858887924787e-01 4.795394000000000000e+06
9.723244122996092642e+00 4.008050449253487413e-01 4.813986000000000000e+06
9.738952330288141113e+00 3.996877543892031204e-01 4.832654000000000000e+06
9.754669949504904736e+00 3.990872665311436807e-01 4.849362000000000000e+06
9.770377600734033052e+00 3.980448908079785575e-01 4.858322000000000000e+06
9.786069629200518705e+00 3.975291894173325069e-01 4.871286000000000000e+06
9.801770721287397237e+00 3.962222921438305345e-01 4.894370000000000000e+06
9.817489821034564912e+00 3.950230179158231159e-01 4.914650000000000000e+06
9.833199646667972971e+00 3.947711151872752011e-01 4.919658000000000000e+06
9.848902655768293712e+00 3.938149405116279089e-01 4.941638000000000000e+06
9.864627278272442013e+00 3.923128869095444671e-01 4.965954000000000000e+06
9.880352198135229358e+00 3.912370745227554680e-01 4.971770000000000000e+06
9.896056604692210712e+00 3.910193338871837954e-01 4.985702000000000000e+06
9.911750273437519354e+00 3.898784183700223505e-01 4.996314000000000000e+06
9.927450557379374985e+00 3.892516078640054222e-01 5.021258000000000000e+06
9.943165753651260985e+00 3.876821733581821139e-01 5.038470000000000000e+06
9.958875512968258903e+00 3.871455927123917951e-01 5.048570000000000000e+06
9.974579326095815546e+00 3.863159129055567798e-01 5.067786000000000000e+06
9.990292534396033375e+00 3.854740439485311865e-01 5.084402000000000000e+06
1.000600856325589305e+01 3.847534881798223561e-01 5.104238000000000000e+06
1.002170444839863528e+01 3.837797120282875341e-01 5.101890000000000000e+06
1.003739052522703901e+01 3.830317516357044649e-01 5.129594000000000000e+06
1.005309882194248416e+01 3.821665146008437208e-01 5.149086000000000000e+06
1.006881895908520086e+01 3.817425264576111421e-01 5.168834000000000000e+06
1.008452231173344416e+01 3.800707556745482329e-01 5.172306000000000000e+06
1.010022729382937889e+01 3.792936745487494599e-01 5.199218000000000000e+06
1.011594565713278016e+01 3.783275060733247153e-01 5.215430000000000000e+06
1.013166058960754867e+01 3.775118491524107611e-01 5.229066000000000000e+06
1.014737047935454051e+01 3.768313366498046713e-01 5.244530000000000000e+06
1.016308234466913696e+01 3.759714281371191458e-01 5.262870000000000000e+06
1.017878958276594581e+01 3.753257192613382309e-01 5.272562000000000000e+06
1.019448555450210314e+01 3.744066745077312408e-01 5.290098000000000000e+06
1.021019673146567186e+01 3.733598206970625832e-01 5.314358000000000000e+06
1.022590751621006078e+01 3.722546540856632169e-01 5.322098000000000000e+06
1.024160880192673417e+01 3.715768515262797833e-01 5.341026000000000000e+06
1.025732775208617475e+01 3.705722696594543897e-01 5.366858000000000000e+06
1.027304584666867804e+01 3.699174301906326123e-01 5.374422000000000000e+06
1.028873472736696293e+01 3.691525281113035017e-01 5.377730000000000000e+06
1.030442576009853184e+01 3.685251025527738200e-01 5.409410000000000000e+06
1.032014867554843818e+01 3.674209111349363566e-01 5.434014000000000000e+06
1.033586943357362209e+01 3.669318437134690414e-01 5.438882000000000000e+06
1.035157161316932140e+01 3.660924139571692937e-01 5.456178000000000000e+06
1.036727210965784174e+01 3.654030576814849551e-01 5.469242000000000000e+06
1.038298135070349915e+01 3.643127018904422920e-01 5.496174000000000000e+06
1.039869418006627910e+01 3.634322671931676241e-01 5.505530000000000000e+06
1.041439794625569881e+01 3.626224642749893978e-01 5.521202000000000000e+06
1.043010482665170713e+01 3.617492414494187236e-01 5.544126000000000000e+06
1.044582478281855487e+01 3.613017674483184338e-01 5.560106000000000000e+06
1.046154309703894825e+01 3.603874158251421100e-01 5.579754000000000000e+06
1.047723959228104285e+01 3.594631357520349790e-01 5.576270000000000000e+06
1.049292720351744279e+01 3.586026195538615235e-01 5.607138000000000000e+06
1.050863523850499526e+01 3.576766356279952874e-01 5.625026000000000000e+06
1.052435348202229015e+01 3.572569978065057161e-01 5.646698000000000000e+06
1.054005549761004978e+01 3.563970780612789047e-01 5.649126000000000000e+06
1.055575482461481052e+01 3.556393195093962567e-01 5.676434000000000000e+06
1.057145826219870344e+01 3.547324770220863233e-01 5.687418000000000000e+06
1.058717117850224376e+01 3.543451038606816317e-01 5.715830000000000000e+06
1.060289400134469062e+01 3.533391601983519315e-01 5.729210000000000000e+06
1.061860918710306834e+01 3.523516563321068551e-01 5.744802000000000000e+06
1.063431091651675153e+01 3.511628426499012745e-01 5.752154000000000000e+06
1.065002180958671651e+01 3.509916904898432444e-01 5.786382000000000000e+06
1.066572980082734468e+01 3.500205129676878801e-01 5.784146000000000000e+06
1.068142742642893950e+01 3.494468093196557712e-01 5.812146000000000000e+06
1.069714023788434787e+01 3.488349860021138227e-01 5.830166000000000000e+06
1.071285364357418146e+01 3.476465783419006583e-01 5.845850000000000000e+06
1.072856242199254062e+01 3.472574014546548904e-01 5.862834000000000000e+06
1.074426756718287557e+01 3.463200762210635331e-01 5.876066000000000000e+06
1.075998381704133955e+01 3.455418555893863819e-01 5.905854000000000000e+06
1.077568840897438562e+01 3.450333507051688842e-01 5.902274000000000000e+06
1.079138304940738280e+01 3.441456264421476896e-01 5.931258000000000000e+06
1.080709884248571484e+01 3.435630446924466397e-01 5.954966000000000000e+06
1.082281622961874490e+01 3.427361757390099406e-01 5.965346000000000000e+06
1.083851693336031374e+01 3.418722349860768839e-01 5.977818000000000000e+06
1.085422396324159422e+01 3.414109746702509440e-01 6.004718000000000000e+06
1.086993137901790796e+01 3.402988269885453554e-01 6.011706000000000000e+06
1.088564351758435222e+01 3.395960522811817262e-01 6.045770000000000000e+06
1.090135356744657535e+01 3.391238244394766399e-01 6.041586000000000000e+06
1.091705034221926418e+01 3.385382311301881053e-01 6.073166000000000000e+06
1.093275207829069018e+01 3.376013454270647141e-01 6.078962000000000000e+06
1.094846122315083825e+01 3.367082726963762651e-01 6.114258000000000000e+06
1.096418118107341577e+01 3.361219938769437476e-01 6.123086000000000000e+06
1.097988849072496542e+01 3.350932778970044379e-01 6.136770000000000000e+06
1.099558679320981724e+01 3.346198019853456329e-01 6.154898000000000000e+06
1.101129673485095672e+01 3.340967669103568349e-01 6.178610000000000000e+06
1.102701485690355909e+01 3.331584578658021156e-01 6.197982000000000000e+06
1.104272390432796591e+01 3.324304725846620179e-01 6.205322000000000000e+06
1.105841361686979951e+01 3.320367913681790406e-01 6.218850000000000000e+06
1.107411347758379350e+01 3.310951626535192371e-01 6.249542000000000000e+06
1.108984077014840963e+01 3.303388620538954545e-01 6.274146000000000000e+06
1.110554794633057796e+01 3.295086736684166295e-01 6.270242000000000000e+06
1.112124931961106533e+01 3.289485881702499670e-01 6.305222000000000000e+06
1.113697510740422381e+01 3.283746185391174244e-01 6.325026000000000000e+06
1.115268911253386719e+01 3.277956716775727863e-01 6.331922000000000000e+06
1.116838422783226115e+01 3.272401799392089528e-01 6.343698000000000000e+06
1.118408594539889478e+01 3.259789600508724572e-01 6.375158000000000000e+06
1.119980416311440052e+01 3.254872400299240742e-01 6.392178000000000000e+06
1.121552521724412621e+01 3.248039164012870850e-01 6.412826000000000000e+06
1.123121923820420243e+01 3.243035865959490449e-01 6.407078000000000000e+06
1.124691480473033778e+01 3.231391306451628087e-01 6.447954000000000000e+06
1.126262248805396560e+01 3.230186998937117360e-01 6.456026000000000000e+06
1.127833175656502007e+01 3.221459305829003639e-01 6.482034000000000000e+06
1.129403915665967872e+01 3.213968251059083348e-01 6.492878000000000000e+06
1.130972772992016750e+01 3.210047286450446458e-01 6.502074000000000000e+06
1.132543464171678238e+01 3.203299783124685662e-01 6.542930000000000000e+06
1.134116092480786619e+01 3.197048225314408909e-01 6.556598000000000000e+06
1.135687931575279030e+01 3.185057866195457610e-01 6.570330000000000000e+06
1.137258152843119419e+01 3.181677938012258400e-01 6.581882000000000000e+06
1.138829329520135047e+01 3.173321970085349886e-01 6.612546000000000000e+06
1.140401544384409860e+01 3.166670237041726010e-01 6.628622000000000000e+06
1.141971418729731447e+01 3.160069774513847296e-01 6.629498000000000000e+06
1.143540805815246841e+01 3.155820475278747761e-01 6.659250000000000000e+06
1.145112342906401892e+01 3.144020136984621572e-01 6.686006000000000000e+06
1.146683855971028443e+01 3.137209271404852173e-01 6.693786000000000000e+06
1.148253750634374093e+01 3.134836581811007994e-01 6.711554000000000000e+06
1.149824439280081201e+01 3.127546328669511544e-01 6.735678000000000000e+06
1.151395944216632472e+01 3.121501167918180331e-01 6.754754000000000000e+06
1.152967750311644046e+01 3.112974926843520840e-01 6.776570000000000000e+06
1.154536786069484400e+01 3.106382604589004170e-01 6.767394000000000000e+06
1.156106414707133290e+01 3.101024075693367688e-01 6.818246000000000000e+06
1.157679140551482533e+01 3.090401638986660648e-01 6.830562000000000000e+06
1.159249865891797526e+01 3.086431265358187681e-01 6.839186000000000000e+06
1.160819828013273636e+01 3.080190490015101701e-01 6.861462000000000000e+06
1.162390472506793770e+01 3.077433138276673974e-01 6.880394000000000000e+06
1.163962004466343636e+01 3.069630245521398626e-01 6.907178000000000000e+06
1.165533434666404133e+01 3.063864873296849312e-01 6.917034000000000000e+06
1.167104051015950716e+01 3.051783499237669117e-01 6.937934000000000000e+06
1.168673926950135034e+01 3.049231350534384322e-01 6.947250000000000000e+06
1.170244721913763897e+01 3.043667268872743970e-01 6.982106000000000000e+06
1.171816433671575730e+01 3.037678905867846613e-01 6.995718000000000000e+06
1.173387031746687015e+01 3.028402031089751367e-01 7.006682000000000000e+06
1.174957622851401240e+01 3.023554954002819484e-01 7.035866000000000000e+06
1.176529536104995444e+01 3.018377938535123373e-01 7.054110000000000000e+06
1.178099828544282701e+01 3.011664646133822010e-01 7.059194000000000000e+06
1.179669856151566165e+01 3.007677385804059522e-01 7.091802000000000000e+06
1.181240716294206905e+01 3.001595906637490319e-01 7.100666000000000000e+06
1.182811135021641213e+01 2.989090091694989737e-01 7.129070000000000000e+06
1.184382402706377313e+01 2.985435476297870205e-01 7.143282000000000000e+06
1.185952830171168593e+01 2.983879593637182581e-01 7.161482000000000000e+06
1.187523683486437243e+01 2.972956120330246255e-01 7.184694000000000000e+06
1.189095187450934432e+01 2.967920980178275214e-01 7.203914000000000000e+06
1.190666038869163401e+01 2.958997795767330241e-01 7.219746000000000000e+06
1.192235843864241396e+01 2.956141506126883645e-01 7.228634000000000000e+06
1.193806809039961259e+01 2.951466173633351953e-01 7.271990000000000000e+06
1.195377948291443992e+01 2.945743138713593501e-01 7.266786000000000000e+06
1.196947381174999947e+01 2.937753388221261419e-01 7.293650000000000000e+06
1.198518648559551458e+01 2.931615289607467645e-01 7.324086000000000000e+06
1.200090807358362710e+01 2.927519366641003207e-01 7.338650000000000000e+06
1.201661637889760037e+01 2.918950750833587127e-01 7.351962000000000000e+06
1.203230565217210035e+01 2.914000793781321708e-01 7.357190000000000000e+06
1.204801118703936780e+01 2.907498026611245456e-01 7.406042000000000000e+06
1.206372840719771133e+01 2.901491113196967842e-01 7.408626000000000000e+06
1.207943832024087349e+01 2.894950111692248251e-01 7.435610000000000000e+06
1.209515324384951640e+01 2.887342353474361412e-01 7.453542000000000000e+06
1.211085873951972935e+01 2.884999561897223508e-01 7.464002000000000000e+06
1.212656505101618798e+01 2.878692210603631674e-01 7.493546000000000000e+06
1.214227798456889929e+01 2.872058271775358995e-01 7.510806000000000000e+06
1.215799402266435081e+01 2.865900263856866470e-01 7.532114000000000000e+06
1.217369248650853386e+01 2.859319057768110461e-01 7.536234000000000000e+06
1.218938816956664795e+01 2.856646405406198519e-01 7.565834000000000000e+06
1.220511056850387632e+01 2.846547548869126643e-01 7.603062000000000000e+06
1.222082302231588535e+01 2.838736141819278580e-01 7.593890000000000000e+06
1.223651649645578665e+01 2.835703339382644739e-01 7.622906000000000000e+06
1.225222107367874180e+01 2.831013485431868038e-01 7.646622000000000000e+06
1.226793902491068877e+01 2.827105191331973910e-01 7.672058000000000000e+06
1.228364718069601835e+01 2.818431738848594659e-01 7.679346000000000000e+06
1.229933962477952214e+01 2.812951299730224175e-01 7.693058000000000000e+06
1.231504373451924117e+01 2.809549093538957765e-01 7.732158000000000000e+06
1.233076331536994985e+01 2.800791458638883236e-01 7.746962000000000000e+06
1.234648244688633945e+01 2.796618408526280186e-01 7.770986000000000000e+06
1.236218576653318735e+01 2.790428808503859770e-01 7.772094000000000000e+06
1.237788516389707461e+01 2.784686611092160313e-01 7.803818000000000000e+06
1.239360390984925964e+01 2.778449181028441739e-01 7.834338000000000000e+06
1.240931454438657155e+01 2.774800828726108337e-01 7.833710000000000000e+06
1.242501025862532238e+01 2.768303571769408777e-01 7.858794000000000000e+06
1.244071609171995973e+01 2.763841449261759675e-01 7.884290000000000000e+06
1.245642554635569788e+01 2.755733009412617007e-01 7.901522000000000000e+06
1.247213990979998322e+01 2.748169383589920134e-01 7.930662000000000000e+06
1.248784889213827753e+01 2.745152894487893347e-01 7.934426000000000000e+06
1.250355459696362281e+01 2.740790757546889278e-01 7.967322000000000000e+06
1.251926642764211373e+01 2.735683482223731366e-01 7.981934000000000000e+06
1.253497567568721927e+01 2.728483764535599154e-01 8.003282000000000000e+06
1.255068061703326165e+01 2.721602121584614231e-01 8.019666000000000000e+06
1.256637936912699516e+01 2.717228378879932849e-01 8.034482000000000000e+06
1.258208508998344399e+01 2.713111303132585972e-01 8.068542000000000000e+06
1.259780313698870202e+01 2.705850680428125155e-01 8.088290000000000000e+06
1.261351163942811127e+01 2.702031552104770529e-01 8.096322000000000000e+06
1.262921162496122385e+01 2.699940696664609452e-01 8.122646000000000000e+06
1.264492727534496019e+01 2.691969755604138315e-01 8.150138000000000000e+06
1.266064123044320411e+01 2.684412813113800089e-01 8.165322000000000000e+06
1.267635049109034462e+01 2.681377828052639578e-01 8.182574000000000000e+06
1.269205751319950970e+01 2.674893688187936491e-01 8.203698000000000000e+06
1.270776623809462613e+01 2.670087167557604335e-01 8.226914000000000000e+06
1.272347983526652904e+01 2.664996281025908131e-01 8.246898000000000000e+06
1.273918476699724422e+01 2.658594268010720518e-01 8.261774000000000000e+06
1.275488532096565741e+01 2.654388118210126990e-01 8.279426000000000000e+06
1.277058911046302292e+01 2.648200890582209643e-01 8.308722000000000000e+06
1.278629950396799053e+01 2.645630114719607073e-01 8.326214000000000000e+06
1.280200365974331511e+01 2.637990097189368832e-01 8.342682000000000000e+06
1.281770065856501084e+01 2.632890151867625095e-01 8.360834000000000000e+06
1.283340848437807935e+01 2.629266446536766555e-01 8.393226000000000000e+06
1.284913125601308792e+01 2.621679839432789483e-01 8.420150000000000000e+06
1.286484437274510917e+01 2.614881454326806187e-01 8.421986000000000000e+06
1.288054190366636220e+01 2.611124411743044882e-01 8.445714000000000000e+06
1.289624751817243542e+01 2.603732447811117900e-01 8.472590000000000000e+06
1.291196350413541616e+01 2.599228167813762425e-01 8.495370000000000000e+06
1.292767561271233312e+01 2.596703177167752896e-01 8.512802000000000000e+06
1.294337627341686670e+01 2.588519808665433186e-01 8.523290000000000000e+06
1.295909254465509619e+01 2.585607751830537038e-01 8.570982000000000000e+06
1.297481202941889933e+01 2.579196280124148588e-01 8.568458000000000000e+06
1.299050877709477980e+01 2.574830565383000036e-01 8.586498000000000000e+06
1.300620190024628187e+01 2.569082203660935648e-01 8.608838000000000000e+06
1.302191363383399469e+01 2.563162113488811067e-01 8.645610000000000000e+06
1.303763169598336091e+01 2.558823896278128451e-01 8.658386000000000000e+06
1.305333181807477239e+01 2.554892382828226616e-01 8.668598000000000000e+06
1.306903073371036683e+01 2.549410308291211735e-01 8.697426000000000000e+06
1.308473895878913140e+01 2.540936367090311232e-01 8.722562000000000000e+06
1.310044895130510945e+01 2.540312031569832985e-01 8.737962000000000000e+06
1.311616215419301668e+01 2.533346858402670820e-01 8.771366000000000000e+06
1.313186858979111094e+01 2.528015017654751118e-01 8.771010000000000000e+06
1.314758318782488900e+01 2.526315601559537272e-01 8.822618000000000000e+06
1.316329275779432884e+01 2.516773909633428508e-01 8.807726000000000000e+06
1.317898595262972350e+01 2.513871712718401263e-01 8.844618000000000000e+06
1.319469240226760220e+01 2.507908693045063364e-01 8.868722000000000000e+06
1.321040689247021405e+01 2.503542189222522363e-01 8.891394000000000000e+06
1.322611949941154208e+01 2.499346382053547477e-01 8.911934000000000000e+06
1.324182463394985909e+01 2.497554610980040335e-01 8.923938000000000000e+06
1.325752875752444560e+01 2.490346429547084794e-01 8.953682000000000000e+06
1.327324685934994797e+01 2.483886879553986182e-01 8.981966000000000000e+06
1.328896030804089534e+01 2.480013774628655465e-01 8.990442000000000000e+06
1.330465770248929935e+01 2.475130369274703424e-01 9.007874000000000000e+06
1.332036222917837698e+01 2.469794164873876374e-01 9.038982000000000000e+06
1.333608106842605068e+01 2.466228688756882392e-01 9.068570000000000000e+06
1.335180331535189246e+01 2.460737734239564212e-01 9.085250000000000000e+06
1.336750361723562541e+01 2.451966165053513225e-01 9.084690000000000000e+06
1.338320275923961589e+01 2.450054520633600519e-01 9.128654000000000000e+06
1.339890831652831338e+01 2.445581873544453999e-01 9.133170000000000000e+06
1.341462514739588485e+01 2.439757554037815801e-01 9.185882000000000000e+06
1.343033068227095939e+01 2.435878400838828728e-01 9.163254000000000000e+06
1.344603079414738112e+01 2.430214649901899504e-01 9.220130000000000000e+06
1.346175097817287813e+01 2.426772728838234860e-01 9.233138000000000000e+06
1.347746169624149459e+01 2.421790957186526483e-01 9.249378000000000000e+06
1.349316675243398933e+01 2.414145962649179578e-01 9.271550000000000000e+06
1.350886780744113125e+01 2.411863121301931201e-01 9.286266000000000000e+06
1.352457420959309786e+01 2.408962378826967066e-01 9.320762000000000000e+06
1.354027528269936731e+01 2.400721239775878424e-01 9.326718000000000000e+06
1.355597266711250448e+01 2.397624719897222811e-01 9.354602000000000000e+06
1.357167854077304803e+01 2.391962721712271034e-01 9.384122000000000000e+06
1.358738838662311110e+01 2.389218712402193801e-01 9.400482000000000000e+06
1.360310113866151482e+01 2.383555374435019913e-01 9.432638000000000000e+06
1.361881507393887070e+01 2.377928356855049941e-01 9.445314000000000000e+06
1.363453202384387275e+01 2.374807830086448635e-01 9.477290000000000000e+06
1.365024566205330991e+01 2.369425257098030091e-01 9.489182000000000000e+06
1.366595033684499860e+01 2.367725477152654023e-01 9.506706000000000000e+06
1.368165392332742947e+01 2.360687742304418968e-01 9.533978000000000000e+06
1.369736167268202998e+01 2.355247914359959727e-01 9.553662000000000000e+06
1.371307055606699343e+01 2.351714952733470754e-01 9.579506000000000000e+06
1.372878654632152795e+01 2.348432003527110012e-01 9.607866000000000000e+06
1.374449164540093271e+01 2.342715516101925299e-01 9.608354000000000000e+06
1.376018948147827103e+01 2.336186996454324982e-01 9.643862000000000000e+06
1.377590285876657106e+01 2.333050051403339209e-01 9.670578000000000000e+06
1.379161550194992891e+01 2.330308250816225113e-01 9.687890000000000000e+06
1.380731081996385612e+01 2.322864136793952872e-01 9.693294000000000000e+06
1.382300999567189415e+01 2.318459189850815838e-01 9.736034000000000000e+06
1.383872564254849102e+01 2.317422137595596954e-01 9.758946000000000000e+06
1.385444081006387584e+01 2.312239121938309550e-01 9.778994000000000000e+06
1.387015071998694360e+01 2.309100438162855762e-01 9.796814000000000000e+06
1.388585452423644107e+01 2.302279124878958416e-01 9.816882000000000000e+06
1.390156760444444295e+01 2.297165406800091847e-01 9.850514000000000000e+06
1.391727461050539816e+01 2.293974003004445317e-01 9.856062000000000000e+06
1.393297592547683017e+01 2.291260860796305587e-01 9.886706000000000000e+06
1.394868876145243419e+01 2.285171357075103660e-01 9.916194000000000000e+06
1.396439742877755918e+01 2.281177637474566255e-01 9.924854000000000000e+06
1.398010702101767677e+01 2.277103124131028555e-01 9.961490000000000000e+06
1.399582173626056658e+01 2.271840100177390798e-01 9.979098000000000000e+06
1.401152670862070160e+01 2.266765969995193364e-01 9.990266000000000000e+06
1.402722014478893797e+01 2.264428561469490064e-01 1.001239800000000000e+07
1.404291897715275006e+01 2.259797169348025103e-01 1.003881800000000000e+07
1.405862735443806244e+01 2.254963273730297424e-01 1.007208200000000000e+07
1.407433479531513143e+01 2.252103609460589240e-01 1.008267000000000000e+07
1.409004917104677368e+01 2.246120703024905296e-01 1.012322600000000000e+07
1.410576653922355916e+01 2.243427963398315073e-01 1.013483400000000000e+07
1.412147260933269344e+01 2.238508291918888393e-01 1.015145000000000000e+07
1.413717993358438640e+01 2.234182675416761521e-01 1.018411800000000000e+07
1.415289157905369954e+01 2.230334437602269071e-01 1.019981000000000000e+07
1.416860366393267157e+01 2.225643294397689209e-01 1.023038600000000000e+07
1.418430896436029265e+01 2.221427577963367705e-01 1.023833400000000000e+07
1.420001284291687682e+01 2.217977560250142255e-01 1.027159400000000000e+07
1.421572657614547808e+01 2.214271162813550575e-01 1.029841800000000000e+07
1.423143337578410517e+01 2.209954744502035384e-01 1.030681400000000000e+07
1.424713778177505397e+01 2.205146525980374306e-01 1.034130600000000000e+07
1.426285025225489456e+01 2.202725854548394924e-01 1.036284200000000000e+07
1.427856427368283398e+01 2.197332251145797388e-01 1.038883400000000000e+07
1.429426790244143852e+01 2.193882429443910487e-01 1.039563000000000000e+07
1.430996575509801971e+01 2.190477894196863340e-01 1.042536200000000000e+07
1.432567210679634506e+01 2.183990968669847488e-01 1.045427400000000000e+07
1.434138366999696146e+01 2.181434783181308013e-01 1.047829400000000000e+07
1.435709809438420237e+01 2.177363243202272147e-01 1.050181800000000000e+07
1.437280392282341523e+01 2.173938473448402686e-01 1.051481000000000000e+07
1.438851160269255303e+01 2.167896959685242930e-01 1.054884200000000000e+07
1.440422192675342039e+01 2.164375123858865990e-01 1.056646200000000000e+07
1.441992714275331444e+01 2.161210506280928645e-01 1.058681000000000000e+07
1.443563532454286502e+01 2.158134411133576236e-01 1.061495400000000000e+07
1.445133980253338457e+01 2.151227667548297473e-01 1.063105400000000000e+07
1.446704700330820970e+01 2.147764726052257267e-01 1.066236200000000000e+07
1.448275628028434348e+01 2.145147722335139229e-01 1.068335400000000000e+07
1.449846208348667354e+01 2.142392893440298596e-01 1.069929800000000000e+07
1.451417198299666467e+01 2.137222591910330205e-01 1.073878200000000000e+07
1.452988075651297706e+01 2.133743390155918573e-01 1.074420200000000000e+07
1.454558861043286200e+01 2.130657920388314419e-01 1.078218600000000000e+07
1.456129125218806841e+01 2.126020378738328886e-01 1.078496600000000000e+07
1.457699892464232683e+01 2.123469323896813865e-01 1.083393800000000000e+07
1.459271566640466311e+01 2.119108827708497123e-01 1.084813800000000000e+07
1.460843060267550619e+01 2.115606037503474091e-01 1.087376600000000000e+07
1.462413856613178353e+01 2.110800801324886344e-01 1.088697000000000000e+07
1.463984038393505038e+01 2.108066416298020329e-01 1.091244200000000000e+07
1.465554487563843367e+01 2.104272925886771228e-01 1.093669800000000000e+07
1.467125359738870749e+01 2.099014858643997172e-01 1.096614200000000000e+07
1.468695215062295389e+01 2.096667431263336823e-01 1.096874600000000000e+07
1.470265208970906734e+01 2.093870936053794651e-01 1.101460200000000000e+07
1.471836994524712061e+01 2.088982351717059427e-01 1.104277400000000000e+07
1.473408908505314230e+01 2.083429613449346851e-01 1.106147400000000000e+07
1.474979494899728394e+01 2.080922243947816441e-01 1.107245000000000000e+07
1.476549319820674455e+01 2.076166931695113405e-01 1.109692200000000000e+07
1.478120959716355998e+01 2.075633699683650246e-01 1.114652600000000000e+07
1.479692708607952589e+01 2.070461290471344584e-01 1.114560200000000000e+07
1.481262773648680664e+01 2.067514206547341193e-01 1.116844200000000000e+07
1.482831807978547367e+01 2.062684474477702590e-01 1.118108600000000000e+07
1.484403479212634736e+01 2.060390010270118089e-01 1.125011400000000000e+07
1.485975910022496826e+01 2.056245511294769734e-01 1.124210600000000000e+07
1.487546116254211981e+01 2.053182359579904803e-01 1.126544600000000000e+07
1.489116101759013233e+01 2.048565237309146470e-01 1.128549000000000000e+07
1.490687605691364404e+01 2.047746314768220943e-01 1.133592200000000000e+07
1.492259047301397423e+01 2.041675382365427394e-01 1.133013000000000000e+07
1.493828361520856873e+01 2.038548216252673295e-01 1.135727000000000000e+07
1.495398746968900205e+01 2.035800815832825295e-01 1.138909800000000000e+07
1.496970470176504620e+01 2.032715516947148637e-01 1.142664200000000000e+07
1.498541811108218447e+01 2.029640747844656812e-01 1.143135800000000000e+07
1.500112369815582269e+01 2.024885193178540821e-01 1.146229800000000000e+07
1.501682771044461795e+01 2.022365971084052749e-01 1.147920200000000000e+07
1.503253401606537842e+01 2.017488917652917602e-01 1.150974600000000000e+07
1.504823456875438481e+01 2.015050773830775188e-01 1.152306200000000000e+07
1.506393551489705551e+01 2.010692303099372580e-01 1.155621000000000000e+07
1.507964770104679175e+01 2.007198737483261164e-01 1.158828200000000000e+07
1.509535661435938536e+01 2.004824974831128370e-01 1.159964600000000000e+07
1.511107216380126061e+01 2.001787377437404813e-01 1.164527400000000000e+07
1.512678669010588095e+01 1.997308344903375443e-01 1.164933800000000000e+07
1.514248358802091232e+01 1.995094932992358683e-01 1.166538600000000000e+07
1.515819551110980434e+01 1.989860986411629562e-01 1.171928600000000000e+07
1.517391026295977774e+01 1.987108874884840892e-01 1.172073800000000000e+07
1.518961803510608810e+01 1.984846075830743184e-01 1.175507400000000000e+07
1.520532275548752743e+01 1.981599265277637634e-01 1.176716600000000000e+07
1.522103567250607448e+01 1.979462253962594454e-01 1.181334600000000000e+07
1.523675395281714806e+01 1.975018921055858301e-01 1.182545000000000000e+07
1.525244943101724004e+01 1.972209766761063299e-01 1.182881400000000000e+07
1.526815365307287742e+01 1.967711628789899636e-01 1.188441800000000000e+07
1.528387066072771638e+01 1.966449301022202556e-01 1.190037800000000000e+07
1.529957321464638476e+01 1.962040525354295240e-01 1.190800200000000000e+07
1.531526583627620397e+01 1.960777493053385556e-01 1.193747000000000000e+07
1.533097536464771871e+01 1.956396635236141157e-01 1.198134600000000000e+07
1.534669338573561426e+01 1.953471759072270553e-01 1.199815400000000000e+07
1.536240004252223734e+01 1.949965370589618607e-01 1.201579800000000000e+07
1.537810801182491893e+01 1.948286842429880206e-01 1.204658600000000000e+07
1.539381960142510408e+01 1.943813111756542977e-01 1.207322600000000000e+07
1.540952845721061593e+01 1.940740501779662786e-01 1.208937000000000000e+07
1.542523709037442003e+01 1.938222956067234548e-01 1.212366200000000000e+07
1.544094016867252428e+01 1.936078831773520303e-01 1.212901800000000000e+07
1.545664017249611355e+01 1.932355869132424686e-01 1.216869800000000000e+07
1.547234727593419557e+01 1.929291686455741617e-01 1.219107000000000000e+07
1.548806833453869558e+01 1.924173366815692121e-01 1.223729000000000000e+07
1.550378623459487315e+01 1.922546834573326535e-01 1.223743400000000000e+07
1.551949330626827894e+01 1.919388675757553453e-01 1.226943000000000000e+07
1.553520078467428966e+01 1.917354772998151047e-01 1.228831400000000000e+07
1.555090402017178697e+01 1.913815834252354242e-01 1.231201800000000000e+07
1.556660515225103758e+01 1.912507692295218609e-01 1.233377000000000000e+07
1.558230564648683369e+01 1.907973805624585129e-01 1.236265400000000000e+07
1.559802032509431058e+01 1.904844646014496046e-01 1.240528200000000000e+07
1.561373656517381825e+01 1.902934004315157412e-01 1.241484200000000000e+07
1.562943874868456007e+01 1.900625281603129935e-01 1.243327800000000000e+07
1.564514468723513119e+01 1.895951117940963271e-01 1.246944200000000000e+07
1.566085762263859849e+01 1.893126896739132925e-01 1.249710600000000000e+07
1.567656801168175562e+01 1.890753023597558924e-01 1.251307400000000000e+07
1.569226784315055134e+01 1.888118419693993744e-01 1.253190200000000000e+07
1.570797061764651303e+01 1.885017453485883232e-01 1.256769000000000000e+07
1.572368763200833186e+01 1.882153759583373720e-01 1.260333800000000000e+07
1.573939902922757739e+01 1.879726872683986083e-01 1.261272600000000000e+07
1.575510155432147918e+01 1.877819889856603974e-01 1.263480200000000000e+07
1.577080131559525533e+01 1.873999722018869496e-01 1.266273000000000000e+07
1.578651124257762106e+01 1.870867123822927136e-01 1.269908600000000000e+07
1.580221945868158429e+01 1.868503991086827021e-01 1.271107400000000000e+07
1.581792010585497543e+01 1.866374487424462825e-01 1.273909800000000000e+07
1.583362809238100866e+01 1.862356092529928731e-01 1.276949000000000000e+07
1.584933934958661794e+01 1.861204837368666820e-01 1.279968600000000000e+07
1.586505742005159547e+01 1.858139172503742720e-01 1.282862600000000000e+07
1.588076352344777042e+01 1.855816239238314014e-01 1.283279400000000000e+07
1.589646872608305905e+01 1.853693694799184166e-01 1.287594200000000000e+07
1.591218765353894682e+01 1.849104050931970056e-01 1.290631400000000000e+07
1.592789674253093146e+01 1.848838917498030476e-01 1.291312200000000000e+07
1.594359563934946422e+01 1.845288631841492111e-01 1.293734600000000000e+07
1.595929854003116333e+01 1.843304024072689173e-01 1.297337400000000000e+07
1.597501474699522639e+01 1.839906958473021270e-01 1.300817000000000000e+07
1.599073061961361475e+01 1.838813094924615088e-01 1.302581000000000000e+07
1.600643059467362406e+01 1.835744219359362883e-01 1.303359000000000000e+07
1.602213644221637878e+01 1.832962286350540981e-01 1.308369800000000000e+07
1.603784671360493164e+01 1.830654311750107288e-01 1.309470600000000000e+07
1.605354767035452213e+01 1.827759459141785336e-01 1.311900200000000000e+07
1.606924881116611203e+01 1.824082796414935315e-01 1.314631800000000000e+07
