# k_mean_over_bin [h Mpc^-1] P_bin [h^-3 Mpc^3] N_modes
2.004559772710005558e-02 1.119682508680555429e+03 1.800000000000000000e+01
3.504137442477287673e-02 2.657089213709677551e+03 6.200000000000000000e+01
4.923125820196404961e-02 1.350728794642857110e+03 9.800000000000000000e+01
6.378344006481624640e-02 1.147787797619047751e+03 2.100000000000000000e+02
8.007265176091875325e-02 8.562727678571428669e+02 3.500000000000000000e+02
9.616302738587061139e-02 6.415034027777777510e+02 4.500000000000000000e+02
1.110826890383447979e-01 5.281553675249169828e+02 6.020000000000000000e+02
1.260576397180557251e-01 4.803376804461942129e+02 7.620000000000000000e+02
1.422731428555557009e-01 3.404976740367775960e+02 1.142000000000000000e+03
1.585460595607757484e-01 2.927255000000000109e+02 1.250000000000000000e+03
1.737497011902237598e-01 2.588492155349794075e+02 1.458000000000000000e+03
1.889532144205047226e-01 2.367215407938257954e+02 1.814000000000000000e+03
2.049067109494826788e-01 2.057338441230486694e+02 2.178000000000000000e+03
2.207556613284745450e-01 1.822428067453963081e+02 2.498000000000000000e+03
2.358802738624342921e-01 1.602784253432494381e+02 2.622000000000000000e+03
2.513999951464319649e-01 1.484259474236069423e+02 3.338000000000000000e+03
2.675345382307371400e-01 1.272405964535196290e+02 3.722000000000000000e+03
2.835681791499936044e-01 1.143096747601918537e+02 4.170000000000000000e+03
2.990221799979137507e-01 1.030225734281780632e+02 4.358000000000000000e+03
3.144508804126917023e-01 9.322917908224076200e+01 5.034000000000000000e+03
3.303723395141972552e-01 8.532141450822541628e+01 5.714000000000000000e+03
3.461405835555014798e-01 7.694012245068537936e+01 5.982000000000000000e+03
3.616240832326051979e-01 7.290637306876703860e+01 6.602000000000000000e+03
3.771335216675366642e-01 6.600220021037868889e+01 7.130000000000000000e+03
3.929320011962133541e-01 6.165447628827482873e+01 8.034000000000000000e+03
4.088541926781908975e-01 5.848754502672554167e+01 8.606000000000000000e+03
4.245637628236880179e-01 5.416080341385395513e+01 9.066000000000000000e+03
4.402531073637167558e-01 5.102902592350933730e+01 9.962000000000000000e+03
4.559993315308014661e-01 4.735739928909952567e+01 1.055000000000000000e+04
4.716264483403250773e-01 4.480290731337965582e+01 1.122600000000000000e+04
4.872700578197112775e-01 4.119140560678413010e+01 1.214600000000000000e+04
5.028559864371159316e-01 3.953673597889893898e+01 1.260600000000000000e+04
5.184881697096974662e-01 3.712182337704680890e+01 1.380200000000000000e+04
5.343469721895739433e-01 3.532401806289819746e+01 1.475400000000000000e+04
5.500823565575736485e-01 3.366370360010530050e+01 1.519400000000000000e+04
5.657322269403529669e-01 3.232978682995016584e+01 1.645400000000000000e+04
5.814958906429442687e-01 3.027863217033927867e+01 1.715400000000000000e+04
5.972223875100493018e-01 2.872180896200591249e+01 1.826600000000000000e+04
6.128042965698242694e-01 2.741639999999999944e+01 1.875000000000000000e+04
6.284339241893368566e-01 2.608857924780073034e+01 2.023400000000000000e+04
6.442671741027654608e-01 2.487918123543123627e+01 2.145000000000000000e+04
6.600506477327297006e-01 2.350304076359165961e+01 2.196200000000000000e+04
6.757240646605540135e-01 2.299492530474810437e+01 2.346200000000000000e+04
6.914033637984144942e-01 2.203250561517344863e+01 2.404200000000000000e+04
7.071742118944099875e-01 2.145068844908656303e+01 2.594600000000000000e+04
7.228711511166978632e-01 2.001238848686729455e+01 2.611800000000000000e+04
7.383803448867409802e-01 1.964767459826946805e+01 2.750600000000000000e+04
7.540183656477988938e-01 1.883664762953278782e+01 2.906600000000000000e+04
7.698451130026079392e-01 1.834123768472906235e+01 3.045000000000000000e+04
7.856895634322977884e-01 1.751945962762270881e+01 3.174200000000000000e+04
8.013652298136274554e-01 1.688866666666666561e+01 3.225000000000000000e+04
8.170314793099452411e-01 1.632933211678832208e+01 3.425000000000000000e+04
8.328089595358807440e-01 1.568825097309189331e+01 3.545400000000000000e+04
8.485110835048260691e-01 1.522109842454849904e+01 3.643400000000000000e+04
8.640973204722621759e-01 1.468817008120588063e+01 3.768200000000000000e+04
8.797014300262691044e-01 1.418099296330228576e+01 3.929400000000000000e+04
8.955074489672053550e-01 1.376674371167865729e+01 4.142600000000000000e+04
9.112788985619241222e-01 1.347069486045737641e+01 4.206600000000000000e+04
9.269095651252046153e-01 1.289295815129914935e+01 4.349000000000000000e+04
9.426346125839982770e-01 1.245179231762286243e+01 4.570200000000000000e+04
9.583964670696782928e-01 1.210698203027833841e+01 4.663400000000000000e+04
9.741277885224883804e-01 1.191900255385756147e+01 4.855400000000000000e+04
9.896918448392955092e-01 1.154634361571516266e+01 4.887000000000000000e+04
1.005280879626296420e+00 1.118169055747371665e+01 5.155400000000000000e+04
1.021133664452582135e+00 1.097219449066370878e+01 5.409000000000000000e+04
1.036923334995100809e+00 1.074755012519792174e+01 5.431400000000000000e+04
1.052635308833600680e+00 1.027477266736953077e+01 5.691000000000000000e+04
1.068321370297892425e+00 1.006039390591837446e+01 5.748200000000000000e+04
1.084052701550582753e+00 9.768420314716458108e+00 6.062600000000000000e+04
1.099794715754920382e+00 9.548888180897298739e+00 6.120600000000000000e+04
1.115370388947033220e+00 9.371648753396197407e+00 6.257000000000000000e+04
1.131046383902849950e+00 8.996867868553172443e+00 6.573000000000000000e+04
1.146787968622316356e+00 8.899346377050655121e+00 6.668600000000000000e+04
1.162563353468210270e+00 8.691058208269964780e+00 6.969800000000000000e+04
1.178284495947235833e+00 8.374764373232800097e+00 7.002600000000000000e+04
1.193950312022173277e+00 8.246793638138179006e+00 7.274600000000000000e+04
1.209702279395532543e+00 8.077880957148577679e+00 7.491000000000000000e+04
1.225374778796072261e+00 7.907680396714297011e+00 7.572200000000000000e+04
1.240998268267369031e+00 7.720728393171553350e+00 7.837800000000000000e+04
1.256664763601604173e+00 7.501740753467449174e+00 8.003000000000000000e+04
1.272410839108921055e+00 7.396579652826196671e+00 8.318600000000000000e+04
1.288186821427190987e+00 7.189540370396616531e+00 8.466600000000000000e+04
1.303915415643678744e+00 7.087254899128787144e+00 8.654600000000000000e+04
1.319571589153230251e+00 7.024749954614563308e+00 8.813400000000000000e+04
1.335290070384270056e+00 6.781173529026196078e+00 9.153800000000000000e+04
1.351076062681103140e+00 6.680911657969893724e+00 9.313800000000000000e+04
1.366744220099084473e+00 6.529605437244650368e+00 9.447800000000000000e+04
1.382398842931918725e+00 6.441071740650122557e+00 9.727400000000000000e+04
1.398110035554206876e+00 6.365740044136824594e+00 9.969000000000000000e+04
1.413886464447384306e+00 6.157681669753388043e+00 1.025900000000000000e+05
1.429636290478455862e+00 6.031257829815939608e+00 1.037700000000000000e+05
1.445306609637929229e+00 5.989663457017659454e+00 1.063460000000000000e+05
1.461013715221450848e+00 5.852680545575147164e+00 1.085460000000000000e+05
1.476673179078200837e+00 5.692840886512652965e+00 1.107260000000000000e+05
1.492290038154521659e+00 5.604432457577322779e+00 1.123220000000000000e+05
1.507927148623363189e+00 5.539091487617568532e+00 1.158900000000000000e+05
1.523672044743926701e+00 5.431237159624807909e+00 1.187660000000000000e+05
1.539529615911521709e+00 5.348881420791836483e+00 1.222980000000000000e+05
1.555255688786340684e+00 5.203439061348186456e+00 1.220900000000000000e+05
1.570915144657768492e+00 5.126177370638264286e+00 1.258100000000000000e+05
1.586615423455384422e+00 5.063011447850845670e+00 1.281900000000000000e+05
1.602349133342779730e+00 4.968510962334152126e+00 1.309940000000000000e+05
1.618092974080486135e+00 4.870061582985596438e+00 1.337220000000000000e+05
1.633691874209366679e+00 4.849580986809673533e+00 1.338860000000000000e+05
1.649409270104698511e+00 4.729169779703710219e+00 1.405380000000000000e+05
1.665187916060468121e+00 4.637347166308662061e+00 1.405940000000000000e+05
1.680850499408222509e+00 4.610619176288702548e+00 1.435940000000000000e+05
1.696519861906699678e+00 4.526529714305241647e+00 1.463100000000000000e+05
1.712283893956166425e+00 4.460407816130103065e+00 1.506500000000000000e+05
1.728062756067172412e+00 4.376231371038877604e+00 1.519140000000000000e+05
1.743677627348828585e+00 4.311822839932724527e+00 1.533980000000000000e+05
1.759326903275710174e+00 4.247294778483017730e+00 1.578660000000000000e+05
1.775054497456971747e+00 4.192563551145912726e+00 1.606580000000000000e+05
1.790812710658242546e+00 4.144895019561004368e+00 1.641020000000000000e+05
1.806502375897273804e+00 4.069160469471617247e+00 1.649940000000000000e+05
1.822179186865621636e+00 4.007651236385044946e+00 1.698500000000000000e+05
1.837969883527481585e+00 3.948842319609679130e+00 1.729860000000000000e+05
1.853671301775014824e+00 3.892964248335192945e+00 1.738940000000000000e+05
1.869276135303816311e+00 3.824455319666474118e+00 1.767780000000000000e+05
1.884971321406135658e+00 3.804339336200922350e+00 1.818020000000000000e+05
1.900728707982397125e+00 3.733632679065228110e+00 1.844300000000000000e+05
1.916473119999263952e+00 3.680915272748635392e+00 1.872420000000000000e+05
1.932184555202840048e+00 3.639423127463863761e+00 1.902500000000000000e+05
1.947873548384971176e+00 3.580653139118242567e+00 1.925700000000000000e+05
1.963628993658796507e+00 3.536367803423890788e+00 1.982540000000000000e+05
1.979352447076785815e+00 3.489203845532477644e+00 1.980740000000000000e+05
1.994985104292756439e+00 3.446837107151695001e+00 2.020500000000000000e+05
2.010642935442618739e+00 3.401345850648655134e+00 2.055020000000000000e+05
2.026404838719640278e+00 3.361041886208500529e+00 2.106660000000000000e+05
2.042160439755924539e+00 3.316430192161035073e+00 2.124260000000000000e+05
2.057814152054247447e+00 3.273956025205920106e+00 2.139180000000000000e+05
2.073527659517757193e+00 3.234894386272930245e+00 2.209940000000000000e+05
2.089278401895053872e+00 3.199525329312664201e+00 2.215220000000000000e+05
2.104986979127729807e+00 3.153502987000361912e+00 2.263140000000000000e+05
2.120648321356923383e+00 3.127038659181500257e+00 2.272940000000000000e+05
2.136325257483229656e+00 3.077970870785793345e+00 2.329620000000000000e+05
2.152108829701105730e+00 3.044858095266128384e+00 2.378180000000000000e+05
2.167848322413291839e+00 3.004883902130051521e+00 2.383980000000000000e+05
2.183487000865677263e+00 2.972108542030834855e+00 2.414180000000000000e+05
2.199161537811643807e+00 2.936535979952839437e+00 2.468180000000000000e+05
2.214891256735060487e+00 2.895682526630012799e+00 2.499060000000000000e+05
2.230633713071271895e+00 2.877637150473886685e+00 2.547020000000000000e+05
2.246304443991349320e+00 2.851481862525449884e+00 2.544180000000000000e+05
2.261936208784359970e+00 2.798187275786045092e+00 2.603540000000000000e+05
2.277652670266802293e+00 2.777531474786205656e+00 2.649740000000000000e+05
2.293412982496121355e+00 2.750063727569756367e+00 2.687220000000000000e+05
2.309141221738169047e+00 2.717822725565432584e+00 2.715620000000000000e+05
2.324861988404599789e+00 2.676375069851153476e+00 2.755860000000000000e+05
2.340611247586814159e+00 2.662979585281416206e+00 2.801900000000000000e+05
2.356347504876110666e+00 2.630739453177481924e+00 2.828340000000000000e+05
2.372029085968939910e+00 2.604263684819581481e+00 2.851700000000000000e+05
2.387678571697246621e+00 2.572793054856046702e+00 2.898860000000000000e+05
2.403388139521258626e+00 2.549745902864089864e+00 2.944740000000000000e+05
2.419137128499648348e+00 2.530154416723984667e+00 2.994980000000000000e+05
2.434829956177893884e+00 2.491209394315204051e+00 2.999580000000000000e+05
2.450497304476752181e+00 2.464329035042405192e+00 3.058580000000000000e+05
2.466221630284449073e+00 2.437703913202957651e+00 3.107940000000000000e+05
2.481948461430914410e+00 2.418072980880408451e+00 3.130820000000000000e+05
2.497590267743403203e+00 2.391759625181144600e+00 3.160460000000000000e+05
2.513275415567109317e+00 2.361205767523850252e+00 3.222180000000000000e+05
2.529064511226168488e+00 2.346282817246060137e+00 3.285620000000000000e+05
2.544794397904540872e+00 2.326874676057197000e+00 3.279900000000000000e+05
2.560494206000486273e+00 2.303614009997554390e+00 3.352820000000000000e+05
2.576181416838396743e+00 2.285705941006637598e+00 3.359700000000000000e+05
2.591894431456594372e+00 2.262634567205129343e+00 3.440660000000000000e+05
2.607583386084574517e+00 2.237516837931094571e+00 3.437180000000000000e+05
2.623254195933073518e+00 2.222576124188473390e+00 3.514980000000000000e+05
2.638982638468245323e+00 2.206636964040873394e+00 3.544580000000000000e+05
2.654678623100330981e+00 2.172849628799160993e+00 3.585660000000000000e+05
2.670444987332728282e+00 2.149384289936141279e+00 3.661220000000000000e+05
2.686175436888973866e+00 2.131628440993958318e+00 3.658100000000000000e+05
2.701842624139498383e+00 2.114385719898176141e+00 3.716220000000000000e+05
2.717551210176916143e+00 2.092722202422430566e+00 3.759860000000000000e+05
2.733286152591690943e+00 2.078167111494884534e+00 3.821700000000000000e+05
2.748969669686326611e+00 2.055929624847440351e+00 3.818180000000000000e+05
2.764618652904751617e+00 2.048896358586558719e+00 3.895740000000000000e+05
2.780335698310803405e+00 2.021958772968112328e+00 3.936980000000000000e+05
2.796070939832780322e+00 2.001084907549729675e+00 3.994580000000000000e+05
2.811789110373833278e+00 1.987762665890975722e+00 4.022220000000000000e+05
2.827490318755497611e+00 1.964294139908877135e+00 4.069220000000000000e+05
2.843211165013692643e+00 1.961824378333599794e+00 4.128420000000000000e+05
2.858928238366322816e+00 1.934669528537652949e+00 4.153460000000000000e+05
2.874619182965964193e+00 1.923984168364269998e+00 4.211820000000000000e+05
2.890326122379585971e+00 1.906235147687862730e+00 4.250180000000000000e+05
2.906048410595298837e+00 1.892352332663787440e+00 4.311380000000000000e+05
2.921763637537025282e+00 1.868977075477344707e+00 4.343820000000000000e+05
2.937471882413853042e+00 1.856909563745409608e+00 4.395140000000000000e+05
2.953184966193053373e+00 1.844306788491201443e+00 4.447380000000000000e+05
2.968906669185866321e+00 1.830739179345525658e+00 4.489100000000000000e+05
2.984558054153132023e+00 1.811485282434345923e+00 4.506180000000000000e+05
3.000234266597839206e+00 1.796113732009731123e+00 4.595540000000000000e+05
3.015961738166995865e+00 1.782407942242165033e+00 4.631060000000000000e+05
3.031644318942089189e+00 1.761733719551096700e+00 4.670940000000000000e+05
3.047375183469438475e+00 1.754941960845415538e+00 4.749380000000000000e+05
3.063101994982958765e+00 1.740838216125368376e+00 4.771860000000000000e+05
3.078830638657798602e+00 1.728947789217405884e+00 4.846700000000000000e+05
3.094557820700788220e+00 1.713451340834890591e+00 4.870100000000000000e+05
3.110261604918990841e+00 1.699539112005740815e+00 4.933140000000000000e+05
3.125964826756857384e+00 1.684838295501710492e+00 4.963220000000000000e+05
3.141631907395710410e+00 1.677444354417562566e+00 5.017020000000000000e+05
3.157337759020614865e+00 1.659593618870462306e+00 5.085620000000000000e+05
3.173083732250922218e+00 1.646481617604163228e+00 5.142420000000000000e+05
3.188786566155163538e+00 1.626753339093843342e+00 5.161580000000000000e+05
3.204467208631248454e+00 1.622443322069184513e+00 5.226020000000000000e+05
3.220198682476764773e+00 1.614309969886442930e+00 5.306580000000000000e+05
3.235902901074469540e+00 1.608703885729810157e+00 5.300420000000000000e+05
3.251569839460216826e+00 1.586156792446527852e+00 5.388780000000000000e+05
3.267286640001119125e+00 1.573377111168287046e+00 5.441300000000000000e+05
3.283035953778620897e+00 1.567621065638915345e+00 5.511060000000000000e+05
3.298765470797303756e+00 1.551473017173843338e+00 5.539820000000000000e+05
3.314460854810658219e+00 1.545793311861164199e+00 5.582420000000000000e+05
3.330143183999465961e+00 1.531804870639416283e+00 5.645460000000000000e+05
3.345851390644388967e+00 1.524617371085410289e+00 5.704940000000000000e+05
3.361584614506297086e+00 1.507219290625942731e+00 5.767620000000000000e+05
3.377268741275611497e+00 1.498918582269461730e+00 5.782340000000000000e+05
3.392938742749323389e+00 1.490106349011211195e+00 5.856660000000000000e+05
3.408667877553761993e+00 1.478569752340834986e+00 5.944460000000000000e+05
3.424389245726590758e+00 1.466599853002939824e+00 5.952500000000000000e+05
3.440080490503192756e+00 1.458335715658880760e+00 6.034020000000000000e+05
3.455784632582446392e+00 1.445402152187585498e+00 6.073820000000000000e+05
3.471525169349745088e+00 1.431986718205539688e+00 6.170100000000000000e+05
3.487238775590668638e+00 1.425812954580091940e+00 6.167780000000000000e+05
3.502915637500682244e+00 1.417916541282377318e+00 6.247460000000000000e+05
3.518586117849470174e+00 1.404031966589285751e+00 6.280620000000000000e+05
3.534307361823285198e+00 1.399999022536400739e+00 6.394100000000000000e+05
3.550068718511843802e+00 1.389906392992344752e+00 6.429540000000000000e+05
3.565767899937936303e+00 1.381494262926990846e+00 6.459740000000000000e+05
3.581461234185308484e+00 1.372924126612495854e+00 6.534900000000000000e+05
3.597192479322759873e+00 1.364288433074131390e+00 6.607460000000000000e+05
3.612919168611930854e+00 1.353772158412147375e+00 6.646460000000000000e+05
3.628586482304986038e+00 1.346519785250790413e+00 6.672900000000000000e+05
3.644285394494611641e+00 1.335594572583994388e+00 6.790340000000000000e+05
3.660034289703634869e+00 1.328070759401337453e+00 6.827220000000000000e+05
3.675778468055097559e+00 1.318422978048081839e+00 6.912380000000000000e+05
3.691462948962963786e+00 1.307835204515816141e+00 6.886020000000000000e+05
3.707119074879760223e+00 1.301009362523650736e+00 7.008260000000000000e+05
3.722835664250375487e+00 1.292513359795482764e+00 7.056620000000000000e+05
3.738525251797470528e+00 1.285707319718004227e+00 7.100820000000000000e+05
3.754222032949778853e+00 1.278332628809642380e+00 7.191620000000000000e+05
3.769933086185316640e+00 1.268589390792661753e+00 7.222500000000000000e+05
3.785638995718866973e+00 1.264306878921682697e+00 7.315100000000000000e+05
3.801371660419305520e+00 1.252429162785392514e+00 7.364420000000000000e+05
3.817071936206203997e+00 1.245773625384331007e+00 7.408980000000000000e+05
3.832786102847733023e+00 1.242944403045758373e+00 7.501580000000000000e+05
3.848527046055627121e+00 1.233543188459938600e+00 7.548660000000000000e+05
3.864237159299509283e+00 1.221535130897209109e+00 7.608260000000000000e+05
3.879924927323326056e+00 1.215634382763070898e+00 7.640340000000000000e+05
3.895614328144405114e+00 1.210082739330564428e+00 7.738460000000000000e+05
3.911337128038584687e+00 1.204821254972977096e+00 7.797140000000000000e+05
3.927042484287095014e+00 1.198529622702132036e+00 7.843140000000000000e+05
3.942732759911325768e+00 1.188935615069085072e+00 7.913420000000000000e+05
3.958453369699379998e+00 1.185070072474101233e+00 7.994580000000000000e+05
3.974178216354418591e+00 1.174653120271515805e+00 8.049620000000000000e+05
3.989882109912799013e+00 1.167302668148971545e+00 8.095500000000000000e+05
4.005543243773400874e+00 1.160761142554379122e+00 8.134580000000000000e+05
4.021251057898795445e+00 1.153674015170376599e+00 8.274020000000000000e+05
4.036984636136614846e+00 1.147478768865749954e+00 8.286180000000000000e+05
4.052682677778184583e+00 1.144501537187633700e+00 8.369180000000000000e+05
4.068393456235992467e+00 1.134946845554614336e+00 8.428740000000000000e+05
4.084099822251435974e+00 1.133366442452827805e+00 8.493380000000000000e+05
4.099829813320492455e+00 1.118108309408551326e+00 8.589420000000000000e+05
4.115554009414900349e+00 1.117207408319376150e+00 8.609780000000000000e+05
4.131235359039446386e+00 1.107945882171392560e+00 8.683460000000000000e+05
4.146931044915801223e+00 1.102954808525128172e+00 8.751540000000000000e+05
4.162664159049392687e+00 1.095477221077527430e+00 8.862140000000000000e+05
4.178388788086889960e+00 1.089210902511534407e+00 8.873460000000000000e+05
4.194077965975033351e+00 1.083277210481504715e+00 8.949860000000000000e+05
4.209774792532540388e+00 1.082646722767824476e+00 9.027740000000000000e+05
4.225510803750013977e+00 1.071097266898655365e+00 9.121140000000000000e+05
4.241231113843379141e+00 1.070733577515830204e+00 9.150260000000000000e+05
4.256908196003403866e+00 1.061108163196549992e+00 9.201420000000000000e+05
4.272591924000948893e+00 1.056311050569930687e+00 9.297620000000000000e+05
4.288308084378355645e+00 1.050160872690354408e+00 9.376980000000000000e+05
4.304040323784237287e+00 1.047194293377591290e+00 9.447620000000000000e+05
4.319738418983270378e+00 1.039800847135893935e+00 9.482540000000000000e+05
4.335428335028543856e+00 1.032516458473121901e+00 9.568020000000000000e+05
4.351157550879730884e+00 1.031055328948864203e+00 9.676580000000000000e+05
4.366881330891844826e+00 1.022728696548011795e+00 9.697020000000000000e+05
4.382546060772999574e+00 1.014817419334969051e+00 9.740900000000000000e+05
4.398246218400761798e+00 1.014043250155288733e+00 9.884820000000000000e+05
4.413979276240257654e+00 1.008656680383147375e+00 9.919940000000000000e+05
4.429695644229851403e+00 9.996515464072005530e-01 1.001030000000000000e+06
4.445410080183695989e+00 9.962955641752450076e-01 1.005450000000000000e+06
4.461113024304604657e+00 9.912379973918309384e-01 1.013738000000000000e+06
4.476828248264367538e+00 9.865588082724061625e-01 1.021710000000000000e+06
4.492511743566732996e+00 9.821343439889178573e-01 1.023626000000000000e+06
4.508191947536588806e+00 9.759369020518731119e-01 1.035834000000000000e+06
4.523895481465870283e+00 9.725136819672823840e-01 1.040786000000000000e+06
4.539619934096997156e+00 9.675569760331786950e-01 1.053206000000000000e+06
4.555352618284365995e+00 9.601696590924142516e-01 1.057002000000000000e+06
4.571063001207543941e+00 9.568262183028825030e-01 1.063898000000000000e+06
4.586777862326684385e+00 9.515398981340104090e-01 1.072782000000000000e+06
4.602497075350756361e+00 9.493904716793997167e-01 1.078826000000000000e+06
4.618214180504660149e+00 9.454650126571574331e-01 1.087922000000000000e+06
4.633911241501361467e+00 9.374030256012412243e-01 1.090494000000000000e+06
4.649602871383847535e+00 9.367568860193106195e-01 1.101362000000000000e+06
4.665319460688174047e+00 9.292246499826094519e-01 1.109802000000000000e+06
4.681029772111457099e+00 9.254723359239991343e-01 1.114514000000000000e+06
4.696725943447952467e+00 9.205215134270405830e-01 1.123926000000000000e+06
4.712406639130506392e+00 9.149300590771111130e-01 1.125986000000000000e+06
4.728114319510818397e+00 9.120876670450193124e-01 1.143554000000000000e+06
4.743843011674210075e+00 9.063484965624480916e-01 1.144710000000000000e+06
4.759548004017718270e+00 9.039527546364094501e-01 1.154018000000000000e+06
4.775245153331388437e+00 8.976669063296901507e-01 1.159962000000000000e+06
4.790962201099520534e+00 8.935743574218650842e-01 1.170986000000000000e+06
4.806687457227775795e+00 8.894261048328639951e-01 1.178142000000000000e+06
4.822395257046031780e+00 8.874433064394753323e-01 1.182674000000000000e+06
4.838087143849061356e+00 8.827095798327795340e-01 1.191002000000000000e+06
4.853789225034707222e+00 8.782616220079670910e-01 1.200438000000000000e+06
4.869505077076887289e+00 8.752793499547245615e-01 1.208162000000000000e+06
4.885214479826415435e+00 8.688265166738257106e-01 1.215258000000000000e+06
4.900926872777207954e+00 8.667497798443635215e-01 1.224134000000000000e+06
4.916625834276870499e+00 8.621670524333413521e-01 1.228722000000000000e+06
4.932342625999591945e+00 8.582717829005899191e-01 1.243154000000000000e+06
4.948070313168653200e+00 8.546892087416916306e-01 1.245434000000000000e+06
4.963768791695496674e+00 8.496935246399258679e-01 1.255158000000000000e+06
4.979434313641077026e+00 8.461463949793327499e-01 1.255610000000000000e+06
4.995141420885109262e+00 8.422840731017360305e-01 1.277562000000000000e+06
5.010861277833007499e+00 8.378454725073641862e-01 1.274414000000000000e+06
5.026541148359606304e+00 8.330974911235978775e-01 1.285994000000000000e+06
5.042268620369379839e+00 8.310840316412351214e-01 1.299570000000000000e+06
5.058004053481842455e+00 8.279396055054748516e-01 1.302122000000000000e+06
5.073708460591943137e+00 8.229932566499360558e-01 1.311366000000000000e+06
5.089416057291027862e+00 8.214241585341263141e-01 1.319186000000000000e+06
5.105125712135527571e+00 8.181298467569763089e-01 1.327434000000000000e+06
5.120844156875770103e+00 8.131209367573621893e-01 1.337294000000000000e+06
5.136559512122237159e+00 8.095244390160345471e-01 1.342730000000000000e+06
5.152249183032828306e+00 8.067175340782040127e-01 1.350570000000000000e+06
5.167964432416064291e+00 8.027446810852860715e-01 1.362590000000000000e+06
5.183694924160209716e+00 7.999365553574583343e-01 1.369698000000000000e+06
5.199396868456950926e+00 7.969306625723500126e-01 1.374914000000000000e+06
5.215085298788597612e+00 7.925332653931496107e-01 1.383570000000000000e+06
5.230792912992411559e+00 7.893869313890039541e-01 1.395374000000000000e+06
5.246488594245054315e+00 7.841665748027549787e-01 1.396994000000000000e+06
5.262173859327344161e+00 7.838734387508590196e-01 1.411530000000000000e+06
5.277882164810089982e+00 7.796443959892040976e-01 1.417574000000000000e+06
5.293593858628555360e+00 7.764350162440143421e-01 1.428834000000000000e+06
5.309329156889964985e+00 7.720091930747218223e-01 1.439018000000000000e+06
5.325038538485003414e+00 7.688214323890225632e-01 1.440698000000000000e+06
5.340730702455575241e+00 7.662245517797415806e-01 1.453638000000000000e+06
5.356455193601842524e+00 7.628299107710263538e-01 1.463426000000000000e+06
5.372183381207660702e+00 7.595872845926379124e-01 1.471050000000000000e+06
5.387886700194870926e+00 7.584396954432974791e-01 1.476638000000000000e+06
5.403571860691538831e+00 7.543245348832509078e-01 1.484466000000000000e+06
5.419293096268920529e+00 7.503543107502628207e-01 1.501154000000000000e+06
5.435016687773623012e+00 7.472055948368055978e-01 1.501706000000000000e+06
5.450702718101835487e+00 7.434050699238241577e-01 1.511502000000000000e+06
5.466391329901655105e+00 7.416107487399965503e-01 1.520234000000000000e+06
5.482117701107046770e+00 7.394250688920593895e-01 1.535010000000000000e+06
5.497863840523032231e+00 7.353868156318884575e-01 1.543358000000000000e+06
5.513531058043433575e+00 7.335671924019080414e-01 1.535754000000000000e+06
5.529215137958169990e+00 7.301934206372435732e-01 1.564802000000000000e+06
5.544946163489404611e+00 7.266457213452264252e-01 1.563038000000000000e+06
5.560660431796565106e+00 7.232998252689705199e-01 1.578426000000000000e+06
5.576372624871568817e+00 7.204704195178951442e-01 1.581482000000000000e+06
5.592071612679278658e+00 7.182475270843146076e-01 1.592250000000000000e+06
5.607777081388953810e+00 7.149036811194398044e-01 1.602230000000000000e+06
5.623461069047772654e+00 7.123299739399310271e-01 1.604754000000000000e+06
5.639160434689571844e+00 7.092807451748058822e-01 1.623458000000000000e+06
5.654868627057174635e+00 7.077095808383233599e-01 1.624910000000000000e+06
5.670595730029768688e+00 7.041046195966013110e-01 1.645122000000000000e+06
5.686329334746649700e+00 7.032075732616875907e-01 1.645130000000000000e+06
5.702030598096980540e+00 6.984800592617288473e-01 1.655706000000000000e+06
5.717729473142792784e+00 6.965579241864452431e-01 1.663502000000000000e+06
5.733437455346763301e+00 6.940541827761510518e-01 1.675514000000000000e+06
5.749160590029285700e+00 6.907873266330345485e-01 1.685298000000000000e+06
5.764862617007506351e+00 6.892040618715101763e-01 1.689566000000000000e+06
5.780540238679900078e+00 6.852605501074888750e-01 1.697850000000000000e+06
5.796263103923236848e+00 6.828390104192730847e-01 1.718546000000000000e+06
5.812002103804656983e+00 6.814284414317295369e-01 1.719822000000000000e+06
5.827695391299545058e+00 6.787601370565961023e-01 1.726586000000000000e+06
5.843388778895907798e+00 6.766359377317894275e-01 1.739186000000000000e+06
5.859113417771065535e+00 6.737844111860548102e-01 1.751538000000000000e+06
5.874835560723500549e+00 6.698411375708023252e-01 1.758062000000000000e+06
5.890526541065327137e+00 6.692583989880942497e-01 1.763010000000000000e+06
5.906225317694219434e+00 6.656068927867440088e-01 1.778642000000000000e+06
5.921952321011594300e+00 6.644084531768741364e-01 1.788582000000000000e+06
5.937670655764399896e+00 6.604372568597449700e-01 1.794746000000000000e+06
5.953363581550269679e+00 6.570724204093629783e-01 1.803290000000000000e+06
5.969050809995837703e+00 6.568273903983196105e-01 1.811058000000000000e+06
5.984760752596141486e+00 6.531943552630283811e-01 1.828358000000000000e+06
6.000476440810660783e+00 6.525693718664032916e-01 1.831362000000000000e+06
6.016171166004743220e+00 6.498463601341252227e-01 1.842458000000000000e+06
6.031847027098122815e+00 6.466854593237242321e-01 1.846998000000000000e+06
6.047561666320434348e+00 6.446257253405609511e-01 1.869122000000000000e+06
6.063310221741519790e+00 6.420854016263524144e-01 1.876346000000000000e+06
6.079025995273507732e+00 6.395411214436133029e-01 1.879506000000000000e+06
6.094727650148782594e+00 6.368541392237786480e-01 1.893326000000000000e+06
6.110443441650997620e+00 6.364454476907982494e-01 1.901826000000000000e+06
6.126157369603382641e+00 6.320662361490447800e-01 1.911962000000000000e+06
6.141856103084946561e+00 6.320492987174851640e-01 1.919198000000000000e+06
6.157554247585426133e+00 6.290134216331424444e-01 1.930242000000000000e+06
6.173264897526903994e+00 6.253086964758793886e-01 1.942442000000000000e+06
6.188983783131053684e+00 6.235085057697411504e-01 1.951734000000000000e+06
6.204674330135580007e+00 6.225734529268150963e-01 1.955402000000000000e+06
6.220364153407833108e+00 6.202237306134620320e-01 1.971858000000000000e+06
6.236097253224911263e+00 6.173586123820973270e-01 1.984898000000000000e+06
6.251804727814884721e+00 6.147718108236819301e-01 1.986422000000000000e+06
6.267477703420695434e+00 6.136074215012329303e-01 1.996146000000000000e+06
6.283195068785119908e+00 6.122389576948361611e-01 2.017106000000000000e+06
6.298926466691256110e+00 6.087615644167831963e-01 2.020638000000000000e+06
6.314631082636630310e+00 6.066060198704409379e-01 2.029346000000000000e+06
6.330330969697290477e+00 6.051898160805330162e-01 2.041002000000000000e+06
6.346042618354868381e+00 6.035368885422506269e-01 2.051450000000000000e+06
6.361769829008385280e+00 6.017687447419654001e-01 2.065886000000000000e+06
6.377467710730222450e+00 5.989970676361776603e-01 2.064546000000000000e+06
6.393156758488530933e+00 5.971165942429117468e-01 2.082650000000000000e+06
6.408877231485442749e+00 5.948421783883213187e-01 2.095182000000000000e+06
6.424598957671957322e+00 5.930256131070276160e-01 2.101346000000000000e+06
6.440311953715900373e+00 5.915634864437400164e-01 2.115554000000000000e+06
6.456005935746694568e+00 5.895761428853678598e-01 2.115654000000000000e+06
6.471719753415134946e+00 5.875353678961787729e-01 2.141066000000000000e+06
6.487439387114228850e+00 5.856111896236352310e-01 2.139786000000000000e+06
6.503131318747780831e+00 5.844528650191757047e-01 2.152202000000000000e+06
6.518819434526843537e+00 5.817308982613371704e-01 2.161086000000000000e+06
6.534523450777902198e+00 5.799565659555030450e-01 2.176058000000000000e+06
6.550254613659266312e+00 5.784929419057174282e-01 2.190818000000000000e+06
6.565965738846988309e+00 5.765138798753900451e-01 2.191158000000000000e+06
6.581657291702928347e+00 5.736761862483075181e-01 2.205314000000000000e+06
6.597356411838022794e+00 5.729958511505475194e-01 2.215554000000000000e+06
6.613072568835591802e+00 5.706998393230047206e-01 2.230562000000000000e+06
6.628796834083485301e+00 5.689056239155497741e-01 2.239614000000000000e+06
6.644501868950448475e+00 5.681948683398450051e-01 2.245706000000000000e+06
6.660203335766918364e+00 5.659462935804014938e-01 2.259674000000000000e+06
6.675922241577704419e+00 5.629066379144241905e-01 2.273214000000000000e+06
6.691636876769640807e+00 5.614011770219615727e-01 2.278802000000000000e+06
6.707348854586632214e+00 5.605411689626221827e-01 2.294034000000000000e+06
6.723042755046850338e+00 5.585168383340406439e-01 2.294942000000000000e+06
6.738741204690306574e+00 5.570253123583867039e-01 2.317050000000000000e+06
6.754459451825965743e+00 5.538549328796362747e-01 2.322842000000000000e+06
6.770155876549564411e+00 5.539078689382660459e-01 2.330810000000000000e+06
6.785853403723873356e+00 5.513704316104550696e-01 2.345958000000000000e+06
6.801555230257334550e+00 5.499330064845728838e-01 2.353586000000000000e+06
6.817285949066600459e+00 5.483871901052516096e-01 2.376210000000000000e+06
6.833012673954052651e+00 5.470577093639003019e-01 2.374502000000000000e+06
6.848703343789808606e+00 5.441950790036315100e-01 2.386346000000000000e+06
6.864405076602009714e+00 5.442977261615932205e-01 2.401314000000000000e+06
6.880122619459167588e+00 5.419285077443032339e-01 2.411450000000000000e+06
6.895827031199952550e+00 5.404551459525644974e-01 2.420718000000000000e+06
6.911509854271036701e+00 5.386910626551578707e-01 2.425754000000000000e+06
6.927232044479275430e+00 5.366984214843650847e-01 2.455218000000000000e+06
6.942960195844471549e+00 5.348545579617959289e-01 2.450942000000000000e+06
6.958661448092413160e+00 5.339638567890625520e-01 2.467130000000000000e+06
6.974361211749578793e+00 5.324993312790873290e-01 2.474874000000000000e+06
6.990070831352309000e+00 5.307045220734977198e-01 2.490362000000000000e+06
7.005778159324729693e+00 5.289432105941135331e-01 2.498142000000000000e+06
7.021469697735486015e+00 5.266908048773677464e-01 2.507090000000000000e+06
7.037177120604764191e+00 5.256414710864353301e-01 2.525562000000000000e+06
7.052899061516400003e+00 5.238130275225014731e-01 2.534726000000000000e+06
7.068628793135065536e+00 5.220798335311184202e-01 2.549906000000000000e+06
7.084334935478915796e+00 5.209139856389897183e-01 2.551074000000000000e+06
7.100038328422084710e+00 5.199811666229691154e-01 2.570702000000000000e+06
7.115745931638459254e+00 5.181145572860226256e-01 2.574642000000000000e+06
7.131451190238497162e+00 5.164436352043471068e-01 2.594066000000000000e+06
7.147151468730735147e+00 5.152050618891151901e-01 2.594802000000000000e+06
7.162835307179018507e+00 5.134115994073574774e-01 2.612030000000000000e+06
7.178551581855800556e+00 5.117454015557350022e-01 2.627954000000000000e+06
7.194283665259025184e+00 5.110806990753680168e-01 2.640402000000000000e+06
7.209984529526630936e+00 5.095152139692760151e-01 2.641454000000000000e+06
7.225685108067660956e+00 5.069546504402603349e-01 2.661834000000000000e+06
7.241394735953288198e+00 5.063284007795775254e-01 2.669138000000000000e+06
7.257108192998378726e+00 5.051889615763663910e-01 2.684858000000000000e+06
7.272822849503533860e+00 5.032664417148308145e-01 2.693910000000000000e+06
7.288518104809805997e+00 5.023868464164176206e-01 2.701682000000000000e+06
7.304234199753477874e+00 5.002379992198914271e-01 2.722698000000000000e+06
7.319945495172938799e+00 4.987033356792851535e-01 2.725262000000000000e+06
7.335649438298961655e+00 4.979049754781308401e-01 2.742450000000000000e+06
7.351353846506168743e+00 4.971589813989854001e-01 2.749850000000000000e+06
7.367055388436875241e+00 4.961425007109514507e-01 2.763902000000000000e+06
7.382770533642191602e+00 4.948257115894990621e-01 2.778498000000000000e+06
7.398475089415688544e+00 4.930852334146157423e-01 2.784530000000000000e+06
7.414188731852492609e+00 4.918169997853147901e-01 2.804106000000000000e+06
7.429901641940141133e+00 4.894468536794564506e-01 2.809790000000000000e+06
7.445612173277812218e+00 4.884052380517497349e-01 2.825058000000000000e+06
7.461320649323638143e+00 4.868910377408416923e-01 2.834330000000000000e+06
7.477011404590944821e+00 4.860835876710313808e-01 2.842022000000000000e+06
7.492720686839765776e+00 4.844449994659227321e-01 2.864754000000000000e+06
7.508423522993188826e+00 4.831354353383474631e-01 2.864186000000000000e+06
7.524104703200965361e+00 4.821807352429451909e-01 2.879538000000000000e+06
7.539811207090460599e+00 4.806567029516591871e-01 2.899454000000000000e+06
7.555522870235571453e+00 4.800965082991938138e-01 2.904258000000000000e+06
7.571252185241664989e+00 4.784589302424311352e-01 2.930234000000000000e+06
7.586982910029617777e+00 4.766400776098249081e-01 2.929526000000000000e+06
7.602682376348832705e+00 4.750289895263865581e-01 2.942442000000000000e+06
7.618398087127784990e+00 4.748382199465686626e-01 2.960810000000000000e+06
7.634111360506788735e+00 4.730550625743266124e-01 2.964954000000000000e+06
7.649813471415971122e+00 4.727812144613557921e-01 2.980910000000000000e+06
7.665516544353160100e+00 4.704580324562734894e-01 2.990978000000000000e+06
7.681228381318442544e+00 4.693497047172753289e-01 3.007626000000000000e+06
7.696947282980596938e+00 4.674511520731222114e-01 3.019166000000000000e+06
7.712641051068838571e+00 4.669528216637041651e-01 3.021090000000000000e+06
7.728340175203005202e+00 4.658958214259700803e-01 3.047834000000000000e+06
7.744066325082287428e+00 4.653497769661505967e-01 3.055590000000000000e+06
7.759785182459853381e+00 4.640860035990987398e-01 3.068546000000000000e+06
7.775464898067028230e+00 4.618277092297590203e-01 3.067274000000000000e+06
7.791162210093558471e+00 4.620538091927265389e-01 3.098058000000000000e+06
7.806896787352753719e+00 4.601266992236623388e-01 3.109214000000000000e+06
7.822604758484962950e+00 4.596370768881576363e-01 3.110466000000000000e+06
7.838284799897788702e+00 4.582165364537490460e-01 3.124370000000000000e+06
7.853986825204827937e+00 4.571568717252925684e-01 3.144174000000000000e+06
7.869722202747719386e+00 4.556653650618742168e-01 3.161738000000000000e+06
7.885429030328279687e+00 4.536841867913123938e-01 3.159890000000000000e+06
7.901109098578781520e+00 4.537692201788328106e-01 3.174138000000000000e+06
7.916812369163124252e+00 4.521858453543667888e-01 3.195926000000000000e+06
7.932546153031187153e+00 4.511116461864129734e-01 3.211386000000000000e+06
7.948275829971742645e+00 4.506870873732726768e-01 3.219314000000000000e+06
7.963974762265003449e+00 4.487243271883314399e-01 3.225494000000000000e+06
7.979672909422356852e+00 4.484968213406559379e-01 3.242562000000000000e+06
7.995382124285669967e+00 4.471762805261784712e-01 3.257450000000000000e+06
8.011096558073175444e+00 4.466892905058795771e-01 3.269118000000000000e+06
8.026799325701325927e+00 4.448923886755740686e-01 3.278930000000000000e+06
8.042482997119602572e+00 4.437219128900247722e-01 3.286650000000000000e+06
8.058198313138401403e+00 4.424964421502678991e-01 3.316610000000000000e+06
8.073929632859263350e+00 4.424453687474070307e-01 3.321542000000000000e+06
8.089631173905692307e+00 4.407220215359231585e-01 3.328578000000000000e+06
8.105328344487277903e+00 4.401293513985041761e-01 3.345074000000000000e+06
8.121039774478980178e+00 4.388595112690477085e-01 3.361686000000000000e+06
8.136750954641513545e+00 4.375616148750549605e-01 3.369722000000000000e+06
8.152451824383751600e+00 4.371584118347319747e-01 3.385290000000000000e+06
8.168148505929304193e+00 4.360548613097361415e-01 3.391370000000000000e+06
8.183868116116777003e+00 4.349662325012869091e-01 3.422966000000000000e+06
8.199591131301563252e+00 4.333267023206058832e-01 3.419538000000000000e+06
8.215300984565764963e+00 4.327928478248869171e-01 3.441890000000000000e+06
8.231010872605484252e+00 4.315125427038429273e-01 3.447582000000000000e+06
8.246721005479363598e+00 4.311626193131692375e-01 3.466298000000000000e+06
8.262408288354077257e+00 4.292532385665660533e-01 3.466194000000000000e+06
8.278098173695775941e+00 4.294195306383449262e-01 3.492062000000000000e+06
8.293810268215034753e+00 4.279572046470654367e-01 3.503114000000000000e+06
8.309519053075314687e+00 4.271864887041937342e-01 3.517146000000000000e+06
8.325241433409063418e+00 4.255618962662619520e-01 3.535706000000000000e+06
8.340952984226902345e+00 4.246845885943099641e-01 3.539742000000000000e+06
8.356659711712842054e+00 4.239613757615847134e-01 3.558698000000000000e+06
8.372371429175492707e+00 4.234096902010631713e-01 3.570122000000000000e+06
8.388083579962753333e+00 4.226298709630271766e-01 3.585174000000000000e+06
8.403790832576294889e+00 4.216063899815096216e-01 3.594314000000000000e+06
8.419496525959527133e+00 4.207568022549884046e-01 3.612258000000000000e+06
8.435201663874629219e+00 4.194151864412772324e-01 3.620282000000000000e+06
8.450905678681708721e+00 4.191991762748696337e-01 3.639078000000000000e+06
8.466617353651699318e+00 4.179064224958566887e-01 3.650450000000000000e+06
8.482317771685245589e+00 4.167063826091421674e-01 3.661418000000000000e+06
8.498018574275240766e+00 4.159115059599847175e-01 3.677694000000000000e+06
8.513736467920875128e+00 4.149324617191985642e-01 3.695978000000000000e+06
8.529447827058733722e+00 4.138596430818756722e-01 3.702810000000000000e+06
8.545145453356283838e+00 4.131889635058966781e-01 3.716162000000000000e+06
8.560863155475518127e+00 4.125126266879923231e-01 3.740094000000000000e+06
8.576575892842692284e+00 4.116537519573884585e-01 3.740954000000000000e+06
8.592276429309924524e+00 4.109845966945550044e-01 3.760946000000000000e+06
8.607993113742812952e+00 4.103567154137413575e-01 3.778278000000000000e+06
8.623706693511682175e+00 4.092244173063540047e-01 3.784922000000000000e+06
8.639416117971885356e+00 4.083337406635961786e-01 3.805266000000000000e+06
8.655118251607849089e+00 4.074535032563084691e-01 3.807686000000000000e+06
8.670819176621002100e+00 4.068881697203068915e-01 3.833130000000000000e+06
8.686531013296711734e+00 4.063262806560715701e-01 3.841898000000000000e+06
8.702242672461403927e+00 4.047495589768366209e-01 3.858074000000000000e+06
8.717947060126663317e+00 4.040445864976088819e-01 3.868974000000000000e+06
8.733653634556446832e+00 4.032185096266448499e-01 3.885362000000000000e+06
8.749361177527063660e+00 4.023301242339590300e-01 3.898290000000000000e+06
8.765057838444775484e+00 4.014370156224166819e-01 3.907334000000000000e+06
8.780760279838380811e+00 4.007534559514143724e-01 3.928730000000000000e+06
8.796461536498792810e+00 4.003830906660610367e-01 3.936666000000000000e+06
8.812176163138749629e+00 3.992290120580226920e-01 3.961346000000000000e+06
8.827908468663524744e+00 3.986720258747101786e-01 3.975774000000000000e+06
8.843605203440207063e+00 3.979877048622883495e-01 3.970106000000000000e+06
8.859298780821674768e+00 3.966641124408906149e-01 4.003170000000000000e+06
8.875033023597818982e+00 3.966628917905899443e-01 4.019558000000000000e+06
8.890757701901966570e+00 3.951353908271028614e-01 4.025642000000000000e+06
8.906442147587496194e+00 3.943791370713866096e-01 4.028514000000000000e+06
8.922138549702236077e+00 3.939248504334879608e-01 4.059398000000000000e+06
8.937858770665876307e+00 3.931919669732759637e-01 4.069674000000000000e+06
8.953569902743538478e+00 3.921229912202126577e-01 4.083698000000000000e+06
8.969276596619630837e+00 3.914052637105300825e-01 4.095210000000000000e+06
8.984978332063514372e+00 3.910717882758328323e-01 4.110518000000000000e+06
9.000686439228440250e+00 3.903870991191829565e-01 4.126850000000000000e+06
9.016395212272197313e+00 3.893340859696133860e-01 4.140114000000000000e+06
9.032081625028110849e+00 3.884887320918806730e-01 4.144070000000000000e+06
9.047784840512392179e+00 3.877425222747630240e-01 4.175802000000000000e+06
9.063510534008996089e+00 3.868105046894826371e-01 4.187882000000000000e+06
9.079229438028200150e+00 3.864961897957968628e-01 4.199250000000000000e+06
9.094931536527573357e+00 3.853068163406683233e-01 4.209326000000000000e+06
9.110624252584134553e+00 3.849679545632180844e-01 4.222130000000000000e+06
9.126345788688972505e+00 3.842538463816722039e-01 4.254258000000000000e+06
9.142067210789587506e+00 3.830937808496598929e-01 4.252478000000000000e+06
9.157769224107168426e+00 3.828001008266096461e-01 4.270698000000000000e+06
9.173460189222041095e+00 3.822125981914494264e-01 4.278122000000000000e+06
9.189172851773026451e+00 3.812222180200088295e-01 4.309898000000000000e+06
9.204899411326563197e+00 3.804874743754560473e-01 4.317150000000000000e+06
9.220610370561862723e+00 3.797009052363467529e-01 4.329698000000000000e+06
9.236312329177842173e+00 3.787585876512903349e-01 4.340826000000000000e+06
9.252011696799515406e+00 3.785667058140788632e-01 4.359590000000000000e+06
9.267725419345696380e+00 3.779221357825833794e-01 4.376850000000000000e+06
9.283431809080884278e+00 3.771051541555173747e-01 4.386674000000000000e+06
9.299131961634870436e+00 3.764708815656931939e-01 4.401782000000000000e+06
9.314836560434526902e+00 3.755571980059784765e-01 4.419210000000000000e+06
9.330566699333866509e+00 3.748422348274433880e-01 4.446482000000000000e+06
9.346274096307771728e+00 3.740044930125977496e-01 4.435554000000000000e+06
9.361966720359685468e+00 3.739985027749346824e-01 4.468934000000000000e+06
9.377681860044402740e+00 3.734087076926512760e-01 4.477650000000000000e+06
9.393384317371491932e+00 3.721493813036909071e-01 4.491218000000000000e+06
9.409088966137430177e+00 3.721043872792359486e-01 4.510358000000000000e+06
9.424791439829672157e+00 3.707755111435105388e-01 4.518594000000000000e+06
9.440499207501432011e+00 3.702879585184115641e-01 4.544474000000000000e+06
9.456214212898441218e+00 3.698726389458223407e-01 4.552098000000000000e+06
9.471927439984570540e+00 3.691805337279425725e-01 4.574990000000000000e+06
9.487631754062700651e+00 3.685669326948075586e-01 4.577210000000000000e+06
9.503344281547928318e+00 3.680772108591103264e-01 4.608186000000000000e+06
9.519057247113778431e+00 3.674086774581048487e-01 4.610198000000000000e+06
9.534757011366917112e+00 3.666992662184390128e-01 4.628898000000000000e+06
9.550453458784650351e+00 3.662584811588456835e-01 4.641170000000000000e+06
9.566158712525282937e+00 3.656656075695630115e-01 4.662462000000000000e+06
9.581880158653657276e+00 3.647285654719208403e-01 4.681442000000000000e+06
9.597589579516229819e+00 3.643533282848214205e-01 4.687850000000000000e+06
9.613296380928980867e+00 3.636272149401399978e-01 4.708818000000000000e+06
9.629006062959270196e+00 3.629459991180832290e-01 4.721534000000000000e+06
9.644707396083033402e+00 3.625021921623066690e-01 4.732770000000000000e+06
9.660406197323647248e+00 3.618367724546035502e-01 4.753346000000000000e+06
9.676122008914001427e+00 3.612357387123849017e-01 4.772886000000000000e+06
9.691840694543541801e+00 3.604733382680981313e-01 4.785098000000000000e+06
9.707543237507161749e+00 3.596549365912373730e-01 4.795394000000000000e+06
9.723244122996092642e+00 3.591358595558857281e-01 4.813986000000000000e+06
9.738952330288141113e+00 3.584104872809019682e-01 4.832654000000000000e+06
9.754669949504904736e+00 3.579509273591041651e-01 4.849362000000000000e+06
9.770377600734033052e+00 3.574251562576544194e-01 4.858322000000000000e+06
9.786069629200518705e+00 3.571602036915919598e-01 4.871286000000000000e+06
9.801770721287397237e+00 3.562129804244468234e-01 4.894370000000000000e+06
9.817489821034564912e+00 3.552743837302758112e-01 4.914650000000000000e+06
9.833199646667972971e+00 3.554458714406570352e-01 4.919658000000000000e+06
9.848902655768293712e+00 3.548050261876729561e-01 4.941638000000000000e+06
9.864627278272442013e+00 3.535744340362395599e-01 4.965954000000000000e+06
9.880352198135229358e+00 3.530126343334466510e-01 4.971770000000000000e+06
9.896056604692210712e+00 3.529851964678193954e-01 4.985702000000000000e+06
9.911750273437519354e+00 3.523654388014844652e-01 4.996314000000000000e+06
9.927450557379374985e+00 3.518867433220917995e-01 5.021258000000000000e+06
9.943165753651260985e+00 3.507671475666223615e-01 5.038470000000000000e+06
9.958875512968258903e+00 3.505854132952499480e-01 5.048570000000000000e+06
9.974579326095815546e+00 3.499142672954224653e-01 5.067786000000000000e+06
9.990292534396033375e+00 3.495279287515031252e-01 5.084402000000000000e+06
1.000600856325589305e+01 3.491073006391943179e-01 5.104238000000000000e+06
1.002170444839863528e+01 3.484766184688419255e-01 5.101890000000000000e+06
1.003739052522703901e+01 3.479612860199072233e-01 5.129594000000000000e+06
1.005309882194248416e+01 3.475142967120766757e-01 5.149086000000000000e+06
1.006881895908520086e+01 3.473891790682385738e-01 5.168834000000000000e+06
1.008452231173344416e+01 3.460415915067669990e-01 5.172306000000000000e+06
1.010022729382937889e+01 3.457304540798251113e-01 5.199218000000000000e+06
1.011594565713278016e+01 3.450132107994930419e-01 5.215430000000000000e+06
1.013166058960754867e+01 3.444413878118960382e-01 5.229066000000000000e+06
1.014737047935454051e+01 3.440413630964070935e-01 5.244530000000000000e+06
1.016308234466913696e+01 3.434950891813782214e-01 5.262870000000000000e+06
1.017878958276594581e+01 3.432389936808708519e-01 5.272562000000000000e+06
1.019448555450210314e+01 3.427042372371929546e-01 5.290098000000000000e+06
1.021019673146567186e+01 3.419043749028575219e-01 5.314358000000000000e+06
1.022590751621006078e+01 3.411224999990605244e-01 5.322098000000000000e+06
1.024160880192673417e+01 3.407596686479338888e-01 5.341026000000000000e+06
1.025732775208617475e+01 3.400185220104575134e-01 5.366858000000000000e+06
1.027304584666867804e+01 3.396778993164288329e-01 5.374422000000000000e+06
1.028873472736696293e+01 3.392125023011568485e-01 5.377730000000000000e+06
1.030442576009853184e+01 3.388380387140187411e-01 5.409410000000000000e+06
1.032014867554843818e+01 3.381497774941323309e-01 5.434014000000000000e+06
1.033586943357362209e+01 3.377555120703115143e-01 5.438882000000000000e+06
1.035157161316932140e+01 3.373240389151527241e-01 5.456178000000000000e+06
1.036727210965784174e+01 3.369123180140867757e-01 5.469242000000000000e+06
1.038298135070349915e+01 3.362099480474963209e-01 5.496174000000000000e+06
1.039869418006627910e+01 3.357495554469778765e-01 5.505530000000000000e+06
1.041439794625569881e+01 3.352398399841194365e-01 5.521202000000000000e+06
1.043010482665170713e+01 3.345413686485479987e-01 5.544126000000000000e+06
1.044582478281855487e+01 3.343571597376021609e-01 5.560106000000000000e+06
1.046154309703894825e+01 3.338126107351686023e-01 5.579754000000000000e+06
1.047723959228104285e+01 3.331078615275085419e-01 5.576270000000000000e+06
1.049292720351744279e+01 3.325738772614478256e-01 5.607138000000000000e+06
1.050863523850499526e+01 3.320104209296099174e-01 5.625026000000000000e+06
1.052435348202229015e+01 3.319072934306031564e-01 5.646698000000000000e+06
1.054005549761004978e+01 3.313562797147736050e-01 5.649126000000000000e+06
1.055575482461481052e+01 3.307955972006368928e-01 5.676434000000000000e+06
1.057145826219870344e+01 3.301278585467078419e-01 5.687418000000000000e+06
1.058717117850224376e+01 3.301123371408876683e-01 5.715830000000000000e+06
1.060289400134469062e+01 3.293780032500117638e-01 5.729210000000000000e+06
1.061860918710306834e+01 3.287082174459624584e-01 5.744802000000000000e+06
1.063431091651675153e+01 3.278346468123071733e-01 5.752154000000000000e+06
1.065002180958671651e+01 3.278832308340514090e-01 5.786382000000000000e+06
1.066572980082734468e+01 3.272373527570016094e-01 5.784146000000000000e+06
1.068142742642893950e+01 3.269599989401504869e-01 5.812146000000000000e+06
1.069714023788434787e+01 3.264427848195060045e-01 5.830166000000000000e+06
1.071285364357418146e+01 3.255151303916453687e-01 5.845850000000000000e+06
1.072856242199254062e+01 3.255120944921858772e-01 5.862834000000000000e+06
1.074426756718287557e+01 3.249159812023895144e-01 5.876066000000000000e+06
1.075998381704133955e+01 3.243180198833225392e-01 5.905854000000000000e+06
1.077568840897438562e+01 3.241660121166858866e-01 5.902274000000000000e+06
1.079138304940738280e+01 3.235742527133366742e-01 5.931258000000000000e+06
1.080709884248571484e+01 3.231477937909301157e-01 5.954966000000000000e+06
1.082281622961874490e+01 3.226160728983700210e-01 5.965346000000000000e+06
1.083851693336031374e+01 3.221230556032318448e-01 5.977818000000000000e+06
1.085422396324159422e+01 3.217540149262629878e-01 6.004718000000000000e+06
1.086993137901790796e+01 3.211137362672093487e-01 6.011706000000000000e+06
1.088564351758435222e+01 3.205494089255793710e-01 6.045770000000000000e+06
1.090135356744657535e+01 3.203600014962958431e-01 6.041586000000000000e+06
1.091705034221926418e+01 3.200287955244430771e-01 6.073166000000000000e+06
1.093275207829069018e+01 3.193929119806967476e-01 6.078962000000000000e+06
1.094846122315083825e+01 3.187439301710853767e-01 6.114258000000000000e+06
1.096418118107341577e+01 3.184086218942539515e-01 6.123086000000000000e+06
1.097988849072496542e+01 3.177611756673298649e-01 6.136770000000000000e+06
1.099558679320981724e+01 3.174989049371736427e-01 6.154898000000000000e+06
1.101129673485095672e+01 3.171509449536384362e-01 6.178610000000000000e+06
1.102701485690355909e+01 3.164748623019557061e-01 6.197982000000000000e+06
1.104272390432796591e+01 3.160051162534353586e-01 6.205322000000000000e+06
1.105841361686979951e+01 3.158505792871672546e-01 6.218850000000000000e+06
1.107411347758379350e+01 3.151737759343004597e-01 6.249542000000000000e+06
1.108984077014840963e+01 3.146283972352572067e-01 6.274146000000000000e+06
1.110554794633057796e+01 3.140902496267289346e-01 6.270242000000000000e+06
1.112124931961106533e+01 3.137930551850513505e-01 6.305222000000000000e+06
1.113697510740422381e+01 3.135082764877171746e-01 6.325026000000000000e+06
1.115268911253386719e+01 3.131506515715133387e-01 6.331922000000000000e+06
1.116838422783226115e+01 3.128121404896639368e-01 6.343698000000000000e+06
1.118408594539889478e+01 3.117765277346851716e-01 6.375158000000000000e+06
1.119980416311440052e+01 3.116258065717193437e-01 6.392178000000000000e+06
1.121552521724412621e+01 3.111186472235485945e-01 6.412826000000000000e+06
1.123121923820420243e+01 3.109505807483536333e-01 6.407078000000000000e+06
1.124691480473033778e+01 3.099740824763948521e-01 6.447954000000000000e+06
1.126262248805396560e+01 3.100895775512675923e-01 6.456026000000000000e+06
1.127833175656502007e+01 3.095139581187016375e-01 6.482034000000000000e+06
1.129403915665967872e+01 3.090803492688450338e-01 6.492878000000000000e+06
1.130972772992016750e+01 3.086933876790697862e-01 6.502074000000000000e+06
1.132543464171678238e+01 3.084224116718350950e-01 6.542930000000000000e+06
1.134116092480786619e+01 3.080447550696260861e-01 6.556598000000000000e+06
1.135687931575279030e+01 3.071106968751949884e-01 6.570330000000000000e+06
1.137258152843119419e+01 3.069148003564937666e-01 6.581882000000000000e+06
1.138829329520135047e+01 3.064230857524469220e-01 6.612546000000000000e+06
1.140401544384409860e+01 3.059784899485896159e-01 6.628622000000000000e+06
1.141971418729731447e+01 3.055876742100231414e-01 6.629498000000000000e+06
1.143540805815246841e+01 3.053837519240154563e-01 6.659250000000000000e+06
1.145112342906401892e+01 3.043983396066350933e-01 6.686006000000000000e+06
1.146683855971028443e+01 3.039105597340577836e-01 6.693786000000000000e+06
1.148253750634374093e+01 3.039336344459122041e-01 6.711554000000000000e+06
1.149824439280081201e+01 3.033573977259601540e-01 6.735678000000000000e+06
1.151395944216632472e+01 3.030231559876199743e-01 6.754754000000000000e+06
1.152967750311644046e+01 3.024561466936813159e-01 6.776570000000000000e+06
1.154536786069484400e+01 3.020854297828676760e-01 6.767394000000000000e+06
1.156106414707133290e+01 3.016403338923236421e-01 6.818246000000000000e+06
1.157679140551482533e+01 3.009563122331662122e-01 6.830562000000000000e+06
1.159249865891797526e+01 3.006634671143613158e-01 6.839186000000000000e+06
1.160819828013273636e+01 3.003109432071473517e-01 6.861462000000000000e+06
1.162390472506793770e+01 3.002584408683572348e-01 6.880394000000000000e+06
1.163962004466343636e+01 2.996925444805389471e-01 6.907178000000000000e+06
1.165533434666404133e+01 2.992834790171625681e-01 6.917034000000000000e+06
1.167104051015950716e+01 2.983335889329590263e-01 6.937934000000000000e+06
1.168673926950135034e+01 2.982627118644067821e-01 6.947250000000000000e+06
1.170244721913763897e+01 2.980622895155129459e-01 6.982106000000000000e+06
1.171816433671575730e+01 2.976781654149009415e-01 6.995718000000000000e+06
1.173387031746687015e+01 2.968639971101871278e-01 7.006682000000000000e+06
1.174957622851401240e+01 2.966716890287564024e-01 7.035866000000000000e+06
1.176529536104995444e+01 2.963246780954649218e-01 7.054110000000000000e+06
1.178099828544282701e+01 2.958525435056750252e-01 7.059194000000000000e+06
1.179669856151566165e+01 2.956818838145791606e-01 7.091802000000000000e+06
1.181240716294206905e+01 2.951773819526224973e-01 7.100666000000000000e+06
1.182811135021641213e+01 2.942414298078150359e-01 7.129070000000000000e+06
1.184382402706377313e+01 2.940109672276693398e-01 7.143282000000000000e+06
1.185952830171168593e+01 2.941043138836346715e-01 7.161482000000000000e+06
1.187523683486437243e+01 2.932305467706766700e-01 7.184694000000000000e+06
1.189095187450934432e+01 2.929922886364273449e-01 7.203914000000000000e+06
1.190666038869163401e+01 2.923089676562029005e-01 7.219746000000000000e+06
1.192235843864241396e+01 2.921790271854958765e-01 7.228634000000000000e+06
1.193806809039961259e+01 2.919273816383135545e-01 7.271990000000000000e+06
1.195377948291443992e+01 2.914122557069934172e-01 7.266786000000000000e+06
1.196947381174999947e+01 2.910028243746272669e-01 7.293650000000000000e+06
1.198518648559551458e+01 2.904818430586423861e-01 7.324086000000000000e+06
1.200090807358362710e+01 2.902836352735175818e-01 7.338650000000000000e+06
1.201661637889760037e+01 2.896723350855186507e-01 7.351962000000000000e+06
1.203230565217210035e+01 2.893838204531893332e-01 7.357190000000000000e+06
1.204801118703936780e+01 2.889313212104387407e-01 7.406042000000000000e+06
1.206372840719771133e+01 2.886092171476870583e-01 7.408626000000000000e+06
1.207943832024087349e+01 2.880861489507921536e-01 7.435610000000000000e+06
1.209515324384951640e+01 2.875604980826565460e-01 7.453542000000000000e+06
1.211085873951972935e+01 2.875534800231832611e-01 7.464002000000000000e+06
1.212656505101618798e+01 2.870221921637633455e-01 7.493546000000000000e+06
1.214227798456889929e+01 2.866627762719473616e-01 7.510806000000000000e+06
1.215799402266435081e+01 2.861954824369359884e-01 7.532114000000000000e+06
1.217369248650853386e+01 2.857699216876758430e-01 7.536234000000000000e+06
1.218938816956664795e+01 2.856369833120842583e-01 7.565834000000000000e+06
1.220511056850387632e+01 2.848512217840654115e-01 7.603062000000000000e+06
1.222082302231588535e+01 2.842936558206664022e-01 7.593890000000000000e+06
1.223651649645578665e+01 2.841473448577222505e-01 7.622906000000000000e+06
1.225222107367874180e+01 2.837542185294369412e-01 7.646622000000000000e+06
1.226793902491068877e+01 2.836230187519437340e-01 7.672058000000000000e+06
1.228364718069601835e+01 2.828771812078789138e-01 7.679346000000000000e+06
1.229933962477952214e+01 2.825809970495477552e-01 7.693058000000000000e+06
1.231504373451924117e+01 2.823828742247636581e-01 7.732158000000000000e+06
1.233076331536994985e+01 2.817111404444735956e-01 7.746962000000000000e+06
1.234648244688633945e+01 2.814221065383466502e-01 7.770986000000000000e+06
1.236218576653318735e+01 2.809847963753397404e-01 7.772094000000000000e+06
1.237788516389707461e+01 2.806719416060189931e-01 7.803818000000000000e+06
1.239360390984925964e+01 2.801475057624523979e-01 7.834338000000000000e+06
1.240931454438657155e+01 2.800068230761669774e-01 7.833710000000000000e+06
1.242501025862532238e+01 2.796307550496933692e-01 7.858794000000000000e+06
1.244071609171995973e+01 2.792748617821008139e-01 7.884290000000000000e+06
1.245642554635569788e+01 2.787481323218489182e-01 7.901522000000000000e+06
1.247213990979998322e+01 2.781261829088164661e-01 7.930662000000000000e+06
1.248784889213827753e+01 2.779652869659380299e-01 7.934426000000000000e+06
1.250355459696362281e+01 2.777375823394611087e-01 7.967322000000000000e+06
1.251926642764211373e+01 2.774848802307811058e-01 7.981934000000000000e+06
1.253497567568721927e+01 2.768391767277474380e-01 8.003282000000000000e+06
1.255068061703326165e+01 2.763327986477241982e-01 8.019666000000000000e+06
1.256637936912699516e+01 2.761176762857891487e-01 8.034482000000000000e+06
1.258208508998344399e+01 2.759024492900948311e-01 8.068542000000000000e+06
1.259780313698870202e+01 2.753752338256912346e-01 8.088290000000000000e+06
1.261351163942811127e+01 2.751172692983307466e-01 8.096322000000000000e+06
1.262921162496122385e+01 2.750880685924266822e-01 8.122646000000000000e+06
1.264492727534496019e+01 2.744107523087339073e-01 8.150138000000000000e+06
1.266064123044320411e+01 2.738412520657483307e-01 8.165322000000000000e+06
1.267635049109034462e+01 2.737411846199007681e-01 8.182574000000000000e+06
1.269205751319950970e+01 2.732595410021187998e-01 8.203698000000000000e+06
1.270776623809462613e+01 2.728887770067853213e-01 8.226914000000000000e+06
1.272347983526652904e+01 2.726195655627122183e-01 8.246898000000000000e+06
1.273918476699724422e+01 2.720407868818488506e-01 8.261774000000000000e+06
1.275488532096565741e+01 2.719194241243294008e-01 8.279426000000000000e+06
1.277058911046302292e+01 2.713973641192953812e-01 8.308722000000000000e+06
1.278629950396799053e+01 2.713476977651547162e-01 8.326214000000000000e+06
1.280200365974331511e+01 2.707375757580116060e-01 8.342682000000000000e+06
1.281770065856501084e+01 2.703631599431348675e-01 8.360834000000000000e+06
1.283340848437807935e+01 2.702651817072482254e-01 8.393226000000000000e+06
1.284913125601308792e+01 2.694979602501142990e-01 8.420150000000000000e+06
1.286484437274510917e+01 2.690616560037026872e-01 8.421986000000000000e+06
1.288054190366636220e+01 2.688529057460387617e-01 8.445714000000000000e+06
1.289624751817243542e+01 2.683070938166487451e-01 8.472590000000000000e+06
1.291196350413541616e+01 2.680184618209683900e-01 8.495370000000000000e+06
1.292767561271233312e+01 2.678855622390841629e-01 8.512802000000000000e+06
1.294337627341686670e+01 2.672266225835328579e-01 8.523290000000000000e+06
1.295909254465509619e+01 2.670018732975988351e-01 8.570982000000000000e+06
1.297481202941889933e+01 2.665724392883760396e-01 8.568458000000000000e+06
1.299050877709477980e+01 2.662620139199939340e-01 8.586498000000000000e+06
1.300620190024628187e+01 2.659386493275863739e-01 8.608838000000000000e+06
1.302191363383399469e+01 2.654639175257731964e-01 8.645610000000000000e+06
1.303763169598336091e+01 2.651531994531082237e-01 8.658386000000000000e+06
1.305333181807477239e+01 2.649546962496126534e-01 8.668598000000000000e+06
1.306903073371036683e+01 2.645993193848386604e-01 8.697426000000000000e+06
1.308473895878913140e+01 2.637984115217524295e-01 8.722562000000000000e+06
1.310044895130510945e+01 2.639277614162204300e-01 8.737962000000000000e+06
1.311616215419301668e+01 2.633674162040439137e-01 8.771366000000000000e+06
1.313186858979111094e+01 2.629762136857671240e-01 8.771010000000000000e+06
1.314758318782488900e+01 2.629850912733612822e-01 8.822618000000000000e+06
1.316329275779432884e+01 2.621091982198356374e-01 8.807726000000000000e+06
1.317898595262972350e+01 2.621533230717256746e-01 8.844618000000000000e+06
1.319469240226760220e+01 2.615757941223098570e-01 8.868722000000000000e+06
1.321040689247021405e+01 2.612996342305829445e-01 8.891394000000000000e+06
1.322611949941154208e+01 2.610538857222237108e-01 8.911934000000000000e+06
1.324182463394985909e+01 2.609223360807750858e-01 8.923938000000000000e+06
1.325752875752444560e+01 2.604137325850974238e-01 8.953682000000000000e+06
1.327324685934994797e+01 2.598829977757653453e-01 8.981966000000000000e+06
1.328896030804089534e+01 2.596454657068028582e-01 8.990442000000000000e+06
1.330465770248929935e+01 2.593600887401399935e-01 9.007874000000000000e+06
1.332036222917837698e+01 2.589514781642446306e-01 9.038982000000000000e+06
1.333608106842605068e+01 2.587868870174680480e-01 9.068570000000000000e+06
1.335180331535189246e+01 2.583030186290966035e-01 9.085250000000000000e+06
1.336750361723562541e+01 2.575290406166859114e-01 9.084690000000000000e+06
1.338320275923961589e+01 2.575561523089822669e-01 9.128654000000000000e+06
1.339890831652831338e+01 2.572173462226149399e-01 9.133170000000000000e+06
1.341462514739588485e+01 2.567143525248854474e-01 9.185882000000000000e+06
1.343033068227095939e+01 2.564912529981161482e-01 9.163254000000000000e+06
1.344603079414738112e+01 2.561031135135838910e-01 9.220130000000000000e+06
1.346175097817287813e+01 2.558988341775028097e-01 9.233138000000000000e+06
1.347746169624149459e+01 2.554873419596431217e-01 9.249378000000000000e+06
1.349316675243398933e+01 2.548881255022084069e-01 9.271550000000000000e+06
1.350886780744113125e+01 2.547933690462883538e-01 9.286266000000000000e+06
1.352457420959309786e+01 2.546503440383951489e-01 9.320762000000000000e+06
1.354027528269936731e+01 2.539477713382135016e-01 9.326718000000000000e+06
1.355597266711250448e+01 2.538717841763871719e-01 9.354602000000000000e+06
1.357167854077304803e+01 2.533687221883944019e-01 9.384122000000000000e+06
1.358738838662311110e+01 2.532244357257426026e-01 9.400482000000000000e+06
1.360310113866151482e+01 2.527768742953985792e-01 9.432638000000000000e+06
1.361881507393887070e+01 2.523826894479103689e-01 9.445314000000000000e+06
1.363453202384387275e+01 2.521674181121396630e-01 9.477290000000000000e+06
1.365024566205330991e+01 2.517869032335979806e-01 9.489182000000000000e+06
1.366595033684499860e+01 2.517708026313215108e-01 9.506706000000000000e+06
1.368165392332742947e+01 2.511727528634951634e-01 9.533978000000000000e+06
1.369736167268202998e+01 2.507144380866729305e-01 9.553662000000000000e+06
1.371307055606699343e+01 2.504760944875445428e-01 9.579506000000000000e+06
1.372878654632152795e+01 2.502950707264235408e-01 9.607866000000000000e+06
1.374449164540093271e+01 2.499215786595705979e-01 9.608354000000000000e+06
1.376018948147827103e+01 2.493984774979152441e-01 9.643862000000000000e+06
1.377590285876657106e+01 2.491367113734049843e-01 9.670578000000000000e+06
1.379161550194992891e+01 2.490084528209960957e-01 9.687890000000000000e+06
1.380731081996385612e+01 2.483790597912330089e-01 9.693294000000000000e+06
1.382300999567189415e+01 2.479790538940188360e-01 9.736034000000000000e+06
1.383872564254849102e+01 2.481227224743327853e-01 9.758946000000000000e+06
1.385444081006387584e+01 2.477008882508773269e-01 9.778994000000000000e+06
1.387015071998694360e+01 2.475485397599668791e-01 9.796814000000000000e+06
1.388585452423644107e+01 2.469364763679547103e-01 9.816882000000000000e+06
1.390156760444444295e+01 2.465498247096547246e-01 9.850514000000000000e+06
1.391727461050539816e+01 2.463184078996256410e-01 9.856062000000000000e+06
1.393297592547683017e+01 2.461632570038999601e-01 9.886706000000000000e+06
1.394868876145243419e+01 2.456586922361543024e-01 9.916194000000000000e+06
1.396439742877755918e+01 2.454157008254227168e-01 9.924854000000000000e+06
1.398010702101767677e+01 2.451319531515867567e-01 9.961490000000000000e+06
1.399582173626056658e+01 2.447297841949242492e-01 9.979098000000000000e+06
1.401152670862070160e+01 2.442987003549255132e-01 9.990266000000000000e+06
1.402722014478893797e+01 2.442304031461793590e-01 1.001239800000000000e+07
1.404291897715275006e+01 2.438359775025306930e-01 1.003881800000000000e+07
1.405862735443806244e+01 2.434088354324359382e-01 1.007208200000000000e+07
1.407433479531513143e+01 2.433147172326377838e-01 1.008267000000000000e+07
1.409004917104677368e+01 2.428355101427153717e-01 1.012322600000000000e+07
1.410576653922355916e+01 2.427021004981433083e-01 1.013483400000000000e+07
1.412147260933269344e+01 2.422869639312610346e-01 1.015145000000000000e+07
1.413717993358438640e+01 2.419628533369310996e-01 1.018411800000000000e+07
1.415289157905369954e+01 2.417404834011613879e-01 1.019981000000000000e+07
1.416860366393267157e+01 2.413321696757091961e-01 1.023038600000000000e+07
1.418430896436029265e+01 2.410297417529062847e-01 1.023833400000000000e+07
1.420001284291687682e+01 2.408867114490701178e-01 1.027159400000000000e+07
1.421572657614547808e+01 2.405399547775201874e-01 1.029841800000000000e+07
1.423143337578410517e+01 2.402042231479097345e-01 1.030681400000000000e+07
1.424713778177505397e+01 2.397494571768788163e-01 1.034130600000000000e+07
1.426285025225489456e+01 2.397542344078969767e-01 1.036284200000000000e+07
1.427856427368283398e+01 2.393131654620720694e-01 1.038883400000000000e+07
1.429426790244143852e+01 2.390364989904411597e-01 1.039563000000000000e+07
1.430996575509801971e+01 2.388869086752095638e-01 1.042536200000000000e+07
1.432567210679634506e+01 2.382317748702588167e-01 1.045427400000000000e+07
1.434138366999696146e+01 2.380935532062757598e-01 1.047829400000000000e+07
1.435709809438420237e+01 2.378148240618910003e-01 1.050181800000000000e+07
1.437280392282341523e+01 2.375465177211951440e-01 1.051481000000000000e+07
1.438851160269255303e+01 2.370192860979432603e-01 1.054884200000000000e+07
1.440422192675342039e+01 2.367793496063299308e-01 1.056646200000000000e+07
1.441992714275331444e+01 2.366068012933074116e-01 1.058681000000000000e+07
1.443563532454286502e+01 2.364145666575662996e-01 1.061495400000000000e+07
1.445133980253338457e+01 2.358472170304092008e-01 1.063105400000000000e+07
1.446704700330820970e+01 2.355218055811648392e-01 1.066236200000000000e+07
1.448275628028434348e+01 2.353693886770016064e-01 1.068335400000000000e+07
1.449846208348667354e+01 2.351852429944469303e-01 1.069929800000000000e+07
1.451417198299666467e+01 2.348131519943323364e-01 1.073878200000000000e+07
1.452988075651297706e+01 2.345913172518535872e-01 1.074420200000000000e+07
1.454558861043286200e+01 2.343367569433507935e-01 1.078218600000000000e+07
1.456129125218806841e+01 2.339993468685946931e-01 1.078496600000000000e+07
1.457699892464232683e+01 2.337809898856722246e-01 1.083393800000000000e+07
1.459271566640466311e+01 2.335325195899978501e-01 1.084813800000000000e+07
1.460843060267550619e+01 2.332600315290948856e-01 1.087376600000000000e+07
1.462413856613178353e+01 2.329188699886194092e-01 1.088697000000000000e+07
1.463984038393505038e+01 2.326495526849077511e-01 1.091244200000000000e+07
1.465554487563843367e+01 2.324500731390772568e-01 1.093669800000000000e+07
1.467125359738870749e+01 2.319818811392375113e-01 1.096614200000000000e+07
1.468695215062295389e+01 2.318021130218531900e-01 1.096874600000000000e+07
1.470265208970906734e+01 2.316424824065363153e-01 1.101460200000000000e+07
1.471836994524712061e+01 2.312864729460188118e-01 1.104277400000000000e+07
1.473408908505314230e+01 2.307787144823555958e-01 1.106147400000000000e+07
1.474979494899728394e+01 2.305595193475698523e-01 1.107245000000000000e+07
1.476549319820674455e+01 2.302272197641832552e-01 1.109692200000000000e+07
1.478120959716355998e+01 2.302019705511834102e-01 1.114652600000000000e+07
1.479692708607952589e+01 2.298075734267202297e-01 1.114560200000000000e+07
1.481262773648680664e+01 2.295618986068065637e-01 1.116844200000000000e+07
1.482831807978547367e+01 2.292073641147201468e-01 1.118108600000000000e+07
1.484403479212634736e+01 2.290082349387748406e-01 1.125011400000000000e+07
1.485975910022496826e+01 2.287540697445834270e-01 1.124210600000000000e+07
1.487546116254211981e+01 2.285376894976017814e-01 1.126544600000000000e+07
1.489116101759013233e+01 2.281764460382313953e-01 1.128549000000000000e+07
1.490687605691364404e+01 2.281096985318000481e-01 1.133592200000000000e+07
1.492259047301397423e+01 2.276159232065298466e-01 1.133013000000000000e+07
1.493828361520856873e+01 2.274762112726033403e-01 1.135727000000000000e+07
1.495398746968900205e+01 2.272174890408353576e-01 1.138909800000000000e+07
1.496970470176504620e+01 2.269866335184037576e-01 1.142664200000000000e+07
1.498541811108218447e+01 2.267848229405465266e-01 1.143135800000000000e+07
1.500112369815582269e+01 2.263197789832370466e-01 1.146229800000000000e+07
1.501682771044461795e+01 2.262088427401137969e-01 1.147920200000000000e+07
1.503253401606537842e+01 2.257912337943860648e-01 1.150974600000000000e+07
1.504823456875438481e+01 2.256952839444932302e-01 1.152306200000000000e+07
1.506393551489705551e+01 2.252801524029071634e-01 1.155621000000000000e+07
1.507964770104679175e+01 2.250104674705016572e-01 1.158828200000000000e+07
1.509535661435938536e+01 2.248499868013213443e-01 1.159964600000000000e+07
1.511107216380126061e+01 2.246273466815808528e-01 1.164527400000000000e+07
1.512678669010588095e+01 2.242517557650056947e-01 1.164933800000000000e+07
1.514248358802091232e+01 2.240742183756285477e-01 1.166538600000000000e+07
1.515819551110980434e+01 2.236188493053245796e-01 1.171928600000000000e+07
1.517391026295977774e+01 2.235674707514151427e-01 1.172073800000000000e+07
1.518961803510608810e+01 2.233529537968029499e-01 1.175507400000000000e+07
1.520532275548752743e+01 2.231199083959553020e-01 1.176716600000000000e+07
1.522103567250607448e+01 2.229611745901627085e-01 1.181334600000000000e+07
1.523675395281714806e+01 2.225318909639802112e-01 1.182545000000000000e+07
1.525244943101724004e+01 2.223888421949994365e-01 1.182881400000000000e+07
1.526815365307287742e+01 2.220047502536514894e-01 1.188441800000000000e+07
1.528387066072771638e+01 2.219958685345961025e-01 1.190037800000000000e+07
1.529957321464638476e+01 2.215897133708912559e-01 1.190800200000000000e+07
1.531526583627620397e+01 2.215090383473214963e-01 1.193747000000000000e+07
1.533097536464771871e+01 2.211695789438014592e-01 1.198134600000000000e+07
1.534669338573561426e+01 2.209672421274139209e-01 1.199815400000000000e+07
1.536240004252223734e+01 2.206695926479456393e-01 1.201579800000000000e+07
1.537810801182491893e+01 2.206378429540120367e-01 1.204658600000000000e+07
1.539381960142510408e+01 2.202007773233102539e-01 1.207322600000000000e+07
1.540952845721061593e+01 2.199718430323499285e-01 1.208937000000000000e+07
1.542523709037442003e+01 2.197580648487230948e-01 1.212366200000000000e+07
1.544094016867252428e+01 2.196878180904670019e-01 1.212901800000000000e+07
1.545664017249611355e+01 2.193502131452354231e-01 1.216869800000000000e+07
1.547234727593419557e+01 2.190630723964344384e-01 1.219107000000000000e+07
1.548806833453869558e+01 2.186582364232603770e-01 1.223729000000000000e+07
1.550378623459487315e+01 2.185937427731990401e-01 1.223743400000000000e+07
1.551949330626827894e+01 2.183206962344624025e-01 1.226943000000000000e+07
1.553520078467428966e+01 2.181912425089397867e-01 1.228831400000000000e+07
1.555090402017178697e+01 2.178960021013614523e-01 1.231201800000000000e+07
1.556660515225103758e+01 2.178144638662793120e-01 1.233377000000000000e+07
1.558230564648683369e+01 2.174704759997327652e-01 1.236265400000000000e+07
1.559802032509431058e+01 2.171430887262377485e-01 1.240528200000000000e+07
1.561373656517381825e+01 2.171086833001982519e-01 1.241484200000000000e+07
1.562943874868456007e+01 2.169012266917863530e-01 1.243327800000000000e+07
1.564514468723513119e+01 2.165164046634965589e-01 1.246944200000000000e+07
1.566085762263859849e+01 2.162497461412266064e-01 1.249710600000000000e+07
1.567656801168175562e+01 2.161180777800882635e-01 1.251307400000000000e+07
1.569226784315055134e+01 2.158335781751245797e-01 1.253190200000000000e+07
1.570797061764651303e+01 2.156658065245084799e-01 1.256769000000000000e+07
1.572368763200833186e+01 2.154371524432654172e-01 1.260333800000000000e+07
1.573939902922757739e+01 2.152191564297837034e-01 1.261272600000000000e+07
1.575510155432147918e+01 2.150296458939364164e-01 1.263480200000000000e+07
1.577080131559525533e+01 2.147306702425148262e-01 1.266273000000000000e+07
1.578651124257762106e+01 2.145138240657634698e-01 1.269908600000000000e+07
1.580221945868158429e+01 2.142891112112162988e-01 1.271107400000000000e+07
1.581792010585497543e+01 2.141988781309320244e-01 1.273909800000000000e+07
1.583362809238100866e+01 2.137884324276067283e-01 1.276949000000000000e+07
1.584933934958661794e+01 2.138251868053638316e-01 1.279968600000000000e+07
1.586505742005159547e+01 2.134846124596663508e-01 1.282862600000000000e+07
1.588076352344777042e+01 2.133465050557189491e-01 1.283279400000000000e+07
1.589646872608305905e+01 2.131518804604742579e-01 1.287594200000000000e+07
1.591218765353894682e+01 2.127241364188101891e-01 1.290631400000000000e+07
1.592789674253093146e+01 2.128395054271151610e-01 1.291312200000000000e+07
1.594359563934946422e+01 2.125734288933758265e-01 1.293734600000000000e+07
1.595929854003116333e+01 2.123854403642413957e-01 1.297337400000000000e+07
1.597501474699522639e+01 2.120100290817232558e-01 1.300817000000000000e+07
1.599073061961361475e+01 2.120547589746818173e-01 1.302581000000000000e+07
1.600643059467362406e+01 2.117941795008128902e-01 1.303359000000000000e+07
1.602213644221637878e+01 2.115902744010141334e-01 1.308369800000000000e+07
1.603784671360493164e+01 2.113680520967786691e-01 1.309470600000000000e+07
1.605354767035452213e+01 2.111960955566589693e-01 1.311900200000000000e+07
1.606924881116611203e+01 2.107605909122234888e-01 1.314631800000000000e+07
