# k_mean_over_bin [h Mpc^-1] P_bin [h^-3 Mpc^3] N_modes
2.004559772710005558e-02 1.949976779513888687e+03 1.800000000000000000e+01
3.504137442477287673e-02 4.639564012096773695e+03 6.200000000000000000e+01
4.923125820196404961e-02 2.348035235969387486e+03 9.800000000000000000e+01
6.378344006481624640e-02 2.008996577380952658e+03 2.100000000000000000e+02
8.007265176091875325e-02 1.499014464285714212e+03 3.500000000000000000e+02
9.616302738587061139e-02 1.125156874999999900e+03 4.500000000000000000e+02
1.110826890383447979e-01 9.225642649501661481e+02 6.020000000000000000e+02
1.260576397180557251e-01 8.316188484251968021e+02 7.620000000000000000e+02
1.422731428555557009e-01 6.011373139229422122e+02 1.142000000000000000e+03
1.585460595607757484e-01 5.205982999999999947e+02 1.250000000000000000e+03
1.737497011902237598e-01 4.609368569958847388e+02 1.458000000000000000e+03
1.889532144205047226e-01 4.177960997794928630e+02 1.814000000000000000e+03
2.049067109494826788e-01 3.655403466483011812e+02 2.178000000000000000e+03
2.207556613284745450e-01 3.270960268214571443e+02 2.498000000000000000e+03
2.358802738624342921e-01 2.873981216628528159e+02 2.622000000000000000e+03
2.513999951464319649e-01 2.680200344517675148e+02 3.338000000000000000e+03
2.675345382307371400e-01 2.310005709296077612e+02 3.722000000000000000e+03
2.835681791499936044e-01 2.113803057553956819e+02 4.170000000000000000e+03
2.990221799979137507e-01 1.893263681734740658e+02 4.358000000000000000e+03
3.144508804126917023e-01 1.727931317044100012e+02 5.034000000000000000e+03
3.303723395141972552e-01 1.585964845117255777e+02 5.714000000000000000e+03
3.461405835555014798e-01 1.427664138248077563e+02 5.982000000000000000e+03
3.616240832326051979e-01 1.369437102393214047e+02 6.602000000000000000e+03
3.771335216675366642e-01 1.252886132538569512e+02 7.130000000000000000e+03
3.929320011962133541e-01 1.163933361339307879e+02 8.034000000000000000e+03
4.088541926781908975e-01 1.112873503950732044e+02 8.606000000000000000e+03
4.245637628236880179e-01 1.029557481248621116e+02 9.066000000000000000e+03
4.402531073637167558e-01 9.684552549688817180e+01 9.962000000000000000e+03
4.559993315308014661e-01 9.184589454976303102e+01 1.055000000000000000e+04
4.716264483403250773e-01 8.712183769820060775e+01 1.122600000000000000e+04
4.872700578197112775e-01 8.021738638234809571e+01 1.214600000000000000e+04
5.028559864371159316e-01 7.727811161351738178e+01 1.260600000000000000e+04
5.184881697096974662e-01 7.317674521808433497e+01 1.380200000000000000e+04
5.343469721895739433e-01 6.995854937644028837e+01 1.475400000000000000e+04
5.500823565575736485e-01 6.728394432012636628e+01 1.519400000000000000e+04
5.657322269403529669e-01 6.426735140391394907e+01 1.645400000000000000e+04
5.814958906429442687e-01 6.160190771831642564e+01 1.715400000000000000e+04
5.972223875100493018e-01 5.782861600788349676e+01 1.826600000000000000e+04
6.128042965698242694e-01 5.578393666666666917e+01 1.875000000000000000e+04
6.284339241893368566e-01 5.363571834535929383e+01 2.023400000000000000e+04
6.442671741027654608e-01 5.125783799533799368e+01 2.145000000000000000e+04
6.600506477327297006e-01 4.865154585192605197e+01 2.196200000000000000e+04
6.757240646605540135e-01 4.788715262978433174e+01 2.346200000000000000e+04
6.914033637984144942e-01 4.590584186007819767e+01 2.404200000000000000e+04
7.071742118944099875e-01 4.464881870037770284e+01 2.594600000000000000e+04
7.228711511166978632e-01 4.238221245884064814e+01 2.611800000000000000e+04
7.383803448867409802e-01 4.154188177124990489e+01 2.750600000000000000e+04
7.540183656477988938e-01 4.001580884882680778e+01 2.906600000000000000e+04
7.698451130026079392e-01 3.918819786535303962e+01 3.045000000000000000e+04
7.856895634322977884e-01 3.767177556549681583e+01 3.174200000000000000e+04
8.013652298136274554e-01 3.643384496124031102e+01 3.225000000000000000e+04
8.170314793099452411e-01 3.545828467153285146e+01 3.425000000000000000e+04
8.328089595358807440e-01 3.424588903931855555e+01 3.545400000000000000e+04
8.485110835048260691e-01 3.307491285612340448e+01 3.643400000000000000e+04
8.640973204722621759e-01 3.253031619871556757e+01 3.768200000000000000e+04
8.797014300262691044e-01 3.137969855448669065e+01 3.929400000000000000e+04
8.955074489672053550e-01 3.054440749770675723e+01 4.142600000000000000e+04
9.112788985619241222e-01 3.011429658156230715e+01 4.206600000000000000e+04
9.269095651252046153e-01 2.908919579213612394e+01 4.349000000000000000e+04
9.426346125839982770e-01 2.829515119688416291e+01 4.570200000000000000e+04
9.583964670696782928e-01 2.741325535017369575e+01 4.663400000000000000e+04
9.741277885224883804e-01 2.710605717345635668e+01 4.855400000000000000e+04
9.896918448392955092e-01 2.624985420503375977e+01 4.887000000000000000e+04
1.005280879626296420e+00 2.584881386507351309e+01 5.155400000000000000e+04
1.021133664452582135e+00 2.510946108337955351e+01 5.409000000000000000e+04
1.036923334995100809e+00 2.486341689067275240e+01 5.431400000000000000e+04
1.052635308833600680e+00 2.403985679142505560e+01 5.691000000000000000e+04
1.068321370297892425e+00 2.353971678090532649e+01 5.748200000000000000e+04
1.084052701550582753e+00 2.310402508824596524e+01 6.062600000000000000e+04
1.099794715754920382e+00 2.262074183903538938e+01 6.120600000000000000e+04
1.115370388947033220e+00 2.230777529167332673e+01 6.257000000000000000e+04
1.131046383902849950e+00 2.172694165525635412e+01 6.573000000000000000e+04
1.146787968622316356e+00 2.153765033140389207e+01 6.668600000000000000e+04
1.162563353468210270e+00 2.080571716548537964e+01 6.969800000000000000e+04
1.178284495947235833e+00 2.047652300574072370e+01 7.002600000000000000e+04
1.193950312022173277e+00 2.006566855909603220e+01 7.274600000000000000e+04
1.209702279395532543e+00 1.961045921772793932e+01 7.491000000000000000e+04
1.225374778796072261e+00 1.931248349224796002e+01 7.572200000000000000e+04
1.240998268267369031e+00 1.899475299191099609e+01 7.837800000000000000e+04
1.256664763601604173e+00 1.860441084593277594e+01 8.003000000000000000e+04
1.272410839108921055e+00 1.829494896977857010e+01 8.318600000000000000e+04
1.288186821427190987e+00 1.804450576382491178e+01 8.466600000000000000e+04
1.303915415643678744e+00 1.770870115314399484e+01 8.654600000000000000e+04
1.319571589153230251e+00 1.755068560373975828e+01 8.813400000000000000e+04
1.335290070384270056e+00 1.710476113745111348e+01 9.153800000000000000e+04
1.351076062681103140e+00 1.687478526487577568e+01 9.313800000000000000e+04
1.366744220099084473e+00 1.651038733885137333e+01 9.447800000000000000e+04
1.382398842931918725e+00 1.646357325698542340e+01 9.727400000000000000e+04
1.398110035554206876e+00 1.614502708396027941e+01 9.969000000000000000e+04
1.413886464447384306e+00 1.592471975826103936e+01 1.025900000000000000e+05
1.429636290478455862e+00 1.555817914618868691e+01 1.037700000000000000e+05
1.445306609637929229e+00 1.536491146822635478e+01 1.063460000000000000e+05
1.461013715221450848e+00 1.514754804414718059e+01 1.085460000000000000e+05
1.476673179078200837e+00 1.492605169517547736e+01 1.107260000000000000e+05
1.492290038154521659e+00 1.477239654742615116e+01 1.123220000000000000e+05
1.507927148623363189e+00 1.448669212183967581e+01 1.158900000000000000e+05
1.523672044743926701e+00 1.434251069329605954e+01 1.187660000000000000e+05
1.539529615911521709e+00 1.405382140345713005e+01 1.222980000000000000e+05
1.555255688786340684e+00 1.386229011385043819e+01 1.220900000000000000e+05
1.570915144657768492e+00 1.363118988951593735e+01 1.258100000000000000e+05
1.586615423455384422e+00 1.347936266479444534e+01 1.281900000000000000e+05
1.602349133342779730e+00 1.338322461334106883e+01 1.309940000000000000e+05
1.618092974080486135e+00 1.317347930781771126e+01 1.337220000000000000e+05
1.633691874209366679e+00 1.302849345712023599e+01 1.338860000000000000e+05
1.649409270104698511e+00 1.282637347194353161e+01 1.405380000000000000e+05
1.665187916060468121e+00 1.267036644522525890e+01 1.405940000000000000e+05
1.680850499408222509e+00 1.259885336434670045e+01 1.435940000000000000e+05
1.696519861906699678e+00 1.232943151527578429e+01 1.463100000000000000e+05
1.712283893956166425e+00 1.222225771656156645e+01 1.506500000000000000e+05
1.728062756067172412e+00 1.199709621891333278e+01 1.519140000000000000e+05
1.743677627348828585e+00 1.195475250655158561e+01 1.533980000000000000e+05
1.759326903275710174e+00 1.181269399364017580e+01 1.578660000000000000e+05
1.775054497456971747e+00 1.163666375157166222e+01 1.606580000000000000e+05
1.790812710658242546e+00 1.151912758528232494e+01 1.641020000000000000e+05
1.806502375897273804e+00 1.138388592918530406e+01 1.649940000000000000e+05
1.822179186865621636e+00 1.125700544598174702e+01 1.698500000000000000e+05
1.837969883527481585e+00 1.112738025042489021e+01 1.729860000000000000e+05
1.853671301775014824e+00 1.102888397529529563e+01 1.738940000000000000e+05
1.869276135303816311e+00 1.082343461856113365e+01 1.767780000000000000e+05
1.884971321406135658e+00 1.077259463592259792e+01 1.818020000000000000e+05
1.900728707982397125e+00 1.065988586455565823e+01 1.844300000000000000e+05
1.916473119999263952e+00 1.050334259941679704e+01 1.872420000000000000e+05
1.932184555202840048e+00 1.036876806833114451e+01 1.902500000000000000e+05
1.947873548384971176e+00 1.033294061899568916e+01 1.925700000000000000e+05
1.963628993658796507e+00 1.020365036771010914e+01 1.982540000000000000e+05
1.979352447076785815e+00 1.008751653422458361e+01 1.980740000000000000e+05
1.994985104292756439e+00 1.000704899777282897e+01 2.020500000000000000e+05
2.010642935442618739e+00 9.908511839300834012e+00 2.055020000000000000e+05
2.026404838719640278e+00 9.782942548868824417e+00 2.106660000000000000e+05
2.042160439755924539e+00 9.678362700422736609e+00 2.124260000000000000e+05
2.057814152054247447e+00 9.612377172561448191e+00 2.139180000000000000e+05
2.073527659517757193e+00 9.421298202666134713e+00 2.209940000000000000e+05
2.089278401895053872e+00 9.443143344679084450e+00 2.215220000000000000e+05
2.104986979127729807e+00 9.311445602128015864e+00 2.263140000000000000e+05
2.120648321356923383e+00 9.254974834355502722e+00 2.272940000000000000e+05
2.136325257483229656e+00 9.159563576892368886e+00 2.329620000000000000e+05
2.152108829701105730e+00 9.038459031696508106e+00 2.378180000000000000e+05
2.167848322413291839e+00 8.961449970217870487e+00 2.383980000000000000e+05
2.183487000865677263e+00 8.844807553703535774e+00 2.414180000000000000e+05
2.199161537811643807e+00 8.773415026456740762e+00 2.468180000000000000e+05
2.214891256735060487e+00 8.685119604971468732e+00 2.499060000000000000e+05
2.230633713071271895e+00 8.623225377107363698e+00 2.547020000000000000e+05
2.246304443991349320e+00 8.559813967565187198e+00 2.544180000000000000e+05
2.261936208784359970e+00 8.487850196271230274e+00 2.603540000000000000e+05
2.277652670266802293e+00 8.416572946779684372e+00 2.649740000000000000e+05
2.293412982496121355e+00 8.317784736642328980e+00 2.687220000000000000e+05
2.309141221738169047e+00 8.266020282661049379e+00 2.715620000000000000e+05
2.324861988404599789e+00 8.214129164761635238e+00 2.755860000000000000e+05
2.340611247586814159e+00 8.117198151254505945e+00 2.801900000000000000e+05
2.356347504876110666e+00 8.041017876210073467e+00 2.828340000000000000e+05
2.372029085968939910e+00 7.963788266647964242e+00 2.851700000000000000e+05
2.387678571697246621e+00 7.952582221976914667e+00 2.898860000000000000e+05
2.403388139521258626e+00 7.791287176457005081e+00 2.944740000000000000e+05
2.419137128499648348e+00 7.753027566127319581e+00 2.994980000000000000e+05
2.434829956177893884e+00 7.628928883377005477e+00 2.999580000000000000e+05
2.450497304476752181e+00 7.630802529278292390e+00 3.058580000000000000e+05
2.466221630284449073e+00 7.546459230229669579e+00 3.107940000000000000e+05
2.481948461430914410e+00 7.515622903903769192e+00 3.130820000000000000e+05
2.497590267743403203e+00 7.451093353499174121e+00 3.160460000000000000e+05
2.513275415567109317e+00 7.413032481115269690e+00 3.222180000000000000e+05
2.529064511226168488e+00 7.304913532301362089e+00 3.285620000000000000e+05
2.544794397904540872e+00 7.263812921125644806e+00 3.279900000000000000e+05
2.560494206000486273e+00 7.216850293186034548e+00 3.352820000000000000e+05
2.576181416838396743e+00 7.151623656874125601e+00 3.359700000000000000e+05
2.591894431456594372e+00 7.078373771311318841e+00 3.440660000000000000e+05
2.607583386084574517e+00 7.027808406891695725e+00 3.437180000000000000e+05
2.623254195933073518e+00 6.991777335859663545e+00 3.514980000000000000e+05
2.638982638468245323e+00 6.907812068002414208e+00 3.544580000000000000e+05
2.654678623100330981e+00 6.849606488066353194e+00 3.585660000000000000e+05
2.670444987332728282e+00 6.815220063257601879e+00 3.661220000000000000e+05
2.686175436888973866e+00 6.772000492058718457e+00 3.658100000000000000e+05
2.701842624139498383e+00 6.716311870664277706e+00 3.716220000000000000e+05
2.717551210176916143e+00 6.639743235120456610e+00 3.759860000000000000e+05
2.733286152591690943e+00 6.621382499934584054e+00 3.821700000000000000e+05
2.748969669686326611e+00 6.551342524448820370e+00 3.818180000000000000e+05
2.764618652904751617e+00 6.506810002720921027e+00 3.895740000000000000e+05
2.780335698310803405e+00 6.465156668309210986e+00 3.936980000000000000e+05
2.796070939832780322e+00 6.409953612144455803e+00 3.994580000000000000e+05
2.811789110373833278e+00 6.372672305343815680e+00 4.022220000000000000e+05
2.827490318755497611e+00 6.324601520684554501e+00 4.069220000000000000e+05
2.843211165013692643e+00 6.281729450976403228e+00 4.128420000000000000e+05
2.858928238366322816e+00 6.232197974700611098e+00 4.153460000000000000e+05
2.874619182965964193e+00 6.192171674003162707e+00 4.211820000000000000e+05
2.890326122379585971e+00 6.125744674343204466e+00 4.250180000000000000e+05
2.906048410595298837e+00 6.095683400674493768e+00 4.311380000000000000e+05
2.921763637537025282e+00 6.062607336399758573e+00 4.343820000000000000e+05
2.937471882413853042e+00 6.018155849415490977e+00 4.395140000000000000e+05
2.953184966193053373e+00 5.941919174884988664e+00 4.447380000000000000e+05
2.968906669185866321e+00 5.938612973647278359e+00 4.489100000000000000e+05
2.984558054153132023e+00 5.872844071919009146e+00 4.506180000000000000e+05
3.000234266597839206e+00 5.863589480235184226e+00 4.595540000000000000e+05
3.015961738166995865e+00 5.816988443250573404e+00 4.631060000000000000e+05
3.031644318942089189e+00 5.792110902730499333e+00 4.670940000000000000e+05
3.047375183469438475e+00 5.725931595281910091e+00 4.749380000000000000e+05
3.063101994982958765e+00 5.695675271277866436e+00 4.771860000000000000e+05
3.078830638657798602e+00 5.641069181092290385e+00 4.846700000000000000e+05
3.094557820700788220e+00 5.616539188107021019e+00 4.870100000000000000e+05
3.110261604918990841e+00 5.579898908200456198e+00 4.933140000000000000e+05
3.125964826756857384e+00 5.552541495238977554e+00 4.963220000000000000e+05
3.141631907395710410e+00 5.525331272348924294e+00 5.017020000000000000e+05
3.157337759020614865e+00 5.472718665570766028e+00 5.085620000000000000e+05
3.173083732250922218e+00 5.434392756717654649e+00 5.142420000000000000e+05
3.188786566155163538e+00 5.416673286086818528e+00 5.161580000000000000e+05
3.204467208631248454e+00 5.368578287109501801e+00 5.226020000000000000e+05
3.220198682476764773e+00 5.328727730478010294e+00 5.306580000000000000e+05
3.235902901074469540e+00 5.299267322212202203e+00 5.300420000000000000e+05
3.251569839460216826e+00 5.259525811037006449e+00 5.388780000000000000e+05
3.267286640001119125e+00 5.232324076966901494e+00 5.441300000000000000e+05
3.283035953778620897e+00 5.183823529411764497e+00 5.511060000000000000e+05
3.298765470797303756e+00 5.173483524735461359e+00 5.539820000000000000e+05
3.314460854810658219e+00 5.122351954886949166e+00 5.582420000000000000e+05
3.330143183999465961e+00 5.100339476322567123e+00 5.645460000000000000e+05
3.345851390644388967e+00 5.071028354373577685e+00 5.704940000000000000e+05
3.361584614506297086e+00 5.037874374525367571e+00 5.767620000000000000e+05
3.377268741275611497e+00 5.006103065540940200e+00 5.782340000000000000e+05
3.392938742749323389e+00 4.984876619096890948e+00 5.856660000000000000e+05
3.408667877553761993e+00 4.944645098124976990e+00 5.944460000000000000e+05
3.424389245726590758e+00 4.906395212095757685e+00 5.952500000000000000e+05
3.440080490503192756e+00 4.873757047540445697e+00 6.034020000000000000e+05
3.455784632582446392e+00 4.841884102591120786e+00 6.073820000000000000e+05
3.471525169349745088e+00 4.824578612988444704e+00 6.170100000000000000e+05
3.487238775590668638e+00 4.797464403723868287e+00 6.167780000000000000e+05
3.502915637500682244e+00 4.755991635000464512e+00 6.247460000000000000e+05
3.518586117849470174e+00 4.746311271817113209e+00 6.280620000000000000e+05
3.534307361823285198e+00 4.716811591936315828e+00 6.394100000000000000e+05
3.550068718511843802e+00 4.686495456906714985e+00 6.429540000000000000e+05
3.565767899937936303e+00 4.638962249254614534e+00 6.459740000000000000e+05
3.581461234185308484e+00 4.631699413916051000e+00 6.534900000000000000e+05
3.597192479322759873e+00 4.602430056330269359e+00 6.607460000000000000e+05
3.612919168611930854e+00 4.570591337343488547e+00 6.646460000000000000e+05
3.628586482304986038e+00 4.535556879317837797e+00 6.672900000000000000e+05
3.644285394494611641e+00 4.527320796896768584e+00 6.790340000000000000e+05
3.660034289703634869e+00 4.485670228877932431e+00 6.827220000000000000e+05
3.675778468055097559e+00 4.455798147671279352e+00 6.912380000000000000e+05
3.691462948962963786e+00 4.423342874403501490e+00 6.886020000000000000e+05
3.707119074879760223e+00 4.415658808320467976e+00 7.008260000000000000e+05
3.722835664250375487e+00 4.379277189362612788e+00 7.056620000000000000e+05
3.738525251797470528e+00 4.366173906675566485e+00 7.100820000000000000e+05
3.754222032949778853e+00 4.328576523787408092e+00 7.191620000000000000e+05
3.769933086185316640e+00 4.323511595707857147e+00 7.222500000000000000e+05
3.785638995718866973e+00 4.290475864991592836e+00 7.315100000000000000e+05
3.801371660419305520e+00 4.265828809329180515e+00 7.364420000000000000e+05
3.817071936206203997e+00 4.249034617450715423e+00 7.408980000000000000e+05
3.832786102847733023e+00 4.213162093852228729e+00 7.501580000000000000e+05
3.848527046055627121e+00 4.199073080520251189e+00 7.548660000000000000e+05
3.864237159299509283e+00 4.158247089347629988e+00 7.608260000000000000e+05
3.879924927323326056e+00 4.133409311627493032e+00 7.640340000000000000e+05
3.895614328144405114e+00 4.115683223793880963e+00 7.738460000000000000e+05
3.911337128038584687e+00 4.094044098220629202e+00 7.797140000000000000e+05
3.927042484287095014e+00 4.059746160338844057e+00 7.843140000000000000e+05
3.942732759911325768e+00 4.057499159655370669e+00 7.913420000000000000e+05
3.958453369699379998e+00 4.019307768513167289e+00 7.994580000000000000e+05
3.974178216354418591e+00 4.005494048166248433e+00 8.049620000000000000e+05
3.989882109912799013e+00 3.990806929775801315e+00 8.095500000000000000e+05
4.005543243773400874e+00 3.959878690725274097e+00 8.134580000000000000e+05
4.021251057898795445e+00 3.943307787508369522e+00 8.274020000000000000e+05
4.036984636136614846e+00 3.914099138565660052e+00 8.286180000000000000e+05
4.052682677778184583e+00 3.899334223902461538e+00 8.369180000000000000e+05
4.068393456235992467e+00 3.870010523518343071e+00 8.428740000000000000e+05
4.084099822251435974e+00 3.853639246095193815e+00 8.493380000000000000e+05
4.099829813320492455e+00 3.836895855599097072e+00 8.589420000000000000e+05
4.115554009414900349e+00 3.816733993203078157e+00 8.609780000000000000e+05
4.131235359039446386e+00 3.792175008579529383e+00 8.683460000000000000e+05
4.146931044915801223e+00 3.774878764194644631e+00 8.751540000000000000e+05
4.162664159049392687e+00 3.754856896866896498e+00 8.862140000000000000e+05
4.178388788086889960e+00 3.732758416671737578e+00 8.873460000000000000e+05
4.194077965975033351e+00 3.713186574985530175e+00 8.949860000000000000e+05
4.209774792532540388e+00 3.692093203836175785e+00 9.027740000000000000e+05
4.225510803750013977e+00 3.668816891309639061e+00 9.121140000000000000e+05
4.241231113843379141e+00 3.649534002312503134e+00 9.150260000000000000e+05
4.256908196003403866e+00 3.635425836446983361e+00 9.201420000000000000e+05
4.272591924000948893e+00 3.615226262204735974e+00 9.297620000000000000e+05
4.288308084378355645e+00 3.597182141798318522e+00 9.376980000000000000e+05
4.304040323784237287e+00 3.571760930266035139e+00 9.447620000000000000e+05
4.319738418983270378e+00 3.552130547300617724e+00 9.482540000000000000e+05
4.335428335028543856e+00 3.545346111316657112e+00 9.568020000000000000e+05
4.351157550879730884e+00 3.524373797354023896e+00 9.676580000000000000e+05
4.366881330891844826e+00 3.498537179463381719e+00 9.697020000000000000e+05
4.382546060772999574e+00 3.482310156145736357e+00 9.740900000000000000e+05
4.398246218400761798e+00 3.467009515600689262e+00 9.884820000000000000e+05
4.413979276240257654e+00 3.450395113276894410e+00 9.919940000000000000e+05
4.429695644229851403e+00 3.432378150504979519e+00 1.001030000000000000e+06
4.445410080183695989e+00 3.407202496394649227e+00 1.005450000000000000e+06
4.461113024304604657e+00 3.390313374856225082e+00 1.013738000000000000e+06
4.476828248264367538e+00 3.384486302375429911e+00 1.021710000000000000e+06
4.492511743566732996e+00 3.362011125157040148e+00 1.023626000000000000e+06
4.508191947536588806e+00 3.345811201408719793e+00 1.035834000000000000e+06
4.523895481465870283e+00 3.319920713768247822e+00 1.040786000000000000e+06
4.539619934096997156e+00 3.303713850851590195e+00 1.053206000000000000e+06
4.555352618284365995e+00 3.299766225607898562e+00 1.057002000000000000e+06
4.571063001207543941e+00 3.280242090877133254e+00 1.063898000000000000e+06
4.586777862326684385e+00 3.255329134903456545e+00 1.072782000000000000e+06
4.602497075350756361e+00 3.242736317070593621e+00 1.078826000000000000e+06
4.618214180504660149e+00 3.227879618207923240e+00 1.087922000000000000e+06
4.633911241501361467e+00 3.208284502253107462e+00 1.090494000000000000e+06
4.649602871383847535e+00 3.198636778824764271e+00 1.101362000000000000e+06
4.665319460688174047e+00 3.179703001075867341e+00 1.109802000000000000e+06
4.681029772111457099e+00 3.166453494527659451e+00 1.114514000000000000e+06
4.696725943447952467e+00 3.149520075165090915e+00 1.123926000000000000e+06
4.712406639130506392e+00 3.138362066668679784e+00 1.125986000000000000e+06
4.728114319510818397e+00 3.126520260521147065e+00 1.143554000000000000e+06
4.743843011674210075e+00 3.100818984721021021e+00 1.144710000000000000e+06
4.759548004017718270e+00 3.090150240290879147e+00 1.154018000000000000e+06
4.775245153331388437e+00 3.074772277022868039e+00 1.159962000000000000e+06
4.790962201099520534e+00 3.059013515106073111e+00 1.170986000000000000e+06
4.806687457227775795e+00 3.042574876373136838e+00 1.178142000000000000e+06
4.822395257046031780e+00 3.027287528093117963e+00 1.182674000000000000e+06
4.838087143849061356e+00 3.009685332182481687e+00 1.191002000000000000e+06
4.853789225034707222e+00 2.998893528861965141e+00 1.200438000000000000e+06
4.869505077076887289e+00 2.985352543781380152e+00 1.208162000000000000e+06
4.885214479826415435e+00 2.967692251357325173e+00 1.215258000000000000e+06
4.900926872777207954e+00 2.957007974617158030e+00 1.224134000000000000e+06
4.916625834276870499e+00 2.940287957731691826e+00 1.228722000000000000e+06
4.932342625999591945e+00 2.925419135521423630e+00 1.243154000000000000e+06
4.948070313168653200e+00 2.914488041919523376e+00 1.245434000000000000e+06
4.963768791695496674e+00 2.895775472091959735e+00 1.255158000000000000e+06
4.979434313641077026e+00 2.889118038244359088e+00 1.255610000000000000e+06
4.995141420885109262e+00 2.867806415657322638e+00 1.277562000000000000e+06
5.010861277833007499e+00 2.859220590797025174e+00 1.274414000000000000e+06
5.026541148359606304e+00 2.847380897578060566e+00 1.285994000000000000e+06
5.042268620369379839e+00 2.839099663734927503e+00 1.299570000000000000e+06
5.058004053481842455e+00 2.816397388263157886e+00 1.302122000000000000e+06
5.073708460591943137e+00 2.812874132774526803e+00 1.311366000000000000e+06
5.089416057291027862e+00 2.795937039962522519e+00 1.319186000000000000e+06
5.105125712135527571e+00 2.773060091876507816e+00 1.327434000000000000e+06
5.120844156875770103e+00 2.770486893682316598e+00 1.337294000000000000e+06
5.136559512122237159e+00 2.755343963417812958e+00 1.342730000000000000e+06
5.152249183032828306e+00 2.740626735378395740e+00 1.350570000000000000e+06
5.167964432416064291e+00 2.729459154991596748e+00 1.362590000000000000e+06
5.183694924160209716e+00 2.713063755660006571e+00 1.369698000000000000e+06
5.199396868456950926e+00 2.700239251327719359e+00 1.374914000000000000e+06
5.215085298788597612e+00 2.692985176030125327e+00 1.383570000000000000e+06
5.230792912992411559e+00 2.676692951137114473e+00 1.395374000000000000e+06
5.246488594245054315e+00 2.665261089167168862e+00 1.396994000000000000e+06
5.262173859327344161e+00 2.657822185855065023e+00 1.411530000000000000e+06
5.277882164810089982e+00 2.637667592661829374e+00 1.417574000000000000e+06
5.293593858628555360e+00 2.635581705082605808e+00 1.428834000000000000e+06
5.309329156889964985e+00 2.618327741557089805e+00 1.439018000000000000e+06
5.325038538485003414e+00 2.608006848069477801e+00 1.440698000000000000e+06
5.340730702455575241e+00 2.593998299439062460e+00 1.453638000000000000e+06
5.356455193601842524e+00 2.587674231563468208e+00 1.463426000000000000e+06
5.372183381207660702e+00 2.569934740491485847e+00 1.471050000000000000e+06
5.387886700194870926e+00 2.559144319731714745e+00 1.476638000000000000e+06
5.403571860691538831e+00 2.550645989871104913e+00 1.484466000000000000e+06
5.419293096268920529e+00 2.540035366124994365e+00 1.501154000000000000e+06
5.435016687773623012e+00 2.525196176881493670e+00 1.501706000000000000e+06
5.450702718101835487e+00 2.516994188562105883e+00 1.511502000000000000e+06
5.466391329901655105e+00 2.501597286996606773e+00 1.520234000000000000e+06
5.482117701107046770e+00 2.495278206656634357e+00 1.535010000000000000e+06
5.497863840523032231e+00 2.480351285962168362e+00 1.543358000000000000e+06
5.513531058043433575e+00 2.467905016037724497e+00 1.535754000000000000e+06
5.529215137958169990e+00 2.460535102843682598e+00 1.564802000000000000e+06
5.544946163489404611e+00 2.452916691724705167e+00 1.563038000000000000e+06
5.560660431796565106e+00 2.435623526221692092e+00 1.578426000000000000e+06
5.576372624871568817e+00 2.429282154333719745e+00 1.581482000000000000e+06
5.592071612679278658e+00 2.416108808290155618e+00 1.592250000000000000e+06
5.607777081388953810e+00 2.409858291256561369e+00 1.602230000000000000e+06
5.623461069047772654e+00 2.398228326584635361e+00 1.604754000000000000e+06
5.639160434689571844e+00 2.390839645990225470e+00 1.623458000000000000e+06
5.654868627057174635e+00 2.374899071333181677e+00 1.624910000000000000e+06
5.670595730029768688e+00 2.365838369433999500e+00 1.645122000000000000e+06
5.686329334746649700e+00 2.357132263103827619e+00 1.645130000000000000e+06
5.702030598096980540e+00 2.342597055274306062e+00 1.655706000000000000e+06
5.717729473142792784e+00 2.335479157824877916e+00 1.663502000000000000e+06
5.733437455346763301e+00 2.323650831923815385e+00 1.675514000000000000e+06
5.749160590029285700e+00 2.313661738161440606e+00 1.685298000000000000e+06
5.764862617007506351e+00 2.303500573520063543e+00 1.689566000000000000e+06
5.780540238679900078e+00 2.293872250198780716e+00 1.697850000000000000e+06
5.796263103923236848e+00 2.285172756504626701e+00 1.718546000000000000e+06
5.812002103804656983e+00 2.275959663267477673e+00 1.719822000000000000e+06
5.827695391299545058e+00 2.267321176008608941e+00 1.726586000000000000e+06
5.843388778895907798e+00 2.251866102878012921e+00 1.739186000000000000e+06
5.859113417771065535e+00 2.248614788831301503e+00 1.751538000000000000e+06
5.874835560723500549e+00 2.240636564580771317e+00 1.758062000000000000e+06
5.890526541065327137e+00 2.229248274258228690e+00 1.763010000000000000e+06
5.906225317694219434e+00 2.225813289014877405e+00 1.778642000000000000e+06
5.921952321011594300e+00 2.210551571021065698e+00 1.788582000000000000e+06
5.937670655764399896e+00 2.206636482265456944e+00 1.794746000000000000e+06
5.953363581550269679e+00 2.193129363552174471e+00 1.803290000000000000e+06
5.969050809995837703e+00 2.183724513516408727e+00 1.811058000000000000e+06
5.984760752596141486e+00 2.176655228352434523e+00 1.828358000000000000e+06
6.000476440810660783e+00 2.164093308695932194e+00 1.831362000000000000e+06
6.016171166004743220e+00 2.159825895624215342e+00 1.842458000000000000e+06
6.031847027098122815e+00 2.146232562244247521e+00 1.846998000000000000e+06
6.047561666320434348e+00 2.137749435296358413e+00 1.869122000000000000e+06
6.063310221741519790e+00 2.131366896084197382e+00 1.876346000000000000e+06
6.079025995273507732e+00 2.126432291250998752e+00 1.879506000000000000e+06
6.094727650148782594e+00 2.115770210729689182e+00 1.893326000000000000e+06
6.110443441650997620e+00 2.108732738957191710e+00 1.901826000000000000e+06
6.126157369603382641e+00 2.093500812254636578e+00 1.911962000000000000e+06
6.141856103084946561e+00 2.089253297471131088e+00 1.919198000000000000e+06
6.157554247585426133e+00 2.083046193171633753e+00 1.930242000000000000e+06
6.173264897526903994e+00 2.069682389487047747e+00 1.942442000000000000e+06
6.188983783131053684e+00 2.062988475888620332e+00 1.951734000000000000e+06
6.204674330135580007e+00 2.055180980688370074e+00 1.955402000000000000e+06
6.220364153407833108e+00 2.047584182025277588e+00 1.971858000000000000e+06
6.236097253224911263e+00 2.039205163187226777e+00 1.984898000000000000e+06
6.251804727814884721e+00 2.032308593038135935e+00 1.986422000000000000e+06
6.267477703420695434e+00 2.021532994079591639e+00 1.996146000000000000e+06
6.283195068785119908e+00 2.014477052767678078e+00 2.017106000000000000e+06
6.298926466691256110e+00 2.003199608242545171e+00 2.020638000000000000e+06
6.314631082636630310e+00 1.998993394916391608e+00 2.029346000000000000e+06
6.330330969697290477e+00 1.994365757603373313e+00 2.041002000000000000e+06
6.346042618354868381e+00 1.984255648443783659e+00 2.051450000000000000e+06
6.361769829008385280e+00 1.974687857897289511e+00 2.065886000000000000e+06
6.377467710730222450e+00 1.969592467302738736e+00 2.064546000000000000e+06
6.393156758488530933e+00 1.963105298537920484e+00 2.082650000000000000e+06
6.408877231485442749e+00 1.951453024128691371e+00 2.095182000000000000e+06
6.424598957671957322e+00 1.944473684961924409e+00 2.101346000000000000e+06
6.440311953715900373e+00 1.936073246062260722e+00 2.115554000000000000e+06
6.456005935746694568e+00 1.931044490261640156e+00 2.115654000000000000e+06
6.471719753415134946e+00 1.919025382683205327e+00 2.141066000000000000e+06
6.487439387114228850e+00 1.915463508967719219e+00 2.139786000000000000e+06
6.503131318747780831e+00 1.909327516655035195e+00 2.152202000000000000e+06
6.518819434526843537e+00 1.903363054501301610e+00 2.161086000000000000e+06
6.534523450777902198e+00 1.895064607652920952e+00 2.176058000000000000e+06
6.550254613659266312e+00 1.886110461937048122e+00 2.190818000000000000e+06
6.565965738846988309e+00 1.879898665454522222e+00 2.191158000000000000e+06
6.581657291702928347e+00 1.870929944670010725e+00 2.205314000000000000e+06
6.597356411838022794e+00 1.862749790797245453e+00 2.215554000000000000e+06
6.613072568835591802e+00 1.855766730536967835e+00 2.230562000000000000e+06
6.628796834083485301e+00 1.852551823662470509e+00 2.239614000000000000e+06
6.644501868950448475e+00 1.845220946107816395e+00 2.245706000000000000e+06
6.660203335766918364e+00 1.837158811403768910e+00 2.259674000000000000e+06
6.675922241577704419e+00 1.831565132011328423e+00 2.273214000000000000e+06
6.691636876769640807e+00 1.822117279166860504e+00 2.278802000000000000e+06
6.707348854586632214e+00 1.816657577873736829e+00 2.294034000000000000e+06
6.723042755046850338e+00 1.808599302291735489e+00 2.294942000000000000e+06
6.738741204690306574e+00 1.802281457025096456e+00 2.317050000000000000e+06
6.754459451825965743e+00 1.795082812347977175e+00 2.322842000000000000e+06
6.770155876549564411e+00 1.787212063617368951e+00 2.330810000000000000e+06
6.785853403723873356e+00 1.779782076234953880e+00 2.345958000000000000e+06
6.801555230257334550e+00 1.778009174085841693e+00 2.353586000000000000e+06
6.817285949066600459e+00 1.771958707353306295e+00 2.376210000000000000e+06
6.833012673954052651e+00 1.764058000372288548e+00 2.374502000000000000e+06
6.848703343789808606e+00 1.758900008632444667e+00 2.386346000000000000e+06
6.864405076602009714e+00 1.749905676642038443e+00 2.401314000000000000e+06
6.880122619459167588e+00 1.742144145638516273e+00 2.411450000000000000e+06
6.895827031199952550e+00 1.737646846927233923e+00 2.420718000000000000e+06
6.911509854271036701e+00 1.730818541368992936e+00 2.425754000000000000e+06
6.927232044479275430e+00 1.727947172104473017e+00 2.455218000000000000e+06
6.942960195844471549e+00 1.719110652149255181e+00 2.450942000000000000e+06
6.958661448092413160e+00 1.713656151074325118e+00 2.467130000000000000e+06
6.974361211749578793e+00 1.706723857456985627e+00 2.474874000000000000e+06
6.990070831352309000e+00 1.698989142943877262e+00 2.490362000000000000e+06
7.005778159324729693e+00 1.695183860645231633e+00 2.498142000000000000e+06
7.021469697735486015e+00 1.686947217690629275e+00 2.507090000000000000e+06
7.037177120604764191e+00 1.682277647509742291e+00 2.525562000000000000e+06
7.052899061516400003e+00 1.673766513619223462e+00 2.534726000000000000e+06
7.068628793135065536e+00 1.669463697877490382e+00 2.549906000000000000e+06
7.084334935478915796e+00 1.661236600741491598e+00 2.551074000000000000e+06
7.100038328422084710e+00 1.659481923614639198e+00 2.570702000000000000e+06
7.115745931638459254e+00 1.653951112426504277e+00 2.574642000000000000e+06
7.131451190238497162e+00 1.646076853865707346e+00 2.594066000000000000e+06
7.147151468730735147e+00 1.642013340516925712e+00 2.594802000000000000e+06
7.162835307179018507e+00 1.636320218374214708e+00 2.612030000000000000e+06
7.178551581855800556e+00 1.631173338650524496e+00 2.627954000000000000e+06
7.194283665259025184e+00 1.622295014168297023e+00 2.640402000000000000e+06
7.209984529526630936e+00 1.619413398832612705e+00 2.641454000000000000e+06
7.225685108067660956e+00 1.613277161535993764e+00 2.661834000000000000e+06
7.241394735953288198e+00 1.607661911823217826e+00 2.669138000000000000e+06
7.257108192998378726e+00 1.600580179659408353e+00 2.684858000000000000e+06
7.272822849503533860e+00 1.595944927633068611e+00 2.693910000000000000e+06
7.288518104809805997e+00 1.589265687079382428e+00 2.701682000000000000e+06
7.304234199753477874e+00 1.585229614154783251e+00 2.722698000000000000e+06
7.319945495172938799e+00 1.577428885736490649e+00 2.725262000000000000e+06
7.335649438298961655e+00 1.572172509981950350e+00 2.742450000000000000e+06
7.351353846506168743e+00 1.569755077549684463e+00 2.749850000000000000e+06
7.367055388436875241e+00 1.565237841283808162e+00 2.763902000000000000e+06
7.382770533642191602e+00 1.558454783843645108e+00 2.778498000000000000e+06
7.398475089415688544e+00 1.553035341691416660e+00 2.784530000000000000e+06
7.414188731852492609e+00 1.547439897065232106e+00 2.804106000000000000e+06
7.429901641940141133e+00 1.542889326248580772e+00 2.809790000000000000e+06
7.445612173277812218e+00 1.536383500798921720e+00 2.825058000000000000e+06
7.461320649323638143e+00 1.533407189706209151e+00 2.834330000000000000e+06
7.477011404590944821e+00 1.527088284327144496e+00 2.842022000000000000e+06
7.492720686839765776e+00 1.520989934912386987e+00 2.864754000000000000e+06
7.508423522993188826e+00 1.516091482885538744e+00 2.864186000000000000e+06
7.524104703200965361e+00 1.510387603844783433e+00 2.879538000000000000e+06
7.539811207090460599e+00 1.509356244313584616e+00 2.899454000000000000e+06
7.555522870235571453e+00 1.499247312050100200e+00 2.904258000000000000e+06
7.571252185241664989e+00 1.493541130162300945e+00 2.930234000000000000e+06
7.586982910029617777e+00 1.490757549173484131e+00 2.929526000000000000e+06
7.602682376348832705e+00 1.485577115878579768e+00 2.942442000000000000e+06
7.618398087127784990e+00 1.481383641638605475e+00 2.960810000000000000e+06
7.634111360506788735e+00 1.477230675416886907e+00 2.964954000000000000e+06
7.649813471415971122e+00 1.470757922916156479e+00 2.980910000000000000e+06
7.665516544353160100e+00 1.465655380948973852e+00 2.990978000000000000e+06
7.681228381318442544e+00 1.462954170498592665e+00 3.007626000000000000e+06
7.696947282980596938e+00 1.457739819539568327e+00 3.019166000000000000e+06
7.712641051068838571e+00 1.452603530513821184e+00 3.021090000000000000e+06
7.728340175203005202e+00 1.447552097653612480e+00 3.047834000000000000e+06
7.744066325082287428e+00 1.441431605680081551e+00 3.055590000000000000e+06
7.759785182459853381e+00 1.439094932909593005e+00 3.068546000000000000e+06
7.775464898067028230e+00 1.434556384594268374e+00 3.067274000000000000e+06
7.791162210093558471e+00 1.429896728854011201e+00 3.098058000000000000e+06
7.806896787352753719e+00 1.424920574781922467e+00 3.109214000000000000e+06
7.822604758484962950e+00 1.418517996981802698e+00 3.110466000000000000e+06
7.838284799897788702e+00 1.415312046908656862e+00 3.124370000000000000e+06
7.853986825204827937e+00 1.409221627047358094e+00 3.144174000000000000e+06
7.869722202747719386e+00 1.406868785459136628e+00 3.161738000000000000e+06
7.885429030328279687e+00 1.401546098123668926e+00 3.159890000000000000e+06
7.901109098578781520e+00 1.397941897926303190e+00 3.174138000000000000e+06
7.916812369163124252e+00 1.391996873519599776e+00 3.195926000000000000e+06
7.932546153031187153e+00 1.385856293824535568e+00 3.211386000000000000e+06
7.948275829971742645e+00 1.384268511863086415e+00 3.219314000000000000e+06
7.963974762265003449e+00 1.379588986989279675e+00 3.225494000000000000e+06
7.979672909422356852e+00 1.375180644194312851e+00 3.242562000000000000e+06
7.995382124285669967e+00 1.371455586424964457e+00 3.257450000000000000e+06
8.011096558073175444e+00 1.366065097680781326e+00 3.269118000000000000e+06
8.026799325701325927e+00 1.361431168094469957e+00 3.278930000000000000e+06
8.042482997119602572e+00 1.357503689166780658e+00 3.286650000000000000e+06
8.058198313138401403e+00 1.351941289449166472e+00 3.316610000000000000e+06
8.073929632859263350e+00 1.349942135309443625e+00 3.321542000000000000e+06
8.089631173905692307e+00 1.342272586071289187e+00 3.328578000000000000e+06
8.105328344487277903e+00 1.341016222660544877e+00 3.345074000000000000e+06
8.121039774478980178e+00 1.336761970035273972e+00 3.361686000000000000e+06
8.136750954641513545e+00 1.333326310004208093e+00 3.369722000000000000e+06
8.152451824383751600e+00 1.327909425780361419e+00 3.385290000000000000e+06
8.168148505929304193e+00 1.323861153457157380e+00 3.391370000000000000e+06
8.183868116116777003e+00 1.320549780511988791e+00 3.422966000000000000e+06
8.199591131301563252e+00 1.315340405633743659e+00 3.419538000000000000e+06
8.215300984565764963e+00 1.310971878822391190e+00 3.441890000000000000e+06
8.231010872605484252e+00 1.307300449996548375e+00 3.447582000000000000e+06
8.246721005479363598e+00 1.302908751642241958e+00 3.466298000000000000e+06
8.262408288354077257e+00 1.298960473649195535e+00 3.466194000000000000e+06
8.278098173695775941e+00 1.295946778722714576e+00 3.492062000000000000e+06
8.293810268215034753e+00 1.292553425323869076e+00 3.503114000000000000e+06
8.309519053075314687e+00 1.286988512845358201e+00 3.517146000000000000e+06
8.325241433409063418e+00 1.284175211400495398e+00 3.535706000000000000e+06
8.340952984226902345e+00 1.281654708167996315e+00 3.539742000000000000e+06
8.356659711712842054e+00 1.276758943860929030e+00 3.558698000000000000e+06
8.372371429175492707e+00 1.271905553927848986e+00 3.570122000000000000e+06
8.388083579962753333e+00 1.268983876375316733e+00 3.585174000000000000e+06
8.403790832576294889e+00 1.261895176659579398e+00 3.594314000000000000e+06
8.419496525959527133e+00 1.262053679443716270e+00 3.612258000000000000e+06
8.435201663874629219e+00 1.257566399523573075e+00 3.620282000000000000e+06
8.450905678681708721e+00 1.252951159606911613e+00 3.639078000000000000e+06
8.466617353651699318e+00 1.250742648166664361e+00 3.650450000000000000e+06
8.482317771685245589e+00 1.243058427090269369e+00 3.661418000000000000e+06
8.498018574275240766e+00 1.241615670036713359e+00 3.677694000000000000e+06
8.513736467920875128e+00 1.239190817694261204e+00 3.695978000000000000e+06
8.529447827058733722e+00 1.235577169771065797e+00 3.702810000000000000e+06
8.545145453356283838e+00 1.231220947848882918e+00 3.716162000000000000e+06
8.560863155475518127e+00 1.225519599240018964e+00 3.740094000000000000e+06
8.576575892842692284e+00 1.223119289892364403e+00 3.740954000000000000e+06
8.592276429309924524e+00 1.220439352226806662e+00 3.760946000000000000e+06
8.607993113742812952e+00 1.214247866356048977e+00 3.778278000000000000e+06
8.623706693511682175e+00 1.212430269368827140e+00 3.784922000000000000e+06
8.639416117971885356e+00 1.208323150076761943e+00 3.805266000000000000e+06
8.655118251607849089e+00 1.205426996868964595e+00 3.807686000000000000e+06
8.670819176621002100e+00 1.202331123650906664e+00 3.833130000000000000e+06
8.686531013296711734e+00 1.196835912874313790e+00 3.841898000000000000e+06
8.702242672461403927e+00 1.195576341977888424e+00 3.858074000000000000e+06
8.717947060126663317e+00 1.190128571554112114e+00 3.868974000000000000e+06
8.733653634556446832e+00 1.187248961615417153e+00 3.885362000000000000e+06
8.749361177527063660e+00 1.183044873521467144e+00 3.898290000000000000e+06
8.765057838444775484e+00 1.182161929335961537e+00 3.907334000000000000e+06
8.780760279838380811e+00 1.178113410695059260e+00 3.928730000000000000e+06
8.796461536498792810e+00 1.174819504626503752e+00 3.936666000000000000e+06
8.812176163138749629e+00 1.169908788578427616e+00 3.961346000000000000e+06
8.827908468663524744e+00 1.167997854002767788e+00 3.975774000000000000e+06
8.843605203440207063e+00 1.163613641550124811e+00 3.970106000000000000e+06
8.859298780821674768e+00 1.159859686198687623e+00 4.003170000000000000e+06
8.875033023597818982e+00 1.157390937013472731e+00 4.019558000000000000e+06
8.890757701901966570e+00 1.154461946690739094e+00 4.025642000000000000e+06
8.906442147587496194e+00 1.152279227526576744e+00 4.028514000000000000e+06
8.922138549702236077e+00 1.147869339246853970e+00 4.059398000000000000e+06
8.937858770665876307e+00 1.144220642734528504e+00 4.069674000000000000e+06
8.953569902743538478e+00 1.142364469654709946e+00 4.083698000000000000e+06
8.969276596619630837e+00 1.138116848708613293e+00 4.095210000000000000e+06
8.984978332063514372e+00 1.134396200186934989e+00 4.110518000000000000e+06
9.000686439228440250e+00 1.130387704908101920e+00 4.126850000000000000e+06
9.016395212272197313e+00 1.129179655439439545e+00 4.140114000000000000e+06
9.032081625028110849e+00 1.126476266086238853e+00 4.144070000000000000e+06
9.047784840512392179e+00 1.122274595395088115e+00 4.175802000000000000e+06
9.063510534008996089e+00 1.119302549594281659e+00 4.187882000000000000e+06
9.079229438028200150e+00 1.114376138596177901e+00 4.199250000000000000e+06
9.094931536527573357e+00 1.112281396118998567e+00 4.209326000000000000e+06
9.110624252584134553e+00 1.109553945520389107e+00 4.222130000000000000e+06
9.126345788688972505e+00 1.106958839825887386e+00 4.254258000000000000e+06
9.142067210789587506e+00 1.102295884893466749e+00 4.252478000000000000e+06
9.157769224107168426e+00 1.099850539654173787e+00 4.270698000000000000e+06
9.173460189222041095e+00 1.097617833245522201e+00 4.278122000000000000e+06
9.189172851773026451e+00 1.094867442338542718e+00 4.309898000000000000e+06
9.204899411326563197e+00 1.091653984688973011e+00 4.317150000000000000e+06
9.220610370561862723e+00 1.088322557370052124e+00 4.329698000000000000e+06
9.236312329177842173e+00 1.085179640925482802e+00 4.340826000000000000e+06
9.252011696799515406e+00 1.082754112198624163e+00 4.359590000000000000e+06
9.267725419345696380e+00 1.079937397900316398e+00 4.376850000000000000e+06
9.283431809080884278e+00 1.076734902114905301e+00 4.386674000000000000e+06
9.299131961634870436e+00 1.072729748997110821e+00 4.401782000000000000e+06
9.314836560434526902e+00 1.070511697792139394e+00 4.419210000000000000e+06
9.330566699333866509e+00 1.067030294961275105e+00 4.446482000000000000e+06
9.346274096307771728e+00 1.064090415763171871e+00 4.435554000000000000e+06
9.361966720359685468e+00 1.061430757312594064e+00 4.468934000000000000e+06
9.377681860044402740e+00 1.057902024499458360e+00 4.477650000000000000e+06
9.393384317371491932e+00 1.055374065565287678e+00 4.491218000000000000e+06
9.409088966137430177e+00 1.052773083644358287e+00 4.510358000000000000e+06
9.424791439829672157e+00 1.049705173777506939e+00 4.518594000000000000e+06
9.440499207501432011e+00 1.047274668091400684e+00 4.544474000000000000e+06
9.456214212898441218e+00 1.044121304066828015e+00 4.552098000000000000e+06
9.471927439984570540e+00 1.041584243899986717e+00 4.574990000000000000e+06
9.487631754062700651e+00 1.037539571048739395e+00 4.577210000000000000e+06
9.503344281547928318e+00 1.036834667697875023e+00 4.608186000000000000e+06
9.519057247113778431e+00 1.031912837583114584e+00 4.610198000000000000e+06
9.534757011366917112e+00 1.029389176430329567e+00 4.628898000000000000e+06
9.550453458784650351e+00 1.028338436213282359e+00 4.641170000000000000e+06
9.566158712525282937e+00 1.024461432607922662e+00 4.662462000000000000e+06
9.581880158653657276e+00 1.023225322454064390e+00 4.681442000000000000e+06
9.597589579516229819e+00 1.021350512495067031e+00 4.687850000000000000e+06
9.613296380928980867e+00 1.017300626186869117e+00 4.708818000000000000e+06
9.629006062959270196e+00 1.013771689455164493e+00 4.721534000000000000e+06
9.644707396083033402e+00 1.010375108023419788e+00 4.732770000000000000e+06
9.660406197323647248e+00 1.008705236269356265e+00 4.753346000000000000e+06
9.676122008914001427e+00 1.006864295522666986e+00 4.772886000000000000e+06
9.691840694543541801e+00 1.003059289485816130e+00 4.785098000000000000e+06
9.707543237507161749e+00 1.000925471400264444e+00 4.795394000000000000e+06
9.723244122996092642e+00 9.973388996145813312e-01 4.813986000000000000e+06
9.738952330288141113e+00 9.959465337266024676e-01 4.832654000000000000e+06
9.754669949504904736e+00 9.937573231282795794e-01 4.849362000000000000e+06
9.770377600734033052e+00 9.908919170034428126e-01 4.858322000000000000e+06
9.786069629200518705e+00 9.886342128136185181e-01 4.871286000000000000e+06
9.801770721287397237e+00 9.856198039788572896e-01 4.894370000000000000e+06
9.817489821034564912e+00 9.834174356261382588e-01 4.914650000000000000e+06
9.833199646667972971e+00 9.810222580512709678e-01 4.919658000000000000e+06
9.848902655768293712e+00 9.783459452108793641e-01 4.941638000000000000e+06
9.864627278272442013e+00 9.749142863586734986e-01 4.965954000000000000e+06
9.880352198135229358e+00 9.724710716706524982e-01 4.971770000000000000e+06
9.896056604692210712e+00 9.700194676697484475e-01 4.985702000000000000e+06
9.911750273437519354e+00 9.667573935505253679e-01 4.996314000000000000e+06
9.927450557379374985e+00 9.645916421741325131e-01 5.021258000000000000e+06
9.943165753651260985e+00 9.621214376586542105e-01 5.038470000000000000e+06
9.958875512968258903e+00 9.599445981733440991e-01 5.048570000000000000e+06
9.974579326095815546e+00 9.570802713453172572e-01 5.067786000000000000e+06
9.990292534396033375e+00 9.560834292803754852e-01 5.084402000000000000e+06
1.000600856325589305e+01 9.532433636519300757e-01 5.104238000000000000e+06
1.002170444839863528e+01 9.506487791779124619e-01 5.101890000000000000e+06
1.003739052522703901e+01 9.469173388771118249e-01 5.129594000000000000e+06
1.005309882194248416e+01 9.448544848542052010e-01 5.149086000000000000e+06
1.006881895908520086e+01 9.433771717180315930e-01 5.168834000000000000e+06
1.008452231173344416e+01 9.409111719221561199e-01 5.172306000000000000e+06
1.010022729382937889e+01 9.372534484993705339e-01 5.199218000000000000e+06
1.011594565713278016e+01 9.347117112107726777e-01 5.215430000000000000e+06
1.013166058960754867e+01 9.325543988161556497e-01 5.229066000000000000e+06
1.014737047935454051e+01 9.305281884172652562e-01 5.244530000000000000e+06
1.016308234466913696e+01 9.285030791184278876e-01 5.262870000000000000e+06
1.017878958276594581e+01 9.266023803987510910e-01 5.272562000000000000e+06
1.019448555450210314e+01 9.237263657497460922e-01 5.290098000000000000e+06
1.021019673146567186e+01 9.213382877103876156e-01 5.314358000000000000e+06
1.022590751621006078e+01 9.196099921497123963e-01 5.322098000000000000e+06
1.024160880192673417e+01 9.169557497005256241e-01 5.341026000000000000e+06
1.025732775208617475e+01 9.141803267386616749e-01 5.366858000000000000e+06
1.027304584666867804e+01 9.125151504664129609e-01 5.374422000000000000e+06
1.028873472736696293e+01 9.098723810976007131e-01 5.377730000000000000e+06
1.030442576009853184e+01 9.079726809393261489e-01 5.409410000000000000e+06
1.032014867554843818e+01 9.047901790462814509e-01 5.434014000000000000e+06
1.033586943357362209e+01 9.028896012084836054e-01 5.438882000000000000e+06
1.035157161316932140e+01 9.012478148623450647e-01 5.456178000000000000e+06
1.036727210965784174e+01 8.983430427836252008e-01 5.469242000000000000e+06
1.038298135070349915e+01 8.969845205046274028e-01 5.496174000000000000e+06
1.039869418006627910e+01 8.941467034054850771e-01 5.505530000000000000e+06
1.041439794625569881e+01 8.927931816296523770e-01 5.521202000000000000e+06
1.043010482665170713e+01 8.902064094502902813e-01 5.544126000000000000e+06
1.044582478281855487e+01 8.883140896954122567e-01 5.560106000000000000e+06
1.046154309703894825e+01 8.859869987099789901e-01 5.579754000000000000e+06
1.047723959228104285e+01 8.840109965980844642e-01 5.576270000000000000e+06
1.049292720351744279e+01 8.823373885215595180e-01 5.607138000000000000e+06
1.050863523850499526e+01 8.790088259147601502e-01 5.625026000000000000e+06
1.052435348202229015e+01 8.765665349908920989e-01 5.646698000000000000e+06
1.054005549761004978e+01 8.751829929089915971e-01 5.649126000000000000e+06
1.055575482461481052e+01 8.713510101588427537e-01 5.676434000000000000e+06
1.057145826219870344e+01 8.700187853257840276e-01 5.687418000000000000e+06
1.058717117850224376e+01 8.688721498015160583e-01 5.715830000000000000e+06
1.060289400134469062e+01 8.662372299147700350e-01 5.729210000000000000e+06
1.061860918710306834e+01 8.641762588162307246e-01 5.744802000000000000e+06
1.063431091651675153e+01 8.620494166185398432e-01 5.752154000000000000e+06
1.065002180958671651e+01 8.605711651944168983e-01 5.786382000000000000e+06
1.066572980082734468e+01 8.589343180479883655e-01 5.784146000000000000e+06
1.068142742642893950e+01 8.556198519445312733e-01 5.812146000000000000e+06
1.069714023788434787e+01 8.535393331853673438e-01 5.830166000000000000e+06
1.071285364357418146e+01 8.521493880274040311e-01 5.845850000000000000e+06
1.072856242199254062e+01 8.485460273990360625e-01 5.862834000000000000e+06
1.074426756718287557e+01 8.476684060390063946e-01 5.876066000000000000e+06
1.075998381704133955e+01 8.457831839391898310e-01 5.905854000000000000e+06
1.077568840897438562e+01 8.440699296576200661e-01 5.902274000000000000e+06
1.079138304940738280e+01 8.416754927875333969e-01 5.931258000000000000e+06
1.080709884248571484e+01 8.392629781597410465e-01 5.954966000000000000e+06
1.082281622961874490e+01 8.381209572755712323e-01 5.965346000000000000e+06
1.083851693336031374e+01 8.353325577995182050e-01 5.977818000000000000e+06
1.085422396324159422e+01 8.328058037030215965e-01 6.004718000000000000e+06
1.086993137901790796e+01 8.312323490203945564e-01 6.011706000000000000e+06
1.088564351758435222e+01 8.300643259667502827e-01 6.045770000000000000e+06
1.090135356744657535e+01 8.280742010458843616e-01 6.041586000000000000e+06
1.091705034221926418e+01 8.257638602336903055e-01 6.073166000000000000e+06
1.093275207829069018e+01 8.242218819594530066e-01 6.078962000000000000e+06
1.094846122315083825e+01 8.220286091950977925e-01 6.114258000000000000e+06
1.096418118107341577e+01 8.201518809306287405e-01 6.123086000000000000e+06
1.097988849072496542e+01 8.176127669767645489e-01 6.136770000000000000e+06
1.099558679320981724e+01 8.151067653761281395e-01 6.154898000000000000e+06
1.101129673485095672e+01 8.142423619551970582e-01 6.178610000000000000e+06
1.102701485690355909e+01 8.115995657941568187e-01 6.197982000000000000e+06
1.104272390432796591e+01 8.102284619557212908e-01 6.205322000000000000e+06
1.105841361686979951e+01 8.080537398393594639e-01 6.218850000000000000e+06
1.107411347758379350e+01 8.065833464276261910e-01 6.249542000000000000e+06
1.108984077014840963e+01 8.038911590517657801e-01 6.274146000000000000e+06
1.110554794633057796e+01 8.025029974919628550e-01 6.270242000000000000e+06
1.112124931961106533e+01 7.996299733776225382e-01 6.305222000000000000e+06
1.113697510740422381e+01 7.980077868454611423e-01 6.325026000000000000e+06
1.115268911253386719e+01 7.972686650277750475e-01 6.331922000000000000e+06
1.116838422783226115e+01 7.952109321723701552e-01 6.343698000000000000e+06
1.118408594539889478e+01 7.923547149733386474e-01 6.375158000000000000e+06
1.119980416311440052e+01 7.914142878999926856e-01 6.392178000000000000e+06
1.121552521724412621e+01 7.893279031740453311e-01 6.412826000000000000e+06
1.123121923820420243e+01 7.872061960225862354e-01 6.407078000000000000e+06
1.124691480473033778e+01 7.847056601210243842e-01 6.447954000000000000e+06
1.126262248805396560e+01 7.839152134765257074e-01 6.456026000000000000e+06
1.127833175656502007e+01 7.820208903563294900e-01 6.482034000000000000e+06
1.129403915665967872e+01 7.806346430658330782e-01 6.492878000000000000e+06
1.130972772992016750e+01 7.772479212017581185e-01 6.502074000000000000e+06
1.132543464171678238e+01 7.765378813467360697e-01 6.542930000000000000e+06
1.134116092480786619e+01 7.751079141957460950e-01 6.556598000000000000e+06
1.135687931575279030e+01 7.731497504691544620e-01 6.570330000000000000e+06
1.137258152843119419e+01 7.708684233476078562e-01 6.581882000000000000e+06
1.138829329520135047e+01 7.690635346808929462e-01 6.612546000000000000e+06
1.140401544384409860e+01 7.679982355307030106e-01 6.628622000000000000e+06
1.141971418729731447e+01 7.654726647477682056e-01 6.629498000000000000e+06
1.143540805815246841e+01 7.634703607763637656e-01 6.659250000000000000e+06
1.145112342906401892e+01 7.616049103156653510e-01 6.686006000000000000e+06
1.146683855971028443e+01 7.607861978258640967e-01 6.693786000000000000e+06
1.148253750634374093e+01 7.579444343292178754e-01 6.711554000000000000e+06
1.149824439280081201e+01 7.576307091877017008e-01 6.735678000000000000e+06
1.151395944216632472e+01 7.562737295836384765e-01 6.754754000000000000e+06
1.152967750311644046e+01 7.536773028242901296e-01 6.776570000000000000e+06
1.154536786069484400e+01 7.522494626439660825e-01 6.767394000000000000e+06
1.156106414707133290e+01 7.502931839068288644e-01 6.818246000000000000e+06
1.157679140551482533e+01 7.488394805581152225e-01 6.830562000000000000e+06
1.159249865891797526e+01 7.471962306625379302e-01 6.839186000000000000e+06
1.160819828013273636e+01 7.452883219348879207e-01 6.861462000000000000e+06
1.162390472506793770e+01 7.441352195819018744e-01 6.880394000000000000e+06
1.163962004466343636e+01 7.423591805510152408e-01 6.907178000000000000e+06
1.165533434666404133e+01 7.407539127319600070e-01 6.917034000000000000e+06
1.167104051015950716e+01 7.380346224106484332e-01 6.937934000000000000e+06
1.168673926950135034e+01 7.368183094030011926e-01 6.947250000000000000e+06
1.170244721913763897e+01 7.356248959841056312e-01 6.982106000000000000e+06
1.171816433671575730e+01 7.344225424752685027e-01 6.995718000000000000e+06
1.173387031746687015e+01 7.326826734822559084e-01 7.006682000000000000e+06
1.174957622851401240e+01 7.297886287203310118e-01 7.035866000000000000e+06
1.176529536104995444e+01 7.286287710285208608e-01 7.054110000000000000e+06
1.178099828544282701e+01 7.272402486742821637e-01 7.059194000000000000e+06
1.179669856151566165e+01 7.259621038489230127e-01 7.091802000000000000e+06
1.181240716294206905e+01 7.243661369229308367e-01 7.100666000000000000e+06
1.182811135021641213e+01 7.217787172800940176e-01 7.129070000000000000e+06
1.184382402706377313e+01 7.212435404342150136e-01 7.143282000000000000e+06
1.185952830171168593e+01 7.190414637640644147e-01 7.161482000000000000e+06
1.187523683486437243e+01 7.176581911491288768e-01 7.184694000000000000e+06
1.189095187450934432e+01 7.160885041104043669e-01 7.203914000000000000e+06
1.190666038869163401e+01 7.141624511444031320e-01 7.219746000000000000e+06
1.192235843864241396e+01 7.123946239358639465e-01 7.228634000000000000e+06
1.193806809039961259e+01 7.107407325917663998e-01 7.271990000000000000e+06
1.195377948291443992e+01 7.089362477441883970e-01 7.266786000000000000e+06
1.196947381174999947e+01 7.077770389311250909e-01 7.293650000000000000e+06
1.198518648559551458e+01 7.064818736426633494e-01 7.324086000000000000e+06
1.200090807358362710e+01 7.043149625612340481e-01 7.338650000000000000e+06
1.201661637889760037e+01 7.034690875714536551e-01 7.351962000000000000e+06
1.203230565217210035e+01 7.010075857766349117e-01 7.357190000000000000e+06
1.204801118703936780e+01 6.991448333671346216e-01 7.406042000000000000e+06
1.206372840719771133e+01 6.983481822405396278e-01 7.408626000000000000e+06
1.207943832024087349e+01 6.971704406228943496e-01 7.435610000000000000e+06
1.209515324384951640e+01 6.952485140621733617e-01 7.453542000000000000e+06
1.211085873951972935e+01 6.933474830258620214e-01 7.464002000000000000e+06
1.212656505101618798e+01 6.925323471691505750e-01 7.493546000000000000e+06
1.214227798456889929e+01 6.903509423622443686e-01 7.510806000000000000e+06
1.215799402266435081e+01 6.894139547011635116e-01 7.532114000000000000e+06
1.217369248650853386e+01 6.877835136223211521e-01 7.536234000000000000e+06
1.218938816956664795e+01 6.861110090440789566e-01 7.565834000000000000e+06
1.220511056850387632e+01 6.845253925326401090e-01 7.603062000000000000e+06
1.222082302231588535e+01 6.833947423520752018e-01 7.593890000000000000e+06
1.223651649645578665e+01 6.820495359643684585e-01 7.622906000000000000e+06
1.225222107367874180e+01 6.797582644990166623e-01 7.646622000000000000e+06
1.226793902491068877e+01 6.782191949018112620e-01 7.672058000000000000e+06
1.228364718069601835e+01 6.772328659237388804e-01 7.679346000000000000e+06
1.229933962477952214e+01 6.761835800536015739e-01 7.693058000000000000e+06
1.231504373451924117e+01 6.740766290600891386e-01 7.732158000000000000e+06
1.233076331536994985e+01 6.721763963731847147e-01 7.746962000000000000e+06
1.234648244688633945e+01 6.709007068086341175e-01 7.770986000000000000e+06
1.236218576653318735e+01 6.693546809907342521e-01 7.772094000000000000e+06
1.237788516389707461e+01 6.680923363410063986e-01 7.803818000000000000e+06
1.239360390984925964e+01 6.667987135607373883e-01 7.834338000000000000e+06
1.240931454438657155e+01 6.652728400719455371e-01 7.833710000000000000e+06
1.242501025862532238e+01 6.634138138752586622e-01 7.858794000000000000e+06
1.244071609171995973e+01 6.618381617114540427e-01 7.884290000000000000e+06
1.245642554635569788e+01 6.611823646127923393e-01 7.901522000000000000e+06
1.247213990979998322e+01 6.593811462397465295e-01 7.930662000000000000e+06
1.248784889213827753e+01 6.575540562102413222e-01 7.934426000000000000e+06
1.250355459696362281e+01 6.561215926756819306e-01 7.967322000000000000e+06
1.251926642764211373e+01 6.556359022763154076e-01 7.981934000000000000e+06
1.253497567568721927e+01 6.539109205448465634e-01 8.003282000000000000e+06
1.255068061703326165e+01 6.527539924979418595e-01 8.019666000000000000e+06
1.256637936912699516e+01 6.501094283365125293e-01 8.034482000000000000e+06
1.258208508998344399e+01 6.502325946868716677e-01 8.068542000000000000e+06
1.259780313698870202e+01 6.484795921016680564e-01 8.088290000000000000e+06
1.261351163942811127e+01 6.464443360824828622e-01 8.096322000000000000e+06
1.262921162496122385e+01 6.455857487818624785e-01 8.122646000000000000e+06
1.264492727534496019e+01 6.442674344900662931e-01 8.150138000000000000e+06
1.266064123044320411e+01 6.424363913633780454e-01 8.165322000000000000e+06
1.267635049109034462e+01 6.414928847572903825e-01 8.182574000000000000e+06
1.269205751319950970e+01 6.403325670935229308e-01 8.203698000000000000e+06
1.270776623809462613e+01 6.382394419098097460e-01 8.226914000000000000e+06
1.272347983526652904e+01 6.375888243070304551e-01 8.246898000000000000e+06
1.273918476699724422e+01 6.359027129040325521e-01 8.261774000000000000e+06
1.275488532096565741e+01 6.341606894004487849e-01 8.279426000000000000e+06
1.277058911046302292e+01 6.333530595920768835e-01 8.308722000000000000e+06
1.278629950396799053e+01 6.319825553366752446e-01 8.326214000000000000e+06
1.280200365974331511e+01 6.299757080516792396e-01 8.342682000000000000e+06
1.281770065856501084e+01 6.292974480775482826e-01 8.360834000000000000e+06
1.283340848437807935e+01 6.274676149552032012e-01 8.393226000000000000e+06
1.284913125601308792e+01 6.262620618397534145e-01 8.420150000000000000e+06
1.286484437274510917e+01 6.248370040035687856e-01 8.421986000000000000e+06
1.288054190366636220e+01 6.236658025597362487e-01 8.445714000000000000e+06
1.289624751817243542e+01 6.225981665582779323e-01 8.472590000000000000e+06
1.291196350413541616e+01 6.212298581462608604e-01 8.495370000000000000e+06
1.292767561271233312e+01 6.200340381463118611e-01 8.512802000000000000e+06
1.294337627341686670e+01 6.186096565997402097e-01 8.523290000000000000e+06
1.295909254465509619e+01 6.180634261045000466e-01 8.570982000000000000e+06
1.297481202941889933e+01 6.159816036911192061e-01 8.568458000000000000e+06
1.299050877709477980e+01 6.147857950936458371e-01 8.586498000000000000e+06
1.300620190024628187e+01 6.135443017977572078e-01 8.608838000000000000e+06
1.302191363383399469e+01 6.124671365004897838e-01 8.645610000000000000e+06
1.303763169598336091e+01 6.115258663681660822e-01 8.658386000000000000e+06
1.305333181807477239e+01 6.099376162096800114e-01 8.668598000000000000e+06
1.306903073371036683e+01 6.088554245819395305e-01 8.697426000000000000e+06
1.308473895878913140e+01 6.073955106309362195e-01 8.722562000000000000e+06
1.310044895130510945e+01 6.061419699467679445e-01 8.737962000000000000e+06
1.311616215419301668e+01 6.051921103280833991e-01 8.771366000000000000e+06
1.313186858979111094e+01 6.033574810654644960e-01 8.771010000000000000e+06
1.314758318782488900e+01 6.029293119117250521e-01 8.822618000000000000e+06
1.316329275779432884e+01 6.010626352363822589e-01 8.807726000000000000e+06
1.317898595262972350e+01 5.998155036203938195e-01 8.844618000000000000e+06
1.319469240226760220e+01 5.986561536149176410e-01 8.868722000000000000e+06
1.321040689247021405e+01 5.973171360981192057e-01 8.891394000000000000e+06
1.322611949941154208e+01 5.963349257299257467e-01 8.911934000000000000e+06
1.324182463394985909e+01 5.949872690733619685e-01 8.923938000000000000e+06
1.325752875752444560e+01 5.934685864429851687e-01 8.953682000000000000e+06
1.327324685934994797e+01 5.930689895731068306e-01 8.981966000000000000e+06
1.328896030804089534e+01 5.918052749798062839e-01 8.990442000000000000e+06
1.330465770248929935e+01 5.905176404554504099e-01 9.007874000000000000e+06
1.332036222917837698e+01 5.888376036150974047e-01 9.038982000000000000e+06
1.333608106842605068e+01 5.879531723303673685e-01 9.068570000000000000e+06
1.335180331535189246e+01 5.867641506838006116e-01 9.085250000000000000e+06
1.336750361723562541e+01 5.855493693235542807e-01 9.084690000000000000e+06
1.338320275923961589e+01 5.841725406615257965e-01 9.128654000000000000e+06
1.339890831652831338e+01 5.832134406783187064e-01 9.133170000000000000e+06
1.341462514739588485e+01 5.819260469490028509e-01 9.185882000000000000e+06
1.343033068227095939e+01 5.808951710822377601e-01 9.163254000000000000e+06
1.344603079414738112e+01 5.795297897101234774e-01 9.220130000000000000e+06
1.346175097817287813e+01 5.788645745357645644e-01 9.233138000000000000e+06
1.347746169624149459e+01 5.773604452104779128e-01 9.249378000000000000e+06
1.349316675243398933e+01 5.761539871973941906e-01 9.271550000000000000e+06
1.350886780744113125e+01 5.752076776607518704e-01 9.286266000000000000e+06
1.352457420959309786e+01 5.744122637183526336e-01 9.320762000000000000e+06
1.354027528269936731e+01 5.730632683436981401e-01 9.326718000000000000e+06
1.355597266711250448e+01 5.716769671227059924e-01 9.354602000000000000e+06
1.357167854077304803e+01 5.707449242454435412e-01 9.384122000000000000e+06
1.358738838662311110e+01 5.688738619998421342e-01 9.400482000000000000e+06
1.360310113866151482e+01 5.681452526854099405e-01 9.432638000000000000e+06
1.361881507393887070e+01 5.670053954797056317e-01 9.445314000000000000e+06
1.363453202384387275e+01 5.662047378522763186e-01 9.477290000000000000e+06
1.365024566205330991e+01 5.648806187930635048e-01 9.489182000000000000e+06
1.366595033684499860e+01 5.640640932832045040e-01 9.506706000000000000e+06
1.368165392332742947e+01 5.631208714767329537e-01 9.533978000000000000e+06
1.369736167268202998e+01 5.614664826953267296e-01 9.553662000000000000e+06
1.371307055606699343e+01 5.603451785509607763e-01 9.579506000000000000e+06
1.372878654632152795e+01 5.588852404894073533e-01 9.607866000000000000e+06
1.374449164540093271e+01 5.584916521601930306e-01 9.608354000000000000e+06
1.376018948147827103e+01 5.571688499897654578e-01 9.643862000000000000e+06
1.377590285876657106e+01 5.564766139107714116e-01 9.670578000000000000e+06
1.379161550194992891e+01 5.551823978183071384e-01 9.687890000000000000e+06
1.380731081996385612e+01 5.542113444614390483e-01 9.693294000000000000e+06
1.382300999567189415e+01 5.530604658940180274e-01 9.736034000000000000e+06
1.383872564254849102e+01 5.519226154135907780e-01 9.758946000000000000e+06
1.385444081006387584e+01 5.511619088834699420e-01 9.778994000000000000e+06
1.387015071998694360e+01 5.495040020153491023e-01 9.796814000000000000e+06
1.388585452423644107e+01 5.486969284137265257e-01 9.816882000000000000e+06
1.390156760444444295e+01 5.473055517712070994e-01 9.850514000000000000e+06
1.391727461050539816e+01 5.461545899366299084e-01 9.856062000000000000e+06
1.393297592547683017e+01 5.455074723573249962e-01 9.886706000000000000e+06
1.394868876145243419e+01 5.441090603915171853e-01 9.916194000000000000e+06
1.396439742877755918e+01 5.433268338254648722e-01 9.924854000000000000e+06
1.398010702101767677e+01 5.423880865211930802e-01 9.961490000000000000e+06
1.399582173626056658e+01 5.416391341181336916e-01 9.979098000000000000e+06
1.401152670862070160e+01 5.402639929707577782e-01 9.990266000000000000e+06
1.402722014478893797e+01 5.390838438503943175e-01 1.001239800000000000e+07
1.404291897715275006e+01 5.382853837971761646e-01 1.003881800000000000e+07
1.405862735443806244e+01 5.374942837042033794e-01 1.007208200000000000e+07
1.407433479531513143e+01 5.361118632267047879e-01 1.008267000000000000e+07
1.409004917104677368e+01 5.349878586134498848e-01 1.012322600000000000e+07
1.410576653922355916e+01 5.343533993748689204e-01 1.013483400000000000e+07
1.412147260933269344e+01 5.335642691438168272e-01 1.015145000000000000e+07
1.413717993358438640e+01 5.323910229634024605e-01 1.018411800000000000e+07
1.415289157905369954e+01 5.311988164485417219e-01 1.019981000000000000e+07
1.416860366393267157e+01 5.304378055725365027e-01 1.023038600000000000e+07
1.418430896436029265e+01 5.295868448909754056e-01 1.023833400000000000e+07
1.420001284291687682e+01 5.278757610551975121e-01 1.027159400000000000e+07
1.421572657614547808e+01 5.268578630232332305e-01 1.029841800000000000e+07
1.423143337578410517e+01 5.259254217646694984e-01 1.030681400000000000e+07
1.424713778177505397e+01 5.254663192443972397e-01 1.034130600000000000e+07
1.426285025225489456e+01 5.245663303560934576e-01 1.036284200000000000e+07
1.427856427368283398e+01 5.234753005005181592e-01 1.038883400000000000e+07
1.429426790244143852e+01 5.226020933796220458e-01 1.039563000000000000e+07
1.430996575509801971e+01 5.216300402806156589e-01 1.042536200000000000e+07
1.432567210679634506e+01 5.205628339184529274e-01 1.045427400000000000e+07
1.434138366999696146e+01 5.196987696661308220e-01 1.047829400000000000e+07
1.435709809438420237e+01 5.185355526062249698e-01 1.050181800000000000e+07
1.437280392282341523e+01 5.178003216415703047e-01 1.051481000000000000e+07
1.438851160269255303e+01 5.165354168732454454e-01 1.054884200000000000e+07
1.440422192675342039e+01 5.156370221177154489e-01 1.056646200000000000e+07
1.441992714275331444e+01 5.151453553997852319e-01 1.058681000000000000e+07
1.443563532454286502e+01 5.140812668618253145e-01 1.061495400000000000e+07
1.445133980253338457e+01 5.133304750403864247e-01 1.063105400000000000e+07
1.446704700330820970e+01 5.120927239198969083e-01 1.066236200000000000e+07
1.448275628028434348e+01 5.114757968330918558e-01 1.068335400000000000e+07
1.449846208348667354e+01 5.100991205217388913e-01 1.069929800000000000e+07
1.451417198299666467e+01 5.094753762577544087e-01 1.073878200000000000e+07
1.452988075651297706e+01 5.087445768424680992e-01 1.074420200000000000e+07
1.454558861043286200e+01 5.078686733840428458e-01 1.078218600000000000e+07
1.456129125218806841e+01 5.065486993653943726e-01 1.078496600000000000e+07
1.457699892464232683e+01 5.055625202950210229e-01 1.083393800000000000e+07
1.459271566640466311e+01 5.049268362920898978e-01 1.084813800000000000e+07
1.460843060267550619e+01 5.036930627346588585e-01 1.087376600000000000e+07
1.462413856613178353e+01 5.031658027899406083e-01 1.088697000000000000e+07
1.463984038393505038e+01 5.025785704061473957e-01 1.091244200000000000e+07
1.465554487563843367e+01 5.010223835384317592e-01 1.093669800000000000e+07
1.467125359738870749e+01 5.005128512835234078e-01 1.096614200000000000e+07
1.468695215062295389e+01 4.994823473895739774e-01 1.096874600000000000e+07
1.470265208970906734e+01 4.982738368576549171e-01 1.101460200000000000e+07
1.471836994524712061e+01 4.976322072696588439e-01 1.104277400000000000e+07
1.473408908505314230e+01 4.972366250646161889e-01 1.106147400000000000e+07
1.474979494899728394e+01 4.960658210242538946e-01 1.107245000000000000e+07
1.476549319820674455e+01 4.951936672169093834e-01 1.109692200000000000e+07
1.478120959716355998e+01 4.940597186962108478e-01 1.114652600000000000e+07
1.479692708607952589e+01 4.935242169960851188e-01 1.114560200000000000e+07
1.481262773648680664e+01 4.922456507362441558e-01 1.116844200000000000e+07
1.482831807978547367e+01 4.915872214917226812e-01 1.118108600000000000e+07
1.484403479212634736e+01 4.913481321167056382e-01 1.125011400000000000e+07
1.485975910022496826e+01 4.905571518361417360e-01 1.124210600000000000e+07
1.487546116254211981e+01 4.891856478651622209e-01 1.126544600000000000e+07
1.489116101759013233e+01 4.882612983574483589e-01 1.128549000000000000e+07
1.490687605691364404e+01 4.873335402272527817e-01 1.133592200000000000e+07
1.492259047301397423e+01 4.867628173727927554e-01 1.133013000000000000e+07
1.493828361520856873e+01 4.857909515226810360e-01 1.135727000000000000e+07
1.495398746968900205e+01 4.849192183612784923e-01 1.138909800000000000e+07
1.496970470176504620e+01 4.843247036180883258e-01 1.142664200000000000e+07
1.498541811108218447e+01 4.834510475483315695e-01 1.143135800000000000e+07
1.500112369815582269e+01 4.825866942213507538e-01 1.146229800000000000e+07
1.501682771044461795e+01 4.820901313523361376e-01 1.147920200000000000e+07
1.503253401606537842e+01 4.813043658826180460e-01 1.150974600000000000e+07
1.504823456875438481e+01 4.801645170354893466e-01 1.152306200000000000e+07
1.506393551489705551e+01 4.797274798571503629e-01 1.155621000000000000e+07
1.507964770104679175e+01 4.786739742784996143e-01 1.158828200000000000e+07
1.509535661435938536e+01 4.780961850042664829e-01 1.159964600000000000e+07
1.511107216380126061e+01 4.773998447782336063e-01 1.164527400000000000e+07
1.512678669010588095e+01 4.763104135187767318e-01 1.164933800000000000e+07
1.514248358802091232e+01 4.756325251474747273e-01 1.166538600000000000e+07
1.515819551110980434e+01 4.744690930829745246e-01 1.171928600000000000e+07
1.517391026295977774e+01 4.741303832574365051e-01 1.172073800000000000e+07
1.518961803510608810e+01 4.732910230935168383e-01 1.175507400000000000e+07
1.520532275548752743e+01 4.724093294851113289e-01 1.176716600000000000e+07
1.522103567250607448e+01 4.716655213518676226e-01 1.181334600000000000e+07
1.523675395281714806e+01 4.710265994105932164e-01 1.182545000000000000e+07
1.525244943101724004e+01 4.702580495390323856e-01 1.182881400000000000e+07
1.526815365307287742e+01 4.698999563966868576e-01 1.188441800000000000e+07
1.528387066072771638e+01 4.687479254860643652e-01 1.190037800000000000e+07
1.529957321464638476e+01 4.679011642759213219e-01 1.190800200000000000e+07
1.531526583627620397e+01 4.672559177112067808e-01 1.193747000000000000e+07
1.533097536464771871e+01 4.667317010960204127e-01 1.198134600000000000e+07
1.534669338573561426e+01 4.657753184364861188e-01 1.199815400000000000e+07
1.536240004252223734e+01 4.650768513252303005e-01 1.201579800000000000e+07
1.537810801182491893e+01 4.643683695945058920e-01 1.204658600000000000e+07
1.539381960142510408e+01 4.635405234690380127e-01 1.207322600000000000e+07
1.540952845721061593e+01 4.629950526785101550e-01 1.208937000000000000e+07
1.542523709037442003e+01 4.624058720871631056e-01 1.212366200000000000e+07
1.544094016867252428e+01 4.615151449193991007e-01 1.212901800000000000e+07
1.545664017249611355e+01 4.607513474325683478e-01 1.216869800000000000e+07
1.547234727593419557e+01 4.596251190420528876e-01 1.219107000000000000e+07
1.548806833453869558e+01 4.591940699288812877e-01 1.223729000000000000e+07
1.550378623459487315e+01 4.588477045106024721e-01 1.223743400000000000e+07
1.551949330626827894e+01 4.579103104219185427e-01 1.226943000000000000e+07
1.553520078467428966e+01 4.571603557656485628e-01 1.228831400000000000e+07
1.555090402017178697e+01 4.565963110190384699e-01 1.231201800000000000e+07
1.556660515225103758e+01 4.558894806697384450e-01 1.233377000000000000e+07
1.558230564648683369e+01 4.553194645745161639e-01 1.236265400000000000e+07
1.559802032509431058e+01 4.545075637941967117e-01 1.240528200000000000e+07
1.561373656517381825e+01 4.540524559233214408e-01 1.241484200000000000e+07
1.562943874868456007e+01 4.532822719800844169e-01 1.243327800000000000e+07
1.564514468723513119e+01 4.525545329133413008e-01 1.246944200000000000e+07
1.566085762263859849e+01 4.521869703273701524e-01 1.249710600000000000e+07
1.567656801168175562e+01 4.514220886090820062e-01 1.251307400000000000e+07
1.569226784315055134e+01 4.506344288361016637e-01 1.253190200000000000e+07
1.570797061764651303e+01 4.498161157698829515e-01 1.256769000000000000e+07
1.572368763200833186e+01 4.490857104681315048e-01 1.260333800000000000e+07
1.573939902922757739e+01 4.486970540706267663e-01 1.261272600000000000e+07
1.575510155432147918e+01 4.481116126710968373e-01 1.263480200000000000e+07
1.577080131559525533e+01 4.472853405229361701e-01 1.266273000000000000e+07
1.578651124257762106e+01 4.469243298297215783e-01 1.269908600000000000e+07
1.580221945868158429e+01 4.463411588981387457e-01 1.271107400000000000e+07
1.581792010585497543e+01 4.454146596564371730e-01 1.273909800000000000e+07
1.583362809238100866e+01 4.448784955389760709e-01 1.276949000000000000e+07
1.584933934958661794e+01 4.443148839744975320e-01 1.279968600000000000e+07
1.586505742005159547e+01 4.435169830346600839e-01 1.282862600000000000e+07
1.588076352344777042e+01 4.427656985688385172e-01 1.283279400000000000e+07
1.589646872608305905e+01 4.423829340020326018e-01 1.287594200000000000e+07
1.591218765353894682e+01 4.419707284357098365e-01 1.290631400000000000e+07
1.592789674253093146e+01 4.412803890492167924e-01 1.291312200000000000e+07
1.594359563934946422e+01 4.405968194713196784e-01 1.293734600000000000e+07
1.595929854003116333e+01 4.401300694792272261e-01 1.297337400000000000e+07
1.597501474699522639e+01 4.392562520323765596e-01 1.300817000000000000e+07
1.599073061961361475e+01 4.388790793048570893e-01 1.302581000000000000e+07
1.600643059467362406e+01 4.381713326873102332e-01 1.303359000000000000e+07
1.602213644221637878e+01 4.374812075301646175e-01 1.308369800000000000e+07
1.603784671360493164e+01 4.369573474960034010e-01 1.309470600000000000e+07
1.605354767035452213e+01 4.362119161198390049e-01 1.311900200000000000e+07
1.606924881116611203e+01 4.359866009630985473e-01 1.314631800000000000e+07
