# k_mean_over_bin [h Mpc^-1] P_bin [h^-3 Mpc^3] N_modes
2.004559772710005558e-02 1.050881336805555475e+04 1.800000000000000000e+01
3.504137442477287673e-02 2.519726814516128798e+04 6.200000000000000000e+01
4.923125820196404961e-02 1.248687499999999818e+04 9.800000000000000000e+01
6.378344006481624640e-02 1.101573095238095266e+04 2.100000000000000000e+02
8.007265176091875325e-02 8.290340714285714057e+03 3.500000000000000000e+02
9.616302738587061139e-02 6.264950555555555184e+03 4.500000000000000000e+02
1.110826890383447979e-01 5.155553156146179390e+03 6.020000000000000000e+02
1.260576397180557251e-01 4.398936679790026574e+03 7.620000000000000000e+02
1.422731428555557009e-01 3.536850043782837020e+03 1.142000000000000000e+03
1.585460595607757484e-01 3.215461600000000089e+03 1.250000000000000000e+03
1.737497011902237598e-01 2.901473936899862565e+03 1.458000000000000000e+03
1.889532144205047226e-01 2.465792998897464258e+03 1.814000000000000000e+03
2.049067109494826788e-01 2.330008953168044172e+03 2.178000000000000000e+03
2.207556613284745450e-01 2.093474379503602904e+03 2.498000000000000000e+03
2.358802738624342921e-01 1.905129672006102282e+03 2.622000000000000000e+03
2.513999951464319649e-01 1.794257639304973054e+03 3.338000000000000000e+03
2.675345382307371400e-01 1.619122246104245050e+03 3.722000000000000000e+03
2.835681791499936044e-01 1.534638129496402826e+03 4.170000000000000000e+03
2.990221799979137507e-01 1.445698829738412087e+03 4.358000000000000000e+03
3.144508804126917023e-01 1.348833432657926096e+03 5.034000000000000000e+03
3.303723395141972552e-01 1.274708435421771128e+03 5.714000000000000000e+03
3.461405835555014798e-01 1.207010197258441849e+03 5.982000000000000000e+03
3.616240832326051979e-01 1.149013102090275652e+03 6.602000000000000000e+03
3.771335216675366642e-01 1.107214866760168434e+03 7.130000000000000000e+03
3.929320011962133541e-01 1.048405028628329546e+03 8.034000000000000000e+03
4.088541926781908975e-01 1.002515221938182663e+03 8.606000000000000000e+03
4.245637628236880179e-01 9.743046547540260462e+02 9.066000000000000000e+03
4.402531073637167558e-01 9.446729572375024873e+02 9.962000000000000000e+03
4.559993315308014661e-01 8.784208530805686905e+02 1.055000000000000000e+04
4.716264483403250773e-01 8.737428291466238761e+02 1.122600000000000000e+04
4.872700578197112775e-01 8.187851144409683002e+02 1.214600000000000000e+04
5.028559864371159316e-01 8.115192765349834190e+02 1.260600000000000000e+04
5.184881697096974662e-01 7.854592088103173637e+02 1.380200000000000000e+04
5.343469721895739433e-01 7.592543716958113009e+02 1.475400000000000000e+04
5.500823565575736485e-01 7.193479004870342806e+02 1.519400000000000000e+04
5.657322269403529669e-01 7.002219521089097043e+02 1.645400000000000000e+04
5.814958906429442687e-01 7.063042439081262955e+02 1.715400000000000000e+04
5.972223875100493018e-01 6.716619949633197848e+02 1.826600000000000000e+04
6.128042965698242694e-01 6.697621333333332814e+02 1.875000000000000000e+04
6.284339241893368566e-01 6.544791440150241897e+02 2.023400000000000000e+04
6.442671741027654608e-01 6.340751981351980930e+02 2.145000000000000000e+04
6.600506477327297006e-01 6.319417630452600179e+02 2.196200000000000000e+04
6.757240646605540135e-01 6.148275509334242770e+02 2.346200000000000000e+04
6.914033637984144942e-01 6.013254304966309292e+02 2.404200000000000000e+04
7.071742118944099875e-01 5.834986895860633922e+02 2.594600000000000000e+04
7.228711511166978632e-01 5.655835056283024187e+02 2.611800000000000000e+04
7.383803448867409802e-01 5.522925907074819634e+02 2.750600000000000000e+04
7.540183656477988938e-01 5.489086561618386213e+02 2.906600000000000000e+04
7.698451130026079392e-01 5.303354022988505676e+02 3.045000000000000000e+04
7.856895634322977884e-01 5.203587360594794973e+02 3.174200000000000000e+04
8.013652298136274554e-01 5.123340155038760031e+02 3.225000000000000000e+04
8.170314793099452411e-01 5.082720000000000482e+02 3.425000000000000000e+04
8.328089595358807440e-01 5.016663846110453164e+02 3.545400000000000000e+04
8.485110835048260691e-01 4.886986331448646865e+02 3.643400000000000000e+04
8.640973204722621759e-01 4.779877925800116714e+02 3.768200000000000000e+04
8.797014300262691044e-01 4.668558049574998563e+02 3.929400000000000000e+04
8.955074489672053550e-01 4.641485057693236627e+02 4.142600000000000000e+04
9.112788985619241222e-01 4.555306898683022041e+02 4.206600000000000000e+04
9.269095651252046153e-01 4.496337088985973764e+02 4.349000000000000000e+04
9.426346125839982770e-01 4.363002494420375683e+02 4.570200000000000000e+04
9.583964670696782928e-01 4.311002701891324023e+02 4.663400000000000000e+04
9.741277885224883804e-01 4.289642048028998715e+02 4.855400000000000000e+04
9.896918448392955092e-01 4.224150603642316355e+02 4.887000000000000000e+04
1.005280879626296420e+00 4.106238119253598029e+02 5.155400000000000000e+04
1.021133664452582135e+00 4.103768533924940130e+02 5.409000000000000000e+04
1.036923334995100809e+00 4.023428213720219446e+02 5.431400000000000000e+04
1.052635308833600680e+00 3.955463714637146495e+02 5.691000000000000000e+04
1.068321370297892425e+00 3.832044466093733490e+02 5.748200000000000000e+04
1.084052701550582753e+00 3.817685811368059490e+02 6.062600000000000000e+04
1.099794715754920382e+00 3.797726693461425498e+02 6.120600000000000000e+04
1.115370388947033220e+00 3.722992488412977536e+02 6.257000000000000000e+04
1.131046383902849950e+00 3.635894112277499062e+02 6.573000000000000000e+04
1.146787968622316356e+00 3.573284947365264088e+02 6.668600000000000000e+04
1.162563353468210270e+00 3.564230250509340294e+02 6.969800000000000000e+04
1.178284495947235833e+00 3.507806529003512992e+02 7.002600000000000000e+04
1.193950312022173277e+00 3.484699639842740453e+02 7.274600000000000000e+04
1.209702279395532543e+00 3.447149913229208664e+02 7.491000000000000000e+04
1.225374778796072261e+00 3.360293970048334700e+02 7.572200000000000000e+04
1.240998268267369031e+00 3.333856439306948687e+02 7.837800000000000000e+04
1.256664763601604173e+00 3.259151568161939281e+02 8.003000000000000000e+04
1.272410839108921055e+00 3.195742793258481242e+02 8.318600000000000000e+04
1.288186821427190987e+00 3.139027945101929618e+02 8.466600000000000000e+04
1.303915415643678744e+00 3.117995979016939145e+02 8.654600000000000000e+04
1.319571589153230251e+00 3.088678829963464523e+02 8.813400000000000000e+04
1.335290070384270056e+00 3.049582031506041062e+02 9.153800000000000000e+04
1.351076062681103140e+00 3.011871416607614265e+02 9.313800000000000000e+04
1.366744220099084473e+00 2.972231842333665099e+02 9.447800000000000000e+04
1.382398842931918725e+00 2.903984209552398852e+02 9.727400000000000000e+04
1.398110035554206876e+00 2.895677199317885879e+02 9.969000000000000000e+04
1.413886464447384306e+00 2.856423822984696699e+02 1.025900000000000000e+05
1.429636290478455862e+00 2.791539173171436801e+02 1.037700000000000000e+05
1.445306609637929229e+00 2.793447802456133786e+02 1.063460000000000000e+05
1.461013715221450848e+00 2.754366443719713402e+02 1.085460000000000000e+05
1.476673179078200837e+00 2.704377833571157339e+02 1.107260000000000000e+05
1.492290038154521659e+00 2.680082085432952113e+02 1.123220000000000000e+05
1.507927148623363189e+00 2.668439554750194134e+02 1.158900000000000000e+05
1.523672044743926701e+00 2.617292827913712472e+02 1.187660000000000000e+05
1.539529615911521709e+00 2.585013491635186256e+02 1.222980000000000000e+05
1.555255688786340684e+00 2.544392824965189845e+02 1.220900000000000000e+05
1.570915144657768492e+00 2.500440982433828765e+02 1.258100000000000000e+05
1.586615423455384422e+00 2.491391684218737623e+02 1.281900000000000000e+05
1.602349133342779730e+00 2.466542284379437149e+02 1.309940000000000000e+05
1.618092974080486135e+00 2.413276349441378272e+02 1.337220000000000000e+05
1.633691874209366679e+00 2.398182334224638907e+02 1.338860000000000000e+05
1.649409270104698511e+00 2.359035847955713052e+02 1.405380000000000000e+05
1.665187916060468121e+00 2.350799465126534642e+02 1.405940000000000000e+05
1.680850499408222509e+00 2.322948312603590750e+02 1.435940000000000000e+05
1.696519861906699678e+00 2.283446107579796092e+02 1.463100000000000000e+05
1.712283893956166425e+00 2.259730766677729719e+02 1.506500000000000000e+05
1.728062756067172412e+00 2.224684492541832981e+02 1.519140000000000000e+05
1.743677627348828585e+00 2.197578847181840729e+02 1.533980000000000000e+05
1.759326903275710174e+00 2.177217386897748668e+02 1.578660000000000000e+05
1.775054497456971747e+00 2.139978090104445698e+02 1.606580000000000000e+05
1.790812710658242546e+00 2.138138718601845198e+02 1.641020000000000000e+05
1.806502375897273804e+00 2.114053359516103683e+02 1.649940000000000000e+05
1.822179186865621636e+00 2.078983573741536475e+02 1.698500000000000000e+05
1.837969883527481585e+00 2.064624651705918268e+02 1.729860000000000000e+05
1.853671301775014824e+00 2.043277168849989209e+02 1.738940000000000000e+05
1.869276135303816311e+00 2.002196200884725386e+02 1.767780000000000000e+05
1.884971321406135658e+00 1.982974884764744274e+02 1.818020000000000000e+05
1.900728707982397125e+00 1.965744401670010575e+02 1.844300000000000000e+05
1.916473119999263952e+00 1.949512822977750659e+02 1.872420000000000000e+05
1.932184555202840048e+00 1.926930249671485171e+02 1.902500000000000000e+05
1.947873548384971176e+00 1.908982915303525942e+02 1.925700000000000000e+05
1.963628993658796507e+00 1.893376577521765114e+02 1.982540000000000000e+05
1.979352447076785815e+00 1.879397598877187363e+02 1.980740000000000000e+05
1.994985104292756439e+00 1.859577728285077853e+02 2.020500000000000000e+05
2.010642935442618739e+00 1.833117731214294679e+02 2.055020000000000000e+05
2.026404838719640278e+00 1.806579894240171598e+02 2.106660000000000000e+05
2.042160439755924539e+00 1.803227853464265422e+02 2.124260000000000000e+05
2.057814152054247447e+00 1.766985854392804640e+02 2.139180000000000000e+05
2.073527659517757193e+00 1.756813307148610193e+02 2.209940000000000000e+05
2.089278401895053872e+00 1.741310750173797715e+02 2.215220000000000000e+05
2.104986979127729807e+00 1.717091651422360030e+02 2.263140000000000000e+05
2.120648321356923383e+00 1.694987813140689923e+02 2.272940000000000000e+05
2.136325257483229656e+00 1.679218756707102500e+02 2.329620000000000000e+05
2.152108829701105730e+00 1.657260426040081143e+02 2.378180000000000000e+05
2.167848322413291839e+00 1.636973967902415268e+02 2.383980000000000000e+05
2.183487000865677263e+00 1.629233445724842682e+02 2.414180000000000000e+05
2.199161537811643807e+00 1.612672009334813481e+02 2.468180000000000000e+05
2.214891256735060487e+00 1.592092866917961089e+02 2.499060000000000000e+05
2.230633713071271895e+00 1.577095900307025431e+02 2.547020000000000000e+05
2.246304443991349320e+00 1.560379847337845547e+02 2.544180000000000000e+05
2.261936208784359970e+00 1.546149780683223582e+02 2.603540000000000000e+05
2.277652670266802293e+00 1.526385079290798501e+02 2.649740000000000000e+05
2.293412982496121355e+00 1.503805568580168313e+02 2.687220000000000000e+05
2.309141221738169047e+00 1.490340916623091800e+02 2.715620000000000000e+05
2.324861988404599789e+00 1.477172715595131933e+02 2.755860000000000000e+05
2.340611247586814159e+00 1.461511260216281869e+02 2.801900000000000000e+05
2.356347504876110666e+00 1.452893923644257654e+02 2.828340000000000000e+05
2.372029085968939910e+00 1.426345127467826330e+02 2.851700000000000000e+05
2.387678571697246621e+00 1.419810546214718840e+02 2.898860000000000000e+05
2.403388139521258626e+00 1.406310370355277541e+02 2.944740000000000000e+05
2.419137128499648348e+00 1.390064574721700978e+02 2.994980000000000000e+05
2.434829956177893884e+00 1.377272151434534067e+02 2.999580000000000000e+05
2.450497304476752181e+00 1.363739382327746910e+02 3.058580000000000000e+05
2.466221630284449073e+00 1.353214026010798250e+02 3.107940000000000000e+05
2.481948461430914410e+00 1.339875943043675477e+02 3.130820000000000000e+05
2.497590267743403203e+00 1.326405270118906685e+02 3.160460000000000000e+05
2.513275415567109317e+00 1.307190535600121564e+02 3.222180000000000000e+05
2.529064511226168488e+00 1.295353936243387807e+02 3.285620000000000000e+05
2.544794397904540872e+00 1.288719899996951312e+02 3.279900000000000000e+05
2.560494206000486273e+00 1.277674554554076991e+02 3.352820000000000000e+05
2.576181416838396743e+00 1.262646069589546585e+02 3.359700000000000000e+05
2.591894431456594372e+00 1.259342451738910569e+02 3.440660000000000000e+05
2.607583386084574517e+00 1.240261958931449584e+02 3.437180000000000000e+05
2.623254195933073518e+00 1.227516173633989354e+02 3.514980000000000000e+05
2.638982638468245323e+00 1.218044902357966208e+02 3.544580000000000000e+05
2.654678623100330981e+00 1.209610950285303090e+02 3.585660000000000000e+05
2.670444987332728282e+00 1.196233823698111536e+02 3.661220000000000000e+05
2.686175436888973866e+00 1.185658675268581987e+02 3.658100000000000000e+05
2.701842624139498383e+00 1.172594625721835655e+02 3.716220000000000000e+05
2.717551210176916143e+00 1.162787018665588619e+02 3.759860000000000000e+05
2.733286152591690943e+00 1.158911269853729920e+02 3.821700000000000000e+05
2.748969669686326611e+00 1.142735334635873556e+02 3.818180000000000000e+05
2.764618652904751617e+00 1.137080708671523155e+02 3.895740000000000000e+05
2.780335698310803405e+00 1.122807431076611948e+02 3.936980000000000000e+05
2.796070939832780322e+00 1.112215351801691270e+02 3.994580000000000000e+05
2.811789110373833278e+00 1.101132011675144611e+02 4.022220000000000000e+05
2.827490318755497611e+00 1.090363362020239890e+02 4.069220000000000000e+05
2.843211165013692643e+00 1.080291055658096866e+02 4.128420000000000000e+05
2.858928238366322816e+00 1.069781050016131161e+02 4.153460000000000000e+05
2.874619182965964193e+00 1.063225493966978661e+02 4.211820000000000000e+05
2.890326122379585971e+00 1.053548132079111923e+02 4.250180000000000000e+05
2.906048410595298837e+00 1.041813340508143568e+02 4.311380000000000000e+05
2.921763637537025282e+00 1.032862411425887785e+02 4.343820000000000000e+05
2.937471882413853042e+00 1.020903543459366460e+02 4.395140000000000000e+05
2.953184966193053373e+00 1.016729130409364643e+02 4.447380000000000000e+05
2.968906669185866321e+00 1.007525873783163632e+02 4.489100000000000000e+05
2.984558054153132023e+00 1.001611209494516430e+02 4.506180000000000000e+05
3.000234266597839206e+00 9.925338045148122035e+01 4.595540000000000000e+05
3.015961738166995865e+00 9.785246574218429316e+01 4.631060000000000000e+05
3.031644318942089189e+00 9.741389099410396568e+01 4.670940000000000000e+05
3.047375183469438475e+00 9.669953551832028893e+01 4.749380000000000000e+05
3.063101994982958765e+00 9.556395200194474171e+01 4.771860000000000000e+05
3.078830638657798602e+00 9.477834402789527246e+01 4.846700000000000000e+05
3.094557820700788220e+00 9.389766945237265361e+01 4.870100000000000000e+05
3.110261604918990841e+00 9.351615401144098882e+01 4.933140000000000000e+05
3.125964826756857384e+00 9.238520154254696592e+01 4.963220000000000000e+05
3.141631907395710410e+00 9.175166134478236302e+01 5.017020000000000000e+05
3.157337759020614865e+00 9.084665389863970120e+01 5.085620000000000000e+05
3.173083732250922218e+00 9.022988398458313952e+01 5.142420000000000000e+05
3.188786566155163538e+00 8.918666764827824522e+01 5.161580000000000000e+05
3.204467208631248454e+00 8.861237423507755295e+01 5.226020000000000000e+05
3.220198682476764773e+00 8.789609126782221438e+01 5.306580000000000000e+05
3.235902901074469540e+00 8.738366393606544591e+01 5.300420000000000000e+05
3.251569839460216826e+00 8.666066159687350989e+01 5.388780000000000000e+05
3.267286640001119125e+00 8.596933085843456013e+01 5.441300000000000000e+05
3.283035953778620897e+00 8.524135102865874103e+01 5.511060000000000000e+05
3.298765470797303756e+00 8.451649331566730439e+01 5.539820000000000000e+05
3.314460854810658219e+00 8.370330430171861735e+01 5.582420000000000000e+05
3.330143183999465961e+00 8.329133144154771173e+01 5.645460000000000000e+05
3.345851390644388967e+00 8.240228293373813528e+01 5.704940000000000000e+05
3.361584614506297086e+00 8.150154829895173236e+01 5.767620000000000000e+05
3.377268741275611497e+00 8.129730870201336757e+01 5.782340000000000000e+05
3.392938742749323389e+00 8.039837040224291798e+01 5.856660000000000000e+05
3.408667877553761993e+00 7.957923175528138415e+01 5.944460000000000000e+05
3.424389245726590758e+00 7.906093910121796853e+01 5.952500000000000000e+05
3.440080490503192756e+00 7.839607425895174231e+01 6.034020000000000000e+05
3.455784632582446392e+00 7.798907442103980259e+01 6.073820000000000000e+05
3.471525169349745088e+00 7.714966045931184624e+01 6.170100000000000000e+05
3.487238775590668638e+00 7.667934329693990492e+01 6.167780000000000000e+05
3.502915637500682244e+00 7.604423557733863959e+01 6.247460000000000000e+05
3.518586117849470174e+00 7.544983775487132505e+01 6.280620000000000000e+05
3.534307361823285198e+00 7.492982593328224539e+01 6.394100000000000000e+05
3.550068718511843802e+00 7.414081256201843928e+01 6.429540000000000000e+05
3.565767899937936303e+00 7.393696340719596094e+01 6.459740000000000000e+05
3.581461234185308484e+00 7.339045432982906902e+01 6.534900000000000000e+05
3.597192479322759873e+00 7.267426817566811792e+01 6.607460000000000000e+05
3.612919168611930854e+00 7.239492301164830224e+01 6.646460000000000000e+05
3.628586482304986038e+00 7.171729233166988138e+01 6.672900000000000000e+05
3.644285394494611641e+00 7.105896317415623287e+01 6.790340000000000000e+05
3.660034289703634869e+00 7.094099794645551071e+01 6.827220000000000000e+05
3.675778468055097559e+00 7.025502070198686511e+01 6.912380000000000000e+05
3.691462948962963786e+00 6.963445357405294089e+01 6.886020000000000000e+05
3.707119074879760223e+00 6.912462151803728716e+01 7.008260000000000000e+05
3.722835664250375487e+00 6.873702140684916628e+01 7.056620000000000000e+05
3.738525251797470528e+00 6.823567982289368672e+01 7.100820000000000000e+05
3.754222032949778853e+00 6.752816750606956475e+01 7.191620000000000000e+05
3.769933086185316640e+00 6.725885496711664757e+01 7.222500000000000000e+05
3.785638995718866973e+00 6.678255116129649593e+01 7.315100000000000000e+05
3.801371660419305520e+00 6.605958378256536889e+01 7.364420000000000000e+05
3.817071936206203997e+00 6.589172058771923446e+01 7.408980000000000000e+05
3.832786102847733023e+00 6.536282223211642872e+01 7.501580000000000000e+05
3.848527046055627121e+00 6.485008465078570339e+01 7.548660000000000000e+05
3.864237159299509283e+00 6.432529382539503615e+01 7.608260000000000000e+05
3.879924927323326056e+00 6.388704167615577489e+01 7.640340000000000000e+05
3.895614328144405114e+00 6.343908736363565737e+01 7.738460000000000000e+05
3.911337128038584687e+00 6.297737888507837312e+01 7.797140000000000000e+05
3.927042484287095014e+00 6.264269157505794539e+01 7.843140000000000000e+05
3.942732759911325768e+00 6.206472043692865981e+01 7.913420000000000000e+05
3.958453369699379998e+00 6.167660089710778948e+01 7.994580000000000000e+05
3.974178216354418591e+00 6.127867899354254888e+01 8.049620000000000000e+05
3.989882109912799013e+00 6.073750108084738031e+01 8.095500000000000000e+05
4.005543243773400874e+00 6.043229275512688048e+01 8.134580000000000000e+05
4.021251057898795445e+00 5.995828388135392117e+01 8.274020000000000000e+05
4.036984636136614846e+00 5.967739537398415450e+01 8.286180000000000000e+05
4.052682677778184583e+00 5.928548316561479226e+01 8.369180000000000000e+05
4.068393456235992467e+00 5.883664225020584126e+01 8.428740000000000000e+05
4.084099822251435974e+00 5.836281433304526445e+01 8.493380000000000000e+05
4.099829813320492455e+00 5.782327561115884151e+01 8.589420000000000000e+05
4.115554009414900349e+00 5.765845817198580647e+01 8.609780000000000000e+05
4.131235359039446386e+00 5.732991687645247936e+01 8.683460000000000000e+05
4.146931044915801223e+00 5.685536945497592853e+01 8.751540000000000000e+05
4.162664159049392687e+00 5.655732362612189945e+01 8.862140000000000000e+05
4.178388788086889960e+00 5.607670063312394149e+01 8.873460000000000000e+05
4.194077965975033351e+00 5.568870127577414308e+01 8.949860000000000000e+05
4.209774792532540388e+00 5.539470565169133920e+01 9.027740000000000000e+05
4.225510803750013977e+00 5.499920843227930334e+01 9.121140000000000000e+05
4.241231113843379141e+00 5.449312259979498663e+01 9.150260000000000000e+05
4.256908196003403866e+00 5.424166704704273911e+01 9.201420000000000000e+05
4.272591924000948893e+00 5.389989266070241314e+01 9.297620000000000000e+05
4.288308084378355645e+00 5.371801582172511047e+01 9.376980000000000000e+05
4.304040323784237287e+00 5.341674622815057916e+01 9.447620000000000000e+05
4.319738418983270378e+00 5.296417626500916498e+01 9.482540000000000000e+05
4.335428335028543856e+00 5.274316734287762642e+01 9.568020000000000000e+05
4.351157550879730884e+00 5.217485516577138327e+01 9.676580000000000000e+05
4.366881330891844826e+00 5.200556459613365945e+01 9.697020000000000000e+05
4.382546060772999574e+00 5.142185219024936771e+01 9.740900000000000000e+05
4.398246218400761798e+00 5.123224499788565112e+01 9.884820000000000000e+05
4.413979276240257654e+00 5.078642814371860936e+01 9.919940000000000000e+05
4.429695644229851403e+00 5.049145380258333660e+01 1.001030000000000000e+06
4.445410080183695989e+00 5.024715301606246243e+01 1.005450000000000000e+06
4.461113024304604657e+00 4.993773144540305253e+01 1.013738000000000000e+06
4.476828248264367538e+00 4.959574438930812335e+01 1.021710000000000000e+06
4.492511743566732996e+00 4.925638465611464056e+01 1.023626000000000000e+06
4.508191947536588806e+00 4.899111247555109827e+01 1.035834000000000000e+06
4.523895481465870283e+00 4.865739931167406240e+01 1.040786000000000000e+06
4.539619934096997156e+00 4.840905577826180206e+01 1.053206000000000000e+06
4.555352618284365995e+00 4.822349626585380378e+01 1.057002000000000000e+06
4.571063001207543941e+00 4.786381777200445953e+01 1.063898000000000000e+06
4.586777862326684385e+00 4.761993396608071549e+01 1.072782000000000000e+06
4.602497075350756361e+00 4.717015348165506339e+01 1.078826000000000000e+06
4.618214180504660149e+00 4.692841214719437914e+01 1.087922000000000000e+06
4.633911241501361467e+00 4.665147722041569978e+01 1.090494000000000000e+06
4.649602871383847535e+00 4.635497865370331994e+01 1.101362000000000000e+06
4.665319460688174047e+00 4.611578641955952662e+01 1.109802000000000000e+06
4.681029772111457099e+00 4.573821055635011845e+01 1.114514000000000000e+06
4.696725943447952467e+00 4.556617072654249512e+01 1.123926000000000000e+06
4.712406639130506392e+00 4.527270854166926028e+01 1.125986000000000000e+06
4.728114319510818397e+00 4.505300493024378738e+01 1.143554000000000000e+06
4.743843011674210075e+00 4.477450882756330941e+01 1.144710000000000000e+06
4.759548004017718270e+00 4.446133769143982306e+01 1.154018000000000000e+06
4.775245153331388437e+00 4.416389157575851954e+01 1.159962000000000000e+06
4.790962201099520534e+00 4.392505119617143095e+01 1.170986000000000000e+06
4.806687457227775795e+00 4.370861916475264053e+01 1.178142000000000000e+06
4.822395257046031780e+00 4.341972513135488043e+01 1.182674000000000000e+06
4.838087143849061356e+00 4.322847820574608591e+01 1.191002000000000000e+06
4.853789225034707222e+00 4.282315954676543157e+01 1.200438000000000000e+06
4.869505077076887289e+00 4.271109337986131038e+01 1.208162000000000000e+06
4.885214479826415435e+00 4.245457672362576318e+01 1.215258000000000000e+06
4.900926872777207954e+00 4.220463445995291352e+01 1.224134000000000000e+06
4.916625834276870499e+00 4.194143508458382286e+01 1.228722000000000000e+06
4.932342625999591945e+00 4.167768755922435986e+01 1.243154000000000000e+06
4.948070313168653200e+00 4.152062333291045348e+01 1.245434000000000000e+06
4.963768791695496674e+00 4.122960774659445349e+01 1.255158000000000000e+06
4.979434313641077026e+00 4.088461226017632555e+01 1.255610000000000000e+06
4.995141420885109262e+00 4.066492271999324259e+01 1.277562000000000000e+06
5.010861277833007499e+00 4.051137542431266780e+01 1.274414000000000000e+06
5.026541148359606304e+00 4.018706463638244486e+01 1.285994000000000000e+06
5.042268620369379839e+00 3.994125749286302351e+01 1.299570000000000000e+06
5.058004053481842455e+00 3.991854833878853270e+01 1.302122000000000000e+06
5.073708460591943137e+00 3.955916197308760474e+01 1.311366000000000000e+06
5.089416057291027862e+00 3.942911765285562353e+01 1.319186000000000000e+06
5.105125712135527571e+00 3.912414779190528691e+01 1.327434000000000000e+06
5.120844156875770103e+00 3.892640511361002353e+01 1.337294000000000000e+06
5.136559512122237159e+00 3.865166340217318464e+01 1.342730000000000000e+06
5.152249183032828306e+00 3.845858859592616597e+01 1.350570000000000000e+06
5.167964432416064291e+00 3.826057728296846250e+01 1.362590000000000000e+06
5.183694924160209716e+00 3.802217423110787564e+01 1.369698000000000000e+06
5.199396868456950926e+00 3.785349483676797178e+01 1.374914000000000000e+06
5.215085298788597612e+00 3.750749727155113789e+01 1.383570000000000000e+06
5.230792912992411559e+00 3.739165843709285042e+01 1.395374000000000000e+06
5.246488594245054315e+00 3.715672365092476781e+01 1.396994000000000000e+06
5.262173859327344161e+00 3.701768152288651237e+01 1.411530000000000000e+06
5.277882164810089982e+00 3.674070489441821508e+01 1.417574000000000000e+06
5.293593858628555360e+00 3.661056497815701505e+01 1.428834000000000000e+06
5.309329156889964985e+00 3.641238400075607018e+01 1.439018000000000000e+06
5.325038538485003414e+00 3.618861135366329762e+01 1.440698000000000000e+06
5.340730702455575241e+00 3.597690759322472331e+01 1.453638000000000000e+06
5.356455193601842524e+00 3.575273092045651424e+01 1.463426000000000000e+06
5.372183381207660702e+00 3.562529077869549354e+01 1.471050000000000000e+06
5.387886700194870926e+00 3.542762681171688399e+01 1.476638000000000000e+06
5.403571860691538831e+00 3.516834201659047920e+01 1.484466000000000000e+06
5.419293096268920529e+00 3.514965419936928726e+01 1.501154000000000000e+06
5.435016687773623012e+00 3.479881414870820322e+01 1.501706000000000000e+06
5.450702718101835487e+00 3.463995151842339482e+01 1.511502000000000000e+06
5.466391329901655105e+00 3.445670337592765264e+01 1.520234000000000000e+06
5.482117701107046770e+00 3.424353456980736610e+01 1.535010000000000000e+06
5.497863840523032231e+00 3.413674079507152470e+01 1.543358000000000000e+06
5.513531058043433575e+00 3.389862438906230580e+01 1.535754000000000000e+06
5.529215137958169990e+00 3.371419515056857108e+01 1.564802000000000000e+06
5.544946163489404611e+00 3.353785640528253253e+01 1.563038000000000000e+06
5.560660431796565106e+00 3.335939220463930610e+01 1.578426000000000000e+06
5.576372624871568817e+00 3.322697823939823536e+01 1.581482000000000000e+06
5.592071612679278658e+00 3.314291851154027313e+01 1.592250000000000000e+06
5.607777081388953810e+00 3.285538031368779599e+01 1.602230000000000000e+06
5.623461069047772654e+00 3.267477258196583279e+01 1.604754000000000000e+06
5.639160434689571844e+00 3.258910301344413796e+01 1.623458000000000000e+06
5.654868627057174635e+00 3.242624883839720695e+01 1.624910000000000000e+06
5.670595730029768688e+00 3.224137784310221377e+01 1.645122000000000000e+06
5.686329334746649700e+00 3.194571614401293758e+01 1.645130000000000000e+06
5.702030598096980540e+00 3.184666359848910488e+01 1.655706000000000000e+06
5.717729473142792784e+00 3.170192281103359022e+01 1.663502000000000000e+06
5.733437455346763301e+00 3.149980244868141810e+01 1.675514000000000000e+06
5.749160590029285700e+00 3.136526596483232865e+01 1.685298000000000000e+06
5.764862617007506351e+00 3.119048797146722762e+01 1.689566000000000000e+06
5.780540238679900078e+00 3.106332832700179836e+01 1.697850000000000000e+06
5.796263103923236848e+00 3.089782874592824413e+01 1.718546000000000000e+06
5.812002103804656983e+00 3.071787429164180949e+01 1.719822000000000000e+06
5.827695391299545058e+00 3.059106467908346616e+01 1.726586000000000000e+06
5.843388778895907798e+00 3.043281397159360679e+01 1.739186000000000000e+06
5.859113417771065535e+00 3.028185514673390344e+01 1.751538000000000000e+06
5.874835560723500549e+00 3.012176134857587328e+01 1.758062000000000000e+06
5.890526541065327137e+00 2.997865468715435711e+01 1.763010000000000000e+06
5.906225317694219434e+00 2.982952612161412631e+01 1.778642000000000000e+06
5.921952321011594300e+00 2.972458181956432455e+01 1.788582000000000000e+06
5.937670655764399896e+00 2.951959107305434671e+01 1.794746000000000000e+06
5.953363581550269679e+00 2.939758108790045199e+01 1.803290000000000000e+06
5.969050809995837703e+00 2.927327341255774229e+01 1.811058000000000000e+06
5.984760752596141486e+00 2.914457890631922155e+01 1.828358000000000000e+06
6.000476440810660783e+00 2.894657418904618496e+01 1.831362000000000000e+06
6.016171166004743220e+00 2.884056190154673871e+01 1.842458000000000000e+06
6.031847027098122815e+00 2.863848038817584296e+01 1.846998000000000000e+06
6.047561666320434348e+00 2.858331772885878763e+01 1.869122000000000000e+06
6.063310221741519790e+00 2.841269147587918198e+01 1.876346000000000000e+06
6.079025995273507732e+00 2.826574429663964594e+01 1.879506000000000000e+06
6.094727650148782594e+00 2.809175810187997158e+01 1.893326000000000000e+06
6.110443441650997620e+00 2.797077335150534338e+01 1.901826000000000000e+06
6.126157369603382641e+00 2.779589134093668790e+01 1.911962000000000000e+06
6.141856103084946561e+00 2.773102931537027516e+01 1.919198000000000000e+06
6.157554247585426133e+00 2.755413880746559485e+01 1.930242000000000000e+06
6.173264897526903994e+00 2.743832145309873027e+01 1.942442000000000000e+06
6.188983783131053684e+00 2.733237008731722995e+01 1.951734000000000000e+06
6.204674330135580007e+00 2.721911709203529739e+01 1.955402000000000000e+06
6.220364153407833108e+00 2.701143794330018011e+01 1.971858000000000000e+06
6.236097253224911263e+00 2.693105237649491457e+01 1.984898000000000000e+06
6.251804727814884721e+00 2.680788674309889785e+01 1.986422000000000000e+06
6.267477703420695434e+00 2.665085419603576256e+01 1.996146000000000000e+06
6.283195068785119908e+00 2.658935722763206400e+01 2.017106000000000000e+06
6.298926466691256110e+00 2.641687031521727036e+01 2.020638000000000000e+06
6.314631082636630310e+00 2.630323266707599217e+01 2.029346000000000000e+06
6.330330969697290477e+00 2.614215370685575124e+01 2.041002000000000000e+06
6.346042618354868381e+00 2.602800750688537335e+01 2.051450000000000000e+06
6.361769829008385280e+00 2.594770863445514308e+01 2.065886000000000000e+06
6.377467710730222450e+00 2.576123951706573578e+01 2.064546000000000000e+06
6.393156758488530933e+00 2.567406525340311774e+01 2.082650000000000000e+06
6.408877231485442749e+00 2.555265747796611109e+01 2.095182000000000000e+06
6.424598957671957322e+00 2.541322561824659232e+01 2.101346000000000000e+06
6.440311953715900373e+00 2.528791418228983900e+01 2.115554000000000000e+06
6.456005935746694568e+00 2.516844436755726733e+01 2.115654000000000000e+06
6.471719753415134946e+00 2.512420822151208810e+01 2.141066000000000000e+06
6.487439387114228850e+00 2.498197483299732014e+01 2.139786000000000000e+06
6.503131318747780831e+00 2.491336222157585567e+01 2.152202000000000000e+06
6.518819434526843537e+00 2.473370148156991633e+01 2.161086000000000000e+06
6.534523450777902198e+00 2.464484678257656824e+01 2.176058000000000000e+06
6.550254613659266312e+00 2.449028627663274804e+01 2.190818000000000000e+06
6.565965738846988309e+00 2.439867686401436941e+01 2.191158000000000000e+06
6.581657291702928347e+00 2.426084448745167421e+01 2.205314000000000000e+06
6.597356411838022794e+00 2.416321335431228690e+01 2.215554000000000000e+06
6.613072568835591802e+00 2.403438953949721935e+01 2.230562000000000000e+06
6.628796834083485301e+00 2.394987350498791301e+01 2.239614000000000000e+06
6.644501868950448475e+00 2.381600797254850121e+01 2.245706000000000000e+06
6.660203335766918364e+00 2.369885744580855658e+01 2.259674000000000000e+06
6.675922241577704419e+00 2.359885694879584506e+01 2.273214000000000000e+06
6.691636876769640807e+00 2.352348646350143468e+01 2.278802000000000000e+06
6.707348854586632214e+00 2.341772092305519593e+01 2.294034000000000000e+06
6.723042755046850338e+00 2.330379068403471621e+01 2.294942000000000000e+06
6.738741204690306574e+00 2.318392438661228638e+01 2.317050000000000000e+06
6.754459451825965743e+00 2.311446753588922576e+01 2.322842000000000000e+06
6.770155876549564411e+00 2.295671290238157525e+01 2.330810000000000000e+06
6.785853403723873356e+00 2.288916851878848746e+01 2.345958000000000000e+06
6.801555230257334550e+00 2.280502178378015543e+01 2.353586000000000000e+06
6.817285949066600459e+00 2.270339406028928408e+01 2.376210000000000000e+06
6.833012673954052651e+00 2.260983397781934912e+01 2.374502000000000000e+06
6.848703343789808606e+00 2.252028498801096035e+01 2.386346000000000000e+06
6.864405076602009714e+00 2.241076677185907329e+01 2.401314000000000000e+06
6.880122619459167588e+00 2.230931597171826297e+01 2.411450000000000000e+06
6.895827031199952550e+00 2.220319260649113247e+01 2.420718000000000000e+06
6.911509854271036701e+00 2.210372362572626770e+01 2.425754000000000000e+06
6.927232044479275430e+00 2.198635559042007515e+01 2.455218000000000000e+06
6.942960195844471549e+00 2.190856739979975032e+01 2.450942000000000000e+06
6.958661448092413160e+00 2.180677629472301859e+01 2.467130000000000000e+06
6.974361211749578793e+00 2.172239879686804187e+01 2.474874000000000000e+06
6.990070831352309000e+00 2.163628580905105281e+01 2.490362000000000000e+06
7.005778159324729693e+00 2.152092875425016061e+01 2.498142000000000000e+06
7.021469697735486015e+00 2.145013382048510309e+01 2.507090000000000000e+06
7.037177120604764191e+00 2.136572849924095863e+01 2.525562000000000000e+06
7.052899061516400003e+00 2.125369290408509571e+01 2.534726000000000000e+06
7.068628793135065536e+00 2.119536328005816728e+01 2.549906000000000000e+06
7.084334935478915796e+00 2.110469237662255182e+01 2.551074000000000000e+06
7.100038328422084710e+00 2.099366632149506273e+01 2.570702000000000000e+06
7.115745931638459254e+00 2.092002849328178371e+01 2.574642000000000000e+06
7.131451190238497162e+00 2.081483817296861361e+01 2.594066000000000000e+06
7.147151468730735147e+00 2.072871379010807047e+01 2.594802000000000000e+06
7.162835307179018507e+00 2.062365593044490453e+01 2.612030000000000000e+06
7.178551581855800556e+00 2.052163926765841495e+01 2.627954000000000000e+06
7.194283665259025184e+00 2.047572301490454905e+01 2.640402000000000000e+06
7.209984529526630936e+00 2.039832001617291013e+01 2.641454000000000000e+06
7.225685108067660956e+00 2.031505195290164778e+01 2.661834000000000000e+06
7.241394735953288198e+00 2.023211838428736087e+01 2.669138000000000000e+06
7.257108192998378726e+00 2.012678361388200088e+01 2.684858000000000000e+06
7.272822849503533860e+00 2.001105307898184904e+01 2.693910000000000000e+06
7.288518104809805997e+00 1.994025055502461186e+01 2.701682000000000000e+06
7.304234199753477874e+00 1.987084428754125653e+01 2.722698000000000000e+06
7.319945495172938799e+00 1.978746703986626088e+01 2.725262000000000000e+06
7.335649438298961655e+00 1.968008459589053416e+01 2.742450000000000000e+06
7.351353846506168743e+00 1.961037002018291986e+01 2.749850000000000000e+06
7.367055388436875241e+00 1.953035816754718468e+01 2.763902000000000000e+06
7.382770533642191602e+00 1.944400319885060213e+01 2.778498000000000000e+06
7.398475089415688544e+00 1.939289287599702760e+01 2.784530000000000000e+06
7.414188731852492609e+00 1.929968838553178756e+01 2.804106000000000000e+06
7.429901641940141133e+00 1.919967826777089925e+01 2.809790000000000000e+06
7.445612173277812218e+00 1.915015125353178504e+01 2.825058000000000000e+06
7.461320649323638143e+00 1.904825337910546779e+01 2.834330000000000000e+06
7.477011404590944821e+00 1.897611348539877696e+01 2.842022000000000000e+06
7.492720686839765776e+00 1.892870661843913993e+01 2.864754000000000000e+06
7.508423522993188826e+00 1.883165548606131168e+01 2.864186000000000000e+06
7.524104703200965361e+00 1.875616713514459377e+01 2.879538000000000000e+06
7.539811207090460599e+00 1.864018535903656471e+01 2.899454000000000000e+06
7.555522870235571453e+00 1.858972171205175172e+01 2.904258000000000000e+06
7.571252185241664989e+00 1.850618073505392402e+01 2.930234000000000000e+06
7.586982910029617777e+00 1.845074868767165910e+01 2.929526000000000000e+06
7.602682376348832705e+00 1.834923237229484627e+01 2.942442000000000000e+06
7.618398087127784990e+00 1.831409648035503679e+01 2.960810000000000000e+06
7.634111360506788735e+00 1.824695830019622633e+01 2.964954000000000000e+06
7.649813471415971122e+00 1.816568631726553207e+01 2.980910000000000000e+06
7.665516544353160100e+00 1.805512711895573830e+01 2.990978000000000000e+06
7.681228381318442544e+00 1.800084584984968217e+01 3.007626000000000000e+06
7.696947282980596938e+00 1.793331138466715657e+01 3.019166000000000000e+06
7.712641051068838571e+00 1.786651969984343324e+01 3.021090000000000000e+06
7.728340175203005202e+00 1.779987230275664700e+01 3.047834000000000000e+06
7.744066325082287428e+00 1.772279134307940751e+01 3.055590000000000000e+06
7.759785182459853381e+00 1.765268371404567560e+01 3.068546000000000000e+06
7.775464898067028230e+00 1.761454503249465020e+01 3.067274000000000000e+06
7.791162210093558471e+00 1.751096202847073968e+01 3.098058000000000000e+06
7.806896787352753719e+00 1.743472401706669217e+01 3.109214000000000000e+06
7.822604758484962950e+00 1.736803681506243890e+01 3.110466000000000000e+06
7.838284799897788702e+00 1.730361000777756786e+01 3.124370000000000000e+06
7.853986825204827937e+00 1.721691483995478578e+01 3.144174000000000000e+06
7.869722202747719386e+00 1.719166357237696374e+01 3.161738000000000000e+06
7.885429030328279687e+00 1.710653345527850888e+01 3.159890000000000000e+06
7.901109098578781520e+00 1.702558615913989826e+01 3.174138000000000000e+06
7.916812369163124252e+00 1.695808851644249771e+01 3.195926000000000000e+06
7.932546153031187153e+00 1.690053328998756399e+01 3.211386000000000000e+06
7.948275829971742645e+00 1.681445922951287031e+01 3.219314000000000000e+06
7.963974762265003449e+00 1.674532211189975683e+01 3.225494000000000000e+06
7.979672909422356852e+00 1.668668293775107259e+01 3.242562000000000000e+06
7.995382124285669967e+00 1.663703940198621822e+01 3.257450000000000000e+06
8.011096558073175444e+00 1.656410567009205437e+01 3.269118000000000000e+06
8.026799325701325927e+00 1.648230611815439772e+01 3.278930000000000000e+06
8.042482997119602572e+00 1.643931054417111426e+01 3.286650000000000000e+06
8.058198313138401403e+00 1.637561003554834826e+01 3.316610000000000000e+06
8.073929632859263350e+00 1.631890609843259554e+01 3.321542000000000000e+06
8.089631173905692307e+00 1.624004244455139556e+01 3.328578000000000000e+06
8.105328344487277903e+00 1.618923587340668746e+01 3.345074000000000000e+06
8.121039774478980178e+00 1.612682564641670879e+01 3.361686000000000000e+06
8.136750954641513545e+00 1.607044023216158379e+01 3.369722000000000000e+06
8.152451824383751600e+00 1.597622773824399012e+01 3.385290000000000000e+06
8.168148505929304193e+00 1.593590318956645646e+01 3.391370000000000000e+06
8.183868116116777003e+00 1.587803209263545234e+01 3.422966000000000000e+06
8.199591131301563252e+00 1.583197964169428751e+01 3.419538000000000000e+06
8.215300984565764963e+00 1.574328639206947322e+01 3.441890000000000000e+06
8.231010872605484252e+00 1.571295244029003690e+01 3.447582000000000000e+06
8.246721005479363598e+00 1.563863233916991469e+01 3.466298000000000000e+06
8.262408288354077257e+00 1.558522575481926253e+01 3.466194000000000000e+06
8.278098173695775941e+00 1.552434521494750186e+01 3.492062000000000000e+06
8.293810268215034753e+00 1.546291784966175875e+01 3.503114000000000000e+06
8.309519053075314687e+00 1.541261920886991987e+01 3.517146000000000000e+06
8.325241433409063418e+00 1.535816382923240653e+01 3.535706000000000000e+06
8.340952984226902345e+00 1.529516218978671382e+01 3.539742000000000000e+06
8.356659711712842054e+00 1.522070375176539336e+01 3.558698000000000000e+06
8.372371429175492707e+00 1.516559714205845033e+01 3.570122000000000000e+06
8.388083579962753333e+00 1.512123874601344298e+01 3.585174000000000000e+06
8.403790832576294889e+00 1.506872354502138478e+01 3.594314000000000000e+06
8.419496525959527133e+00 1.499835504551446697e+01 3.612258000000000000e+06
8.435201663874629219e+00 1.496142123735112328e+01 3.620282000000000000e+06
8.450905678681708721e+00 1.488310720462710712e+01 3.639078000000000000e+06
8.466617353651699318e+00 1.485508800284896402e+01 3.650450000000000000e+06
8.482317771685245589e+00 1.479427369396228542e+01 3.661418000000000000e+06
8.498018574275240766e+00 1.473167370640406837e+01 3.677694000000000000e+06
8.513736467920875128e+00 1.466899532410636731e+01 3.695978000000000000e+06
8.529447827058733722e+00 1.461368312173727446e+01 3.702810000000000000e+06
8.545145453356283838e+00 1.456306694918036548e+01 3.716162000000000000e+06
8.560863155475518127e+00 1.447730992857398746e+01 3.740094000000000000e+06
8.576575892842692284e+00 1.446119465783327129e+01 3.740954000000000000e+06
8.592276429309924524e+00 1.441121037100771929e+01 3.760946000000000000e+06
8.607993113742812952e+00 1.434832376018916555e+01 3.778278000000000000e+06
8.623706693511682175e+00 1.430392277568731885e+01 3.784922000000000000e+06
8.639416117971885356e+00 1.425502027979121600e+01 3.805266000000000000e+06
8.655118251607849089e+00 1.420791525351617857e+01 3.807686000000000000e+06
8.670819176621002100e+00 1.413823272364881767e+01 3.833130000000000000e+06
8.686531013296711734e+00 1.412193452298837748e+01 3.841898000000000000e+06
8.702242672461403927e+00 1.403927762920047684e+01 3.858074000000000000e+06
8.717947060126663317e+00 1.398925089700783708e+01 3.868974000000000000e+06
8.733653634556446832e+00 1.395177592203763872e+01 3.885362000000000000e+06
8.749361177527063660e+00 1.392193500227022618e+01 3.898290000000000000e+06
8.765057838444775484e+00 1.384190755128688721e+01 3.907334000000000000e+06
8.780760279838380811e+00 1.379905669262077161e+01 3.928730000000000000e+06
8.796461536498792810e+00 1.375727379462722944e+01 3.936666000000000000e+06
8.812176163138749629e+00 1.370665829240869016e+01 3.961346000000000000e+06
8.827908468663524744e+00 1.365488380375745692e+01 3.975774000000000000e+06
8.843605203440207063e+00 1.361187434290167708e+01 3.970106000000000000e+06
8.859298780821674768e+00 1.355503463505172235e+01 4.003170000000000000e+06
8.875033023597818982e+00 1.352780678870662001e+01 4.019558000000000000e+06
8.890757701901966570e+00 1.346592170888519213e+01 4.025642000000000000e+06
8.906442147587496194e+00 1.341284155894704710e+01 4.028514000000000000e+06
8.922138549702236077e+00 1.338251829458456754e+01 4.059398000000000000e+06
8.937858770665876307e+00 1.331776943312904038e+01 4.069674000000000000e+06
8.953569902743538478e+00 1.328416449992139547e+01 4.083698000000000000e+06
8.969276596619630837e+00 1.320969327580270658e+01 4.095210000000000000e+06
8.984978332063514372e+00 1.317846363888930661e+01 4.110518000000000000e+06
9.000686439228440250e+00 1.313268473533082314e+01 4.126850000000000000e+06
9.016395212272197313e+00 1.308396628691866859e+01 4.140114000000000000e+06
9.032081625028110849e+00 1.304483273689874778e+01 4.144070000000000000e+06
9.047784840512392179e+00 1.300078020940648038e+01 4.175802000000000000e+06
9.063510534008996089e+00 1.294207811967958932e+01 4.187882000000000000e+06
9.079229438028200150e+00 1.290150193486932295e+01 4.199250000000000000e+06
9.094931536527573357e+00 1.286593435623660397e+01 4.209326000000000000e+06
9.110624252584134553e+00 1.279658466224393898e+01 4.222130000000000000e+06
9.126345788688972505e+00 1.277203122142568681e+01 4.254258000000000000e+06
9.142067210789587506e+00 1.271489235217677738e+01 4.252478000000000000e+06
9.157769224107168426e+00 1.267260855251296192e+01 4.270698000000000000e+06
9.173460189222041095e+00 1.262384289181093955e+01 4.278122000000000000e+06
9.189172851773026451e+00 1.258552754612754221e+01 4.309898000000000000e+06
9.204899411326563197e+00 1.254168421296457225e+01 4.317150000000000000e+06
9.220610370561862723e+00 1.250992193912831851e+01 4.329698000000000000e+06
9.236312329177842173e+00 1.245998987289515902e+01 4.340826000000000000e+06
9.252011696799515406e+00 1.242276177346952259e+01 4.359590000000000000e+06
9.267725419345696380e+00 1.236452517221289327e+01 4.376850000000000000e+06
9.283431809080884278e+00 1.231626238922700800e+01 4.386674000000000000e+06
9.299131961634870436e+00 1.228405586646499081e+01 4.401782000000000000e+06
9.314836560434526902e+00 1.224690023782531334e+01 4.419210000000000000e+06
9.330566699333866509e+00 1.221333809515027902e+01 4.446482000000000000e+06
9.346274096307771728e+00 1.215807089711905320e+01 4.435554000000000000e+06
9.361966720359685468e+00 1.212149922106703848e+01 4.468934000000000000e+06
9.377681860044402740e+00 1.208933793396089484e+01 4.477650000000000000e+06
9.393384317371491932e+00 1.205190128824741969e+01 4.491218000000000000e+06
9.409088966137430177e+00 1.200815367649308563e+01 4.510358000000000000e+06
9.424791439829672157e+00 1.195834987608977507e+01 4.518594000000000000e+06
9.440499207501432011e+00 1.192441809547155529e+01 4.544474000000000000e+06
9.456214212898441218e+00 1.188412815365574282e+01 4.552098000000000000e+06
9.471927439984570540e+00 1.183313100137923790e+01 4.574990000000000000e+06
9.487631754062700651e+00 1.180053438666786114e+01 4.577210000000000000e+06
9.503344281547928318e+00 1.175017935473958808e+01 4.608186000000000000e+06
9.519057247113778431e+00 1.171409384152264188e+01 4.610198000000000000e+06
9.534757011366917112e+00 1.168440350165417385e+01 4.628898000000000000e+06
9.550453458784650351e+00 1.164141283340192246e+01 4.641170000000000000e+06
9.566158712525282937e+00 1.159342424667482518e+01 4.662462000000000000e+06
9.581880158653657276e+00 1.154389096351081534e+01 4.681442000000000000e+06
9.597589579516229819e+00 1.152564949817080375e+01 4.687850000000000000e+06
9.613296380928980867e+00 1.149121924015750906e+01 4.708818000000000000e+06
9.629006062959270196e+00 1.144752616416613833e+01 4.721534000000000000e+06
9.644707396083033402e+00 1.139856109635583437e+01 4.732770000000000000e+06
9.660406197323647248e+00 1.136583871655881950e+01 4.753346000000000000e+06
9.676122008914001427e+00 1.134046277241903589e+01 4.772886000000000000e+06
9.691840694543541801e+00 1.128913472618533653e+01 4.785098000000000000e+06
9.707543237507161749e+00 1.126077064783415160e+01 4.795394000000000000e+06
9.723244122996092642e+00 1.121158557586166715e+01 4.813986000000000000e+06
9.738952330288141113e+00 1.118853532655141514e+01 4.832654000000000000e+06
9.754669949504904736e+00 1.115094068044414932e+01 4.849362000000000000e+06
9.770377600734033052e+00 1.110171865924078283e+01 4.858322000000000000e+06
9.786069629200518705e+00 1.106718267003826206e+01 4.871286000000000000e+06
9.801770721287397237e+00 1.104380420769169469e+01 4.894370000000000000e+06
9.817489821034564912e+00 1.099906361592381998e+01 4.914650000000000000e+06
9.833199646667972971e+00 1.096183189969709204e+01 4.919658000000000000e+06
9.848902655768293712e+00 1.092751674647151283e+01 4.941638000000000000e+06
9.864627278272442013e+00 1.089710295343049928e+01 4.965954000000000000e+06
9.880352198135229358e+00 1.085153174825062194e+01 4.971770000000000000e+06
9.896056604692210712e+00 1.083256159313171985e+01 4.985702000000000000e+06
9.911750273437519354e+00 1.078238317287504344e+01 4.996314000000000000e+06
9.927450557379374985e+00 1.074284651376208899e+01 5.021258000000000000e+06
9.943165753651260985e+00 1.072141106327912929e+01 5.038470000000000000e+06
9.958875512968258903e+00 1.068832956659014322e+01 5.048570000000000000e+06
9.974579326095815546e+00 1.064221733119748947e+01 5.067786000000000000e+06
9.990292534396033375e+00 1.059842789771540517e+01 5.084402000000000000e+06
1.000600856325589305e+01 1.057308926425452711e+01 5.104238000000000000e+06
1.002170444839863528e+01 1.054876604552430486e+01 5.101890000000000000e+06
1.003739052522703901e+01 1.050613986214113638e+01 5.129594000000000000e+06
1.005309882194248416e+01 1.046135877318809548e+01 5.149086000000000000e+06
1.006881895908520086e+01 1.044694954413316346e+01 5.168834000000000000e+06
1.008452231173344416e+01 1.039558216393229628e+01 5.172306000000000000e+06
1.010022729382937889e+01 1.036596965158991246e+01 5.199218000000000000e+06
1.011594565713278016e+01 1.033958772335166998e+01 5.215430000000000000e+06
1.013166058960754867e+01 1.029222809580142872e+01 5.229066000000000000e+06
1.014737047935454051e+01 1.026227707725954552e+01 5.244530000000000000e+06
1.016308234466913696e+01 1.023205057316635269e+01 5.262870000000000000e+06
1.017878958276594581e+01 1.020861812530606549e+01 5.272562000000000000e+06
1.019448555450210314e+01 1.016995375132937163e+01 5.290098000000000000e+06
1.021019673146567186e+01 1.013635965059184940e+01 5.314358000000000000e+06
1.022590751621006078e+01 1.009336618754483617e+01 5.322098000000000000e+06
1.024160880192673417e+01 1.006415246808384722e+01 5.341026000000000000e+06
1.025732775208617475e+01 1.004463468196848197e+01 5.366858000000000000e+06
1.027304584666867804e+01 9.995899838159340689e+00 5.374422000000000000e+06
1.028873472736696293e+01 9.970832302848972262e+00 5.377730000000000000e+06
1.030442576009853184e+01 9.953083977735095900e+00 5.409410000000000000e+06
1.032014867554843818e+01 9.910916681480761881e+00 5.434014000000000000e+06
1.033586943357362209e+01 9.885060937155834893e+00 5.438882000000000000e+06
1.035157161316932140e+01 9.859289781235142769e+00 5.456178000000000000e+06
1.036727210965784174e+01 9.815701700528153495e+00 5.469242000000000000e+06
1.038298135070349915e+01 9.788487045715800861e+00 5.496174000000000000e+06
1.039869418006627910e+01 9.755640601358997799e+00 5.505530000000000000e+06
1.041439794625569881e+01 9.732464054023019173e+00 5.521202000000000000e+06
1.043010482665170713e+01 9.692926170869853308e+00 5.544126000000000000e+06
1.044582478281855487e+01 9.665075450000413682e+00 5.560106000000000000e+06
1.046154309703894825e+01 9.647157921299038819e+00 5.579754000000000000e+06
1.047723959228104285e+01 9.616387298319486021e+00 5.576270000000000000e+06
1.049292720351744279e+01 9.560894702431079750e+00 5.607138000000000000e+06
1.050863523850499526e+01 9.542634647377630230e+00 5.625026000000000000e+06
1.052435348202229015e+01 9.514154998195405000e+00 5.646698000000000000e+06
1.054005549761004978e+01 9.484559558416647107e+00 5.649126000000000000e+06
1.055575482461481052e+01 9.462201797818842408e+00 5.676434000000000000e+06
1.057145826219870344e+01 9.412558036001573925e+00 5.687418000000000000e+06
1.058717117850224376e+01 9.397664381200980799e+00 5.715830000000000000e+06
1.060289400134469062e+01 9.368058772500919673e+00 5.729210000000000000e+06
1.061860918710306834e+01 9.338517846219939855e+00 5.744802000000000000e+06
1.063431091651675153e+01 9.310055328838553024e+00 5.752154000000000000e+06
1.065002180958671651e+01 9.274359694883608896e+00 5.786382000000000000e+06
1.066572980082734468e+01 9.251495380649105371e+00 5.784146000000000000e+06
1.068142742642893950e+01 9.221281777849352324e+00 5.812146000000000000e+06
1.069714023788434787e+01 9.190369536647841286e+00 5.830166000000000000e+06
1.071285364357418146e+01 9.165399043766090159e+00 5.845850000000000000e+06
1.072856242199254062e+01 9.130778732606108505e+00 5.862834000000000000e+06
1.074426756718287557e+01 9.112620586630578501e+00 5.876066000000000000e+06
1.075998381704133955e+01 9.077255211524022371e+00 5.905854000000000000e+06
1.077568840897438562e+01 9.053352656958995937e+00 5.902274000000000000e+06
1.079138304940738280e+01 9.024311537282645901e+00 5.931258000000000000e+06
1.080709884248571484e+01 8.990545370032339889e+00 5.954966000000000000e+06
1.082281622961874490e+01 8.967308853501540611e+00 5.965346000000000000e+06
1.083851693336031374e+01 8.923553042263916879e+00 5.977818000000000000e+06
1.085422396324159422e+01 8.917451910314522223e+00 6.004718000000000000e+06
1.086993137901790796e+01 8.880426288311504379e+00 6.011706000000000000e+06
1.088564351758435222e+01 8.861846216445547597e+00 6.045770000000000000e+06
1.090135356744657535e+01 8.835207179042059877e+00 6.041586000000000000e+06
1.091705034221926418e+01 8.807453641148619283e+00 6.073166000000000000e+06
1.093275207829069018e+01 8.782367121228920936e+00 6.078962000000000000e+06
1.094846122315083825e+01 8.751575743123696682e+00 6.114258000000000000e+06
1.096418118107341577e+01 8.727805554258097231e+00 6.123086000000000000e+06
1.097988849072496542e+01 8.704682756564119828e+00 6.136770000000000000e+06
1.099558679320981724e+01 8.666587813477981683e+00 6.154898000000000000e+06
1.101129673485095672e+01 8.651066178315186761e+00 6.178610000000000000e+06
1.102701485690355909e+01 8.617154422197417674e+00 6.197982000000000000e+06
1.104272390432796591e+01 8.593746464728180712e+00 6.205322000000000000e+06
1.105841361686979951e+01 8.570446304381036384e+00 6.218850000000000000e+06
1.107411347758379350e+01 8.543944500252978358e+00 6.249542000000000000e+06
1.108984077014840963e+01 8.521449134272616632e+00 6.274146000000000000e+06
1.110554794633057796e+01 8.489706138933712509e+00 6.270242000000000000e+06
1.112124931961106533e+01 8.460665778302493223e+00 6.305222000000000000e+06
1.113697510740422381e+01 8.435980500317310060e+00 6.325026000000000000e+06
1.115268911253386719e+01 8.420249649316589924e+00 6.331922000000000000e+06
1.116838422783226115e+01 8.389558267118012225e+00 6.343698000000000000e+06
1.118408594539889478e+01 8.359864335911360911e+00 6.375158000000000000e+06
1.119980416311440052e+01 8.336437439633250790e+00 6.392178000000000000e+06
1.121552521724412621e+01 8.318416248936117086e+00 6.412826000000000000e+06
1.123121923820420243e+01 8.284492868668056786e+00 6.407078000000000000e+06
1.124691480473033778e+01 8.267321385977629333e+00 6.447954000000000000e+06
1.126262248805396560e+01 8.230100064652775771e+00 6.456026000000000000e+06
1.127833175656502007e+01 8.211384266111531716e+00 6.482034000000000000e+06
1.129403915665967872e+01 8.193604130556588316e+00 6.492878000000000000e+06
1.130972772992016750e+01 8.171319489750501930e+00 6.502074000000000000e+06
1.132543464171678238e+01 8.139860276665041638e+00 6.542930000000000000e+06
1.134116092480786619e+01 8.113358177518280812e+00 6.556598000000000000e+06
1.135687931575279030e+01 8.100004718180061403e+00 6.570330000000000000e+06
1.137258152843119419e+01 8.072517860393121580e+00 6.581882000000000000e+06
1.138829329520135047e+01 8.041522282037810498e+00 6.612546000000000000e+06
1.140401544384409860e+01 8.028994864996072067e+00 6.628622000000000000e+06
1.141971418729731447e+01 7.989626967230400112e+00 6.629498000000000000e+06
1.143540805815246841e+01 7.970543830010887731e+00 6.659250000000000000e+06
1.145112342906401892e+01 7.950363191418015951e+00 6.686006000000000000e+06
1.146683855971028443e+01 7.928566583992974870e+00 6.693786000000000000e+06
1.148253750634374093e+01 7.898383593427095839e+00 6.711554000000000000e+06
1.149824439280081201e+01 7.879325585338254001e+00 6.735678000000000000e+06
1.151395944216632472e+01 7.855746634148334628e+00 6.754754000000000000e+06
1.152967750311644046e+01 7.829715032826340959e+00 6.776570000000000000e+06
1.154536786069484400e+01 7.811937061740457544e+00 6.767394000000000000e+06
1.156106414707133290e+01 7.786075187078906445e+00 6.818246000000000000e+06
1.157679140551482533e+01 7.757639854524415846e+00 6.830562000000000000e+06
1.159249865891797526e+01 7.737156439377435468e+00 6.839186000000000000e+06
1.160819828013273636e+01 7.714452692443679815e+00 6.861462000000000000e+06
1.162390472506793770e+01 7.696339482884265060e+00 6.880394000000000000e+06
1.163962004466343636e+01 7.674313880429895818e+00 6.907178000000000000e+06
1.165533434666404133e+01 7.652001132277216122e+00 6.917034000000000000e+06
1.167104051015950716e+01 7.622865250663958037e+00 6.937934000000000000e+06
1.168673926950135034e+01 7.603798337471661561e+00 6.947250000000000000e+06
1.170244721913763897e+01 7.583856217593946347e+00 6.982106000000000000e+06
1.171816433671575730e+01 7.556242833115915047e+00 6.995718000000000000e+06
1.173387031746687015e+01 7.542671980832011513e+00 7.006682000000000000e+06
1.174957622851401240e+01 7.513682608509030914e+00 7.035866000000000000e+06
1.176529536104995444e+01 7.494914595888070075e+00 7.054110000000000000e+06
1.178099828544282701e+01 7.474390985713100122e+00 7.059194000000000000e+06
1.179669856151566165e+01 7.448003765474557447e+00 7.091802000000000000e+06
1.181240716294206905e+01 7.421449762599733546e+00 7.100666000000000000e+06
1.182811135021641213e+01 7.408215096779803943e+00 7.129070000000000000e+06
1.184382402706377313e+01 7.382352817654406429e+00 7.143282000000000000e+06
1.185952830171168593e+01 7.366111651191749488e+00 7.161482000000000000e+06
1.187523683486437243e+01 7.350949671621365589e+00 7.184694000000000000e+06
1.189095187450934432e+01 7.321067408633695095e+00 7.203914000000000000e+06
1.190666038869163401e+01 7.304595480228806004e+00 7.219746000000000000e+06
1.192235843864241396e+01 7.289726938727288719e+00 7.228634000000000000e+06
1.193806809039961259e+01 7.257765756003514035e+00 7.271990000000000000e+06
1.195377948291443992e+01 7.242827847139023945e+00 7.266786000000000000e+06
1.196947381174999947e+01 7.218263009604245717e+00 7.293650000000000000e+06
1.198518648559551458e+01 7.194239936560002491e+00 7.324086000000000000e+06
1.200090807358362710e+01 7.187727988117705635e+00 7.338650000000000000e+06
1.201661637889760037e+01 7.156320992953989268e+00 7.351962000000000000e+06
1.203230565217210035e+01 7.143307159391017791e+00 7.357190000000000000e+06
1.204801118703936780e+01 7.108656418637647967e+00 7.406042000000000000e+06
1.206372840719771133e+01 7.098556196520110717e+00 7.408626000000000000e+06
1.207943832024087349e+01 7.077253379346146289e+00 7.435610000000000000e+06
1.209515324384951640e+01 7.054011636346853464e+00 7.453542000000000000e+06
1.211085873951972935e+01 7.034469712092788818e+00 7.464002000000000000e+06
1.212656505101618798e+01 7.017279669731792957e+00 7.493546000000000000e+06
1.214227798456889929e+01 6.990666514352786187e+00 7.510806000000000000e+06
1.215799402266435081e+01 6.972958189427297171e+00 7.532114000000000000e+06
1.217369248650853386e+01 6.958346038618227425e+00 7.536234000000000000e+06
1.218938816956664795e+01 6.935738214716314687e+00 7.565834000000000000e+06
1.220511056850387632e+01 6.917304633317471030e+00 7.603062000000000000e+06
1.222082302231588535e+01 6.898158387861821339e+00 7.593890000000000000e+06
1.223651649645578665e+01 6.871542689887556676e+00 7.622906000000000000e+06
1.225222107367874180e+01 6.859045994427343196e+00 7.646622000000000000e+06
1.226793902491068877e+01 6.838353411822486017e+00 7.672058000000000000e+06
1.228364718069601835e+01 6.814266214857359394e+00 7.679346000000000000e+06
1.229933962477952214e+01 6.802348818896204463e+00 7.693058000000000000e+06
1.231504373451924117e+01 6.779068922285344634e+00 7.732158000000000000e+06
1.233076331536994985e+01 6.759030959490958779e+00 7.746962000000000000e+06
1.234648244688633945e+01 6.748866102705629366e+00 7.770986000000000000e+06
1.236218576653318735e+01 6.723749867152919002e+00 7.772094000000000000e+06
1.237788516389707461e+01 6.703075340813945182e+00 7.803818000000000000e+06
1.239360390984925964e+01 6.694167650157550220e+00 7.834338000000000000e+06
1.240931454438657155e+01 6.668717631875574092e+00 7.833710000000000000e+06
1.242501025862532238e+01 6.648536149439722820e+00 7.858794000000000000e+06
1.244071609171995973e+01 6.629349757555847766e+00 7.884290000000000000e+06
1.245642554635569788e+01 6.616470092723908181e+00 7.901522000000000000e+06
1.247213990979998322e+01 6.595216893621238974e+00 7.930662000000000000e+06
1.248784889213827753e+01 6.577952330767216083e+00 7.934426000000000000e+06
1.250355459696362281e+01 6.558700652490259131e+00 7.967322000000000000e+06
1.251926642764211373e+01 6.533945281932924232e+00 7.981934000000000000e+06
1.253497567568721927e+01 6.521827920095780939e+00 8.003282000000000000e+06
1.255068061703326165e+01 6.505728792196582511e+00 8.019666000000000000e+06
1.256637936912699516e+01 6.485430672444097766e+00 8.034482000000000000e+06
1.258208508998344399e+01 6.467301775215398507e+00 8.068542000000000000e+06
1.259780313698870202e+01 6.451913568875498051e+00 8.088290000000000000e+06
1.261351163942811127e+01 6.424853655771101124e+00 8.096322000000000000e+06
1.262921162496122385e+01 6.411341328921634997e+00 8.122646000000000000e+06
1.264492727534496019e+01 6.396525801158214009e+00 8.150138000000000000e+06
1.266064123044320411e+01 6.377109929038928371e+00 8.165322000000000000e+06
1.267635049109034462e+01 6.355596173037970864e+00 8.182574000000000000e+06
1.269205751319950970e+01 6.342838071318568360e+00 8.203698000000000000e+06
1.270776623809462613e+01 6.325767353347805155e+00 8.226914000000000000e+06
1.272347983526652904e+01 6.306659303898266344e+00 8.246898000000000000e+06
1.273918476699724422e+01 6.287478209885673408e+00 8.261774000000000000e+06
1.275488532096565741e+01 6.268008917526408652e+00 8.279426000000000000e+06
1.277058911046302292e+01 6.257028698276341672e+00 8.308722000000000000e+06
1.278629950396799053e+01 6.236934577948632707e+00 8.326214000000000000e+06
1.280200365974331511e+01 6.221025324949458479e+00 8.342682000000000000e+06
1.281770065856501084e+01 6.207157802678536562e+00 8.360834000000000000e+06
1.283340848437807935e+01 6.185893242955688542e+00 8.393226000000000000e+06
1.284913125601308792e+01 6.171266307607346846e+00 8.420150000000000000e+06
1.286484437274510917e+01 6.156547398677699512e+00 8.421986000000000000e+06
1.288054190366636220e+01 6.135521046533188638e+00 8.445714000000000000e+06
1.289624751817243542e+01 6.116347421508653071e+00 8.472590000000000000e+06
1.291196350413541616e+01 6.104196521163881783e+00 8.495370000000000000e+06
1.292767561271233312e+01 6.083443735681859366e+00 8.512802000000000000e+06
1.294337627341686670e+01 6.068727920791149977e+00 8.523290000000000000e+06
1.295909254465509619e+01 6.054791387964645999e+00 8.570982000000000000e+06
1.297481202941889933e+01 6.036602151752392231e+00 8.568458000000000000e+06
1.299050877709477980e+01 6.025191643904185490e+00 8.586498000000000000e+06
1.300620190024628187e+01 6.005675098079438889e+00 8.608838000000000000e+06
1.302191363383399469e+01 5.988802178215301808e+00 8.645610000000000000e+06
1.303763169598336091e+01 5.973913844912897453e+00 8.658386000000000000e+06
1.305333181807477239e+01 5.954263422989507504e+00 8.668598000000000000e+06
1.306903073371036683e+01 5.935297178728511369e+00 8.697426000000000000e+06
1.308473895878913140e+01 5.920563705938691079e+00 8.722562000000000000e+06
1.310044895130510945e+01 5.904314987865591391e+00 8.737962000000000000e+06
1.311616215419301668e+01 5.893092136390158053e+00 8.771366000000000000e+06
1.313186858979111094e+01 5.878107538356472261e+00 8.771010000000000000e+06
1.314758318782488900e+01 5.866837258509889352e+00 8.822618000000000000e+06
1.316329275779432884e+01 5.848875407795382841e+00 8.807726000000000000e+06
1.317898595262972350e+01 5.836001961871049915e+00 8.844618000000000000e+06
1.319469240226760220e+01 5.815747071562283210e+00 8.868722000000000000e+06
1.321040689247021405e+01 5.795553768059316546e+00 8.891394000000000000e+06
1.322611949941154208e+01 5.784462497141473314e+00 8.911934000000000000e+06
1.324182463394985909e+01 5.766080400827527264e+00 8.923938000000000000e+06
1.325752875752444560e+01 5.750472710556394418e+00 8.953682000000000000e+06
1.327324685934994797e+01 5.738001234918947979e+00 8.981966000000000000e+06
1.328896030804089534e+01 5.721064659557338672e+00 8.990442000000000000e+06
1.330465770248929935e+01 5.703945681300604420e+00 9.007874000000000000e+06
1.332036222917837698e+01 5.693000826863024777e+00 9.038982000000000000e+06
1.333608106842605068e+01 5.675551492682969545e+00 9.068570000000000000e+06
1.335180331535189246e+01 5.655354338075452070e+00 9.085250000000000000e+06
1.336750361723562541e+01 5.647219222670228689e+00 9.084690000000000000e+06
1.338320275923961589e+01 5.633420655443836189e+00 9.128654000000000000e+06
1.339890831652831338e+01 5.618965156676159367e+00 9.133170000000000000e+06
1.341462514739588485e+01 5.603571654850345141e+00 9.185882000000000000e+06
1.343033068227095939e+01 5.590814354813256948e+00 9.163254000000000000e+06
1.344603079414738112e+01 5.574141796265346116e+00 9.220130000000000000e+06
1.346175097817287813e+01 5.556894741527745651e+00 9.233138000000000000e+06
1.347746169624149459e+01 5.539985067103971872e+00 9.249378000000000000e+06
1.349316675243398933e+01 5.526511532591638520e+00 9.271550000000000000e+06
1.350886780744113125e+01 5.511521638514339294e+00 9.286266000000000000e+06
1.352457420959309786e+01 5.501082851380606265e+00 9.320762000000000000e+06
1.354027528269936731e+01 5.486776377285128348e+00 9.326718000000000000e+06
1.355597266711250448e+01 5.472495355761794578e+00 9.354602000000000000e+06
1.357167854077304803e+01 5.455906050667286955e+00 9.384122000000000000e+06
1.358738838662311110e+01 5.438581979094263552e+00 9.400482000000000000e+06
1.360310113866151482e+01 5.425955708254678989e+00 9.432638000000000000e+06
1.361881507393887070e+01 5.415044963036697467e+00 9.445314000000000000e+06
1.363453202384387275e+01 5.399903980990345964e+00 9.477290000000000000e+06
1.365024566205330991e+01 5.389872804631631986e+00 9.489182000000000000e+06
1.366595033684499860e+01 5.372931907224226755e+00 9.506706000000000000e+06
1.368165392332742947e+01 5.360530515174253274e+00 9.533978000000000000e+06
1.369736167268202998e+01 5.344871945438304017e+00 9.553662000000000000e+06
1.371307055606699343e+01 5.332196879463303674e+00 9.579506000000000000e+06
1.372878654632152795e+01 5.320364792764594952e+00 9.607866000000000000e+06
1.374449164540093271e+01 5.307381888718921026e+00 9.608354000000000000e+06
1.376018948147827103e+01 5.294557719718510747e+00 9.643862000000000000e+06
1.377590285876657106e+01 5.272889376415763607e+00 9.670578000000000000e+06
1.379161550194992891e+01 5.262321516862805026e+00 9.687890000000000000e+06
1.380731081996385612e+01 5.251568764962664559e+00 9.693294000000000000e+06
1.382300999567189415e+01 5.234404070487017613e+00 9.736034000000000000e+06
1.383872564254849102e+01 5.223575168875819408e+00 9.758946000000000000e+06
1.385444081006387584e+01 5.212248621893007972e+00 9.778994000000000000e+06
1.387015071998694360e+01 5.198093584301998860e+00 9.796814000000000000e+06
1.388585452423644107e+01 5.181701481183129232e+00 9.816882000000000000e+06
1.390156760444444295e+01 5.174489777893823472e+00 9.850514000000000000e+06
1.391727461050539816e+01 5.156548325284480150e+00 9.856062000000000000e+06
1.393297592547683017e+01 5.146241023046502328e+00 9.886706000000000000e+06
1.394868876145243419e+01 5.133128698369556098e+00 9.916194000000000000e+06
1.396439742877755918e+01 5.121101025768237669e+00 9.924854000000000000e+06
1.398010702101767677e+01 5.110906902481455738e+00 9.961490000000000000e+06
1.399582173626056658e+01 5.097388561571396970e+00 9.979098000000000000e+06
1.401152670862070160e+01 5.080488547552187484e+00 9.990266000000000000e+06
1.402722014478893797e+01 5.069173239018264887e+00 1.001239800000000000e+07
1.404291897715275006e+01 5.057384245834519731e+00 1.003881800000000000e+07
1.405862735443806244e+01 5.042047513115957891e+00 1.007208200000000000e+07
1.407433479531513143e+01 5.032327746519523082e+00 1.008267000000000000e+07
1.409004917104677368e+01 5.020981256370252055e+00 1.012322600000000000e+07
1.410576653922355916e+01 5.007386603470761699e+00 1.013483400000000000e+07
1.412147260933269344e+01 4.993937220791118570e+00 1.015145000000000000e+07
1.413717993358438640e+01 4.981668122855607450e+00 1.018411800000000000e+07
1.415289157905369954e+01 4.970092580155904827e+00 1.019981000000000000e+07
1.416860366393267157e+01 4.957276880852784728e+00 1.023038600000000000e+07
1.418430896436029265e+01 4.945072899555728263e+00 1.023833400000000000e+07
1.420001284291687682e+01 4.933952802262239423e+00 1.027159400000000000e+07
1.421572657614547808e+01 4.920897170808176568e+00 1.029841800000000000e+07
1.423143337578410517e+01 4.903061605652338173e+00 1.030681400000000000e+07
1.424713778177505397e+01 4.895737540306805080e+00 1.034130600000000000e+07
1.426285025225489456e+01 4.881221965943319141e+00 1.036284200000000000e+07
1.427856427368283398e+01 4.869644851385632300e+00 1.038883400000000000e+07
1.429426790244143852e+01 4.857569574907917520e+00 1.039563000000000000e+07
1.430996575509801971e+01 4.846717456909409805e+00 1.042536200000000000e+07
1.432567210679634506e+01 4.828722109254071526e+00 1.045427400000000000e+07
1.434138366999696146e+01 4.826616241155287312e+00 1.047829400000000000e+07
1.435709809438420237e+01 4.812589972517139714e+00 1.050181800000000000e+07
1.437280392282341523e+01 4.799494427383852013e+00 1.051481000000000000e+07
1.438851160269255303e+01 4.786476468222767622e+00 1.054884200000000000e+07
1.440422192675342039e+01 4.775094255768865814e+00 1.056646200000000000e+07
1.441992714275331444e+01 4.762671286251476843e+00 1.058681000000000000e+07
1.443563532454286502e+01 4.750659494143827821e+00 1.061495400000000000e+07
1.445133980253338457e+01 4.738496107723655371e+00 1.063105400000000000e+07
1.446704700330820970e+01 4.731365901851765976e+00 1.066236200000000000e+07
1.448275628028434348e+01 4.719075676047054024e+00 1.068335400000000000e+07
1.449846208348667354e+01 4.708839776217093487e+00 1.069929800000000000e+07
1.451417198299666467e+01 4.697919000497449815e+00 1.073878200000000000e+07
1.452988075651297706e+01 4.685678098755031051e+00 1.074420200000000000e+07
1.454558861043286200e+01 4.673726830533251331e+00 1.078218600000000000e+07
1.456129125218806841e+01 4.666092781377336074e+00 1.078496600000000000e+07
1.457699892464232683e+01 4.652071296697470437e+00 1.083393800000000000e+07
1.459271566640466311e+01 4.638818938328402197e+00 1.084813800000000000e+07
1.460843060267550619e+01 4.625272973503384399e+00 1.087376600000000000e+07
1.462413856613178353e+01 4.618438371741632409e+00 1.088697000000000000e+07
1.463984038393505038e+01 4.609564018759503945e+00 1.091244200000000000e+07
1.465554487563843367e+01 4.599212303384439871e+00 1.093669800000000000e+07
1.467125359738870749e+01 4.588080657719005195e+00 1.096614200000000000e+07
1.468695215062295389e+01 4.573091217537538000e+00 1.096874600000000000e+07
1.470265208970906734e+01 4.566650342881204416e+00 1.101460200000000000e+07
1.471836994524712061e+01 4.556502922182414927e+00 1.104277400000000000e+07
1.473408908505314230e+01 4.545714974333439073e+00 1.106147400000000000e+07
1.474979494899728394e+01 4.532963526590772396e+00 1.107245000000000000e+07
1.476549319820674455e+01 4.521869758118512550e+00 1.109692200000000000e+07
1.478120959716355998e+01 4.511838755859897354e+00 1.114652600000000000e+07
1.479692708607952589e+01 4.500781922770972443e+00 1.114560200000000000e+07
1.481262773648680664e+01 4.486502593647350601e+00 1.116844200000000000e+07
1.482831807978547367e+01 4.478052668586933294e+00 1.118108600000000000e+07
1.484403479212634736e+01 4.469755950917474685e+00 1.125011400000000000e+07
1.485975910022496826e+01 4.461941917288450909e+00 1.124210600000000000e+07
1.487546116254211981e+01 4.452134784543816615e+00 1.126544600000000000e+07
1.489116101759013233e+01 4.438613121805079054e+00 1.128549000000000000e+07
1.490687605691364404e+01 4.427486004226211413e+00 1.133592200000000000e+07
1.492259047301397423e+01 4.421302491674852675e+00 1.133013000000000000e+07
1.493828361520856873e+01 4.407534909357618602e+00 1.135727000000000000e+07
1.495398746968900205e+01 4.397410576324833009e+00 1.138909800000000000e+07
1.496970470176504620e+01 4.390460119429662633e+00 1.142664200000000000e+07
1.498541811108218447e+01 4.381003201894298371e+00 1.143135800000000000e+07
1.500112369815582269e+01 4.368941027357690743e+00 1.146229800000000000e+07
1.501682771044461795e+01 4.359136462621704844e+00 1.147920200000000000e+07
1.503253401606537842e+01 4.348707955848895246e+00 1.150974600000000000e+07
1.504823456875438481e+01 4.342086157307840644e+00 1.152306200000000000e+07
1.506393551489705551e+01 4.331888742070280962e+00 1.155621000000000000e+07
1.507964770104679175e+01 4.321434704471292854e+00 1.158828200000000000e+07
1.509535661435938536e+01 4.311046043991342280e+00 1.159964600000000000e+07
1.511107216380126061e+01 4.300593700070947101e+00 1.164527400000000000e+07
1.512678669010588095e+01 4.295090416296616809e+00 1.164933800000000000e+07
1.514248358802091232e+01 4.285863493929818802e+00 1.166538600000000000e+07
1.515819551110980434e+01 4.273430309662209936e+00 1.171928600000000000e+07
1.517391026295977774e+01 4.265962092148122053e+00 1.172073800000000000e+07
1.518961803510608810e+01 4.257440489102832792e+00 1.175507400000000000e+07
1.520532275548752743e+01 4.244218871391803205e+00 1.176716600000000000e+07
1.522103567250607448e+01 4.236115661049799641e+00 1.181334600000000000e+07
1.523675395281714806e+01 4.231590679424461321e+00 1.182545000000000000e+07
1.525244943101724004e+01 4.220146161736924917e+00 1.182881400000000000e+07
1.526815365307287742e+01 4.208952596584873085e+00 1.188441800000000000e+07
1.528387066072771638e+01 4.201015463542418615e+00 1.190037800000000000e+07
1.529957321464638476e+01 4.192671784905646071e+00 1.190800200000000000e+07
1.531526583627620397e+01 4.183882514469146052e+00 1.193747000000000000e+07
1.533097536464771871e+01 4.174284925917338462e+00 1.198134600000000000e+07
1.534669338573561426e+01 4.159566213269140889e+00 1.199815400000000000e+07
1.536240004252223734e+01 4.157423085840823873e+00 1.201579800000000000e+07
1.537810801182491893e+01 4.150303164730654970e+00 1.204658600000000000e+07
1.539381960142510408e+01 4.139760822832273313e+00 1.207322600000000000e+07
1.540952845721061593e+01 4.132220951133103171e+00 1.208937000000000000e+07
1.542523709037442003e+01 4.118734421992298778e+00 1.212366200000000000e+07
1.544094016867252428e+01 4.111565833276856985e+00 1.212901800000000000e+07
1.545664017249611355e+01 4.102629550014307291e+00 1.216869800000000000e+07
1.547234727593419557e+01 4.095446585082359370e+00 1.219107000000000000e+07
1.548806833453869558e+01 4.085253516097109738e+00 1.223729000000000000e+07
1.550378623459487315e+01 4.077610387929365032e+00 1.223743400000000000e+07
1.551949330626827894e+01 4.070218746918153663e+00 1.226943000000000000e+07
1.553520078467428966e+01 4.060644283666579923e+00 1.228831400000000000e+07
1.555090402017178697e+01 4.052888811566065286e+00 1.231201800000000000e+07
1.556660515225103758e+01 4.040716504361602013e+00 1.233377000000000000e+07
1.558230564648683369e+01 4.036191905071516040e+00 1.236265400000000000e+07
1.559802032509431058e+01 4.026174012005530933e+00 1.240528200000000000e+07
1.561373656517381825e+01 4.019404515981757520e+00 1.241484200000000000e+07
1.562943874868456007e+01 4.013077484473523526e+00 1.243327800000000000e+07
1.564514468723513119e+01 4.004744398345972733e+00 1.246944200000000000e+07
1.566085762263859849e+01 3.997435886356409007e+00 1.249710600000000000e+07
1.567656801168175562e+01 3.988517289996047488e+00 1.251307400000000000e+07
1.569226784315055134e+01 3.978199318826463937e+00 1.253190200000000000e+07
1.570797061764651303e+01 3.972462719879309656e+00 1.256769000000000000e+07
1.572368763200833186e+01 3.962665763625477400e+00 1.260333800000000000e+07
1.573939902922757739e+01 3.954046413122746184e+00 1.261272600000000000e+07
1.575510155432147918e+01 3.949286106739147595e+00 1.263480200000000000e+07
1.577080131559525533e+01 3.941379465565482132e+00 1.266273000000000000e+07
1.578651124257762106e+01 3.934743335071515968e+00 1.269908600000000000e+07
1.580221945868158429e+01 3.926161707500090081e+00 1.271107400000000000e+07
1.581792010585497543e+01 3.916642449881459154e+00 1.273909800000000000e+07
1.583362809238100866e+01 3.909182277444126274e+00 1.276949000000000000e+07
1.584933934958661794e+01 3.901727589254924133e+00 1.279968600000000000e+07
1.586505742005159547e+01 3.893712701578485369e+00 1.282862600000000000e+07
1.588076352344777042e+01 3.888412141580391612e+00 1.283279400000000000e+07
1.589646872608305905e+01 3.880431893837359425e+00 1.287594200000000000e+07
1.591218765353894682e+01 3.872626065040723375e+00 1.290631400000000000e+07
1.592789674253093146e+01 3.863630809032858604e+00 1.291312200000000000e+07
1.594359563934946422e+01 3.857141024132770379e+00 1.293734600000000000e+07
1.595929854003116333e+01 3.849430379483393949e+00 1.297337400000000000e+07
1.597501474699522639e+01 3.842013134822192644e+00 1.300817000000000000e+07
1.599073061961361475e+01 3.835943561283329473e+00 1.302581000000000000e+07
1.600643059467362406e+01 3.830416331954587861e+00 1.303359000000000000e+07
1.602213644221637878e+01 3.822293666515383936e+00 1.308369800000000000e+07
1.603784671360493164e+01 3.817245228720675509e+00 1.309470600000000000e+07
1.605354767035452213e+01 3.810012987268391438e+00 1.311900200000000000e+07
1.606924881116611203e+01 3.800892082482715040e+00 1.314631800000000000e+07
