# k_mean_over_bin [h Mpc^-1] P_bin [h^-3 Mpc^3] N_modes
2.004559772710005558e-02 1.120524739583333258e+03 1.800000000000000000e+01
3.504137442477287673e-02 2.658964465725806349e+03 6.200000000000000000e+01
4.923125820196404961e-02 1.351715880102040728e+03 9.800000000000000000e+01
6.378344006481624640e-02 1.148607440476190504e+03 2.100000000000000000e+02
8.007265176091875325e-02 8.569260714285713902e+02 3.500000000000000000e+02
9.616302738587061139e-02 6.420407638888889323e+02 4.500000000000000000e+02
1.110826890383447979e-01 5.286319559800664365e+02 6.020000000000000000e+02
1.260576397180557251e-01 4.807737040682414431e+02 7.620000000000000000e+02
1.422731428555557009e-01 3.408356228108581263e+02 1.142000000000000000e+03
1.585460595607757484e-01 2.930561000000000149e+02 1.250000000000000000e+03
1.737497011902237598e-01 2.591658950617283494e+02 1.458000000000000000e+03
1.889532144205047226e-01 2.370264091786108054e+02 1.814000000000000000e+03
2.049067109494826788e-01 2.060347365702479294e+02 2.178000000000000000e+03
2.207556613284745450e-01 1.825215172137710056e+02 2.498000000000000000e+03
2.358802738624342921e-01 1.605334906559878050e+02 2.622000000000000000e+03
2.513999951464319649e-01 1.487025258388256361e+02 3.338000000000000000e+03
2.675345382307371400e-01 1.274914612439548733e+02 3.722000000000000000e+03
2.835681791499936044e-01 1.145657898681055116e+02 4.170000000000000000e+03
2.990221799979137507e-01 1.032653094882973903e+02 4.358000000000000000e+03
3.144508804126917023e-01 9.346584475566150729e+01 5.034000000000000000e+03
3.303723395141972552e-01 8.555736458697934665e+01 5.714000000000000000e+03
3.461405835555014798e-01 7.716937270143763783e+01 5.982000000000000000e+03
3.616240832326051979e-01 7.313961678279309808e+01 6.602000000000000000e+03
3.771335216675366642e-01 6.623072843618513161e+01 7.130000000000000000e+03
3.929320011962133541e-01 6.188064398182723380e+01 8.034000000000000000e+03
4.088541926781908975e-01 5.872384092493609131e+01 8.606000000000000000e+03
4.245637628236880179e-01 5.440293748621221681e+01 9.066000000000000000e+03
4.402531073637167558e-01 5.126937675667537064e+01 9.962000000000000000e+03
4.559993315308014661e-01 4.759160248815165772e+01 1.055000000000000000e+04
4.716264483403250773e-01 4.504357072866559974e+01 1.122600000000000000e+04
4.872700578197112775e-01 4.143256010209122309e+01 1.214600000000000000e+04
5.028559864371159316e-01 3.977923706964937622e+01 1.260600000000000000e+04
5.184881697096974662e-01 3.736581428416171491e+01 1.380200000000000000e+04
5.343469721895739433e-01 3.556393605124033996e+01 1.475400000000000000e+04
5.500823565575736485e-01 3.391347324601816382e+01 1.519400000000000000e+04
5.657322269403529669e-01 3.257672146590494577e+01 1.645400000000000000e+04
5.814958906429442687e-01 3.053177648070420602e+01 1.715400000000000000e+04
5.972223875100493018e-01 2.897081325960801479e+01 1.826600000000000000e+04
6.128042965698242694e-01 2.766910999999999987e+01 1.875000000000000000e+04
6.284339241893368566e-01 2.634130362261539915e+01 2.023400000000000000e+04
6.442671741027654608e-01 2.513662587412587257e+01 2.145000000000000000e+04
6.600506477327297006e-01 2.376040860349694839e+01 2.196200000000000000e+04
6.757240646605540135e-01 2.325903855170062329e+01 2.346200000000000000e+04
6.914033637984144942e-01 2.229355658847017807e+01 2.404200000000000000e+04
7.071742118944099875e-01 2.171737454713635884e+01 2.594600000000000000e+04
7.228711511166978632e-01 2.026985460219006185e+01 2.611800000000000000e+04
7.383803448867409802e-01 1.991590243946775018e+01 2.750600000000000000e+04
7.540183656477988938e-01 1.910925135897612392e+01 2.906600000000000000e+04
7.698451130026079392e-01 1.861032019704433438e+01 3.045000000000000000e+04
7.856895634322977884e-01 1.779568277046184832e+01 3.174200000000000000e+04
8.013652298136274554e-01 1.716675193798449683e+01 3.225000000000000000e+04
8.170314793099452411e-01 1.661494525547445278e+01 3.425000000000000000e+04
8.328089595358807440e-01 1.596813124048062349e+01 3.545400000000000000e+04
8.485110835048260691e-01 1.550577585497063104e+01 3.643400000000000000e+04
8.640973204722621759e-01 1.497641280982962719e+01 3.768200000000000000e+04
8.797014300262691044e-01 1.446678405100015219e+01 3.929400000000000000e+04
8.955074489672053550e-01 1.405243536667793336e+01 4.142600000000000000e+04
9.112788985619241222e-01 1.376337927304711606e+01 4.206600000000000000e+04
9.269095651252046153e-01 1.318393883651414100e+01 4.349000000000000000e+04
9.426346125839982770e-01 1.274560878079734039e+01 4.570200000000000000e+04
9.583964670696782928e-01 1.240130457391602725e+01 4.663400000000000000e+04
9.741277885224883804e-01 1.221738296535815849e+01 4.855400000000000000e+04
9.896918448392955092e-01 1.184743707796193846e+01 4.887000000000000000e+04
1.005280879626296420e+00 1.148130115994879041e+01 5.155400000000000000e+04
1.021133664452582135e+00 1.127468686448511725e+01 5.409000000000000000e+04
1.036923334995100809e+00 1.105860597635968468e+01 5.431400000000000000e+04
1.052635308833600680e+00 1.058032090142330084e+01 5.691000000000000000e+04
1.068321370297892425e+00 1.036626683135590277e+01 5.748200000000000000e+04
1.084052701550582753e+00 1.007675749678355714e+01 6.062600000000000000e+04
1.099794715754920382e+00 9.861350398653726756e+00 6.120600000000000000e+04
1.115370388947033220e+00 9.687774692344573779e+00 6.257000000000000000e+04
1.131046383902849950e+00 9.312162444850144993e+00 6.573000000000000000e+04
1.146787968622316356e+00 9.216745268872026386e+00 6.668600000000000000e+04
1.162563353468210270e+00 9.009994009871158838e+00 6.969800000000000000e+04
1.178284495947235833e+00 8.692724845057551164e+00 7.002600000000000000e+04
1.193950312022173277e+00 8.569472032826547903e+00 7.274600000000000000e+04
1.209702279395532543e+00 8.395735716192765707e+00 7.491000000000000000e+04
1.225374778796072261e+00 8.231780394073057394e+00 7.572200000000000000e+04
1.240998268267369031e+00 8.045064463242237451e+00 7.837800000000000000e+04
1.256664763601604173e+00 7.825866081469448510e+00 8.003000000000000000e+04
1.272410839108921055e+00 7.725109243141875304e+00 8.318600000000000000e+04
1.288186821427190987e+00 7.517797138166441684e+00 8.466600000000000000e+04
1.303915415643678744e+00 7.414668933284033869e+00 8.654600000000000000e+04
1.319571589153230251e+00 7.357555682256563756e+00 8.813400000000000000e+04
1.335290070384270056e+00 7.110933437479515895e+00 9.153800000000000000e+04
1.351076062681103140e+00 7.014824776138632423e+00 9.313800000000000000e+04
1.366744220099084473e+00 6.861962573297487822e+00 9.447800000000000000e+04
1.382398842931918725e+00 6.777039599481876841e+00 9.727400000000000000e+04
1.398110035554206876e+00 6.705372906008626899e+00 9.969000000000000000e+04
1.413886464447384306e+00 6.497186007408130237e+00 1.025900000000000000e+05
1.429636290478455862e+00 6.365016984677652978e+00 1.037700000000000000e+05
1.445306609637929229e+00 6.329810242040132984e+00 1.063460000000000000e+05
1.461013715221450848e+00 6.193110524570228037e+00 1.085460000000000000e+05
1.476673179078200837e+00 6.028668740855805730e+00 1.107260000000000000e+05
1.492290038154521659e+00 5.944756481366073153e+00 1.123220000000000000e+05
1.507927148623363189e+00 5.880254443869186609e+00 1.158900000000000000e+05
1.523672044743926701e+00 5.774561953757809007e+00 1.187660000000000000e+05
1.539529615911521709e+00 5.694353137418437072e+00 1.222980000000000000e+05
1.555255688786340684e+00 5.546392005897288868e+00 1.220900000000000000e+05
1.570915144657768492e+00 5.471289046975598147e+00 1.258100000000000000e+05
1.586615423455384422e+00 5.407489371245806531e+00 1.281900000000000000e+05
1.602349133342779730e+00 5.311887376521061910e+00 1.309940000000000000e+05
1.618092974080486135e+00 5.217379619658694345e+00 1.337220000000000000e+05
1.633691874209366679e+00 5.199546162406823768e+00 1.338860000000000000e+05
1.649409270104698511e+00 5.077853943417438565e+00 1.405380000000000000e+05
1.665187916060468121e+00 4.984699293710969314e+00 1.405940000000000000e+05
1.680850499408222509e+00 4.959207035112887851e+00 1.435940000000000000e+05
1.696519861906699678e+00 4.875776177294785185e+00 1.463100000000000000e+05
1.712283893956166425e+00 4.813032691669432594e+00 1.506500000000000000e+05
1.728062756067172412e+00 4.727505364877496952e+00 1.519140000000000000e+05
1.743677627348828585e+00 4.660707766724468293e+00 1.533980000000000000e+05
1.759326903275710174e+00 4.597592261791645818e+00 1.578660000000000000e+05
1.775054497456971747e+00 4.544087829426484149e+00 1.606580000000000000e+05
1.790812710658242546e+00 4.498263656140692568e+00 1.641020000000000000e+05
1.806502375897273804e+00 4.419696701092161284e+00 1.649940000000000000e+05
1.822179186865621636e+00 4.359167647924639510e+00 1.698500000000000000e+05
1.837969883527481585e+00 4.299920586058987304e+00 1.729860000000000000e+05
1.853671301775014824e+00 4.245600408869771414e+00 1.738940000000000000e+05
1.869276135303816311e+00 4.174296999626649907e+00 1.767780000000000000e+05
1.884971321406135658e+00 4.156340414296872510e+00 1.818020000000000000e+05
1.900728707982397125e+00 4.083412405790815214e+00 1.844300000000000000e+05
1.916473119999263952e+00 4.031154201514617341e+00 1.872420000000000000e+05
1.932184555202840048e+00 3.992454007884362888e+00 1.902500000000000000e+05
1.947873548384971176e+00 3.929235797372383932e+00 1.925700000000000000e+05
1.963628993658796507e+00 3.886732108809910713e+00 1.982540000000000000e+05
1.979352447076785815e+00 3.840969789068731988e+00 1.980740000000000000e+05
1.994985104292756439e+00 3.800462756743380410e+00 2.020500000000000000e+05
2.010642935442618739e+00 3.752288603030627279e+00 2.055020000000000000e+05
2.026404838719640278e+00 3.712149801106965352e+00 2.106660000000000000e+05
2.042160439755924539e+00 3.667675155112839480e+00 2.124260000000000000e+05
2.057814152054247447e+00 3.624099538140782784e+00 2.139180000000000000e+05
2.073527659517757193e+00 3.584692344588540358e+00 2.209940000000000000e+05
2.089278401895053872e+00 3.549292790332337244e+00 2.215220000000000000e+05
2.104986979127729807e+00 3.502607273522627462e+00 2.263140000000000000e+05
2.120648321356923383e+00 3.479682701699120528e+00 2.272940000000000000e+05
2.136325257483229656e+00 3.428830131094341649e+00 2.329620000000000000e+05
2.152108829701105730e+00 3.396821834343910496e+00 2.378180000000000000e+05
2.167848322413291839e+00 3.355811500096477218e+00 2.383980000000000000e+05
2.183487000865677263e+00 3.322799304525760444e+00 2.414180000000000000e+05
2.199161537811643807e+00 3.285494017859313054e+00 2.468180000000000000e+05
2.214891256735060487e+00 3.244233081638696170e+00 2.499060000000000000e+05
2.230633713071271895e+00 3.227184857205675161e+00 2.547020000000000000e+05
2.246304443991349320e+00 3.201469137403799792e+00 2.544180000000000000e+05
2.261936208784359970e+00 3.146472927245212325e+00 2.603540000000000000e+05
2.277652670266802293e+00 3.124982073712892827e+00 2.649740000000000000e+05
2.293412982496121355e+00 3.098919608368500000e+00 2.687220000000000000e+05
2.309141221738169047e+00 3.065509211524440225e+00 2.715620000000000000e+05
2.324861988404599789e+00 3.021528216237399533e+00 2.755860000000000000e+05
2.340611247586814159e+00 3.010799368285806299e+00 2.801900000000000000e+05
2.356347504876110666e+00 2.977096989753706957e+00 2.828340000000000000e+05
2.372029085968939910e+00 2.950502112774836316e+00 2.851700000000000000e+05
2.387678571697246621e+00 2.918187882477939699e+00 2.898860000000000000e+05
2.403388139521258626e+00 2.896038147680270569e+00 2.944740000000000000e+05
2.419137128499648348e+00 2.877053018717988131e+00 2.994980000000000000e+05
2.434829956177893884e+00 2.836703180111882272e+00 2.999580000000000000e+05
2.450497304476752181e+00 2.808450735308541724e+00 3.058580000000000000e+05
2.466221630284449073e+00 2.781272522957328519e+00 3.107940000000000000e+05
2.481948461430914410e+00 2.760937829386550302e+00 3.130820000000000000e+05
2.497590267743403203e+00 2.734416825398834128e+00 3.160460000000000000e+05
2.513275415567109317e+00 2.699546192329416616e+00 3.222180000000000000e+05
2.529064511226168488e+00 2.689015695667788641e+00 3.285620000000000000e+05
2.544794397904540872e+00 2.668142511966828501e+00 3.279900000000000000e+05
2.560494206000486273e+00 2.643822588149677077e+00 3.352820000000000000e+05
2.576181416838396743e+00 2.627058591540911259e+00 3.359700000000000000e+05
2.591894431456594372e+00 2.604039995233472737e+00 3.440660000000000000e+05
2.607583386084574517e+00 2.577711416044548010e+00 3.437180000000000000e+05
2.623254195933073518e+00 2.562286805330328932e+00 3.514980000000000000e+05
2.638982638468245323e+00 2.546309612140225109e+00 3.544580000000000000e+05
2.654678623100330981e+00 2.509739141469073953e+00 3.585660000000000000e+05
2.670444987332728282e+00 2.485377142045547494e+00 3.661220000000000000e+05
2.686175436888973866e+00 2.467070166206500659e+00 3.658100000000000000e+05
2.701842624139498383e+00 2.450191323441561764e+00 3.716220000000000000e+05
2.717551210176916143e+00 2.425924436016234420e+00 3.759860000000000000e+05
2.733286152591690943e+00 2.411349824685349308e+00 3.821700000000000000e+05
2.748969669686326611e+00 2.389702030810490818e+00 3.818180000000000000e+05
2.764618652904751617e+00 2.383746091884982210e+00 3.895740000000000000e+05
2.780335698310803405e+00 2.353552405651031965e+00 3.936980000000000000e+05
2.796070939832780322e+00 2.333297086301939327e+00 3.994580000000000000e+05
2.811789110373833278e+00 2.319241146680191434e+00 4.022220000000000000e+05
2.827490318755497611e+00 2.295409961860012782e+00 4.069220000000000000e+05
2.843211165013692643e+00 2.294294790743189871e+00 4.128420000000000000e+05
2.858928238366322816e+00 2.263153792259947394e+00 4.153460000000000000e+05
2.874619182965964193e+00 2.253122314106490887e+00 4.211820000000000000e+05
2.890326122379585971e+00 2.235409000324692030e+00 4.250180000000000000e+05
2.906048410595298837e+00 2.221516660558799927e+00 4.311380000000000000e+05
2.921763637537025282e+00 2.195731665906966334e+00 4.343820000000000000e+05
2.937471882413853042e+00 2.185185653926837279e+00 4.395140000000000000e+05
2.953184966193053373e+00 2.169183738515710225e+00 4.447380000000000000e+05
2.968906669185866321e+00 2.157660778329731688e+00 4.489100000000000000e+05
2.984558054153132023e+00 2.136837770572857842e+00 4.506180000000000000e+05
3.000234266597839206e+00 2.120866780617729486e+00 4.595540000000000000e+05
3.015961738166995865e+00 2.106795744386814384e+00 4.631060000000000000e+05
3.031644318942089189e+00 2.082298611200315008e+00 4.670940000000000000e+05
3.047375183469438475e+00 2.077137042098126329e+00 4.749380000000000000e+05
3.063101994982958765e+00 2.062855469355764804e+00 4.771860000000000000e+05
3.078830638657798602e+00 2.050459204200796748e+00 4.846700000000000000e+05
3.094557820700788220e+00 2.034264055152871897e+00 4.870100000000000000e+05
3.110261604918990841e+00 2.018319594619248480e+00 4.933140000000000000e+05
3.125964826756857384e+00 2.003164402343639683e+00 4.963220000000000000e+05
3.141631907395710410e+00 1.996120954271659143e+00 5.017020000000000000e+05
3.157337759020614865e+00 1.977267766761968026e+00 5.085620000000000000e+05
3.173083732250922218e+00 1.963640659456054038e+00 5.142420000000000000e+05
3.188786566155163538e+00 1.941601699479616583e+00 5.161580000000000000e+05
3.204467208631248454e+00 1.937353497499052724e+00 5.226020000000000000e+05
3.220198682476764773e+00 1.930030853204889096e+00 5.306580000000000000e+05
3.235902901074469540e+00 1.923958620260281416e+00 5.300420000000000000e+05
3.251569839460216826e+00 1.899851404213940942e+00 5.388780000000000000e+05
3.267286640001119125e+00 1.885465559700806759e+00 5.441300000000000000e+05
3.283035953778620897e+00 1.879734570118997139e+00 5.511060000000000000e+05
3.298765470797303756e+00 1.862130109823062929e+00 5.539820000000000000e+05
3.314460854810658219e+00 1.857171822435431219e+00 5.582420000000000000e+05
3.330143183999465961e+00 1.841622626854144684e+00 5.645460000000000000e+05
3.345851390644388967e+00 1.835085031569131386e+00 5.704940000000000000e+05
3.361584614506297086e+00 1.814745835370568772e+00 5.767620000000000000e+05
3.377268741275611497e+00 1.805998415001539126e+00 5.782340000000000000e+05
3.392938742749323389e+00 1.797563158865291832e+00 5.856660000000000000e+05
3.408667877553761993e+00 1.784343531624403179e+00 5.944460000000000000e+05
3.424389245726590758e+00 1.771402981940361165e+00 5.952500000000000000e+05
3.440080490503192756e+00 1.762909304244931308e+00 6.034020000000000000e+05
3.455784632582446392e+00 1.748504442015074600e+00 6.073820000000000000e+05
3.471525169349745088e+00 1.733580493022803592e+00 6.170100000000000000e+05
3.487238775590668638e+00 1.727082718579456388e+00 6.167780000000000000e+05
3.502915637500682244e+00 1.718995799893076715e+00 6.247460000000000000e+05
3.518586117849470174e+00 1.703320691269333276e+00 6.280620000000000000e+05
3.534307361823285198e+00 1.700257072926604218e+00 6.394100000000000000e+05
3.550068718511843802e+00 1.690832081299750822e+00 6.429540000000000000e+05
3.565767899937936303e+00 1.679800967221591002e+00 6.459740000000000000e+05
3.581461234185308484e+00 1.670405821053114748e+00 6.534900000000000000e+05
3.597192479322759873e+00 1.660806875864553112e+00 6.607460000000000000e+05
3.612919168611930854e+00 1.649463398561038519e+00 6.646460000000000000e+05
3.628586482304986038e+00 1.642343846003986085e+00 6.672900000000000000e+05
3.644285394494611641e+00 1.629937528901351129e+00 6.790340000000000000e+05
3.660034289703634869e+00 1.622375945113823770e+00 6.827220000000000000e+05
3.675778468055097559e+00 1.612009177736177801e+00 6.912380000000000000e+05
3.691462948962963786e+00 1.599454583344225078e+00 6.886020000000000000e+05
3.707119074879760223e+00 1.591941687380319825e+00 7.008260000000000000e+05
3.722835664250375487e+00 1.583608547718312831e+00 7.056620000000000000e+05
3.738525251797470528e+00 1.576214085133829546e+00 7.100820000000000000e+05
3.754222032949778853e+00 1.567895168265286632e+00 7.191620000000000000e+05
3.769933086185316640e+00 1.557581862236067760e+00 7.222500000000000000e+05
3.785638995718866973e+00 1.552396754658172950e+00 7.315100000000000000e+05
3.801371660419305520e+00 1.539061630108006007e+00 7.364420000000000000e+05
3.817071936206203997e+00 1.531973699483599738e+00 7.408980000000000000e+05
3.832786102847733023e+00 1.529150192359476135e+00 7.501580000000000000e+05
3.848527046055627121e+00 1.518757964989812859e+00 7.548660000000000000e+05
3.864237159299509283e+00 1.504487392649567656e+00 7.608260000000000000e+05
3.879924927323326056e+00 1.498458838219241640e+00 7.640340000000000000e+05
3.895614328144405114e+00 1.492418872747290681e+00 7.738460000000000000e+05
3.911337128038584687e+00 1.487249331165016786e+00 7.797140000000000000e+05
3.927042484287095014e+00 1.480221728797394887e+00 7.843140000000000000e+05
3.942732759911325768e+00 1.469447470246745491e+00 7.913420000000000000e+05
3.958453369699379998e+00 1.465213776083296393e+00 7.994580000000000000e+05
3.974178216354418591e+00 1.453205865618501180e+00 8.049620000000000000e+05
3.989882109912799013e+00 1.446100765857575077e+00 8.095500000000000000e+05
4.005543243773400874e+00 1.438173513568002271e+00 8.134580000000000000e+05
4.021251057898795445e+00 1.430531954237480585e+00 8.274020000000000000e+05
4.036984636136614846e+00 1.423371354472145134e+00 8.286180000000000000e+05
4.052682677778184583e+00 1.419690011446760769e+00 8.369180000000000000e+05
4.068393456235992467e+00 1.409321855935762535e+00 8.428740000000000000e+05
4.084099822251435974e+00 1.407902684208171440e+00 8.493380000000000000e+05
4.099829813320492455e+00 1.390180157682358031e+00 8.589420000000000000e+05
4.115554009414900349e+00 1.390085460952544594e+00 8.609780000000000000e+05
4.131235359039446386e+00 1.379074988541433955e+00 8.683460000000000000e+05
4.146931044915801223e+00 1.372185352520813639e+00 8.751540000000000000e+05
4.162664159049392687e+00 1.364245825500386866e+00 8.862140000000000000e+05
4.178388788086889960e+00 1.357800395786987080e+00 8.873460000000000000e+05
4.194077965975033351e+00 1.351709412214269213e+00 8.949860000000000000e+05
4.209774792532540388e+00 1.351299854670161116e+00 9.027740000000000000e+05
4.225510803750013977e+00 1.337119866595622986e+00 9.121140000000000000e+05
4.241231113843379141e+00 1.337604204689265774e+00 9.150260000000000000e+05
4.256908196003403866e+00 1.325614280187188410e+00 9.201420000000000000e+05
4.272591924000948893e+00 1.320399333377789031e+00 9.297620000000000000e+05
4.288308084378355645e+00 1.313474860776070674e+00 9.376980000000000000e+05
4.304040323784237287e+00 1.310286876483177876e+00 9.447620000000000000e+05
4.319738418983270378e+00 1.301901837482362323e+00 9.482540000000000000e+05
4.335428335028543856e+00 1.293811833587304339e+00 9.568020000000000000e+05
4.351157550879730884e+00 1.292412841107085431e+00 9.676580000000000000e+05
4.366881330891844826e+00 1.282027107296880963e+00 9.697020000000000000e+05
4.382546060772999574e+00 1.272864930345245504e+00 9.740900000000000000e+05
4.398246218400761798e+00 1.271288956197482722e+00 9.884820000000000000e+05
4.413979276240257654e+00 1.265885932777819134e+00 9.919940000000000000e+05
4.429695644229851403e+00 1.254956519784621749e+00 1.001030000000000000e+06
4.445410080183695989e+00 1.251247575712367777e+00 1.005450000000000000e+06
4.461113024304604657e+00 1.246158030970526909e+00 1.013738000000000000e+06
4.476828248264367538e+00 1.240719969462959371e+00 1.021710000000000000e+06
4.492511743566732996e+00 1.235346943121804264e+00 1.023626000000000000e+06
4.508191947536588806e+00 1.228226361559863866e+00 1.035834000000000000e+06
4.523895481465870283e+00 1.224081247249674709e+00 1.040786000000000000e+06
4.539619934096997156e+00 1.218361483888242169e+00 1.053206000000000000e+06
4.555352618284365995e+00 1.210237658017676576e+00 1.057002000000000000e+06
4.571063001207543941e+00 1.205860665214146588e+00 1.063898000000000000e+06
4.586777862326684385e+00 1.200292091030610075e+00 1.072782000000000000e+06
4.602497075350756361e+00 1.196974882881947755e+00 1.078826000000000000e+06
4.618214180504660149e+00 1.193049570649366453e+00 1.087922000000000000e+06
4.633911241501361467e+00 1.183170884021370162e+00 1.090494000000000000e+06
4.649602871383847535e+00 1.182401540093084735e+00 1.101362000000000000e+06
4.665319460688174047e+00 1.173658567023667221e+00 1.109802000000000000e+06
4.681029772111457099e+00 1.169016719395180370e+00 1.114514000000000000e+06
4.696725943447952467e+00 1.163049101987141620e+00 1.123926000000000000e+06
4.712406639130506392e+00 1.157235081075608463e+00 1.125986000000000000e+06
4.728114319510818397e+00 1.153975457214963196e+00 1.143554000000000000e+06
4.743843011674210075e+00 1.147120012929038646e+00 1.144710000000000000e+06
4.759548004017718270e+00 1.143972516026612984e+00 1.154018000000000000e+06
4.775245153331388437e+00 1.136543697121112695e+00 1.159962000000000000e+06
4.790962201099520534e+00 1.131476913472919454e+00 1.170986000000000000e+06
4.806687457227775795e+00 1.126424276530333390e+00 1.178142000000000000e+06
4.822395257046031780e+00 1.124490349834358360e+00 1.182674000000000000e+06
4.838087143849061356e+00 1.119114619454879112e+00 1.191002000000000000e+06
4.853789225034707222e+00 1.113685483965019429e+00 1.200438000000000000e+06
4.869505077076887289e+00 1.110208419897331655e+00 1.208162000000000000e+06
4.885214479826415435e+00 1.102772003969527459e+00 1.215258000000000000e+06
4.900926872777207954e+00 1.099154994469559776e+00 1.224134000000000000e+06
4.916625834276870499e+00 1.095038890001155618e+00 1.228722000000000000e+06
4.932342625999591945e+00 1.089877239666203979e+00 1.243154000000000000e+06
4.948070313168653200e+00 1.085515972745243696e+00 1.245434000000000000e+06
4.963768791695496674e+00 1.080238304659652426e+00 1.255158000000000000e+06
4.979434313641077026e+00 1.075112694228303356e+00 1.255610000000000000e+06
4.995141420885109262e+00 1.070585419729140453e+00 1.277562000000000000e+06
5.010861277833007499e+00 1.065648309732943888e+00 1.274414000000000000e+06
5.026541148359606304e+00 1.059383733516641612e+00 1.285994000000000000e+06
5.042268620369379839e+00 1.057255669182883606e+00 1.299570000000000000e+06
5.058004053481842455e+00 1.053208435922286856e+00 1.302122000000000000e+06
5.073708460591943137e+00 1.047718466850596997e+00 1.311366000000000000e+06
5.089416057291027862e+00 1.045919889234725009e+00 1.319186000000000000e+06
5.105125712135527571e+00 1.041316743431311975e+00 1.327434000000000000e+06
5.120844156875770103e+00 1.035930954599362463e+00 1.337294000000000000e+06
5.136559512122237159e+00 1.030860262301430685e+00 1.342730000000000000e+06
5.152249183032828306e+00 1.028355157452038871e+00 1.350570000000000000e+06
5.167964432416064291e+00 1.022998664308412575e+00 1.362590000000000000e+06
5.183694924160209716e+00 1.019394603773970509e+00 1.369698000000000000e+06
5.199396868456950926e+00 1.016393207138773791e+00 1.374914000000000000e+06
5.215085298788597612e+00 1.010350939959669514e+00 1.383570000000000000e+06
5.230792912992411559e+00 1.007035210631701538e+00 1.395374000000000000e+06
5.246488594245054315e+00 9.999118643315575428e-01 1.396994000000000000e+06
5.262173859327344161e+00 9.999023223027495577e-01 1.411530000000000000e+06
5.277882164810089982e+00 9.948910956323974153e-01 1.417574000000000000e+06
5.293593858628555360e+00 9.911235314949111697e-01 1.428834000000000000e+06
5.309329156889964985e+00 9.852921401956056258e-01 1.439018000000000000e+06
5.325038538485003414e+00 9.817221409344637495e-01 1.440698000000000000e+06
5.340730702455575241e+00 9.784680745825301562e-01 1.453638000000000000e+06
5.356455193601842524e+00 9.742972142083029530e-01 1.463426000000000000e+06
5.372183381207660702e+00 9.709025016144930964e-01 1.471050000000000000e+06
5.387886700194870926e+00 9.686548091001314642e-01 1.476638000000000000e+06
5.403571860691538831e+00 9.641204311853555087e-01 1.484466000000000000e+06
5.419293096268920529e+00 9.587707190601364449e-01 1.501154000000000000e+06
5.435016687773623012e+00 9.554718933000201364e-01 1.501706000000000000e+06
5.450702718101835487e+00 9.504272902053718663e-01 1.511502000000000000e+06
5.466391329901655105e+00 9.479059638187278258e-01 1.520234000000000000e+06
5.482117701107046770e+00 9.457417215523026277e-01 1.535010000000000000e+06
5.497863840523032231e+00 9.407621238883007164e-01 1.543358000000000000e+06
5.513531058043433575e+00 9.378762809668735878e-01 1.535754000000000000e+06
5.529215137958169990e+00 9.341007680204908015e-01 1.564802000000000000e+06
5.544946163489404611e+00 9.294806812118451278e-01 1.563038000000000000e+06
5.560660431796565106e+00 9.254839156222718355e-01 1.578426000000000000e+06
5.576372624871568817e+00 9.222148908428928760e-01 1.581482000000000000e+06
5.592071612679278658e+00 9.190777202072538676e-01 1.592250000000000000e+06
5.607777081388953810e+00 9.148580416045137831e-01 1.602230000000000000e+06
5.623461069047772654e+00 9.118939725341080882e-01 1.604754000000000000e+06
5.639160434689571844e+00 9.080889373177500890e-01 1.623458000000000000e+06
5.654868627057174635e+00 9.062741167203106629e-01 1.624910000000000000e+06
5.670595730029768688e+00 9.014946155968979191e-01 1.645122000000000000e+06
5.686329334746649700e+00 9.003894828980081311e-01 1.645130000000000000e+06
5.702030598096980540e+00 8.945738253047341715e-01 1.655706000000000000e+06
5.717729473142792784e+00 8.921368895258315890e-01 1.663502000000000000e+06
5.733437455346763301e+00 8.893126228727422644e-01 1.675514000000000000e+06
5.749160590029285700e+00 8.849127869373842881e-01 1.685298000000000000e+06
5.764862617007506351e+00 8.833116758978339922e-01 1.689566000000000000e+06
5.780540238679900078e+00 8.780677768943074835e-01 1.697850000000000000e+06
5.796263103923236848e+00 8.747253492196310765e-01 1.718546000000000000e+06
5.812002103804656983e+00 8.730481264921602369e-01 1.719822000000000000e+06
5.827695391299545058e+00 8.701254238132360985e-01 1.726586000000000000e+06
5.843388778895907798e+00 8.673746655044370923e-01 1.739186000000000000e+06
5.859113417771065535e+00 8.634240307661039671e-01 1.751538000000000000e+06
5.874835560723500549e+00 8.588572957040194744e-01 1.758062000000000000e+06
5.890526541065327137e+00 8.576793381773217817e-01 1.763010000000000000e+06
5.906225317694219434e+00 8.530017563961718174e-01 1.778642000000000000e+06
5.921952321011594300e+00 8.518426189014537409e-01 1.788582000000000000e+06
5.937670655764399896e+00 8.465794045508389098e-01 1.794746000000000000e+06
5.953363581550269679e+00 8.422930449345363835e-01 1.803290000000000000e+06
5.969050809995837703e+00 8.419579880931478133e-01 1.811058000000000000e+06
5.984760752596141486e+00 8.376536487930701380e-01 1.828358000000000000e+06
6.000476440810660783e+00 8.362215525930973836e-01 1.831362000000000000e+06
6.016171166004743220e+00 8.329385934441925210e-01 1.842458000000000000e+06
6.031847027098122815e+00 8.290896227283408582e-01 1.846998000000000000e+06
6.047561666320434348e+00 8.264964111491919230e-01 1.869122000000000000e+06
6.063310221741519790e+00 8.234843813454447714e-01 1.876346000000000000e+06
6.079025995273507732e+00 8.199822852387808059e-01 1.879506000000000000e+06
6.094727650148782594e+00 8.164229245254118750e-01 1.893326000000000000e+06
6.110443441650997620e+00 8.160611827790765771e-01 1.901826000000000000e+06
6.126157369603382641e+00 8.101293331143609722e-01 1.911962000000000000e+06
6.141856103084946561e+00 8.104528558283199402e-01 1.919198000000000000e+06
6.157554247585426133e+00 8.062218364329447606e-01 1.930242000000000000e+06
6.173264897526903994e+00 8.016586209523888229e-01 1.942442000000000000e+06
6.188983783131053684e+00 7.990306312233121933e-01 1.951734000000000000e+06
6.204674330135580007e+00 7.977832691180637426e-01 1.955402000000000000e+06
6.220364153407833108e+00 7.945032679838001100e-01 1.971858000000000000e+06
6.236097253224911263e+00 7.914050873143104736e-01 1.984898000000000000e+06
6.251804727814884721e+00 7.884540646448739976e-01 1.986422000000000000e+06
6.267477703420695434e+00 7.863237458582689188e-01 1.996146000000000000e+06
6.283195068785119908e+00 7.848161549269101478e-01 2.017106000000000000e+06
6.298926466691256110e+00 7.801669571689733296e-01 2.020638000000000000e+06
6.314631082636630310e+00 7.774902604090183633e-01 2.029346000000000000e+06
6.330330969697290477e+00 7.756150532924515062e-01 2.041002000000000000e+06
6.346042618354868381e+00 7.733116210485266873e-01 2.051450000000000000e+06
6.361769829008385280e+00 7.711749946512053144e-01 2.065886000000000000e+06
6.377467710730222450e+00 7.674904676379213919e-01 2.064546000000000000e+06
6.393156758488530933e+00 7.650445946270377773e-01 2.082650000000000000e+06
6.408877231485442749e+00 7.620511607106207341e-01 2.095182000000000000e+06
6.424598957671957322e+00 7.599137053107865025e-01 2.101346000000000000e+06
6.440311953715900373e+00 7.575867243284737373e-01 2.115554000000000000e+06
6.456005935746694568e+00 7.553822600481931993e-01 2.115654000000000000e+06
6.471719753415134946e+00 7.524793724247641480e-01 2.141066000000000000e+06
6.487439387114228850e+00 7.499102714009718840e-01 2.139786000000000000e+06
6.503131318747780831e+00 7.484061091849185665e-01 2.152202000000000000e+06
6.518819434526843537e+00 7.451014790711707469e-01 2.161086000000000000e+06
6.534523450777902198e+00 7.427268712506743809e-01 2.176058000000000000e+06
6.550254613659266312e+00 7.405089103704644016e-01 2.190818000000000000e+06
6.565965738846988309e+00 7.379343479566512487e-01 2.191158000000000000e+06
6.581657291702928347e+00 7.342485015739255161e-01 2.205314000000000000e+06
6.597356411838022794e+00 7.332422274519150296e-01 2.215554000000000000e+06
6.613072568835591802e+00 7.303785996533608271e-01 2.230562000000000000e+06
6.628796834083485301e+00 7.277384071540899946e-01 2.239614000000000000e+06
6.644501868950448475e+00 7.268582240952289331e-01 2.245706000000000000e+06
6.660203335766918364e+00 7.239745091548603906e-01 2.259674000000000000e+06
6.675922241577704419e+00 7.199602633100095073e-01 2.273214000000000000e+06
6.691636876769640807e+00 7.176759433246064912e-01 2.278802000000000000e+06
6.707348854586632214e+00 7.169861039548672821e-01 2.294034000000000000e+06
6.723042755046850338e+00 7.141359672706325545e-01 2.294942000000000000e+06
6.738741204690306574e+00 7.121120066463821896e-01 2.317050000000000000e+06
6.754459451825965743e+00 7.080669391202674134e-01 2.322842000000000000e+06
6.770155876549564411e+00 7.076862228152444034e-01 2.330810000000000000e+06
6.785853403723873356e+00 7.048895909474934829e-01 2.345958000000000000e+06
6.801555230257334550e+00 7.024305145424896146e-01 2.353586000000000000e+06
6.817285949066600459e+00 7.006107940796477695e-01 2.376210000000000000e+06
6.833012673954052651e+00 6.985788493755743511e-01 2.374502000000000000e+06
6.848703343789808606e+00 6.952530144413258117e-01 2.386346000000000000e+06
6.864405076602009714e+00 6.948050629780195830e-01 2.401314000000000000e+06
6.880122619459167588e+00 6.917943560928072610e-01 2.411450000000000000e+06
6.895827031199952550e+00 6.900371604623091182e-01 2.420718000000000000e+06
6.911509854271036701e+00 6.878006797061861910e-01 2.425754000000000000e+06
6.927232044479275430e+00 6.849427423552613137e-01 2.455218000000000000e+06
6.942960195844471549e+00 6.823888529389924296e-01 2.450942000000000000e+06
6.958661448092413160e+00 6.810384434545402321e-01 2.467130000000000000e+06
6.974361211749578793e+00 6.793632726352937246e-01 2.474874000000000000e+06
6.990070831352309000e+00 6.767582885540335269e-01 2.490362000000000000e+06
7.005778159324729693e+00 6.746113711710542971e-01 2.498142000000000000e+06
7.021469697735486015e+00 6.717812284361550645e-01 2.507090000000000000e+06
7.037177120604764191e+00 6.701017931850415943e-01 2.525562000000000000e+06
7.052899061516400003e+00 6.676802048821055546e-01 2.534726000000000000e+06
7.068628793135065536e+00 6.652367773557142927e-01 2.549906000000000000e+06
7.084334935478915796e+00 6.637453970366989919e-01 2.551074000000000000e+06
7.100038328422084710e+00 6.623719415941637934e-01 2.570702000000000000e+06
7.115745931638459254e+00 6.598694109705348643e-01 2.574642000000000000e+06
7.131451190238497162e+00 6.576888367528042068e-01 2.594066000000000000e+06
7.147151468730735147e+00 6.559180141683257359e-01 2.594802000000000000e+06
7.162835307179018507e+00 6.538089149052652704e-01 2.612030000000000000e+06
7.178551581855800556e+00 6.511051943831589472e-01 2.627954000000000000e+06
7.194283665259025184e+00 6.502492802232386904e-01 2.640402000000000000e+06
7.209984529526630936e+00 6.481685844235788307e-01 2.641454000000000000e+06
7.225685108067660956e+00 6.448491434852812176e-01 2.661834000000000000e+06
7.241394735953288198e+00 6.440660805098874508e-01 2.669138000000000000e+06
7.257108192998378726e+00 6.422977490802120881e-01 2.684858000000000000e+06
7.272822849503533860e+00 6.397885879632206896e-01 2.693910000000000000e+06
7.288518104809805997e+00 6.383633417996640302e-01 2.701682000000000000e+06
7.304234199753477874e+00 6.355063984327310456e-01 2.722698000000000000e+06
7.319945495172938799e+00 6.332915881115284140e-01 2.725262000000000000e+06
7.335649438298961655e+00 6.324118488942368499e-01 2.742450000000000000e+06
7.351353846506168743e+00 6.312594323326726764e-01 2.749850000000000000e+06
7.367055388436875241e+00 6.296682642872287738e-01 2.763902000000000000e+06
7.382770533642191602e+00 6.278403385570189288e-01 2.778498000000000000e+06
7.398475089415688544e+00 6.255545370313840836e-01 2.784530000000000000e+06
7.414188731852492609e+00 6.238669294242086272e-01 2.804106000000000000e+06
7.429901641940141133e+00 6.208964015104331269e-01 2.809790000000000000e+06
7.445612173277812218e+00 6.193840091070696996e-01 2.825058000000000000e+06
7.461320649323638143e+00 6.171365895996584472e-01 2.834330000000000000e+06
7.477011404590944821e+00 6.160523211994840542e-01 2.842022000000000000e+06
7.492720686839765776e+00 6.138346870272282096e-01 2.864754000000000000e+06
7.508423522993188826e+00 6.121634995073643726e-01 2.864186000000000000e+06
7.524104703200965361e+00 6.107733254431787495e-01 2.879538000000000000e+06
7.539811207090460599e+00 6.086417046105921935e-01 2.899454000000000000e+06
7.555522870235571453e+00 6.077350479881608036e-01 2.904258000000000000e+06
7.571252185241664989e+00 6.054923429323392225e-01 2.930234000000000000e+06
7.586982910029617777e+00 6.030041208031606814e-01 2.929526000000000000e+06
7.602682376348832705e+00 6.008518179797596170e-01 2.942442000000000000e+06
7.618398087127784990e+00 6.002878435293044213e-01 2.960810000000000000e+06
7.634111360506788735e+00 5.980401382281141931e-01 2.964954000000000000e+06
7.649813471415971122e+00 5.974516590571335994e-01 2.980910000000000000e+06
7.665516544353160100e+00 5.946096895396756343e-01 2.990978000000000000e+06
7.681228381318442544e+00 5.930625184115312365e-01 3.007626000000000000e+06
7.696947282980596938e+00 5.903492885121255362e-01 3.019166000000000000e+06
7.712641051068838571e+00 5.895867054606118707e-01 3.021090000000000000e+06
7.728340175203005202e+00 5.880948158593939379e-01 3.047834000000000000e+06
7.744066325082287428e+00 5.871321086925929134e-01 3.055590000000000000e+06
7.759785182459853381e+00 5.855829194022185158e-01 3.068546000000000000e+06
7.775464898067028230e+00 5.825705496150653806e-01 3.067274000000000000e+06
7.791162210093558471e+00 5.826385028943938948e-01 3.098058000000000000e+06
7.806896787352753719e+00 5.801727944747451238e-01 3.109214000000000000e+06
7.822604758484962950e+00 5.792752597199262166e-01 3.110466000000000000e+06
7.838284799897788702e+00 5.771532741000585665e-01 3.124370000000000000e+06
7.853986825204827937e+00 5.758304088768624318e-01 3.144174000000000000e+06
7.869722202747719386e+00 5.736375847714136889e-01 3.161738000000000000e+06
7.885429030328279687e+00 5.712108649351718137e-01 3.159890000000000000e+06
7.901109098578781520e+00 5.711276967163998464e-01 3.174138000000000000e+06
7.916812369163124252e+00 5.689284967799630444e-01 3.195926000000000000e+06
7.932546153031187153e+00 5.673635153170624168e-01 3.211386000000000000e+06
7.948275829971742645e+00 5.665813431060157113e-01 3.219314000000000000e+06
7.963974762265003449e+00 5.640748362886428557e-01 3.225494000000000000e+06
7.979672909422356852e+00 5.634183324790705827e-01 3.242562000000000000e+06
7.995382124285669967e+00 5.618656080676602826e-01 3.257450000000000000e+06
8.011096558073175444e+00 5.608549079598840192e-01 3.269118000000000000e+06
8.026799325701325927e+00 5.586353627555330492e-01 3.278930000000000000e+06
8.042482997119602572e+00 5.569234631007256020e-01 3.286650000000000000e+06
8.058198313138401403e+00 5.552870250044473766e-01 3.316610000000000000e+06
8.073929632859263350e+00 5.550370505626602835e-01 3.321542000000000000e+06
8.089631173905692307e+00 5.526512748086419569e-01 3.328578000000000000e+06
8.105328344487277903e+00 5.517040504933522493e-01 3.345074000000000000e+06
8.121039774478980178e+00 5.499299681766827153e-01 3.361686000000000000e+06
8.136750954641513545e+00 5.481951478489917040e-01 3.369722000000000000e+06
8.152451824383751600e+00 5.473723816866501446e-01 3.385290000000000000e+06
8.168148505929304193e+00 5.460870164564762819e-01 3.391370000000000000e+06
8.183868116116777003e+00 5.445393702420650017e-01 3.422966000000000000e+06
8.199591131301563252e+00 5.421801132199730588e-01 3.419538000000000000e+06
8.215300984565764963e+00 5.413084816772180119e-01 3.441890000000000000e+06
8.231010872605484252e+00 5.397211726943695886e-01 3.447582000000000000e+06
8.246721005479363598e+00 5.389354507315874399e-01 3.466298000000000000e+06
8.262408288354077257e+00 5.363879301043160686e-01 3.466194000000000000e+06
8.278098173695775941e+00 5.364514576201683260e-01 3.492062000000000000e+06
8.293810268215034753e+00 5.344886363960750231e-01 3.503114000000000000e+06
8.309519053075314687e+00 5.332364294800386872e-01 3.517146000000000000e+06
8.325241433409063418e+00 5.310081635746863871e-01 3.535706000000000000e+06
8.340952984226902345e+00 5.298788725279978129e-01 3.539742000000000000e+06
8.356659711712842054e+00 5.288602741789272255e-01 3.558698000000000000e+06
8.372371429175492707e+00 5.278723668266798175e-01 3.570122000000000000e+06
8.388083579962753333e+00 5.267796625770464480e-01 3.585174000000000000e+06
8.403790832576294889e+00 5.252485244750457749e-01 3.594314000000000000e+06
8.419496525959527133e+00 5.239894271117954139e-01 3.612258000000000000e+06
8.435201663874629219e+00 5.220465215140699389e-01 3.620282000000000000e+06
8.450905678681708721e+00 5.217370993421960312e-01 3.639078000000000000e+06
8.466617353651699318e+00 5.200292772123984442e-01 3.650450000000000000e+06
8.482317771685245589e+00 5.182802127481757060e-01 3.661418000000000000e+06
8.498018574275240766e+00 5.171820643588074251e-01 3.677694000000000000e+06
8.513736467920875128e+00 5.156742342622169240e-01 3.695978000000000000e+06
8.529447827058733722e+00 5.143558878257323830e-01 3.702810000000000000e+06
8.545145453356283838e+00 5.131305833814564510e-01 3.716162000000000000e+06
8.560863155475518127e+00 5.121640325082738032e-01 3.740094000000000000e+06
8.576575892842692284e+00 5.109880728284817986e-01 3.740954000000000000e+06
8.592276429309924524e+00 5.098334966787611000e-01 3.760946000000000000e+06
8.607993113742812952e+00 5.091266444660768054e-01 3.778278000000000000e+06
8.623706693511682175e+00 5.074027615364332666e-01 3.784922000000000000e+06
8.639416117971885356e+00 5.060590705091312369e-01 3.805266000000000000e+06
8.655118251607849089e+00 5.048415888284906172e-01 3.807686000000000000e+06
8.670819176621002100e+00 5.039219906447210962e-01 3.833130000000000000e+06
8.686531013296711734e+00 5.029088486992626672e-01 3.841898000000000000e+06
8.702242672461403927e+00 5.009555933867519961e-01 3.858074000000000000e+06
8.717947060126663317e+00 5.000072370607814287e-01 3.868974000000000000e+06
8.733653634556446832e+00 4.987090006027752320e-01 3.885362000000000000e+06
8.749361177527063660e+00 4.974591423418986413e-01 3.898290000000000000e+06
8.765057838444775484e+00 4.962820877355250127e-01 3.907334000000000000e+06
8.780760279838380811e+00 4.949747119298094078e-01 3.928730000000000000e+06
8.796461536498792810e+00 4.944066882991851042e-01 3.936666000000000000e+06
8.812176163138749629e+00 4.928038033032206555e-01 3.961346000000000000e+06
8.827908468663524744e+00 4.920317087943127388e-01 3.975774000000000000e+06
8.843605203440207063e+00 4.909629616942217667e-01 3.970106000000000000e+06
8.859298780821674768e+00 4.890733780978575029e-01 4.003170000000000000e+06
8.875033023597818982e+00 4.890207455645620982e-01 4.019558000000000000e+06
8.890757701901966570e+00 4.870137794170470436e-01 4.025642000000000000e+06
8.906442147587496194e+00 4.858316242664168505e-01 4.028514000000000000e+06
8.922138549702236077e+00 4.850221941775603729e-01 4.059398000000000000e+06
8.937858770665876307e+00 4.841420651875309455e-01 4.069674000000000000e+06
8.953569902743538478e+00 4.825646999361852818e-01 4.083698000000000000e+06
8.969276596619630837e+00 4.814223507463597507e-01 4.095210000000000000e+06
8.984978332063514372e+00 4.808444154726970732e-01 4.110518000000000000e+06
9.000686439228440250e+00 4.797845814604359549e-01 4.126850000000000000e+06
9.016395212272197313e+00 4.782802478385860812e-01 4.140114000000000000e+06
9.032081625028110849e+00 4.770240970833021232e-01 4.144070000000000000e+06
9.047784840512392179e+00 4.760513369647315640e-01 4.175802000000000000e+06
9.063510534008996089e+00 4.746743103076924708e-01 4.187882000000000000e+06
9.079229438028200150e+00 4.741035303923319955e-01 4.199250000000000000e+06
9.094931536527573357e+00 4.724417282006667662e-01 4.209326000000000000e+06
9.110624252584134553e+00 4.719571638012093340e-01 4.222130000000000000e+06
9.126345788688972505e+00 4.708469726095596553e-01 4.254258000000000000e+06
9.142067210789587506e+00 4.692243263809947607e-01 4.252478000000000000e+06
9.157769224107168426e+00 4.685684869311761425e-01 4.270698000000000000e+06
9.173460189222041095e+00 4.679420081989246749e-01 4.278122000000000000e+06
9.189172851773026451e+00 4.664616772833138914e-01 4.309898000000000000e+06
9.204899411326563197e+00 4.653557613240216773e-01 4.317150000000000000e+06
9.220610370561862723e+00 4.641914690123883913e-01 4.329698000000000000e+06
9.236312329177842173e+00 4.627846174898510023e-01 4.340826000000000000e+06
9.252011696799515406e+00 4.623901559550324669e-01 4.359590000000000000e+06
9.267725419345696380e+00 4.614522430515096141e-01 4.376850000000000000e+06
9.283431809080884278e+00 4.601500476215009128e-01 4.386674000000000000e+06
9.299131961634870436e+00 4.593422050433211279e-01 4.401782000000000000e+06
9.314836560434526902e+00 4.580174963398435661e-01 4.419210000000000000e+06
9.330566699333866509e+00 4.569909706145217632e-01 4.446482000000000000e+06
9.346274096307771728e+00 4.558508644016057709e-01 4.435554000000000000e+06
9.361966720359685468e+00 4.556680910928646577e-01 4.468934000000000000e+06
9.377681860044402740e+00 4.546756110906390869e-01 4.477650000000000000e+06
9.393384317371491932e+00 4.530028379829257879e-01 4.491218000000000000e+06
9.409088966137430177e+00 4.528040789666806787e-01 4.510358000000000000e+06
9.424791439829672157e+00 4.509044184983204695e-01 4.518594000000000000e+06
9.440499207501432011e+00 4.501945384658378457e-01 4.544474000000000000e+06
9.456214212898441218e+00 4.495254715517987276e-01 4.552098000000000000e+06
9.471927439984570540e+00 4.484485485214175227e-01 4.574990000000000000e+06
9.487631754062700651e+00 4.474961275536844529e-01 4.577210000000000000e+06
9.503344281547928318e+00 4.468196921738836203e-01 4.608186000000000000e+06
9.519057247113778431e+00 4.458361929357481102e-01 4.610198000000000000e+06
9.534757011366917112e+00 4.448582038316679088e-01 4.628898000000000000e+06
9.550453458784650351e+00 4.441342915687208071e-01 4.641170000000000000e+06
9.566158712525282937e+00 4.430386778487417354e-01 4.662462000000000000e+06
9.581880158653657276e+00 4.418564301341338374e-01 4.681442000000000000e+06
9.597589579516229819e+00 4.412480134816600397e-01 4.687850000000000000e+06
9.613296380928980867e+00 4.401444003569473518e-01 4.708818000000000000e+06
9.629006062959270196e+00 4.391787711366687552e-01 4.721534000000000000e+06
9.644707396083033402e+00 4.384057327949594240e-01 4.732770000000000000e+06
9.660406197323647248e+00 4.374493514673663541e-01 4.753346000000000000e+06
9.676122008914001427e+00 4.366468212314310593e-01 4.772886000000000000e+06
9.691840694543541801e+00 4.354942678289974167e-01 4.785098000000000000e+06
9.707543237507161749e+00 4.343187441949504235e-01 4.795394000000000000e+06
9.723244122996092642e+00 4.334364235791296482e-01 4.813986000000000000e+06
9.738952330288141113e+00 4.323525696232339288e-01 4.832654000000000000e+06
9.754669949504904736e+00 4.317964919921424838e-01 4.849362000000000000e+06
9.770377600734033052e+00 4.308211250715782148e-01 4.858322000000000000e+06
9.786069629200518705e+00 4.303921233530529911e-01 4.871286000000000000e+06
9.801770721287397237e+00 4.290772356809967047e-01 4.894370000000000000e+06
9.817489821034564912e+00 4.278628183085265713e-01 4.914650000000000000e+06
9.833199646667972971e+00 4.277573766306519421e-01 4.919658000000000000e+06
9.848902655768293712e+00 4.268539601646255677e-01 4.941638000000000000e+06
9.864627278272442013e+00 4.252863598817065438e-01 4.965954000000000000e+06
9.880352198135229358e+00 4.243681324759592810e-01 4.971770000000000000e+06
9.896056604692210712e+00 4.242120267115844778e-01 4.985702000000000000e+06
9.911750273437519354e+00 4.231487452550019568e-01 4.996314000000000000e+06
9.927450557379374985e+00 4.225135414272678802e-01 5.021258000000000000e+06
9.943165753651260985e+00 4.209658884542331059e-01 5.038470000000000000e+06
9.958875512968258903e+00 4.205409650653550990e-01 5.048570000000000000e+06
9.974579326095815546e+00 4.197225376130720442e-01 5.067786000000000000e+06
9.990292534396033375e+00 4.189235528583302171e-01 5.084402000000000000e+06
1.000600856325589305e+01 4.183130763103131144e-01 5.104238000000000000e+06
1.002170444839863528e+01 4.173209340068092521e-01 5.101890000000000000e+06
1.003739052522703901e+01 4.166251266669447895e-01 5.129594000000000000e+06
1.005309882194248416e+01 4.158390440555858047e-01 5.149086000000000000e+06
1.006881895908520086e+01 4.155445889730643438e-01 5.168834000000000000e+06
1.008452231173344416e+01 4.138137805458532159e-01 5.172306000000000000e+06
1.010022729382937889e+01 4.131228965586747903e-01 5.199218000000000000e+06
1.011594565713278016e+01 4.122285698398789888e-01 5.215430000000000000e+06
1.013166058960754867e+01 4.114302152621519548e-01 5.229066000000000000e+06
1.014737047935454051e+01 4.107585427102142805e-01 5.244530000000000000e+06
1.016308234466913696e+01 4.099198251144338112e-01 5.262870000000000000e+06
1.017878958276594581e+01 4.093923409530318969e-01 5.272562000000000000e+06
1.019448555450210314e+01 4.085384146002588590e-01 5.290098000000000000e+06
1.021019673146567186e+01 4.074665745137983075e-01 5.314358000000000000e+06
1.022590751621006078e+01 4.064511307382915328e-01 5.322098000000000000e+06
1.024160880192673417e+01 4.058357888540516378e-01 5.341026000000000000e+06
1.025732775208617475e+01 4.048049622330234798e-01 5.366858000000000000e+06
1.027304584666867804e+01 4.042217470083294684e-01 5.374422000000000000e+06
1.028873472736696293e+01 4.034938998424986156e-01 5.377730000000000000e+06
1.030442576009853184e+01 4.029112232202772814e-01 5.409410000000000000e+06
1.032014867554843818e+01 4.019419162335614026e-01 5.434014000000000000e+06
1.033586943357362209e+01 4.013595533052564668e-01 5.438882000000000000e+06
1.035157161316932140e+01 4.006657682355670991e-01 5.456178000000000000e+06
1.036727210965784174e+01 4.000093157333319827e-01 5.469242000000000000e+06
1.038298135070349915e+01 3.988908466143902820e-01 5.496174000000000000e+06
1.039869418006627910e+01 3.981347390714427004e-01 5.505530000000000000e+06
1.041439794625569881e+01 3.973739776229886500e-01 5.521202000000000000e+06
1.043010482665170713e+01 3.964995564675117268e-01 5.544126000000000000e+06
1.044582478281855487e+01 3.960944719399234759e-01 5.560106000000000000e+06
1.046154309703894825e+01 3.952456058098618996e-01 5.579754000000000000e+06
1.047723959228104285e+01 3.943620466727759122e-01 5.576270000000000000e+06
1.049292720351744279e+01 3.935394491806693540e-01 5.607138000000000000e+06
1.050863523850499526e+01 3.926676072252821559e-01 5.625026000000000000e+06
1.052435348202229015e+01 3.923111790288766887e-01 5.646698000000000000e+06
1.054005549761004978e+01 3.914884798108592689e-01 5.649126000000000000e+06
1.055575482461481052e+01 3.907839411151438069e-01 5.676434000000000000e+06
1.057145826219870344e+01 3.898397743932308090e-01 5.687418000000000000e+06
1.058717117850224376e+01 3.895766669057686982e-01 5.715830000000000000e+06
1.060289400134469062e+01 3.886026607507840902e-01 5.729210000000000000e+06
1.061860918710306834e+01 3.876849454515577942e-01 5.744802000000000000e+06
1.063431091651675153e+01 3.865114268498374694e-01 5.752154000000000000e+06
1.065002180958671651e+01 3.864255332606800208e-01 5.786382000000000000e+06
1.066572980082734468e+01 3.854545251796894223e-01 5.784146000000000000e+06
1.068142742642893950e+01 3.849245614270528915e-01 5.812146000000000000e+06
1.069714023788434787e+01 3.843222474282893542e-01 5.830166000000000000e+06
1.071285364357418146e+01 3.830969405646740822e-01 5.845850000000000000e+06
1.072856242199254062e+01 3.828235201610689087e-01 5.862834000000000000e+06
1.074426756718287557e+01 3.819555039034619459e-01 5.876066000000000000e+06
1.075998381704133955e+01 3.811702761361862035e-01 5.905854000000000000e+06
1.077568840897438562e+01 3.807581620236539233e-01 5.902274000000000000e+06
1.079138304940738280e+01 3.799398879630594417e-01 5.931258000000000000e+06
1.080709884248571484e+01 3.793047684907017159e-01 5.954966000000000000e+06
1.082281622961874490e+01 3.785567090324685191e-01 5.965346000000000000e+06
1.083851693336031374e+01 3.777218543622438696e-01 5.977818000000000000e+06
1.085422396324159422e+01 3.772456924704873926e-01 6.004718000000000000e+06
1.086993137901790796e+01 3.762294347062214994e-01 6.011706000000000000e+06
1.088564351758435222e+01 3.755386410663985042e-01 6.045770000000000000e+06
1.090135356744657535e+01 3.751260844420654106e-01 6.041586000000000000e+06
1.091705034221926418e+01 3.745553801756777434e-01 6.073166000000000000e+06
1.093275207829069018e+01 3.736813538232349741e-01 6.078962000000000000e+06
1.094846122315083825e+01 3.728001827858752892e-01 6.114258000000000000e+06
1.096418118107341577e+01 3.721992472423218956e-01 6.123086000000000000e+06
1.097988849072496542e+01 3.712817573414026739e-01 6.136770000000000000e+06
1.099558679320981724e+01 3.708350243984547268e-01 6.154898000000000000e+06
1.101129673485095672e+01 3.703451504464596034e-01 6.178610000000000000e+06
1.102701485690355909e+01 3.695015571197205473e-01 6.197982000000000000e+06
1.104272390432796591e+01 3.687334839352414129e-01 6.205322000000000000e+06
1.105841361686979951e+01 3.683619961890060024e-01 6.218850000000000000e+06
1.107411347758379350e+01 3.674275250890385314e-01 6.249542000000000000e+06
1.108984077014840963e+01 3.666976350247507788e-01 6.274146000000000000e+06
1.110554794633057796e+01 3.659147445983743641e-01 6.270242000000000000e+06
1.112124931961106533e+01 3.654035892788549122e-01 6.305222000000000000e+06
1.113697510740422381e+01 3.649116224976782230e-01 6.325026000000000000e+06
1.115268911253386719e+01 3.643670515840213842e-01 6.331922000000000000e+06
1.116838422783226115e+01 3.638199280608881425e-01 6.343698000000000000e+06
1.118408594539889478e+01 3.625080743096876779e-01 6.375158000000000000e+06
1.119980416311440052e+01 3.621977125793430230e-01 6.392178000000000000e+06
1.121552521724412621e+01 3.614641189391385456e-01 6.412826000000000000e+06
1.123121923820420243e+01 3.610892906251492174e-01 6.407078000000000000e+06
1.124691480473033778e+01 3.598211541211366882e-01 6.447954000000000000e+06
1.126262248805396560e+01 3.598148458509925485e-01 6.456026000000000000e+06
1.127833175656502007e+01 3.589984254942198971e-01 6.482034000000000000e+06
1.129403915665967872e+01 3.582946191195953700e-01 6.492878000000000000e+06
1.130972772992016750e+01 3.578144450524555764e-01 6.502074000000000000e+06
1.132543464171678238e+01 3.572978008323487997e-01 6.542930000000000000e+06
1.134116092480786619e+01 3.567255076489362353e-01 6.556598000000000000e+06
1.135687931575279030e+01 3.554884990556029800e-01 6.570330000000000000e+06
1.137258152843119419e+01 3.551494086341869805e-01 6.581882000000000000e+06
1.138829329520135047e+01 3.543641889220883745e-01 6.612546000000000000e+06
1.140401544384409860e+01 3.537546717854781475e-01 6.628622000000000000e+06
1.141971418729731447e+01 3.531369192659836731e-01 6.629498000000000000e+06
1.143540805815246841e+01 3.527696812704133600e-01 6.659250000000000000e+06
1.145112342906401892e+01 3.515573423057054003e-01 6.686006000000000000e+06
1.146683855971028443e+01 3.508988784523436877e-01 6.693786000000000000e+06
1.148253750634374093e+01 3.507497294963282664e-01 6.711554000000000000e+06
1.149824439280081201e+01 3.499910476718156582e-01 6.735678000000000000e+06
1.151395944216632472e+01 3.494173881091746647e-01 6.754754000000000000e+06
1.152967750311644046e+01 3.486354822572481083e-01 6.776570000000000000e+06
1.154536786069484400e+01 3.480537338301863404e-01 6.767394000000000000e+06
1.156106414707133290e+01 3.474545359613014917e-01 6.818246000000000000e+06
1.157679140551482533e+01 3.464750777461649833e-01 6.830562000000000000e+06
1.159249865891797526e+01 3.461033959304514185e-01 6.839186000000000000e+06
1.160819828013273636e+01 3.454896711517166374e-01 6.861462000000000000e+06
1.162390472506793770e+01 3.452756484585039476e-01 6.880394000000000000e+06
1.163962004466343636e+01 3.444667996104922025e-01 6.907178000000000000e+06
1.165533434666404133e+01 3.439873217335638333e-01 6.917034000000000000e+06
1.167104051015950716e+01 3.426764004961707633e-01 6.937934000000000000e+06
1.168673926950135034e+01 3.425207096333081624e-01 6.947250000000000000e+06
1.170244721913763897e+01 3.420349461895880738e-01 6.982106000000000000e+06
1.171816433671575730e+01 3.415218780974304535e-01 6.995718000000000000e+06
1.173387031746687015e+01 3.405443903405349637e-01 7.006682000000000000e+06
1.174957622851401240e+01 3.400987170591367459e-01 7.035866000000000000e+06
1.176529536104995444e+01 3.396253744271069963e-01 7.054110000000000000e+06
1.178099828544282701e+01 3.389795988040560926e-01 7.059194000000000000e+06
1.179669856151566165e+01 3.386326564108811943e-01 7.091802000000000000e+06
1.181240716294206905e+01 3.379952669228492024e-01 7.100666000000000000e+06
1.182811135021641213e+01 3.367404514193295673e-01 7.129070000000000000e+06
1.184382402706377313e+01 3.363912064510403144e-01 7.143282000000000000e+06
1.185952830171168593e+01 3.363502833631362710e-01 7.161482000000000000e+06
1.187523683486437243e+01 3.352080130343755848e-01 7.184694000000000000e+06
1.189095187450934432e+01 3.347579871164480525e-01 7.203914000000000000e+06
1.190666038869163401e+01 3.338264254725858970e-01 7.219746000000000000e+06
1.192235843864241396e+01 3.336031399570098532e-01 7.228634000000000000e+06
1.193806809039961259e+01 3.331622430723914507e-01 7.271990000000000000e+06
1.195377948291443992e+01 3.325944234493763418e-01 7.266786000000000000e+06
1.196947381174999947e+01 3.318739931310112357e-01 7.293650000000000000e+06
1.198518648559551458e+01 3.312008146818593013e-01 7.324086000000000000e+06
1.200090807358362710e+01 3.308849379654296152e-01 7.338650000000000000e+06
1.201661637889760037e+01 3.300473397441390233e-01 7.351962000000000000e+06
1.203230565217210035e+01 3.295947569656350051e-01 7.357190000000000000e+06
1.204801118703936780e+01 3.289364278517459272e-01 7.406042000000000000e+06
1.206372840719771133e+01 3.284347192043436947e-01 7.408626000000000000e+06
1.207943832024087349e+01 3.277284244332340779e-01 7.435610000000000000e+06
1.209515324384951640e+01 3.270054022637827740e-01 7.453542000000000000e+06
1.211085873951972935e+01 3.268542465556681376e-01 7.464002000000000000e+06
1.212656505101618798e+01 3.261360843050806757e-01 7.493546000000000000e+06
1.214227798456889929e+01 3.255948828927281435e-01 7.510806000000000000e+06
1.215799402266435081e+01 3.249655076914661489e-01 7.532114000000000000e+06
1.217369248650853386e+01 3.243822445003697874e-01 7.536234000000000000e+06
1.218938816956664795e+01 3.240706510346380576e-01 7.565834000000000000e+06
1.220511056850387632e+01 3.230924593275709134e-01 7.603062000000000000e+06
1.222082302231588535e+01 3.223527401634735390e-01 7.593890000000000000e+06
1.223651649645578665e+01 3.220636591871918752e-01 7.622906000000000000e+06
1.225222107367874180e+01 3.215509410560637438e-01 7.646622000000000000e+06
1.226793902491068877e+01 3.212911059848609363e-01 7.672058000000000000e+06
1.228364718069601835e+01 3.203351886996627096e-01 7.679346000000000000e+06
1.229933962477952214e+01 3.198843359818683285e-01 7.693058000000000000e+06
1.231504373451924117e+01 3.195432633425235314e-01 7.732158000000000000e+06
1.233076331536994985e+01 3.186478454392831505e-01 7.746962000000000000e+06
1.234648244688633945e+01 3.182900792769411957e-01 7.770986000000000000e+06
1.236218576653318735e+01 3.176269162467669771e-01 7.772094000000000000e+06
1.237788516389707461e+01 3.171076965147059945e-01 7.803818000000000000e+06
1.239360390984925964e+01 3.164927272731914432e-01 7.834338000000000000e+06
1.240931454438657155e+01 3.161646588908703648e-01 7.833710000000000000e+06
1.242501025862532238e+01 3.155694754182384321e-01 7.858794000000000000e+06
1.244071609171995973e+01 3.151437859337999914e-01 7.884290000000000000e+06
1.245642554635569788e+01 3.143495012732990257e-01 7.901522000000000000e+06
1.247213990979998322e+01 3.136053459345512495e-01 7.930662000000000000e+06
1.248784889213827753e+01 3.132958830292197350e-01 7.934426000000000000e+06
1.250355459696362281e+01 3.128951296307592167e-01 7.967322000000000000e+06
1.251926642764211373e+01 3.125025213187681006e-01 7.981934000000000000e+06
1.253497567568721927e+01 3.116830070463592617e-01 8.003282000000000000e+06
1.255068061703326165e+01 3.110413825214167205e-01 8.019666000000000000e+06
1.256637936912699516e+01 3.105853619436822477e-01 8.034482000000000000e+06
1.258208508998344399e+01 3.102698727973406401e-01 8.068542000000000000e+06
1.259780313698870202e+01 3.095665462044511762e-01 8.088290000000000000e+06
1.261351163942811127e+01 3.091765310223580365e-01 8.096322000000000000e+06
1.262921162496122385e+01 3.090332571430541297e-01 8.122646000000000000e+06
1.264492727534496019e+01 3.081943213722270758e-01 8.150138000000000000e+06
1.266064123044320411e+01 3.074530006287565786e-01 8.165322000000000000e+06
1.267635049109034462e+01 3.071917834168074735e-01 8.182574000000000000e+06
1.269205751319950970e+01 3.065870111259580422e-01 8.203698000000000000e+06
1.270776623809462613e+01 3.061234747318374860e-01 8.226914000000000000e+06
1.272347983526652904e+01 3.056287649004510998e-01 8.246898000000000000e+06
1.273918476699724422e+01 3.049044914566774733e-01 8.261774000000000000e+06
1.275488532096565741e+01 3.046635418928800298e-01 8.279426000000000000e+06
1.277058911046302292e+01 3.039873641217024636e-01 8.308722000000000000e+06
1.278629950396799053e+01 3.037974402291365728e-01 8.326214000000000000e+06
1.280200365974331511e+01 3.029915619461462928e-01 8.342682000000000000e+06
1.281770065856501084e+01 3.024999061098450626e-01 8.360834000000000000e+06
1.283340848437807935e+01 3.022212793984100920e-01 8.393226000000000000e+06
1.284913125601308792e+01 3.013506291455615438e-01 8.420150000000000000e+06
1.286484437274510917e+01 3.007516873098577959e-01 8.421986000000000000e+06
1.288054190366636220e+01 3.003776234904473319e-01 8.445714000000000000e+06
1.289624751817243542e+01 2.996416090003174992e-01 8.472590000000000000e+06
1.291196350413541616e+01 2.992151607287263926e-01 8.495370000000000000e+06
1.292767561271233312e+01 2.990039883460228753e-01 8.512802000000000000e+06
1.294337627341686670e+01 2.981850904990913098e-01 8.523290000000000000e+06
1.295909254465509619e+01 2.978763110224709187e-01 8.570982000000000000e+06
1.297481202941889933e+01 2.972626463244611994e-01 8.568458000000000000e+06
1.299050877709477980e+01 2.968413315882680314e-01 8.586498000000000000e+06
1.300620190024628187e+01 2.963180977502422597e-01 8.608838000000000000e+06
1.302191363383399469e+01 2.957560253122683003e-01 8.645610000000000000e+06
1.303763169598336091e+01 2.953019188564704467e-01 8.658386000000000000e+06
1.305333181807477239e+01 2.949404851857243548e-01 8.668598000000000000e+06
1.306903073371036683e+01 2.944368828202734711e-01 8.697426000000000000e+06
1.308473895878913140e+01 2.935041333039535849e-01 8.722562000000000000e+06
1.310044895130510945e+01 2.935246800111971366e-01 8.737962000000000000e+06
1.311616215419301668e+01 2.927723287342017255e-01 8.771366000000000000e+06
1.313186858979111094e+01 2.922947870313681307e-01 8.771010000000000000e+06
1.314758318782488900e+01 2.921955818556351558e-01 8.822618000000000000e+06
1.316329275779432884e+01 2.911450696808688399e-01 8.807726000000000000e+06
1.317898595262972350e+01 2.910008097579793729e-01 8.844618000000000000e+06
1.319469240226760220e+01 2.903098947063624258e-01 8.868722000000000000e+06
1.321040689247021405e+01 2.899432023819886739e-01 8.891394000000000000e+06
1.322611949941154208e+01 2.895531149579878005e-01 8.911934000000000000e+06
1.324182463394985909e+01 2.893653564155196922e-01 8.923938000000000000e+06
1.325752875752444560e+01 2.886460285277051563e-01 8.953682000000000000e+06
1.327324685934994797e+01 2.880277547254131432e-01 8.981966000000000000e+06
1.328896030804089534e+01 2.876268207947951794e-01 8.990442000000000000e+06
1.330465770248929935e+01 2.872321482294268313e-01 9.007874000000000000e+06
1.332036222917837698e+01 2.866760604236184840e-01 9.038982000000000000e+06
1.333608106842605068e+01 2.863124781525642759e-01 9.068570000000000000e+06
1.335180331535189246e+01 2.857577942269062254e-01 9.085250000000000000e+06
1.336750361723562541e+01 2.848352007608405123e-01 9.084690000000000000e+06
1.338320275923961589e+01 2.847000499745088176e-01 9.128654000000000000e+06
1.339890831652831338e+01 2.843153034488573039e-01 9.133170000000000000e+06
1.341462514739588485e+01 2.836532463621892486e-01 9.185882000000000000e+06
1.343033068227095939e+01 2.833134113711133772e-01 9.163254000000000000e+06
1.344603079414738112e+01 2.827781983551208023e-01 9.220130000000000000e+06
1.346175097817287813e+01 2.824818604465784144e-01 9.233138000000000000e+06
1.347746169624149459e+01 2.819572840465596753e-01 9.249378000000000000e+06
1.349316675243398933e+01 2.811622382449536772e-01 9.271550000000000000e+06
1.350886780744113125e+01 2.809707367848390258e-01 9.286266000000000000e+06
1.352457420959309786e+01 2.807602532925956296e-01 9.320762000000000000e+06
1.354027528269936731e+01 2.798559203784224958e-01 9.326718000000000000e+06
1.355597266711250448e+01 2.796365895630835152e-01 9.354602000000000000e+06
1.357167854077304803e+01 2.790282884216552239e-01 9.384122000000000000e+06
1.358738838662311110e+01 2.787755457645682555e-01 9.400482000000000000e+06
1.360310113866151482e+01 2.782030329161364612e-01 9.432638000000000000e+06
1.361881507393887070e+01 2.776719492861751126e-01 9.445314000000000000e+06
1.363453202384387275e+01 2.773269573897179652e-01 9.477290000000000000e+06
1.365024566205330991e+01 2.768457544601842235e-01 9.489182000000000000e+06
1.366595033684499860e+01 2.767264760265016887e-01 9.506706000000000000e+06
1.368165392332742947e+01 2.760206442683211248e-01 9.533978000000000000e+06
1.369736167268202998e+01 2.754156207326572958e-01 9.553662000000000000e+06
1.371307055606699343e+01 2.750985802399413815e-01 9.579506000000000000e+06
1.372878654632152795e+01 2.747613257720288860e-01 9.607866000000000000e+06
1.374449164540093271e+01 2.742405723186301936e-01 9.608354000000000000e+06
1.376018948147827103e+01 2.735811648901653736e-01 9.643862000000000000e+06
1.377590285876657106e+01 2.732431039799275707e-01 9.670578000000000000e+06
1.379161550194992891e+01 2.730296793212970141e-01 9.687890000000000000e+06
1.380731081996385612e+01 2.722233020065212283e-01 9.693294000000000000e+06
1.382300999567189415e+01 2.717112789458212552e-01 9.736034000000000000e+06
1.383872564254849102e+01 2.717751742862395403e-01 9.758946000000000000e+06
1.385444081006387584e+01 2.712742997899375008e-01 9.778994000000000000e+06
1.387015071998694360e+01 2.710544724029669283e-01 9.796814000000000000e+06
1.388585452423644107e+01 2.702344797462167825e-01 9.816882000000000000e+06
1.390156760444444295e+01 2.697726230326660812e-01 9.850514000000000000e+06
1.391727461050539816e+01 2.694246444472447322e-01 9.856062000000000000e+06
1.393297592547683017e+01 2.691188298711421067e-01 9.886706000000000000e+06
1.394868876145243419e+01 2.685146639930602319e-01 9.916194000000000000e+06
1.396439742877755918e+01 2.681648012152118010e-01 9.924854000000000000e+06
1.398010702101767677e+01 2.677580612940433369e-01 9.961490000000000000e+06
1.399582173626056658e+01 2.672495800722670678e-01 9.979098000000000000e+06
1.401152670862070160e+01 2.667169973251963810e-01 9.990266000000000000e+06
1.402722014478893797e+01 2.665469600788941684e-01 1.001239800000000000e+07
1.404291897715275006e+01 2.660638433727954832e-01 1.003881800000000000e+07
1.405862735443806244e+01 2.655487961674656838e-01 1.007208200000000000e+07
1.407433479531513143e+01 2.652739800072798082e-01 1.008267000000000000e+07
1.409004917104677368e+01 2.646964268109790464e-01 1.012322600000000000e+07
1.410576653922355916e+01 2.644796648864697342e-01 1.013483400000000000e+07
1.412147260933269344e+01 2.639492141516728840e-01 1.015145000000000000e+07
1.413717993358438640e+01 2.634946884943791812e-01 1.018411800000000000e+07
1.415289157905369954e+01 2.631529655944571666e-01 1.019981000000000000e+07
1.416860366393267157e+01 2.626779429436973401e-01 1.023038600000000000e+07
1.418430896436029265e+01 2.622728219259110038e-01 1.023833400000000000e+07
1.420001284291687682e+01 2.619884021895725335e-01 1.027159400000000000e+07
1.421572657614547808e+01 2.615708063121928162e-01 1.029841800000000000e+07
1.423143337578410517e+01 2.611286572164783770e-01 1.030681400000000000e+07
1.424713778177505397e+01 2.606021666895844691e-01 1.034130600000000000e+07
1.426285025225489456e+01 2.604986643625368248e-01 1.036284200000000000e+07
1.427856427368283398e+01 2.599354027603097972e-01 1.038883400000000000e+07
1.429426790244143852e+01 2.595883077793265103e-01 1.039563000000000000e+07
1.430996575509801971e+01 2.592808767695548577e-01 1.042536200000000000e+07
1.432567210679634506e+01 2.585580069931207037e-01 1.045427400000000000e+07
1.434138366999696146e+01 2.583420306778946851e-01 1.047829400000000000e+07
1.435709809438420237e+01 2.579356498084426907e-01 1.050181800000000000e+07
1.437280392282341523e+01 2.575435029258731356e-01 1.051481000000000000e+07
1.438851160269255303e+01 2.569314480205505125e-01 1.054884200000000000e+07
1.440422192675342039e+01 2.565807504915079695e-01 1.056646200000000000e+07
1.441992714275331444e+01 2.563265043955639255e-01 1.058681000000000000e+07
1.443563532454286502e+01 2.560346705223592867e-01 1.061495400000000000e+07
1.445133980253338457e+01 2.553542668487997491e-01 1.063105400000000000e+07
1.446704700330820970e+01 2.549578601814494472e-01 1.066236200000000000e+07
1.448275628028434348e+01 2.547010049465738835e-01 1.068335400000000000e+07
1.449846208348667354e+01 2.544196591215610592e-01 1.069929800000000000e+07
1.451417198299666467e+01 2.539430914977136022e-01 1.073878200000000000e+07
1.452988075651297706e+01 2.535744162293300241e-01 1.074420200000000000e+07
1.454558861043286200e+01 2.532911925281199905e-01 1.078218600000000000e+07
1.456129125218806841e+01 2.528204307737270673e-01 1.078496600000000000e+07
1.457699892464232683e+01 2.525552343016915779e-01 1.083393800000000000e+07
1.459271566640466311e+01 2.521646111065327656e-01 1.084813800000000000e+07
1.460843060267550619e+01 2.518138839846286725e-01 1.087376600000000000e+07
1.462413856613178353e+01 2.513506972096000713e-01 1.088697000000000000e+07
1.463984038393505038e+01 2.510300398389287979e-01 1.091244200000000000e+07
1.465554487563843367e+01 2.507465004519645602e-01 1.093669800000000000e+07
1.467125359738870749e+01 2.501442622209342215e-01 1.096614200000000000e+07
1.468695215062295389e+01 2.498932877103727246e-01 1.096874600000000000e+07
1.470265208970906734e+01 2.496658980506059056e-01 1.101460200000000000e+07
1.471836994524712061e+01 2.491692078457822257e-01 1.104277400000000000e+07
1.473408908505314230e+01 2.486003447641788044e-01 1.106147400000000000e+07
1.474979494899728394e+01 2.483235191850042267e-01 1.107245000000000000e+07
1.476549319820674455e+01 2.478617268824634401e-01 1.109692200000000000e+07
1.478120959716355998e+01 2.478107304464189087e-01 1.114652600000000000e+07
1.479692708607952589e+01 2.473163629923264828e-01 1.114560200000000000e+07
1.481262773648680664e+01 2.469897323189751970e-01 1.116844200000000000e+07
1.482831807978547367e+01 2.465333644692474235e-01 1.118108600000000000e+07
1.484403479212634736e+01 2.462623045419806422e-01 1.125011400000000000e+07
1.485975910022496826e+01 2.458630749434314033e-01 1.124210600000000000e+07
1.487546116254211981e+01 2.455721238200422873e-01 1.126544600000000000e+07
1.489116101759013233e+01 2.451222986330234554e-01 1.128549000000000000e+07
1.490687605691364404e+01 2.450057877956464403e-01 1.133592200000000000e+07
1.492259047301397423e+01 2.444042345498242397e-01 1.133013000000000000e+07
1.493828361520856873e+01 2.441435529841238239e-01 1.135727000000000000e+07
1.495398746968900205e+01 2.438308547349403721e-01 1.138909800000000000e+07
1.496970470176504620e+01 2.435490671712652044e-01 1.142664200000000000e+07
1.498541811108218447e+01 2.432529669703284714e-01 1.143135800000000000e+07
1.500112369815582269e+01 2.427225107914660895e-01 1.146229800000000000e+07
1.501682771044461795e+01 2.425264404267822582e-01 1.147920200000000000e+07
1.503253401606537842e+01 2.420117046892259760e-01 1.150974600000000000e+07
1.504823456875438481e+01 2.418156519508443125e-01 1.152306200000000000e+07
1.506393551489705551e+01 2.413267195732856918e-01 1.155621000000000000e+07
1.507964770104679175e+01 2.409434375173127307e-01 1.158828200000000000e+07
1.509535661435938536e+01 2.407323033823618452e-01 1.159964600000000000e+07
1.511107216380126061e+01 2.404248925358046518e-01 1.164527400000000000e+07
1.512678669010588095e+01 2.399690437345023131e-01 1.164933800000000000e+07
1.514248358802091232e+01 2.397264865474661444e-01 1.166538600000000000e+07
1.515819551110980434e+01 2.392052937354716136e-01 1.171928600000000000e+07
1.517391026295977774e+01 2.390301276250693385e-01 1.172073800000000000e+07
1.518961803510608810e+01 2.387506450406011727e-01 1.175507400000000000e+07
1.520532275548752743e+01 2.384565663474110808e-01 1.176716600000000000e+07
1.522103567250607448e+01 2.382057547455225799e-01 1.181334600000000000e+07
1.523675395281714806e+01 2.377084804383765293e-01 1.182545000000000000e+07
1.525244943101724004e+01 2.374530109273846057e-01 1.182881400000000000e+07
1.526815365307287742e+01 2.370011303877060105e-01 1.188441800000000000e+07
1.528387066072771638e+01 2.369454356827992991e-01 1.190037800000000000e+07
1.529957321464638476e+01 2.364470336837363462e-01 1.190800200000000000e+07
1.531526583627620397e+01 2.363220808094177172e-01 1.193747000000000000e+07
1.533097536464771871e+01 2.358969726773602893e-01 1.198134600000000000e+07
1.534669338573561426e+01 2.356356027768938544e-01 1.199815400000000000e+07
1.536240004252223734e+01 2.352550159381840422e-01 1.201579800000000000e+07
1.537810801182491893e+01 2.351152434390955392e-01 1.204658600000000000e+07
1.539381960142510408e+01 2.346112588300757196e-01 1.207322600000000000e+07
1.540952845721061593e+01 2.343239143148071468e-01 1.208937000000000000e+07
1.542523709037442003e+01 2.340327328492001757e-01 1.212366200000000000e+07
1.544094016867252428e+01 2.338975422412597760e-01 1.212901800000000000e+07
1.545664017249611355e+01 2.334861954828692243e-01 1.216869800000000000e+07
1.547234727593419557e+01 2.331787119588354384e-01 1.219107000000000000e+07
1.548806833453869558e+01 2.326202329110448608e-01 1.223729000000000000e+07
1.550378623459487315e+01 2.324943284678797906e-01 1.223743400000000000e+07
1.551949330626827894e+01 2.321481723274838316e-01 1.226943000000000000e+07
1.553520078467428966e+01 2.319559257681729214e-01 1.228831400000000000e+07
1.555090402017178697e+01 2.315773904813979434e-01 1.231201800000000000e+07
1.556660515225103758e+01 2.314613050186601351e-01 1.233377000000000000e+07
1.558230564648683369e+01 2.310264042009102792e-01 1.236265400000000000e+07
1.559802032509431058e+01 2.306358694627014538e-01 1.240528200000000000e+07
1.561373656517381825e+01 2.305206945042071187e-01 1.241484200000000000e+07
1.562943874868456007e+01 2.302687191583747961e-01 1.243327800000000000e+07
1.564514468723513119e+01 2.298176213498567266e-01 1.246944200000000000e+07
1.566085762263859849e+01 2.294817696193022505e-01 1.249710600000000000e+07
1.567656801168175562e+01 2.292492036728944471e-01 1.251307400000000000e+07
1.569226784315055134e+01 2.289828192081297953e-01 1.253190200000000000e+07
1.570797061764651303e+01 2.286944935783744026e-01 1.256769000000000000e+07
1.572368763200833186e+01 2.283966557113678852e-01 1.260333800000000000e+07
1.573939902922757739e+01 2.281270916374461832e-01 1.261272600000000000e+07
1.575510155432147918e+01 2.279082014898214936e-01 1.263480200000000000e+07
1.577080131559525533e+01 2.275327476776334845e-01 1.266273000000000000e+07
1.578651124257762106e+01 2.272310582037163906e-01 1.269908600000000000e+07
1.580221945868158429e+01 2.269674065307148714e-01 1.271107400000000000e+07
1.581792010585497543e+01 2.268013598764998806e-01 1.273909800000000000e+07
1.583362809238100866e+01 2.263365059998480588e-01 1.276949000000000000e+07
1.584933934958661794e+01 2.262953364637226294e-01 1.279968600000000000e+07
1.586505742005159547e+01 2.259181536666514112e-01 1.282862600000000000e+07
1.588076352344777042e+01 2.257128299573732677e-01 1.283279400000000000e+07
1.589646872608305905e+01 2.254611546091151997e-01 1.287594200000000000e+07
1.591218765353894682e+01 2.249530346154602900e-01 1.290631400000000000e+07
1.592789674253093146e+01 2.250119684457407010e-01 1.291312200000000000e+07
1.594359563934946422e+01 2.246733023913869143e-01 1.293734600000000000e+07
1.595929854003116333e+01 2.244400916831658377e-01 1.297337400000000000e+07
1.597501474699522639e+01 2.240352985854274781e-01 1.300817000000000000e+07
1.599073061961361475e+01 2.240103686450209408e-01 1.302581000000000000e+07
1.600643059467362406e+01 2.236800259943729774e-01 1.303359000000000000e+07
1.602213644221637878e+01 2.234123716398834503e-01 1.308369800000000000e+07
1.603784671360493164e+01 2.231341810957802596e-01 1.309470600000000000e+07
1.605354767035452213e+01 2.228594065310760819e-01 1.311900200000000000e+07
1.606924881116611203e+01 2.224000286620177735e-01 1.314631800000000000e+07
