# k_mean_over_bin [h Mpc^-1] P_bin [h^-3 Mpc^3] N_modes
2.004559772710005558e-02 4.069583767361110858e+03 1.800000000000000000e+01
3.504137442477287673e-02 9.719212701612903402e+03 6.200000000000000000e+01
4.923125820196404961e-02 4.880642857142856883e+03 9.800000000000000000e+01
6.378344006481624640e-02 4.225210416666666788e+03 2.100000000000000000e+02
8.007265176091875325e-02 3.157144999999999982e+03 3.500000000000000000e+02
9.616302738587061139e-02 2.375921666666666624e+03 4.500000000000000000e+02
1.110826890383447979e-01 1.942223629568106389e+03 6.020000000000000000e+02
1.260576397180557251e-01 1.719633202099737446e+03 7.620000000000000000e+02
1.422731428555557009e-01 1.289756348511383521e+03 1.142000000000000000e+03
1.585460595607757484e-01 1.134334000000000060e+03 1.250000000000000000e+03
1.737497011902237598e-01 1.010074759945130268e+03 1.458000000000000000e+03
1.889532144205047226e-01 8.958021637265711661e+02 1.814000000000000000e+03
2.049067109494826788e-01 7.997209595959595845e+02 2.178000000000000000e+03
2.207556613284745450e-01 7.236144915932745789e+02 2.498000000000000000e+03
2.358802738624342921e-01 6.385870041952707652e+02 2.622000000000000000e+03
2.513999951464319649e-01 6.009037222887957341e+02 3.338000000000000000e+03
2.675345382307371400e-01 5.231535464803869218e+02 3.722000000000000000e+03
2.835681791499936044e-01 4.913473321342925715e+02 4.170000000000000000e+03
2.990221799979137507e-01 4.425845284534190114e+02 4.358000000000000000e+03
3.144508804126917023e-01 4.112698152562574592e+02 5.034000000000000000e+03
3.303723395141972552e-01 3.817321928596429643e+02 5.714000000000000000e+03
3.461405835555014798e-01 3.424696589769307593e+02 5.982000000000000000e+03
3.616240832326051979e-01 3.329438806422296011e+02 6.602000000000000000e+03
3.771335216675366642e-01 3.124194600280504801e+02 7.130000000000000000e+03
3.929320011962133541e-01 2.880114513318396803e+02 8.034000000000000000e+03
4.088541926781908975e-01 2.777071229374854511e+02 8.606000000000000000e+03
4.245637628236880179e-01 2.595157456430619618e+02 9.066000000000000000e+03
4.402531073637167558e-01 2.435023840594258218e+02 9.962000000000000000e+03
4.559993315308014661e-01 2.329743127962085225e+02 1.055000000000000000e+04
4.716264483403250773e-01 2.249398939960805421e+02 1.122600000000000000e+04
4.872700578197112775e-01 2.099905112794335764e+02 1.214600000000000000e+04
5.028559864371159316e-01 2.036930429953990256e+02 1.260600000000000000e+04
5.184881697096974662e-01 1.945438885668743865e+02 1.380200000000000000e+04
5.343469721895739433e-01 1.868488545479191885e+02 1.475400000000000000e+04
5.500823565575736485e-01 1.821940733184151497e+02 1.519400000000000000e+04
5.657322269403529669e-01 1.731660690409626966e+02 1.645400000000000000e+04
5.814958906429442687e-01 1.709147283432435529e+02 1.715400000000000000e+04
5.972223875100493018e-01 1.617392423081134325e+02 1.826600000000000000e+04
6.128042965698242694e-01 1.583822533333333240e+02 1.875000000000000000e+04
6.284339241893368566e-01 1.525764678264307577e+02 2.023400000000000000e+04
6.442671741027654608e-01 1.468873426573426570e+02 2.145000000000000000e+04
6.600506477327297006e-01 1.414485019579273342e+02 2.196200000000000000e+04
6.757240646605540135e-01 1.390182529196146959e+02 2.346200000000000000e+04
6.914033637984144942e-01 1.353973151152150365e+02 2.404200000000000000e+04
7.071742118944099875e-01 1.297544611886225141e+02 2.594600000000000000e+04
7.228711511166978632e-01 1.270500038287770934e+02 2.611800000000000000e+04
7.383803448867409802e-01 1.224732058459972279e+02 2.750600000000000000e+04
7.540183656477988938e-01 1.202084738182068406e+02 2.906600000000000000e+04
7.698451130026079392e-01 1.176834072249589411e+02 3.045000000000000000e+04
7.856895634322977884e-01 1.150353632411316198e+02 3.174200000000000000e+04
8.013652298136274554e-01 1.119302713178294653e+02 3.225000000000000000e+04
8.170314793099452411e-01 1.091714014598540246e+02 3.425000000000000000e+04
8.328089595358807440e-01 1.060908078072995977e+02 3.545400000000000000e+04
8.485110835048260691e-01 1.049647719163418742e+02 3.643400000000000000e+04
8.640973204722621759e-01 1.011587229977177458e+02 3.768200000000000000e+04
8.797014300262691044e-01 9.867830330330330924e+01 3.929400000000000000e+04
8.955074489672053550e-01 9.703314947134650481e+01 4.142600000000000000e+04
9.112788985619241222e-01 9.592697784433984509e+01 4.206600000000000000e+04
9.269095651252046153e-01 9.374613704299839867e+01 4.349000000000000000e+04
9.426346125839982770e-01 9.223719968491532484e+01 4.570200000000000000e+04
9.583964670696782928e-01 9.038236050949952016e+01 4.663400000000000000e+04
9.741277885224883804e-01 8.911364666144910984e+01 4.855400000000000000e+04
9.896918448392955092e-01 8.735800081849805565e+01 4.887000000000000000e+04
1.005280879626296420e+00 8.540689374248360366e+01 5.155400000000000000e+04
1.021133664452582135e+00 8.329865039748567312e+01 5.409000000000000000e+04
1.036923334995100809e+00 8.186103951099163112e+01 5.431400000000000000e+04
1.052635308833600680e+00 8.082405552626954659e+01 5.691000000000000000e+04
1.068321370297892425e+00 7.945216763508577174e+01 5.748200000000000000e+04
1.084052701550582753e+00 7.855280737637316690e+01 6.062600000000000000e+04
1.099794715754920382e+00 7.736770904813253935e+01 6.120600000000000000e+04
1.115370388947033220e+00 7.595142240690427116e+01 6.257000000000000000e+04
1.131046383902849950e+00 7.496163091434657133e+01 6.573000000000000000e+04
1.146787968622316356e+00 7.449929520439073372e+01 6.668600000000000000e+04
1.162563353468210270e+00 7.176751843668398578e+01 6.969800000000000000e+04
1.178284495947235833e+00 7.194407077371262460e+01 7.002600000000000000e+04
1.193950312022173277e+00 7.009068539850989055e+01 7.274600000000000000e+04
1.209702279395532543e+00 6.933329995995194395e+01 7.491000000000000000e+04
1.225374778796072261e+00 6.808096722220754771e+01 7.572200000000000000e+04
1.240998268267369031e+00 6.740844369593509100e+01 7.837800000000000000e+04
1.256664763601604173e+00 6.600423591153317204e+01 8.003000000000000000e+04
1.272410839108921055e+00 6.506237227418075975e+01 8.318600000000000000e+04
1.288186821427190987e+00 6.497349585429806496e+01 8.466600000000000000e+04
1.303915415643678744e+00 6.331900954405749360e+01 8.654600000000000000e+04
1.319571589153230251e+00 6.248035945265164059e+01 8.813400000000000000e+04
1.335290070384270056e+00 6.196437545063251662e+01 9.153800000000000000e+04
1.351076062681103140e+00 6.110894049689707686e+01 9.313800000000000000e+04
1.366744220099084473e+00 6.036863079235377683e+01 9.447800000000000000e+04
1.382398842931918725e+00 6.021442009169973630e+01 9.727400000000000000e+04
1.398110035554206876e+00 5.877518306750928190e+01 9.969000000000000000e+04
1.413886464447384306e+00 5.816589823569549367e+01 1.025900000000000000e+05
1.429636290478455862e+00 5.738204683434518927e+01 1.037700000000000000e+05
1.445306609637929229e+00 5.669421040753766050e+01 1.063460000000000000e+05
1.461013715221450848e+00 5.604542774491920198e+01 1.085460000000000000e+05
1.476673179078200837e+00 5.527022108628506203e+01 1.107260000000000000e+05
1.492290038154521659e+00 5.482515446662274883e+01 1.123220000000000000e+05
1.507927148623363189e+00 5.397791008715161354e+01 1.158900000000000000e+05
1.523672044743926701e+00 5.374352087297710767e+01 1.187660000000000000e+05
1.539529615911521709e+00 5.307883203323030585e+01 1.222980000000000000e+05
1.555255688786340684e+00 5.220502498157097193e+01 1.220900000000000000e+05
1.570915144657768492e+00 5.196586519354582379e+01 1.258100000000000000e+05
1.586615423455384422e+00 5.137285669709025626e+01 1.281900000000000000e+05
1.602349133342779730e+00 5.017235140540788052e+01 1.309940000000000000e+05
1.618092974080486135e+00 4.997396464306546449e+01 1.337220000000000000e+05
1.633691874209366679e+00 4.972971408511718749e+01 1.338860000000000000e+05
1.649409270104698511e+00 4.882912450725070386e+01 1.405380000000000000e+05
1.665187916060468121e+00 4.839829935843634701e+01 1.405940000000000000e+05
1.680850499408222509e+00 4.783817220775241452e+01 1.435940000000000000e+05
1.696519861906699678e+00 4.759760098421160279e+01 1.463100000000000000e+05
1.712283893956166425e+00 4.677064719548622662e+01 1.506500000000000000e+05
1.728062756067172412e+00 4.629354108245455279e+01 1.519140000000000000e+05
1.743677627348828585e+00 4.593127029035580478e+01 1.533980000000000000e+05
1.759326903275710174e+00 4.545799602194266242e+01 1.578660000000000000e+05
1.775054497456971747e+00 4.473136413997436023e+01 1.606580000000000000e+05
1.790812710658242546e+00 4.445941548549073019e+01 1.641020000000000000e+05
1.806502375897273804e+00 4.393134901875220066e+01 1.649940000000000000e+05
1.822179186865621636e+00 4.390217544892551871e+01 1.698500000000000000e+05
1.837969883527481585e+00 4.282165897818320133e+01 1.729860000000000000e+05
1.853671301775014824e+00 4.244521950153541923e+01 1.738940000000000000e+05
1.869276135303816311e+00 4.257601624636549786e+01 1.767780000000000000e+05
1.884971321406135658e+00 4.191241570499774838e+01 1.818020000000000000e+05
1.900728707982397125e+00 4.168914493303692836e+01 1.844300000000000000e+05
1.916473119999263952e+00 4.096820424904668556e+01 1.872420000000000000e+05
1.932184555202840048e+00 4.052469908015768851e+01 1.902500000000000000e+05
1.947873548384971176e+00 4.030527081061432426e+01 1.925700000000000000e+05
1.963628993658796507e+00 3.997862590414317197e+01 1.982540000000000000e+05
1.979352447076785815e+00 3.959570160647030690e+01 1.980740000000000000e+05
1.994985104292756439e+00 3.938284088097005764e+01 2.020500000000000000e+05
2.010642935442618739e+00 3.887095502720168128e+01 2.055020000000000000e+05
2.026404838719640278e+00 3.829505235776062477e+01 2.106660000000000000e+05
2.042160439755924539e+00 3.824389905190513872e+01 2.124260000000000000e+05
2.057814152054247447e+00 3.784996821211866092e+01 2.139180000000000000e+05
2.073527659517757193e+00 3.730196068671547494e+01 2.209940000000000000e+05
2.089278401895053872e+00 3.706976282265418376e+01 2.215220000000000000e+05
2.104986979127729807e+00 3.670158938466024523e+01 2.263140000000000000e+05
2.120648321356923383e+00 3.647821763882900115e+01 2.272940000000000000e+05
2.136325257483229656e+00 3.601301499815420470e+01 2.329620000000000000e+05
2.152108829701105730e+00 3.579324525477466068e+01 2.378180000000000000e+05
2.167848322413291839e+00 3.567784964638965306e+01 2.383980000000000000e+05
2.183487000865677263e+00 3.517497866770497694e+01 2.414180000000000000e+05
2.199161537811643807e+00 3.481147647254251609e+01 2.468180000000000000e+05
2.214891256735060487e+00 3.462854833417365086e+01 2.499060000000000000e+05
2.230633713071271895e+00 3.432610266114910758e+01 2.547020000000000000e+05
2.246304443991349320e+00 3.398715892743437905e+01 2.544180000000000000e+05
2.261936208784359970e+00 3.351139218141453568e+01 2.603540000000000000e+05
2.277652670266802293e+00 3.337262523870266762e+01 2.649740000000000000e+05
2.293412982496121355e+00 3.307862400547778492e+01 2.687220000000000000e+05
2.309141221738169047e+00 3.289363018389907722e+01 2.715620000000000000e+05
2.324861988404599789e+00 3.249016278040248551e+01 2.755860000000000000e+05
2.340611247586814159e+00 3.223927335022663243e+01 2.801900000000000000e+05
2.356347504876110666e+00 3.185919302488385085e+01 2.828340000000000000e+05
2.372029085968939910e+00 3.167018971140021932e+01 2.851700000000000000e+05
2.387678571697246621e+00 3.127585671608839135e+01 2.898860000000000000e+05
2.403388139521258626e+00 3.115202021231076301e+01 2.944740000000000000e+05
2.419137128499648348e+00 3.094971251894837394e+01 2.994980000000000000e+05
2.434829956177893884e+00 3.061603291127424242e+01 2.999580000000000000e+05
2.450497304476752181e+00 3.034786731097437240e+01 3.058580000000000000e+05
2.466221630284449073e+00 3.026992477332252207e+01 3.107940000000000000e+05
2.481948461430914410e+00 2.993162174765716443e+01 3.130820000000000000e+05
2.497590267743403203e+00 2.960289957790954318e+01 3.160460000000000000e+05
2.513275415567109317e+00 2.934162895927601866e+01 3.222180000000000000e+05
2.529064511226168488e+00 2.916388078962265951e+01 3.285620000000000000e+05
2.544794397904540872e+00 2.891450044208665204e+01 3.279900000000000000e+05
2.560494206000486273e+00 2.864938171449704996e+01 3.352820000000000000e+05
2.576181416838396743e+00 2.841444176563383550e+01 3.359700000000000000e+05
2.591894431456594372e+00 2.821601088163317783e+01 3.440660000000000000e+05
2.607583386084574517e+00 2.789563246614957492e+01 3.437180000000000000e+05
2.623254195933073518e+00 2.782239159255529160e+01 3.514980000000000000e+05
2.638982638468245323e+00 2.747828515649244707e+01 3.544580000000000000e+05
2.654678623100330981e+00 2.737966232158096602e+01 3.585660000000000000e+05
2.670444987332728282e+00 2.707002856971173443e+01 3.661220000000000000e+05
2.686175436888973866e+00 2.688963943030534764e+01 3.658100000000000000e+05
2.701842624139498383e+00 2.667570003928723565e+01 3.716220000000000000e+05
2.717551210176916143e+00 2.647459479874250476e+01 3.759860000000000000e+05
2.733286152591690943e+00 2.632890598424784656e+01 3.821700000000000000e+05
2.748969669686326611e+00 2.607042360496361866e+01 3.818180000000000000e+05
2.764618652904751617e+00 2.583515840379491380e+01 3.895740000000000000e+05
2.780335698310803405e+00 2.559527861457258879e+01 3.936980000000000000e+05
2.796070939832780322e+00 2.547457054308588198e+01 3.994580000000000000e+05
2.811789110373833278e+00 2.521346917871225557e+01 4.022220000000000000e+05
2.827490318755497611e+00 2.502207056880680014e+01 4.069220000000000000e+05
2.843211165013692643e+00 2.488236419744115224e+01 4.128420000000000000e+05
2.858928238366322816e+00 2.459158388427961484e+01 4.153460000000000000e+05
2.874619182965964193e+00 2.440562274741085957e+01 4.211820000000000000e+05
2.890326122379585971e+00 2.420018681561722218e+01 4.250180000000000000e+05
2.906048410595298837e+00 2.409801965959854897e+01 4.311380000000000000e+05
2.921763637537025282e+00 2.394107490641877334e+01 4.343820000000000000e+05
2.937471882413853042e+00 2.377276946809430314e+01 4.395140000000000000e+05
2.953184966193053373e+00 2.355096483772468119e+01 4.447380000000000000e+05
2.968906669185866321e+00 2.336933461050098870e+01 4.489100000000000000e+05
2.984558054153132023e+00 2.330230927304280186e+01 4.506180000000000000e+05
3.000234266597839206e+00 2.305037492873525196e+01 4.595540000000000000e+05
3.015961738166995865e+00 2.287101873005316222e+01 4.631060000000000000e+05
3.031644318942089189e+00 2.268402719795158973e+01 4.670940000000000000e+05
3.047375183469438475e+00 2.248379577965965836e+01 4.749380000000000000e+05
3.063101994982958765e+00 2.233265854404781336e+01 4.771860000000000000e+05
3.078830638657798602e+00 2.212438566447273658e+01 4.846700000000000000e+05
3.094557820700788220e+00 2.195457793474466968e+01 4.870100000000000000e+05
3.110261604918990841e+00 2.176368195510364600e+01 4.933140000000000000e+05
3.125964826756857384e+00 2.166361152638810950e+01 4.963220000000000000e+05
3.141631907395710410e+00 2.144000023918581022e+01 5.017020000000000000e+05
3.157337759020614865e+00 2.129743472772248225e+01 5.085620000000000000e+05
3.173083732250922218e+00 2.116383920411012909e+01 5.142420000000000000e+05
3.188786566155163538e+00 2.103716497661568852e+01 5.161580000000000000e+05
3.204467208631248454e+00 2.078961236275406321e+01 5.226020000000000000e+05
3.220198682476764773e+00 2.072113677735942971e+01 5.306580000000000000e+05
3.235902901074469540e+00 2.055137328739986557e+01 5.300420000000000000e+05
3.251569839460216826e+00 2.046837874249830236e+01 5.388780000000000000e+05
3.267286640001119125e+00 2.029798209986584112e+01 5.441300000000000000e+05
3.283035953778620897e+00 2.004974179196016948e+01 5.511060000000000000e+05
3.298765470797303756e+00 1.999686090883819389e+01 5.539820000000000000e+05
3.314460854810658219e+00 1.982990172720791477e+01 5.582420000000000000e+05
3.330143183999465961e+00 1.957654823521909648e+01 5.645460000000000000e+05
3.345851390644388967e+00 1.953638600931823888e+01 5.704940000000000000e+05
3.361584614506297086e+00 1.937018909012729750e+01 5.767620000000000000e+05
3.377268741275611497e+00 1.921848421227392478e+01 5.782340000000000000e+05
3.392938742749323389e+00 1.914756533587403098e+01 5.856660000000000000e+05
3.408667877553761993e+00 1.902797058101156580e+01 5.944460000000000000e+05
3.424389245726590758e+00 1.879571440571188390e+01 5.952500000000000000e+05
3.440080490503192756e+00 1.869765098557843785e+01 6.034020000000000000e+05
3.455784632582446392e+00 1.857664040093384372e+01 6.073820000000000000e+05
3.471525169349745088e+00 1.851276478501158707e+01 6.170100000000000000e+05
3.487238775590668638e+00 1.834228036667974493e+01 6.167780000000000000e+05
3.502915637500682244e+00 1.823568298156370915e+01 6.247460000000000000e+05
3.518586117849470174e+00 1.805171463963748835e+01 6.280620000000000000e+05
3.534307361823285198e+00 1.792832298525202717e+01 6.394100000000000000e+05
3.550068718511843802e+00 1.778387256320047882e+01 6.429540000000000000e+05
3.565767899937936303e+00 1.771895772894884402e+01 6.459740000000000000e+05
3.581461234185308484e+00 1.755354175274296580e+01 6.534900000000000000e+05
3.597192479322759873e+00 1.745581509384846797e+01 6.607460000000000000e+05
3.612919168611930854e+00 1.738957429970239943e+01 6.646460000000000000e+05
3.628586482304986038e+00 1.726087458226557914e+01 6.672900000000000000e+05
3.644285394494611641e+00 1.712366538347122713e+01 6.790340000000000000e+05
3.660034289703634869e+00 1.699535535693884114e+01 6.827220000000000000e+05
3.675778468055097559e+00 1.688413252743628234e+01 6.912380000000000000e+05
3.691462948962963786e+00 1.672374753486048604e+01 6.886020000000000000e+05
3.707119074879760223e+00 1.666190609366661590e+01 7.008260000000000000e+05
3.722835664250375487e+00 1.651317344564395029e+01 7.056620000000000000e+05
3.738525251797470528e+00 1.637720150630490323e+01 7.100820000000000000e+05
3.754222032949778853e+00 1.631932582644800434e+01 7.191620000000000000e+05
3.769933086185316640e+00 1.619796330910349624e+01 7.222500000000000000e+05
3.785638995718866973e+00 1.610280789052781358e+01 7.315100000000000000e+05
3.801371660419305520e+00 1.600632636378696461e+01 7.364420000000000000e+05
3.817071936206203997e+00 1.591175573425761769e+01 7.408980000000000000e+05
3.832786102847733023e+00 1.578211256828561382e+01 7.501580000000000000e+05
3.848527046055627121e+00 1.568860830928933225e+01 7.548660000000000000e+05
3.864237159299509283e+00 1.557865267485601102e+01 7.608260000000000000e+05
3.879924927323326056e+00 1.548635793695045137e+01 7.640340000000000000e+05
3.895614328144405114e+00 1.542891479700095303e+01 7.738460000000000000e+05
3.911337128038584687e+00 1.528788247998624961e+01 7.797140000000000000e+05
3.927042484287095014e+00 1.520857972699709570e+01 7.843140000000000000e+05
3.942732759911325768e+00 1.501185454582216039e+01 7.913420000000000000e+05
3.958453369699379998e+00 1.497732213574696836e+01 7.994580000000000000e+05
3.974178216354418591e+00 1.487899056104511608e+01 8.049620000000000000e+05
3.989882109912799013e+00 1.475067136063244888e+01 8.095500000000000000e+05
4.005543243773400874e+00 1.465995662959857881e+01 8.134580000000000000e+05
4.021251057898795445e+00 1.459637515983765965e+01 8.274020000000000000e+05
4.036984636136614846e+00 1.447742385514193586e+01 8.286180000000000000e+05
4.052682677778184583e+00 1.439098812547943851e+01 8.369180000000000000e+05
4.068393456235992467e+00 1.425841466221522857e+01 8.428740000000000000e+05
4.084099822251435974e+00 1.421615069618926697e+01 8.493380000000000000e+05
4.099829813320492455e+00 1.415083556282030486e+01 8.589420000000000000e+05
4.115554009414900349e+00 1.403043980217845110e+01 8.609780000000000000e+05
4.131235359039446386e+00 1.389413782063831704e+01 8.683460000000000000e+05
4.146931044915801223e+00 1.384679382143028548e+01 8.751540000000000000e+05
4.162664159049392687e+00 1.375036729277578473e+01 8.862140000000000000e+05
4.178388788086889960e+00 1.367649597789362836e+01 8.873460000000000000e+05
4.194077965975033351e+00 1.360804861752027328e+01 8.949860000000000000e+05
4.209774792532540388e+00 1.348431944207520417e+01 9.027740000000000000e+05
4.225510803750013977e+00 1.340465994382281245e+01 9.121140000000000000e+05
4.241231113843379141e+00 1.334453884370498855e+01 9.150260000000000000e+05
4.256908196003403866e+00 1.323242390848369077e+01 9.201420000000000000e+05
4.272591924000948893e+00 1.317158477115648907e+01 9.297620000000000000e+05
4.288308084378355645e+00 1.308287529673732763e+01 9.376980000000000000e+05
4.304040323784237287e+00 1.299486960737201535e+01 9.447620000000000000e+05
4.319738418983270378e+00 1.295853748046409493e+01 9.482540000000000000e+05
4.335428335028543856e+00 1.285922583773863437e+01 9.568020000000000000e+05
4.351157550879730884e+00 1.276412637522761173e+01 9.676580000000000000e+05
4.366881330891844826e+00 1.268666353168292993e+01 9.697020000000000000e+05
4.382546060772999574e+00 1.261014587974417189e+01 9.740900000000000000e+05
4.398246218400761798e+00 1.253236477750733080e+01 9.884820000000000000e+05
4.413979276240257654e+00 1.247417726316892939e+01 9.919940000000000000e+05
4.429695644229851403e+00 1.238206747050537793e+01 1.001030000000000000e+06
4.445410080183695989e+00 1.228589686210154674e+01 1.005450000000000000e+06
4.461113024304604657e+00 1.226160605600263587e+01 1.013738000000000000e+06
4.476828248264367538e+00 1.217585420520500072e+01 1.021710000000000000e+06
4.492511743566732996e+00 1.208532217821743515e+01 1.023626000000000000e+06
4.508191947536588806e+00 1.203340110481022940e+01 1.035834000000000000e+06
4.523895481465870283e+00 1.193747129573226395e+01 1.040786000000000000e+06
4.539619934096997156e+00 1.185737737916418943e+01 1.053206000000000000e+06
4.555352618284365995e+00 1.178280457369049472e+01 1.057002000000000000e+06
4.571063001207543941e+00 1.172082286083816349e+01 1.063898000000000000e+06
4.586777862326684385e+00 1.164773364952059254e+01 1.072782000000000000e+06
4.602497075350756361e+00 1.156588087420955802e+01 1.078826000000000000e+06
4.618214180504660149e+00 1.150602708650068706e+01 1.087922000000000000e+06
4.633911241501361467e+00 1.143013991823888986e+01 1.090494000000000000e+06
4.649602871383847535e+00 1.135123783097655448e+01 1.101362000000000000e+06
4.665319460688174047e+00 1.129613390496683145e+01 1.109802000000000000e+06
4.681029772111457099e+00 1.125814839472631057e+01 1.114514000000000000e+06
4.696725943447952467e+00 1.118958899429321896e+01 1.123926000000000000e+06
4.712406639130506392e+00 1.110970118633801818e+01 1.125986000000000000e+06
4.728114319510818397e+00 1.105461045127733399e+01 1.143554000000000000e+06
4.743843011674210075e+00 1.098033213652366058e+01 1.144710000000000000e+06
4.759548004017718270e+00 1.093884150853799575e+01 1.154018000000000000e+06
4.775245153331388437e+00 1.086650252335852507e+01 1.159962000000000000e+06
4.790962201099520534e+00 1.079723241780858167e+01 1.170986000000000000e+06
4.806687457227775795e+00 1.072699810379394059e+01 1.178142000000000000e+06
4.822395257046031780e+00 1.066611509173280226e+01 1.182674000000000000e+06
4.838087143849061356e+00 1.059215601653061967e+01 1.191002000000000000e+06
4.853789225034707222e+00 1.055021750394439373e+01 1.200438000000000000e+06
4.869505077076887289e+00 1.049505033265406517e+01 1.208162000000000000e+06
4.885214479826415435e+00 1.042505788894210106e+01 1.215258000000000000e+06
4.900926872777207954e+00 1.037288238052370204e+01 1.224134000000000000e+06
4.916625834276870499e+00 1.032597528163408818e+01 1.228722000000000000e+06
4.932342625999591945e+00 1.026983463030324550e+01 1.243154000000000000e+06
4.948070313168653200e+00 1.019346268047925363e+01 1.245434000000000000e+06
4.963768791695496674e+00 1.014521438735203063e+01 1.255158000000000000e+06
4.979434313641077026e+00 1.005326733619515522e+01 1.255610000000000000e+06
4.995141420885109262e+00 1.002746246366125504e+01 1.277562000000000000e+06
5.010861277833007499e+00 9.983652878891788873e+00 1.274414000000000000e+06
5.026541148359606304e+00 9.931569665177287121e+00 1.285994000000000000e+06
5.042268620369379839e+00 9.868792754526497291e+00 1.299570000000000000e+06
5.058004053481842455e+00 9.809829647298792921e+00 1.302122000000000000e+06
5.073708460591943137e+00 9.751571262332561218e+00 1.311366000000000000e+06
5.089416057291027862e+00 9.679064968852005180e+00 1.319186000000000000e+06
5.105125712135527571e+00 9.653902943573843487e+00 1.327434000000000000e+06
5.120844156875770103e+00 9.581889995767571833e+00 1.337294000000000000e+06
5.136559512122237159e+00 9.542573711766326738e+00 1.342730000000000000e+06
5.152249183032828306e+00 9.478258809243504501e+00 1.350570000000000000e+06
5.167964432416064291e+00 9.433129554745008249e+00 1.362590000000000000e+06
5.183694924160209716e+00 9.383481614195245513e+00 1.369698000000000000e+06
5.199396868456950926e+00 9.315324449383743044e+00 1.374914000000000000e+06
5.215085298788597612e+00 9.246554926747473147e+00 1.383570000000000000e+06
5.230792912992411559e+00 9.233892848798960884e+00 1.395374000000000000e+06
5.246488594245054315e+00 9.187347977156665735e+00 1.396994000000000000e+06
5.262173859327344161e+00 9.128853088492629553e+00 1.411530000000000000e+06
5.277882164810089982e+00 9.069613297083609638e+00 1.417574000000000000e+06
5.293593858628555360e+00 9.034180317657614978e+00 1.428834000000000000e+06
5.309329156889964985e+00 8.965939967394431775e+00 1.439018000000000000e+06
5.325038538485003414e+00 8.915386153100788746e+00 1.440698000000000000e+06
5.340730702455575241e+00 8.900344514934253937e+00 1.453638000000000000e+06
5.356455193601842524e+00 8.829369575229632616e+00 1.463426000000000000e+06
5.372183381207660702e+00 8.793877842357499475e+00 1.471050000000000000e+06
5.387886700194870926e+00 8.752172841278634152e+00 1.476638000000000000e+06
5.403571860691538831e+00 8.707959629927529477e+00 1.484466000000000000e+06
5.419293096268920529e+00 8.650197781173684319e+00 1.501154000000000000e+06
5.435016687773623012e+00 8.609923646838995026e+00 1.501706000000000000e+06
5.450702718101835487e+00 8.571432257449874470e+00 1.511502000000000000e+06
5.466391329901655105e+00 8.504194091172806225e+00 1.520234000000000000e+06
5.482117701107046770e+00 8.472060116872203395e+00 1.535010000000000000e+06
5.497863840523032231e+00 8.435070800164316651e+00 1.543358000000000000e+06
5.513531058043433575e+00 8.402145135223479500e+00 1.535754000000000000e+06
5.529215137958169990e+00 8.342739848236391254e+00 1.564802000000000000e+06
5.544946163489404611e+00 8.299869229027061479e+00 1.563038000000000000e+06
5.560660431796565106e+00 8.253575397262842728e+00 1.578426000000000000e+06
5.576372624871568817e+00 8.236922709205668269e+00 1.581482000000000000e+06
5.592071612679278658e+00 8.179008949599623435e+00 1.592250000000000000e+06
5.607777081388953810e+00 8.138100023092814439e+00 1.602230000000000000e+06
5.623461069047772654e+00 8.114651840718266840e+00 1.604754000000000000e+06
5.639160434689571844e+00 8.042455055812961717e+00 1.623458000000000000e+06
5.654868627057174635e+00 8.030394914179861843e+00 1.624910000000000000e+06
5.670595730029768688e+00 7.974856575986462026e+00 1.645122000000000000e+06
5.686329334746649700e+00 7.940678852127188492e+00 1.645130000000000000e+06
5.702030598096980540e+00 7.902919962843645507e+00 1.655706000000000000e+06
5.717729473142792784e+00 7.853739280145139112e+00 1.663502000000000000e+06
5.733437455346763301e+00 7.822822727831578504e+00 1.675514000000000000e+06
5.749160590029285700e+00 7.769430094855627189e+00 1.685298000000000000e+06
5.764862617007506351e+00 7.728840424108912366e+00 1.689566000000000000e+06
5.780540238679900078e+00 7.692874517772477105e+00 1.697850000000000000e+06
5.796263103923236848e+00 7.656122675796865451e+00 1.718546000000000000e+06
5.812002103804656983e+00 7.633084121496294117e+00 1.719822000000000000e+06
5.827695391299545058e+00 7.596274381930585129e+00 1.726586000000000000e+06
5.843388778895907798e+00 7.540789196785162574e+00 1.739186000000000000e+06
5.859113417771065535e+00 7.515364211338835254e+00 1.751538000000000000e+06
5.874835560723500549e+00 7.472924163084122995e+00 1.758062000000000000e+06
5.890526541065327137e+00 7.436634505760035374e+00 1.763010000000000000e+06
5.906225317694219434e+00 7.411342473640001316e+00 1.778642000000000000e+06
5.921952321011594300e+00 7.370997248099331323e+00 1.788582000000000000e+06
5.937670655764399896e+00 7.319346024451370170e+00 1.794746000000000000e+06
5.953363581550269679e+00 7.286506330096657713e+00 1.803290000000000000e+06
5.969050809995837703e+00 7.266869973242160441e+00 1.811058000000000000e+06
5.984760752596141486e+00 7.221171127317516536e+00 1.828358000000000000e+06
6.000476440810660783e+00 7.189763138036062706e+00 1.831362000000000000e+06
6.016171166004743220e+00 7.166632835049700390e+00 1.842458000000000000e+06
6.031847027098122815e+00 7.099256198436599163e+00 1.846998000000000000e+06
6.047561666320434348e+00 7.083703471469491753e+00 1.869122000000000000e+06
6.063310221741519790e+00 7.047927194664523221e+00 1.876346000000000000e+06
6.079025995273507732e+00 7.007279040343578735e+00 1.879506000000000000e+06
6.094727650148782594e+00 6.983517893907334795e+00 1.893326000000000000e+06
6.110443441650997620e+00 6.952658129608072279e+00 1.901826000000000000e+06
6.126157369603382641e+00 6.926147067776451394e+00 1.911962000000000000e+06
6.141856103084946561e+00 6.885512073272272993e+00 1.919198000000000000e+06
6.157554247585426133e+00 6.861472810145049728e+00 1.930242000000000000e+06
6.173264897526903994e+00 6.823284298836207462e+00 1.942442000000000000e+06
6.188983783131053684e+00 6.789039387539490988e+00 1.951734000000000000e+06
6.204674330135580007e+00 6.743633278476753645e+00 1.955402000000000000e+06
6.220364153407833108e+00 6.734990044922099628e+00 1.971858000000000000e+06
6.236097253224911263e+00 6.700429946526219815e+00 1.984898000000000000e+06
6.251804727814884721e+00 6.664421759324050676e+00 1.986422000000000000e+06
6.267477703420695434e+00 6.639058465663334019e+00 1.996146000000000000e+06
6.283195068785119908e+00 6.603757065816076022e+00 2.017106000000000000e+06
6.298926466691256110e+00 6.571082004792545561e+00 2.020638000000000000e+06
6.314631082636630310e+00 6.540973298786899370e+00 2.029346000000000000e+06
6.330330969697290477e+00 6.512539919118158771e+00 2.041002000000000000e+06
6.346042618354868381e+00 6.466938019449657737e+00 2.051450000000000000e+06
6.361769829008385280e+00 6.451191885709085305e+00 2.065886000000000000e+06
6.377467710730222450e+00 6.424192534339268512e+00 2.064546000000000000e+06
6.393156758488530933e+00 6.402889587784794223e+00 2.082650000000000000e+06
6.408877231485442749e+00 6.357154175627701242e+00 2.095182000000000000e+06
6.424598957671957322e+00 6.343468900409547473e+00 2.101346000000000000e+06
6.440311953715900373e+00 6.304275853984345979e+00 2.115554000000000000e+06
6.456005935746694568e+00 6.278768645534666959e+00 2.115654000000000000e+06
6.471719753415134946e+00 6.249043700661259138e+00 2.141066000000000000e+06
6.487439387114228850e+00 6.220714127487515732e+00 2.139786000000000000e+06
6.503131318747780831e+00 6.203358234961216411e+00 2.152202000000000000e+06
6.518819434526843537e+00 6.164702376490338587e+00 2.161086000000000000e+06
6.534523450777902198e+00 6.139710430512422157e+00 2.176058000000000000e+06
6.550254613659266312e+00 6.107806307963509873e+00 2.190818000000000000e+06
6.565965738846988309e+00 6.085036314131614610e+00 2.191158000000000000e+06
6.581657291702928347e+00 6.054926418641517927e+00 2.205314000000000000e+06
6.597356411838022794e+00 6.028461504436362084e+00 2.215554000000000000e+06
6.613072568835591802e+00 5.991190560943834065e+00 2.230562000000000000e+06
6.628796834083485301e+00 5.973455693704361913e+00 2.239614000000000000e+06
6.644501868950448475e+00 5.948422456011606130e+00 2.245706000000000000e+06
6.660203335766918364e+00 5.919196308848090560e+00 2.259674000000000000e+06
6.675922241577704419e+00 5.894139751030919250e+00 2.273214000000000000e+06
6.691636876769640807e+00 5.876021699120853370e+00 2.278802000000000000e+06
6.707348854586632214e+00 5.851741081431225844e+00 2.294034000000000000e+06
6.723042755046850338e+00 5.819628992802432066e+00 2.294942000000000000e+06
6.738741204690306574e+00 5.797095013055393764e+00 2.317050000000000000e+06
6.754459451825965743e+00 5.773647970890831260e+00 2.322842000000000000e+06
6.770155876549564411e+00 5.748947790682208847e+00 2.330810000000000000e+06
6.785853403723873356e+00 5.719211085620458768e+00 2.345958000000000000e+06
6.801555230257334550e+00 5.693509393750642467e+00 2.353586000000000000e+06
6.817285949066600459e+00 5.671082522167653295e+00 2.376210000000000000e+06
6.833012673954052651e+00 5.650890165601039072e+00 2.374502000000000000e+06
6.848703343789808606e+00 5.624734636134072652e+00 2.386346000000000000e+06
6.864405076602009714e+00 5.595654712378306250e+00 2.401314000000000000e+06
6.880122619459167588e+00 5.572768666155218042e+00 2.411450000000000000e+06
6.895827031199952550e+00 5.544561985328320119e+00 2.420718000000000000e+06
6.911509854271036701e+00 5.524698299992496509e+00 2.425754000000000000e+06
6.927232044479275430e+00 5.502462103161511742e+00 2.455218000000000000e+06
6.942960195844471549e+00 5.484649575550951006e+00 2.450942000000000000e+06
6.958661448092413160e+00 5.455736827812073031e+00 2.467130000000000000e+06
6.974361211749578793e+00 5.437980681036690633e+00 2.474874000000000000e+06
6.990070831352309000e+00 5.408975883827331188e+00 2.490362000000000000e+06
7.005778159324729693e+00 5.390068298759638665e+00 2.498142000000000000e+06
7.021469697735486015e+00 5.365817740886845044e+00 2.507090000000000000e+06
7.037177120604764191e+00 5.347085519975355972e+00 2.525562000000000000e+06
7.052899061516400003e+00 5.324326968674325755e+00 2.534726000000000000e+06
7.068628793135065536e+00 5.300367935131726327e+00 2.549906000000000000e+06
7.084334935478915796e+00 5.280375245876834711e+00 2.551074000000000000e+06
7.100038328422084710e+00 5.256520203430813609e+00 2.570702000000000000e+06
7.115745931638459254e+00 5.223389892653036881e+00 2.574642000000000000e+06
7.131451190238497162e+00 5.213867341848665404e+00 2.594066000000000000e+06
7.147151468730735147e+00 5.196186838147959008e+00 2.594802000000000000e+06
7.162835307179018507e+00 5.168240027871043196e+00 2.612030000000000000e+06
7.178551581855800556e+00 5.152727178634025407e+00 2.627954000000000000e+06
7.194283665259025184e+00 5.121461428979374730e+00 2.640402000000000000e+06
7.209984529526630936e+00 5.105234086983911013e+00 2.641454000000000000e+06
7.225685108067660956e+00 5.080460689885244463e+00 2.661834000000000000e+06
7.241394735953288198e+00 5.060476828099558233e+00 2.669138000000000000e+06
7.257108192998378726e+00 5.036059635183685934e+00 2.684858000000000000e+06
7.272822849503533860e+00 5.019766064939066297e+00 2.693910000000000000e+06
7.288518104809805997e+00 5.010874336802036311e+00 2.701682000000000000e+06
7.304234199753477874e+00 4.979368993549780242e+00 2.722698000000000000e+06
7.319945495172938799e+00 4.965427544214097821e+00 2.725262000000000000e+06
7.335649438298961655e+00 4.944520045944319264e+00 2.742450000000000000e+06
7.351353846506168743e+00 4.920153462916158738e+00 2.749850000000000000e+06
7.367055388436875241e+00 4.902483517867131546e+00 2.763902000000000000e+06
7.382770533642191602e+00 4.877843352775492747e+00 2.778498000000000000e+06
7.398475089415688544e+00 4.859704510276420031e+00 2.784530000000000000e+06
7.414188731852492609e+00 4.845260842493114950e+00 2.804106000000000000e+06
7.429901641940141133e+00 4.821618341584246181e+00 2.809790000000000000e+06
7.445612173277812218e+00 4.806040442355519637e+00 2.825058000000000000e+06
7.461320649323638143e+00 4.789366093574142447e+00 2.834330000000000000e+06
7.477011404590944821e+00 4.771337449182307289e+00 2.842022000000000000e+06
7.492720686839765776e+00 4.741379189975823749e+00 2.864754000000000000e+06
7.508423522993188826e+00 4.735465154846787428e+00 2.864186000000000000e+06
7.524104703200965361e+00 4.712228489431290690e+00 2.879538000000000000e+06
7.539811207090460599e+00 4.691327056749305946e+00 2.899454000000000000e+06
7.555522870235571453e+00 4.671477878342764178e+00 2.904258000000000000e+06
7.571252185241664989e+00 4.653649162490094859e+00 2.930234000000000000e+06
7.586982910029617777e+00 4.642560264015407334e+00 2.929526000000000000e+06
7.602682376348832705e+00 4.617206728288951290e+00 2.942442000000000000e+06
7.618398087127784990e+00 4.603439599298840612e+00 2.960810000000000000e+06
7.634111360506788735e+00 4.582211393498853980e+00 2.964954000000000000e+06
7.649813471415971122e+00 4.565782932057660837e+00 2.980910000000000000e+06
7.665516544353160100e+00 4.548701795867438946e+00 2.990978000000000000e+06
7.681228381318442544e+00 4.526074385578525927e+00 3.007626000000000000e+06
7.696947282980596938e+00 4.510619488958209189e+00 3.019166000000000000e+06
7.712641051068838571e+00 4.497896454590892823e+00 3.021090000000000000e+06
7.728340175203005202e+00 4.472955548103997536e+00 3.047834000000000000e+06
7.744066325082287428e+00 4.462997980750035509e+00 3.055590000000000000e+06
7.759785182459853381e+00 4.440242381896832846e+00 3.068546000000000000e+06
7.775464898067028230e+00 4.420999884588074025e+00 3.067274000000000000e+06
7.791162210093558471e+00 4.411797648720585663e+00 3.098058000000000000e+06
7.806896787352753719e+00 4.396938904816458660e+00 3.109214000000000000e+06
7.822604758484962950e+00 4.375606741883692585e+00 3.110466000000000000e+06
7.838284799897788702e+00 4.358245982390049456e+00 3.124370000000000000e+06
7.853986825204827937e+00 4.338990144947448613e+00 3.144174000000000000e+06
7.869722202747719386e+00 4.321623423572731326e+00 3.161738000000000000e+06
7.885429030328279687e+00 4.309633563193655981e+00 3.159890000000000000e+06
7.901109098578781520e+00 4.296745132064201833e+00 3.174138000000000000e+06
7.916812369163124252e+00 4.278449188122628755e+00 3.195926000000000000e+06
7.932546153031187153e+00 4.256822132250685620e+00 3.211386000000000000e+06
7.948275829971742645e+00 4.244950011089319020e+00 3.219314000000000000e+06
7.963974762265003449e+00 4.229388428563190416e+00 3.225494000000000000e+06
7.979672909422356852e+00 4.213233239641986927e+00 3.242562000000000000e+06
7.995382124285669967e+00 4.193293834134061981e+00 3.257450000000000000e+06
8.011096558073175444e+00 4.176850147348612374e+00 3.269118000000000000e+06
8.026799325701325927e+00 4.164834869911831383e+00 3.278930000000000000e+06
8.042482997119602572e+00 4.153409094366604215e+00 3.286650000000000000e+06
8.058198313138401403e+00 4.134303098645906616e+00 3.316610000000000000e+06
8.073929632859263350e+00 4.123085301947106984e+00 3.321542000000000000e+06
8.089631173905692307e+00 4.101288898742946998e+00 3.328578000000000000e+06
8.105328344487277903e+00 4.090524454765424700e+00 3.345074000000000000e+06
8.121039774478980178e+00 4.068951115600921042e+00 3.361686000000000000e+06
8.136750954641513545e+00 4.056212945756356270e+00 3.369722000000000000e+06
8.152451824383751600e+00 4.047698424654903704e+00 3.385290000000000000e+06
8.168148505929304193e+00 4.028796032281938722e+00 3.391370000000000000e+06
8.183868116116777003e+00 4.011094471870301881e+00 3.422966000000000000e+06
8.199591131301563252e+00 4.002500630202091791e+00 3.419538000000000000e+06
8.215300984565764963e+00 3.977616077213391499e+00 3.441890000000000000e+06
8.231010872605484252e+00 3.967979586852466767e+00 3.447582000000000000e+06
8.246721005479363598e+00 3.952524278062647944e+00 3.466298000000000000e+06
8.262408288354077257e+00 3.939171033127401245e+00 3.466194000000000000e+06
8.278098173695775941e+00 3.925621595492863936e+00 3.492062000000000000e+06
8.293810268215034753e+00 3.910861878888326260e+00 3.503114000000000000e+06
8.309519053075314687e+00 3.905216047329283846e+00 3.517146000000000000e+06
8.325241433409063418e+00 3.879402303245801598e+00 3.535706000000000000e+06
8.340952984226902345e+00 3.865477201445755018e+00 3.539742000000000000e+06
8.356659711712842054e+00 3.855384750265406169e+00 3.558698000000000000e+06
8.372371429175492707e+00 3.839219500061902490e+00 3.570122000000000000e+06
8.388083579962753333e+00 3.827268355733919769e+00 3.585174000000000000e+06
8.403790832576294889e+00 3.817012091876224034e+00 3.594314000000000000e+06
8.419496525959527133e+00 3.804796611980649779e+00 3.612258000000000000e+06
8.435201663874629219e+00 3.782837082857081423e+00 3.620282000000000000e+06
8.450905678681708721e+00 3.776484318280619590e+00 3.639078000000000000e+06
8.466617353651699318e+00 3.757595364955005568e+00 3.650450000000000000e+06
8.482317771685245589e+00 3.743102535684262655e+00 3.661418000000000000e+06
8.498018574275240766e+00 3.734214700842430013e+00 3.677694000000000000e+06
8.513736467920875128e+00 3.717836523918702785e+00 3.695978000000000000e+06
8.529447827058733722e+00 3.704185199888732960e+00 3.702810000000000000e+06
8.545145453356283838e+00 3.689541790696961421e+00 3.716162000000000000e+06
8.560863155475518127e+00 3.681234214968928331e+00 3.740094000000000000e+06
8.576575892842692284e+00 3.665370918754948804e+00 3.740954000000000000e+06
8.592276429309924524e+00 3.652727000068599406e+00 3.760946000000000000e+06
8.607993113742812952e+00 3.642975186050364744e+00 3.778278000000000000e+06
8.623706693511682175e+00 3.633846351391124774e+00 3.784922000000000000e+06
8.639416117971885356e+00 3.615297590234165082e+00 3.805266000000000000e+06
8.655118251607849089e+00 3.602149967197925573e+00 3.807686000000000000e+06
8.670819176621002100e+00 3.595588461648834944e+00 3.833130000000000000e+06
8.686531013296711734e+00 3.579785564322634173e+00 3.841898000000000000e+06
8.702242672461403927e+00 3.567082953826183456e+00 3.858074000000000000e+06
8.717947060126663317e+00 3.555887426485677683e+00 3.868974000000000000e+06
8.733653634556446832e+00 3.540800059299494151e+00 3.885362000000000000e+06
8.749361177527063660e+00 3.532504508387011022e+00 3.898290000000000000e+06
8.765057838444775484e+00 3.519480290141564272e+00 3.907334000000000000e+06
8.780760279838380811e+00 3.509717389589002146e+00 3.928730000000000000e+06
8.796461536498792810e+00 3.495457577554204498e+00 3.936666000000000000e+06
8.812176163138749629e+00 3.482350443510866977e+00 3.961346000000000000e+06
8.827908468663524744e+00 3.472573139217671745e+00 3.975774000000000000e+06
8.843605203440207063e+00 3.458231090051500090e+00 3.970106000000000000e+06
8.859298780821674768e+00 3.447067698848662598e+00 4.003170000000000000e+06
8.875033023597818982e+00 3.437995172603555361e+00 4.019558000000000000e+06
8.890757701901966570e+00 3.426866323433628736e+00 4.025642000000000000e+06
8.906442147587496194e+00 3.409776657099863773e+00 4.028514000000000000e+06
8.922138549702236077e+00 3.402568311853137129e+00 4.059398000000000000e+06
8.937858770665876307e+00 3.389973988088480716e+00 4.069674000000000000e+06
8.953569902743538478e+00 3.378170716835573906e+00 4.083698000000000000e+06
8.969276596619630837e+00 3.372879779058949534e+00 4.095210000000000000e+06
8.984978332063514372e+00 3.360994405084711811e+00 4.110518000000000000e+06
9.000686439228440250e+00 3.343284829833892857e+00 4.126850000000000000e+06
9.016395212272197313e+00 3.328567764076061586e+00 4.140114000000000000e+06
9.032081625028110849e+00 3.322942180030742598e+00 4.144070000000000000e+06
9.047784840512392179e+00 3.307992332969810434e+00 4.175802000000000000e+06
9.063510534008996089e+00 3.300812439318968394e+00 4.187882000000000000e+06
9.079229438028200150e+00 3.289081145442638743e+00 4.199250000000000000e+06
9.094931536527573357e+00 3.275567394875094074e+00 4.209326000000000000e+06
9.110624252584134553e+00 3.266894671646775272e+00 4.222130000000000000e+06
9.126345788688972505e+00 3.257356511993395820e+00 4.254258000000000000e+06
9.142067210789587506e+00 3.247438787455219966e+00 4.252478000000000000e+06
9.157769224107168426e+00 3.236690583131843990e+00 4.270698000000000000e+06
9.173460189222041095e+00 3.225780611212115900e+00 4.278122000000000000e+06
9.189172851773026451e+00 3.212539600705167864e+00 4.309898000000000000e+06
9.204899411326563197e+00 3.202587586718089518e+00 4.317150000000000000e+06
9.220610370561862723e+00 3.193784878298671082e+00 4.329698000000000000e+06
9.236312329177842173e+00 3.180655709305095336e+00 4.340826000000000000e+06
9.252011696799515406e+00 3.170800235801990663e+00 4.359590000000000000e+06
9.267725419345696380e+00 3.158742703085552161e+00 4.376850000000000000e+06
9.283431809080884278e+00 3.150478927770789195e+00 4.386674000000000000e+06
9.299131961634870436e+00 3.133308510053428364e+00 4.401782000000000000e+06
9.314836560434526902e+00 3.128792250198565217e+00 4.419210000000000000e+06
9.330566699333866509e+00 3.120426440498353493e+00 4.446482000000000000e+06
9.346274096307771728e+00 3.109847157762029468e+00 4.435554000000000000e+06
9.361966720359685468e+00 3.099315854742988208e+00 4.468934000000000000e+06
9.377681860044402740e+00 3.089841769678291161e+00 4.477650000000000000e+06
9.393384317371491932e+00 3.077849928460386408e+00 4.491218000000000000e+06
9.409088966137430177e+00 3.067383786386801425e+00 4.510358000000000000e+06
9.424791439829672157e+00 3.056845337288546016e+00 4.518594000000000000e+06
9.440499207501432011e+00 3.051985334276309914e+00 4.544474000000000000e+06
9.456214212898441218e+00 3.039952566926283239e+00 4.552098000000000000e+06
9.471927439984570540e+00 3.030571870102448440e+00 4.574990000000000000e+06
9.487631754062700651e+00 3.017364071126297453e+00 4.577210000000000000e+06
9.503344281547928318e+00 3.011241299721842957e+00 4.608186000000000000e+06
9.519057247113778431e+00 2.998061688456764795e+00 4.610198000000000000e+06
9.534757011366917112e+00 2.991980164609373549e+00 4.628898000000000000e+06
9.550453458784650351e+00 2.981315487258600516e+00 4.641170000000000000e+06
9.566158712525282937e+00 2.974230567455563357e+00 4.662462000000000000e+06
9.581880158653657276e+00 2.963180361948305475e+00 4.681442000000000000e+06
9.597589579516229819e+00 2.953190908412171911e+00 4.687850000000000000e+06
9.613296380928980867e+00 2.943675886390172636e+00 4.708818000000000000e+06
9.629006062959270196e+00 2.935275908211187446e+00 4.721534000000000000e+06
9.644707396083033402e+00 2.926163747657291481e+00 4.732770000000000000e+06
9.660406197323647248e+00 2.916799450324045306e+00 4.753346000000000000e+06
9.676122008914001427e+00 2.904180405733554071e+00 4.772886000000000000e+06
9.691840694543541801e+00 2.892948691959913887e+00 4.785098000000000000e+06
9.707543237507161749e+00 2.885514308104819126e+00 4.795394000000000000e+06
9.723244122996092642e+00 2.877103090868980306e+00 4.813986000000000000e+06
9.738952330288141113e+00 2.870683065661228994e+00 4.832654000000000000e+06
9.754669949504904736e+00 2.860054992801114970e+00 4.849362000000000000e+06
9.770377600734033052e+00 2.852998833753711772e+00 4.858322000000000000e+06
9.786069629200518705e+00 2.844064791104443657e+00 4.871286000000000000e+06
9.801770721287397237e+00 2.834365812147426222e+00 4.894370000000000000e+06
9.817489821034564912e+00 2.825782710874630066e+00 4.914650000000000000e+06
9.833199646667972971e+00 2.814719641080741575e+00 4.919658000000000000e+06
9.848902655768293712e+00 2.805220859965865454e+00 4.941638000000000000e+06
9.864627278272442013e+00 2.799847723116243081e+00 4.965954000000000000e+06
9.880352198135229358e+00 2.790168893573113706e+00 4.971770000000000000e+06
9.896056604692210712e+00 2.783077889532908245e+00 4.985702000000000000e+06
9.911750273437519354e+00 2.774437515336305893e+00 4.996314000000000000e+06
9.927450557379374985e+00 2.761998487231685839e+00 5.021258000000000000e+06
9.943165753651260985e+00 2.751584707262323626e+00 5.038470000000000000e+06
9.958875512968258903e+00 2.748492741508981485e+00 5.048570000000000000e+06
9.974579326095815546e+00 2.741330632351089758e+00 5.067786000000000000e+06
9.990292534396033375e+00 2.730586015818575962e+00 5.084402000000000000e+06
1.000600856325589305e+01 2.717286498004207740e+00 5.104238000000000000e+06
1.002170444839863528e+01 2.711840121994006036e+00 5.101890000000000000e+06
1.003739052522703901e+01 2.703660952504232995e+00 5.129594000000000000e+06
1.005309882194248416e+01 2.695234260993116138e+00 5.149086000000000000e+06
1.006881895908520086e+01 2.688890956838621449e+00 5.168834000000000000e+06
1.008452231173344416e+01 2.677728463861186903e+00 5.172306000000000000e+06
1.010022729382937889e+01 2.668132592247526524e+00 5.199218000000000000e+06
1.011594565713278016e+01 2.662005817353506831e+00 5.215430000000000000e+06
1.013166058960754867e+01 2.655236900815556744e+00 5.229066000000000000e+06
1.014737047935454051e+01 2.647991145059709783e+00 5.244530000000000000e+06
1.016308234466913696e+01 2.639524441986976999e+00 5.262870000000000000e+06
1.017878958276594581e+01 2.632696969708464341e+00 5.272562000000000000e+06
1.019448555450210314e+01 2.622727405049963156e+00 5.290098000000000000e+06
1.021019673146567186e+01 2.611705308524566949e+00 5.314358000000000000e+06
1.022590751621006078e+01 2.610454185548631401e+00 5.322098000000000000e+06
1.024160880192673417e+01 2.600698442583877945e+00 5.341026000000000000e+06
1.025732775208617475e+01 2.590909616017416539e+00 5.366858000000000000e+06
1.027304584666867804e+01 2.583040743730209865e+00 5.374422000000000000e+06
1.028873472736696293e+01 2.577034176130077459e+00 5.377730000000000000e+06
1.030442576009853184e+01 2.567258166787135920e+00 5.409410000000000000e+06
1.032014867554843818e+01 2.561698773687369979e+00 5.434014000000000000e+06
1.033586943357362209e+01 2.553525338479488926e+00 5.438882000000000000e+06
1.035157161316932140e+01 2.545107765912329345e+00 5.456178000000000000e+06
1.036727210965784174e+01 2.536932357354090506e+00 5.469242000000000000e+06
1.038298135070349915e+01 2.533072642896676552e+00 5.496174000000000000e+06
1.039869418006627910e+01 2.519130401614376957e+00 5.505530000000000000e+06
1.041439794625569881e+01 2.514077731624381862e+00 5.521202000000000000e+06
1.043010482665170713e+01 2.506266812839390568e+00 5.544126000000000000e+06
1.044582478281855487e+01 2.498553984402455796e+00 5.560106000000000000e+06
1.046154309703894825e+01 2.491951795724327567e+00 5.579754000000000000e+06
1.047723959228104285e+01 2.484975261240937261e+00 5.576270000000000000e+06
1.049292720351744279e+01 2.477972184740236727e+00 5.607138000000000000e+06
1.050863523850499526e+01 2.468926188074508143e+00 5.625026000000000000e+06
1.052435348202229015e+01 2.462267151528203080e+00 5.646698000000000000e+06
1.054005549761004978e+01 2.456810664162916602e+00 5.649126000000000000e+06
1.055575482461481052e+01 2.447362199578115405e+00 5.676434000000000000e+06
1.057145826219870344e+01 2.443218697834412811e+00 5.687418000000000000e+06
1.058717117850224376e+01 2.436288343075283969e+00 5.715830000000000000e+06
1.060289400134469062e+01 2.426973003258738881e+00 5.729210000000000000e+06
1.061860918710306834e+01 2.421925420580204324e+00 5.744802000000000000e+06
1.063431091651675153e+01 2.411459428937403171e+00 5.752154000000000000e+06
1.065002180958671651e+01 2.407719538737677745e+00 5.786382000000000000e+06
1.066572980082734468e+01 2.399538151353717286e+00 5.784146000000000000e+06
1.068142742642893950e+01 2.391953677694951264e+00 5.812146000000000000e+06
1.069714023788434787e+01 2.385170508009549106e+00 5.830166000000000000e+06
1.071285364357418146e+01 2.379019817477355581e+00 5.845850000000000000e+06
1.072856242199254062e+01 2.369953165994466371e+00 5.862834000000000000e+06
1.074426756718287557e+01 2.363835770394682623e+00 5.876066000000000000e+06
1.075998381704133955e+01 2.357639894247300916e+00 5.905854000000000000e+06
1.077568840897438562e+01 2.349840586865333592e+00 5.902274000000000000e+06
1.079138304940738280e+01 2.344123287167747538e+00 5.931258000000000000e+06
1.080709884248571484e+01 2.337500163728894798e+00 5.954966000000000000e+06
1.082281622961874490e+01 2.330274220472710045e+00 5.965346000000000000e+06
1.083851693336031374e+01 2.322403927319299566e+00 5.977818000000000000e+06
1.085422396324159422e+01 2.321782471716407059e+00 6.004718000000000000e+06
1.086993137901790796e+01 2.313538286802448329e+00 6.011706000000000000e+06
1.088564351758435222e+01 2.302207163024726277e+00 6.045770000000000000e+06
1.090135356744657535e+01 2.299209015645891530e+00 6.041586000000000000e+06
1.091705034221926418e+01 2.293039907027076385e+00 6.073166000000000000e+06
1.093275207829069018e+01 2.285016422211555209e+00 6.078962000000000000e+06
1.094846122315083825e+01 2.279345752174671169e+00 6.114258000000000000e+06
1.096418118107341577e+01 2.271134032741006781e+00 6.123086000000000000e+06
1.097988849072496542e+01 2.264799723633116102e+00 6.136770000000000000e+06
1.099558679320981724e+01 2.259358319179294305e+00 6.154898000000000000e+06
1.101129673485095672e+01 2.251470638217980991e+00 6.178610000000000000e+06
1.102701485690355909e+01 2.245614782359806938e+00 6.197982000000000000e+06
1.104272390432796591e+01 2.237532395579149735e+00 6.205322000000000000e+06
1.105841361686979951e+01 2.230897030801514802e+00 6.218850000000000000e+06
1.107411347758379350e+01 2.227537953981267638e+00 6.249542000000000000e+06
1.108984077014840963e+01 2.219094997151803472e+00 6.274146000000000000e+06
1.110554794633057796e+01 2.213340410146849457e+00 6.270242000000000000e+06
1.112124931961106533e+01 2.206532616932440849e+00 6.305222000000000000e+06
1.113697510740422381e+01 2.202642961467668137e+00 6.325026000000000000e+06
1.115268911253386719e+01 2.195450449326444620e+00 6.331922000000000000e+06
1.116838422783226115e+01 2.189371404502547414e+00 6.343698000000000000e+06
1.118408594539889478e+01 2.183717329045021138e+00 6.375158000000000000e+06
1.119980416311440052e+01 2.175134672407432745e+00 6.392178000000000000e+06
1.121552521724412621e+01 2.169151790489871612e+00 6.412826000000000000e+06
1.123121923820420243e+01 2.163670397020295511e+00 6.407078000000000000e+06
1.124691480473033778e+01 2.158240738069781450e+00 6.447954000000000000e+06
1.126262248805396560e+01 2.154058239542405939e+00 6.456026000000000000e+06
1.127833175656502007e+01 2.145522223425548436e+00 6.482034000000000000e+06
1.129403915665967872e+01 2.140638404109857174e+00 6.492878000000000000e+06
1.130972772992016750e+01 2.133481870553918469e+00 6.502074000000000000e+06
1.132543464171678238e+01 2.129211989124138782e+00 6.542930000000000000e+06
1.134116092480786619e+01 2.124944979088240871e+00 6.556598000000000000e+06
1.135687931575279030e+01 2.116834162058831126e+00 6.570330000000000000e+06
1.137258152843119419e+01 2.109755689937923506e+00 6.581882000000000000e+06
1.138829329520135047e+01 2.107474337418597798e+00 6.612546000000000000e+06
1.140401544384409860e+01 2.099795855005761158e+00 6.628622000000000000e+06
1.141971418729731447e+01 2.095681603644800717e+00 6.629498000000000000e+06
1.143540805815246841e+01 2.088332169538611893e+00 6.659250000000000000e+06
1.145112342906401892e+01 2.083939948603097392e+00 6.686006000000000000e+06
1.146683855971028443e+01 2.077942139172061609e+00 6.693786000000000000e+06
1.148253750634374093e+01 2.069502234504855043e+00 6.711554000000000000e+06
1.149824439280081201e+01 2.064497887220855699e+00 6.735678000000000000e+06
1.151395944216632472e+01 2.058785264422656969e+00 6.754754000000000000e+06
1.152967750311644046e+01 2.054895913419325648e+00 6.776570000000000000e+06
1.154536786069484400e+01 2.047129810973027375e+00 6.767394000000000000e+06
1.156106414707133290e+01 2.042387294327602909e+00 6.818246000000000000e+06
1.157679140551482533e+01 2.037325918423696258e+00 6.830562000000000000e+06
1.159249865891797526e+01 2.030798109599592838e+00 6.839186000000000000e+06
1.160819828013273636e+01 2.025778179635768339e+00 6.861462000000000000e+06
1.162390472506793770e+01 2.019407900187111249e+00 6.880394000000000000e+06
1.163962004466343636e+01 2.013825327796677556e+00 6.907178000000000000e+06
1.165533434666404133e+01 2.007900785220948947e+00 6.917034000000000000e+06
1.167104051015950716e+01 2.005307776061288738e+00 6.937934000000000000e+06
1.168673926950135034e+01 1.997976753391629945e+00 6.947250000000000000e+06
1.170244721913763897e+01 1.993043646143441538e+00 6.982106000000000000e+06
1.171816433671575730e+01 1.988017527293124198e+00 6.995718000000000000e+06
1.173387031746687015e+01 1.982850085104475912e+00 7.006682000000000000e+06
1.174957622851401240e+01 1.977332427877392940e+00 7.035866000000000000e+06
1.176529536104995444e+01 1.971718615105236383e+00 7.054110000000000000e+06
1.178099828544282701e+01 1.967493597711013509e+00 7.059194000000000000e+06
1.179669856151566165e+01 1.961211833043280173e+00 7.091802000000000000e+06
1.181240716294206905e+01 1.955382213443076944e+00 7.100666000000000000e+06
1.182811135021641213e+01 1.952139199082068011e+00 7.129070000000000000e+06
1.184382402706377313e+01 1.946394248470101118e+00 7.143282000000000000e+06
1.185952830171168593e+01 1.940670520431385437e+00 7.161482000000000000e+06
1.187523683486437243e+01 1.935975143826584643e+00 7.184694000000000000e+06
1.189095187450934432e+01 1.930256802066209865e+00 7.203914000000000000e+06
1.190666038869163401e+01 1.926292143795640621e+00 7.219746000000000000e+06
1.192235843864241396e+01 1.918865030377800096e+00 7.228634000000000000e+06
1.193806809039961259e+01 1.915476093889017850e+00 7.271990000000000000e+06
1.195377948291443992e+01 1.910748162943012085e+00 7.266786000000000000e+06
1.196947381174999947e+01 1.903478368169572388e+00 7.293650000000000000e+06
1.198518648559551458e+01 1.897564829249683838e+00 7.324086000000000000e+06
1.200090807358362710e+01 1.895547818740503931e+00 7.338650000000000000e+06
1.201661637889760037e+01 1.888986640572951847e+00 7.351962000000000000e+06
1.203230565217210035e+01 1.884986387465866775e+00 7.357190000000000000e+06
1.204801118703936780e+01 1.878852293843324084e+00 7.406042000000000000e+06
1.206372840719771133e+01 1.875063743263595706e+00 7.408626000000000000e+06
1.207943832024087349e+01 1.870115968965558872e+00 7.435610000000000000e+06
1.209515324384951640e+01 1.863733376695267729e+00 7.453542000000000000e+06
1.211085873951972935e+01 1.859150627237238007e+00 7.464002000000000000e+06
1.212656505101618798e+01 1.854878451403380923e+00 7.493546000000000000e+06
1.214227798456889929e+01 1.849979882318888214e+00 7.510806000000000000e+06
1.215799402266435081e+01 1.845072578561609555e+00 7.532114000000000000e+06
1.217369248650853386e+01 1.841007192717211138e+00 7.536234000000000000e+06
1.218938816956664795e+01 1.833112648255301291e+00 7.565834000000000000e+06
1.220511056850387632e+01 1.832701482639494284e+00 7.603062000000000000e+06
1.222082302231588535e+01 1.826250972821571228e+00 7.593890000000000000e+06
1.223651649645578665e+01 1.820771238685089388e+00 7.622906000000000000e+06
1.225222107367874180e+01 1.817309525696444883e+00 7.646622000000000000e+06
1.226793902491068877e+01 1.812151446196053284e+00 7.672058000000000000e+06
1.228364718069601835e+01 1.808032611110373278e+00 7.679346000000000000e+06
1.229933962477952214e+01 1.801059734633483789e+00 7.693058000000000000e+06
1.231504373451924117e+01 1.797456027153092384e+00 7.732158000000000000e+06
1.233076331536994985e+01 1.791257656872461634e+00 7.746962000000000000e+06
1.234648244688633945e+01 1.790125088373599072e+00 7.770986000000000000e+06
1.236218576653318735e+01 1.783644922462337634e+00 7.772094000000000000e+06
1.237788516389707461e+01 1.780293569122191277e+00 7.803818000000000000e+06
1.239360390984925964e+01 1.773999028379934506e+00 7.834338000000000000e+06
1.240931454438657155e+01 1.769217905692194615e+00 7.833710000000000000e+06
1.242501025862532238e+01 1.765924644417451228e+00 7.858794000000000000e+06
1.244071609171995973e+01 1.761323086796654946e+00 7.884290000000000000e+06
1.245642554635569788e+01 1.756406550535453803e+00 7.901522000000000000e+06
1.247213990979998322e+01 1.752586732356012700e+00 7.930662000000000000e+06
1.248784889213827753e+01 1.747929087750014876e+00 7.934426000000000000e+06
1.250355459696362281e+01 1.742921398181220605e+00 7.967322000000000000e+06
1.251926642764211373e+01 1.737509981916663060e+00 7.981934000000000000e+06
1.253497567568721927e+01 1.734873268241703848e+00 8.003282000000000000e+06
1.255068061703326165e+01 1.731281951143601061e+00 8.019666000000000000e+06
1.256637936912699516e+01 1.723593755017436058e+00 8.034482000000000000e+06
1.258208508998344399e+01 1.720929630161186719e+00 8.068542000000000000e+06
1.259780313698870202e+01 1.716068538590975523e+00 8.088290000000000000e+06
1.261351163942811127e+01 1.711451199692897385e+00 8.096322000000000000e+06
1.262921162496122385e+01 1.708015220655929145e+00 8.122646000000000000e+06
1.264492727534496019e+01 1.702433627504221558e+00 8.150138000000000000e+06
1.266064123044320411e+01 1.697150951303573851e+00 8.165322000000000000e+06
1.267635049109034462e+01 1.695078223551659935e+00 8.182574000000000000e+06
1.269205751319950970e+01 1.689967500022550695e+00 8.203698000000000000e+06
1.270776623809462613e+01 1.686692118089480497e+00 8.226914000000000000e+06
1.272347983526652904e+01 1.681885237334086236e+00 8.246898000000000000e+06
1.273918476699724422e+01 1.675838143236549449e+00 8.261774000000000000e+06
1.275488532096565741e+01 1.672423547236245644e+00 8.279426000000000000e+06
1.277058911046302292e+01 1.669902784086409353e+00 8.308722000000000000e+06
1.278629950396799053e+01 1.665038876012554958e+00 8.326214000000000000e+06
1.280200365974331511e+01 1.658746791499424056e+00 8.342682000000000000e+06
1.281770065856501084e+01 1.656642148378977497e+00 8.360834000000000000e+06
1.283340848437807935e+01 1.653553711052222486e+00 8.393226000000000000e+06
1.284913125601308792e+01 1.650096969768947153e+00 8.420150000000000000e+06
1.286484437274510917e+01 1.644605322307588713e+00 8.421986000000000000e+06
1.288054190366636220e+01 1.641442274744326024e+00 8.445714000000000000e+06
1.289624751817243542e+01 1.635076051124862540e+00 8.472590000000000000e+06
1.291196350413541616e+01 1.631299637331864449e+00 8.495370000000000000e+06
1.292767561271233312e+01 1.626852122250699528e+00 8.512802000000000000e+06
1.294337627341686670e+01 1.621737850055553709e+00 8.523290000000000000e+06
1.295909254465509619e+01 1.619249112878780927e+00 8.570982000000000000e+06
1.297481202941889933e+01 1.615628272905113239e+00 8.568458000000000000e+06
1.299050877709477980e+01 1.610562536670945510e+00 8.586498000000000000e+06
1.300620190024628187e+01 1.607287766362893722e+00 8.608838000000000000e+06
1.302191363383399469e+01 1.602803388077880031e+00 8.645610000000000000e+06
1.303763169598336091e+01 1.598428968170280129e+00 8.658386000000000000e+06
1.305333181807477239e+01 1.595746163335755030e+00 8.668598000000000000e+06
1.306903073371036683e+01 1.591135929181806130e+00 8.697426000000000000e+06
1.308473895878913140e+01 1.588112414678164441e+00 8.722562000000000000e+06
1.310044895130510945e+01 1.584299290841503005e+00 8.737962000000000000e+06
1.311616215419301668e+01 1.579112079007990221e+00 8.771366000000000000e+06
1.313186858979111094e+01 1.574422101901605364e+00 8.771010000000000000e+06
1.314758318782488900e+01 1.572584350812876508e+00 8.822618000000000000e+06
1.316329275779432884e+01 1.568517117812247896e+00 8.807726000000000000e+06
1.317898595262972350e+01 1.563749163615658633e+00 8.844618000000000000e+06
1.319469240226760220e+01 1.560535892319096174e+00 8.868722000000000000e+06
1.321040689247021405e+01 1.555555180661210235e+00 8.891394000000000000e+06
1.322611949941154208e+01 1.552348121070016740e+00 8.911934000000000000e+06
1.324182463394985909e+01 1.549084271988442785e+00 8.923938000000000000e+06
1.325752875752444560e+01 1.545696954615989327e+00 8.953682000000000000e+06
1.327324685934994797e+01 1.541495592390351943e+00 8.981966000000000000e+06
1.328896030804089534e+01 1.538383096181477949e+00 8.990442000000000000e+06
1.330465770248929935e+01 1.533919990443916026e+00 9.007874000000000000e+06
1.332036222917837698e+01 1.530688522225179815e+00 9.038982000000000000e+06
1.333608106842605068e+01 1.528065946450212209e+00 9.068570000000000000e+06
1.335180331535189246e+01 1.523188574887867741e+00 9.085250000000000000e+06
1.336750361723562541e+01 1.520106574907894581e+00 9.084690000000000000e+06
1.338320275923961589e+01 1.514769209129845473e+00 9.128654000000000000e+06
1.339890831652831338e+01 1.511570790864508185e+00 9.133170000000000000e+06
1.341462514739588485e+01 1.507671119659494741e+00 9.185882000000000000e+06
1.343033068227095939e+01 1.503809018062797431e+00 9.163254000000000000e+06
1.344603079414738112e+01 1.500447499113353178e+00 9.220130000000000000e+06
1.346175097817287813e+01 1.496459058664562525e+00 9.233138000000000000e+06
1.347746169624149459e+01 1.495099238024437893e+00 9.249378000000000000e+06
1.349316675243398933e+01 1.490012457463962381e+00 9.271550000000000000e+06
1.350886780744113125e+01 1.486929730421247875e+00 9.286266000000000000e+06
1.352457420959309786e+01 1.482222912676023796e+00 9.320762000000000000e+06
1.354027528269936731e+01 1.478503477857913140e+00 9.326718000000000000e+06
1.355597266711250448e+01 1.475452296099823313e+00 9.354602000000000000e+06
1.357167854077304803e+01 1.473501516710886694e+00 9.384122000000000000e+06
1.358738838662311110e+01 1.469958987209379231e+00 9.400482000000000000e+06
1.360310113866151482e+01 1.464538022131242512e+00 9.432638000000000000e+06
1.361881507393887070e+01 1.462344502257945100e+00 9.445314000000000000e+06
1.363453202384387275e+01 1.458412373157305542e+00 9.477290000000000000e+06
1.365024566205330991e+01 1.454124812865850824e+00 9.489182000000000000e+06
1.366595033684499860e+01 1.451342662747748813e+00 9.506706000000000000e+06
1.368165392332742947e+01 1.448032395291870777e+00 9.533978000000000000e+06
1.369736167268202998e+01 1.444326060520039423e+00 9.553662000000000000e+06
1.371307055606699343e+01 1.440711347745906590e+00 9.579506000000000000e+06
1.372878654632152795e+01 1.437221751427424143e+00 9.607866000000000000e+06
1.374449164540093271e+01 1.435132073610110526e+00 9.608354000000000000e+06
1.376018948147827103e+01 1.430790900989665770e+00 9.643862000000000000e+06
1.377590285876657106e+01 1.426764460200827811e+00 9.670578000000000000e+06
1.379161550194992891e+01 1.424242946606536497e+00 9.687890000000000000e+06
1.380731081996385612e+01 1.420552187935288035e+00 9.693294000000000000e+06
1.382300999567189415e+01 1.416866148988386698e+00 9.736034000000000000e+06
1.383872564254849102e+01 1.415452344956104946e+00 9.758946000000000000e+06
1.385444081006387584e+01 1.412138201536885962e+00 9.778994000000000000e+06
1.387015071998694360e+01 1.407969162219472548e+00 9.796814000000000000e+06
1.388585452423644107e+01 1.404552076718452946e+00 9.816882000000000000e+06
1.390156760444444295e+01 1.401102724182717640e+00 9.850514000000000000e+06
1.391727461050539816e+01 1.398608998198266118e+00 9.856062000000000000e+06
1.393297592547683017e+01 1.394167379913997529e+00 9.886706000000000000e+06
1.394868876145243419e+01 1.392137245398789025e+00 9.916194000000000000e+06
1.396439742877755918e+01 1.389312024136576618e+00 9.924854000000000000e+06
1.398010702101767677e+01 1.385167781125112851e+00 9.961490000000000000e+06
1.399582173626056658e+01 1.383192949903889080e+00 9.979098000000000000e+06
1.401152670862070160e+01 1.378812235830357391e+00 9.990266000000000000e+06
1.402722014478893797e+01 1.376162134186036168e+00 1.001239800000000000e+07
1.404291897715275006e+01 1.373114045896638435e+00 1.003881800000000000e+07
1.405862735443806244e+01 1.369777470040454359e+00 1.007208200000000000e+07
1.407433479531513143e+01 1.365688552734543482e+00 1.008267000000000000e+07
1.409004917104677368e+01 1.363208032696296756e+00 1.012322600000000000e+07
1.410576653922355916e+01 1.360275659177052177e+00 1.013483400000000000e+07
1.412147260933269344e+01 1.357862275832516508e+00 1.015145000000000000e+07
1.413717993358438640e+01 1.352596660800670092e+00 1.018411800000000000e+07
1.415289157905369954e+01 1.352223521810700380e+00 1.019981000000000000e+07
1.416860366393267157e+01 1.347946304274344920e+00 1.023038600000000000e+07
1.418430896436029265e+01 1.344052362425371072e+00 1.023833400000000000e+07
1.420001284291687682e+01 1.341528880522341538e+00 1.027159400000000000e+07
1.421572657614547808e+01 1.339353772589149116e+00 1.029841800000000000e+07
1.423143337578410517e+01 1.336479439718229134e+00 1.030681400000000000e+07
1.424713778177505397e+01 1.333872820318826369e+00 1.034130600000000000e+07
1.426285025225489456e+01 1.330841481516363833e+00 1.036284200000000000e+07
1.427856427368283398e+01 1.326145840813319321e+00 1.038883400000000000e+07
1.429426790244143852e+01 1.323370781761182391e+00 1.039563000000000000e+07
1.430996575509801971e+01 1.320032340363816781e+00 1.042536200000000000e+07
1.432567210679634506e+01 1.317544671203375817e+00 1.045427400000000000e+07
1.434138366999696146e+01 1.315668752947760423e+00 1.047829400000000000e+07
1.435709809438420237e+01 1.312567595439189772e+00 1.050181800000000000e+07
1.437280392282341523e+01 1.309960807660813575e+00 1.051481000000000000e+07
1.438851160269255303e+01 1.306257502008277172e+00 1.054884200000000000e+07
1.440422192675342039e+01 1.303360954688522977e+00 1.056646200000000000e+07
1.441992714275331444e+01 1.301497051519768355e+00 1.058681000000000000e+07
1.443563532454286502e+01 1.298158333988070012e+00 1.061495400000000000e+07
1.445133980253338457e+01 1.294557529291074927e+00 1.063105400000000000e+07
1.446704700330820970e+01 1.292057238349251236e+00 1.066236200000000000e+07
1.448275628028434348e+01 1.289741311576869887e+00 1.068335400000000000e+07
1.449846208348667354e+01 1.286616093878308664e+00 1.069929800000000000e+07
1.451417198299666467e+01 1.283872137454694640e+00 1.073878200000000000e+07
1.452988075651297706e+01 1.282186522554211061e+00 1.074420200000000000e+07
1.454558861043286200e+01 1.278936386369146305e+00 1.078218600000000000e+07
1.456129125218806841e+01 1.275924003840160470e+00 1.078496600000000000e+07
1.457699892464232683e+01 1.273359603867033396e+00 1.083393800000000000e+07
1.459271566640466311e+01 1.270005599117562944e+00 1.084813800000000000e+07
1.460843060267550619e+01 1.267644806776235589e+00 1.087376600000000000e+07
1.462413856613178353e+01 1.263597676855911178e+00 1.088697000000000000e+07
1.463984038393505038e+01 1.262800113851693329e+00 1.091244200000000000e+07
1.465554487563843367e+01 1.259604955718810038e+00 1.093669800000000000e+07
1.467125359738870749e+01 1.256879858021171081e+00 1.096614200000000000e+07
1.468695215062295389e+01 1.254014086933912031e+00 1.096874600000000000e+07
1.470265208970906734e+01 1.251074982101032740e+00 1.101460200000000000e+07
1.471836994524712061e+01 1.249565734117170202e+00 1.104277400000000000e+07
1.473408908505314230e+01 1.245757391826803451e+00 1.106147400000000000e+07
1.474979494899728394e+01 1.243985477468852796e+00 1.107245000000000000e+07
1.476549319820674455e+01 1.241053960728930150e+00 1.109692200000000000e+07
1.478120959716355998e+01 1.237326589468324078e+00 1.114652600000000000e+07
1.479692708607952589e+01 1.235925704147698756e+00 1.114560200000000000e+07
1.481262773648680664e+01 1.233161169660011769e+00 1.116844200000000000e+07
1.482831807978547367e+01 1.230418941415887479e+00 1.118108600000000000e+07
1.484403479212634736e+01 1.228115021767779425e+00 1.125011400000000000e+07
1.485975910022496826e+01 1.225646333525052922e+00 1.124210600000000000e+07
1.487546116254211981e+01 1.223052953251917430e+00 1.126544600000000000e+07
1.489116101759013233e+01 1.220109538885772782e+00 1.128549000000000000e+07
1.490687605691364404e+01 1.217940014054436748e+00 1.133592200000000000e+07
1.492259047301397423e+01 1.215837152795246068e+00 1.133013000000000000e+07
1.493828361520856873e+01 1.212506702755151489e+00 1.135727000000000000e+07
1.495398746968900205e+01 1.210465481989881908e+00 1.138909800000000000e+07
1.496970470176504620e+01 1.208283938535923419e+00 1.142664200000000000e+07
1.498541811108218447e+01 1.205716503673491813e+00 1.143135800000000000e+07
1.500112369815582269e+01 1.203185609028835312e+00 1.146229800000000000e+07
1.501682771044461795e+01 1.201460084072046186e+00 1.147920200000000000e+07
1.503253401606537842e+01 1.198655469894817749e+00 1.150974600000000000e+07
1.504823456875438481e+01 1.196069239235196369e+00 1.152306200000000000e+07
1.506393551489705551e+01 1.193400864124137595e+00 1.155621000000000000e+07
1.507964770104679175e+01 1.191579303990013328e+00 1.158828200000000000e+07
1.509535661435938536e+01 1.188674464720733681e+00 1.159964600000000000e+07
1.511107216380126061e+01 1.186151137362676078e+00 1.164527400000000000e+07
1.512678669010588095e+01 1.184040071633254865e+00 1.164933800000000000e+07
1.514248358802091232e+01 1.181816443965077568e+00 1.166538600000000000e+07
1.515819551110980434e+01 1.179404188958269373e+00 1.171928600000000000e+07
1.517391026295977774e+01 1.177011379317582263e+00 1.172073800000000000e+07
1.518961803510608810e+01 1.174848920559751431e+00 1.175507400000000000e+07
1.520532275548752743e+01 1.171917945238471148e+00 1.176716600000000000e+07
1.522103567250607448e+01 1.169674874502109718e+00 1.181334600000000000e+07
1.523675395281714806e+01 1.167739324930552325e+00 1.182545000000000000e+07
1.525244943101724004e+01 1.165862782185940194e+00 1.182881400000000000e+07
1.526815365307287742e+01 1.163428028196248354e+00 1.188441800000000000e+07
1.528387066072771638e+01 1.161328236800545310e+00 1.190037800000000000e+07
1.529957321464638476e+01 1.158896093568005714e+00 1.190800200000000000e+07
1.531526583627620397e+01 1.157068960173303074e+00 1.193747000000000000e+07
1.533097536464771871e+01 1.154742714215915234e+00 1.198134600000000000e+07
1.534669338573561426e+01 1.152850680196303434e+00 1.199815400000000000e+07
1.536240004252223734e+01 1.149779648426180190e+00 1.201579800000000000e+07
1.537810801182491893e+01 1.147728991433755619e+00 1.204658600000000000e+07
1.539381960142510408e+01 1.146287578812821062e+00 1.207322600000000000e+07
1.540952845721061593e+01 1.143731228343577877e+00 1.208937000000000000e+07
1.542523709037442003e+01 1.142023672385455768e+00 1.212366200000000000e+07
1.544094016867252428e+01 1.139714113706484788e+00 1.212901800000000000e+07
1.545664017249611355e+01 1.137255275790392650e+00 1.216869800000000000e+07
1.547234727593419557e+01 1.135722705226038354e+00 1.219107000000000000e+07
1.548806833453869558e+01 1.132656903611829025e+00 1.223729000000000000e+07
1.550378623459487315e+01 1.130611286647184466e+00 1.223743400000000000e+07
1.551949330626827894e+01 1.128884471405762202e+00 1.226943000000000000e+07
1.553520078467428966e+01 1.126813735391201776e+00 1.228831400000000000e+07
1.555090402017178697e+01 1.124871812240690439e+00 1.231201800000000000e+07
1.556660515225103758e+01 1.123175476760147173e+00 1.233377000000000000e+07
1.558230564648683369e+01 1.120470491206823516e+00 1.236265400000000000e+07
1.559802032509431058e+01 1.118416977542308288e+00 1.240528200000000000e+07
1.561373656517381825e+01 1.116631367519618667e+00 1.241484200000000000e+07
1.562943874868456007e+01 1.114559571498361157e+00 1.243327800000000000e+07
1.564514468723513119e+01 1.111913267650629367e+00 1.246944200000000000e+07
1.566085762263859849e+01 1.110087487455095445e+00 1.249710600000000000e+07
1.567656801168175562e+01 1.108213856962725563e+00 1.251307400000000000e+07
1.569226784315055134e+01 1.106226732382682210e+00 1.253190200000000000e+07
1.570797061764651303e+01 1.104331106193739753e+00 1.256769000000000000e+07
1.572368763200833186e+01 1.103234476453777591e+00 1.260333800000000000e+07
1.573939902922757739e+01 1.100142189721714292e+00 1.261272600000000000e+07
1.575510155432147918e+01 1.098435733302350004e+00 1.263480200000000000e+07
1.577080131559525533e+01 1.096660119895156882e+00 1.266273000000000000e+07
1.578651124257762106e+01 1.095056998590292263e+00 1.269908600000000000e+07
1.580221945868158429e+01 1.092618924254551649e+00 1.271107400000000000e+07
1.581792010585497543e+01 1.090374530441637235e+00 1.273909800000000000e+07
1.583362809238100866e+01 1.089072468830000195e+00 1.276949000000000000e+07
1.584933934958661794e+01 1.087029869326481935e+00 1.279968600000000000e+07
1.586505742005159547e+01 1.085171708957763492e+00 1.282862600000000000e+07
1.588076352344777042e+01 1.084202551681262783e+00 1.283279400000000000e+07
1.589646872608305905e+01 1.081633172936007359e+00 1.287594200000000000e+07
1.591218765353894682e+01 1.079874625706456426e+00 1.290631400000000000e+07
1.592789674253093146e+01 1.078635360217304662e+00 1.291312200000000000e+07
1.594359563934946422e+01 1.076673221849365314e+00 1.293734600000000000e+07
1.595929854003116333e+01 1.074181165208063726e+00 1.297337400000000000e+07
1.597501474699522639e+01 1.071381908446768394e+00 1.300817000000000000e+07
1.599073061961361475e+01 1.071677231588669121e+00 1.302581000000000000e+07
1.600643059467362406e+01 1.069647426380605726e+00 1.303359000000000000e+07
1.602213644221637878e+01 1.066712331635902844e+00 1.308369800000000000e+07
1.603784671360493164e+01 1.065400781048463585e+00 1.309470600000000000e+07
1.605354767035452213e+01 1.064570079339876685e+00 1.311900200000000000e+07
1.606924881116611203e+01 1.062072513383595318e+00 1.314631800000000000e+07
