# k_mean_over_bin [h Mpc^-1] P_bin [h^-3 Mpc^3] N_modes
2.004559772710005558e-02 4.066614149305555202e+03 1.800000000000000000e+01
3.504137442477287673e-02 9.710415322580643988e+03 6.200000000000000000e+01
4.923125820196404961e-02 4.875737563775509443e+03 9.800000000000000000e+01
6.378344006481624640e-02 4.220595535714285688e+03 2.100000000000000000e+02
8.007265176091875325e-02 3.153061071428571267e+03 3.500000000000000000e+02
9.616302738587061139e-02 2.372092222222222063e+03 4.500000000000000000e+02
1.110826890383447979e-01 1.938573920265780771e+03 6.020000000000000000e+02
1.260576397180557251e-01 1.715881397637795317e+03 7.620000000000000000e+02
1.422731428555557009e-01 1.286459938704027991e+03 1.142000000000000000e+03
1.585460595607757484e-01 1.130907300000000077e+03 1.250000000000000000e+03
1.737497011902237598e-01 1.006594735939643328e+03 1.458000000000000000e+03
1.889532144205047226e-01 8.922887954796030954e+02 1.814000000000000000e+03
2.049067109494826788e-01 7.961608126721763483e+02 2.178000000000000000e+03
2.207556613284745450e-01 7.198309147317853558e+02 2.498000000000000000e+03
2.358802738624342921e-01 6.348213672768879405e+02 2.622000000000000000e+03
2.513999951464319649e-01 5.970029583582984287e+02 3.338000000000000000e+03
2.675345382307371400e-01 5.192996708758731756e+02 3.722000000000000000e+03
2.835681791499936044e-01 4.872981714628297709e+02 4.170000000000000000e+03
2.990221799979137507e-01 4.386030289123451098e+02 4.358000000000000000e+03
3.144508804126917023e-01 4.071912246722288273e+02 5.034000000000000000e+03
3.303723395141972552e-01 3.775055127756387492e+02 5.714000000000000000e+03
3.461405835555014798e-01 3.384187353727850223e+02 5.982000000000000000e+03
3.616240832326051979e-01 3.286586261738867165e+02 6.602000000000000000e+03
3.771335216675366642e-01 3.080595371669004408e+02 7.130000000000000000e+03
3.929320011962133541e-01 2.836626524769728803e+02 8.034000000000000000e+03
4.088541926781908975e-01 2.731529165698349857e+02 8.606000000000000000e+03
4.245637628236880179e-01 2.548845687182881079e+02 9.066000000000000000e+03
4.402531073637167558e-01 2.388503814495081485e+02 9.962000000000000000e+03
4.559993315308014661e-01 2.283146682464454784e+02 1.055000000000000000e+04
4.716264483403250773e-01 2.200884999109210867e+02 1.122600000000000000e+04
4.872700578197112775e-01 2.051050963280092390e+02 1.214600000000000000e+04
5.028559864371159316e-01 1.986472909725527813e+02 1.260600000000000000e+04
5.184881697096974662e-01 1.894313686422257774e+02 1.380200000000000000e+04
5.343469721895739433e-01 1.815952284126338441e+02 1.475400000000000000e+04
5.500823565575736485e-01 1.768104514940107777e+02 1.519400000000000000e+04
5.657322269403529669e-01 1.677322231676188267e+02 1.645400000000000000e+04
5.814958906429442687e-01 1.652240439547627204e+02 1.715400000000000000e+04
5.972223875100493018e-01 1.560468082776743586e+02 1.826600000000000000e+04
6.128042965698242694e-01 1.525422933333333333e+02 1.875000000000000000e+04
6.284339241893368566e-01 1.466673420974597093e+02 2.023400000000000000e+04
6.442671741027654608e-01 1.409212470862470923e+02 2.145000000000000000e+04
6.600506477327297006e-01 1.354240733995082451e+02 2.196200000000000000e+04
6.757240646605540135e-01 1.327942310970931885e+02 2.346200000000000000e+04
6.914033637984144942e-01 1.291086640046585217e+02 2.404200000000000000e+04
7.071742118944099875e-01 1.233922762660911019e+02 2.594600000000000000e+04
7.228711511166978632e-01 1.205816869591852480e+02 2.611800000000000000e+04
7.383803448867409802e-01 1.159883207300225365e+02 2.750600000000000000e+04
7.540183656477988938e-01 1.136226604968003926e+02 2.906600000000000000e+04
7.698451130026079392e-01 1.109919376026272602e+02 3.045000000000000000e+04
7.856895634322977884e-01 1.082240091991682931e+02 3.174200000000000000e+04
8.013652298136274554e-01 1.050396976744186048e+02 3.225000000000000000e+04
8.170314793099452411e-01 1.022068759124087620e+02 3.425000000000000000e+04
8.328089595358807440e-01 9.906143171433406280e+01 3.545400000000000000e+04
8.485110835048260691e-01 9.777639704671460663e+01 3.643400000000000000e+04
8.640973204722621759e-01 9.398446871185181806e+01 3.768200000000000000e+04
8.797014300262691044e-01 9.147814551839975650e+01 3.929400000000000000e+04
8.955074489672053550e-01 8.970421957224931475e+01 4.142600000000000000e+04
9.112788985619241222e-01 8.848343079922027243e+01 4.206600000000000000e+04
9.269095651252046153e-01 8.622552310876064041e+01 4.349000000000000000e+04
9.426346125839982770e-01 8.464668942278237296e+01 4.570200000000000000e+04
9.583964670696782928e-01 8.268930930222585118e+01 4.663400000000000000e+04
9.741277885224883804e-01 8.131142645302138305e+01 4.855400000000000000e+04
9.896918448392955092e-01 7.948840802128094651e+01 4.887000000000000000e+04
1.005280879626296420e+00 7.750994103270356561e+01 5.155400000000000000e+04
1.021133664452582135e+00 7.534552597522647943e+01 5.409000000000000000e+04
1.036923334995100809e+00 7.383842563611591459e+01 5.431400000000000000e+04
1.052635308833600680e+00 7.272649797926550264e+01 5.691000000000000000e+04
1.068321370297892425e+00 7.131261960265823063e+01 5.748200000000000000e+04
1.084052701550582753e+00 7.031328967769603366e+01 6.062600000000000000e+04
1.099794715754920382e+00 6.901082410221221153e+01 6.120600000000000000e+04
1.115370388947033220e+00 6.755453891641361963e+01 6.257000000000000000e+04
1.131046383902849950e+00 6.649537501901718883e+01 6.573000000000000000e+04
1.146787968622316356e+00 6.591352007917703304e+01 6.668600000000000000e+04
1.162563353468210270e+00 6.327203076128439818e+01 6.969800000000000000e+04
1.178284495947235833e+00 6.326397338131551606e+01 7.002600000000000000e+04
1.193950312022173277e+00 6.145543397575124800e+01 7.274600000000000000e+04
1.209702279395532543e+00 6.062520357762648615e+01 7.491000000000000000e+04
1.225374778796072261e+00 5.932752040358152357e+01 7.572200000000000000e+04
1.240998268267369031e+00 5.858960422567557202e+01 7.837800000000000000e+04
1.256664763601604173e+00 5.720863426215169056e+01 8.003000000000000000e+04
1.272410839108921055e+00 5.620027408458154383e+01 8.318600000000000000e+04
1.288186821427190987e+00 5.595071811589067323e+01 8.466600000000000000e+04
1.303915415643678744e+00 5.435996464307998366e+01 8.654600000000000000e+04
1.319571589153230251e+00 5.349930219892436156e+01 8.813400000000000000e+04
1.335290070384270056e+00 5.289273853481613941e+01 9.153800000000000000e+04
1.351076062681103140e+00 5.198125362365522051e+01 9.313800000000000000e+04
1.366744220099084473e+00 5.120185651686107065e+01 9.447800000000000000e+04
1.382398842931918725e+00 5.091282357053272278e+01 9.727400000000000000e+04
1.398110035554206876e+00 4.957367840304945616e+01 9.969000000000000000e+04
1.413886464447384306e+00 4.886749683204990902e+01 1.025900000000000000e+05
1.429636290478455862e+00 4.810123349715717467e+01 1.037700000000000000e+05
1.445306609637929229e+00 4.735294698437176919e+01 1.063460000000000000e+05
1.461013715221450848e+00 4.668020009949698590e+01 1.085460000000000000e+05
1.476673179078200837e+00 4.588791250474142913e+01 1.107260000000000000e+05
1.492290038154521659e+00 4.537901301615000449e+01 1.123220000000000000e+05
1.507927148623363189e+00 4.453561998446803472e+01 1.158900000000000000e+05
1.523672044743926701e+00 4.420398093730528899e+01 1.187660000000000000e+05
1.539529615911521709e+00 4.350471389556656732e+01 1.222980000000000000e+05
1.555255688786340684e+00 4.267526824473748803e+01 1.220900000000000000e+05
1.570915144657768492e+00 4.235106112391702027e+01 1.258100000000000000e+05
1.586615423455384422e+00 4.173401591387783327e+01 1.281900000000000000e+05
1.602349133342779730e+00 4.063505962105134728e+01 1.309940000000000000e+05
1.618092974080486135e+00 4.036491003724143667e+01 1.337220000000000000e+05
1.633691874209366679e+00 4.005894193567662143e+01 1.338860000000000000e+05
1.649409270104698511e+00 3.920213394242126981e+01 1.405380000000000000e+05
1.665187916060468121e+00 3.872834189225714141e+01 1.405940000000000000e+05
1.680850499408222509e+00 3.818247628731005250e+01 1.435940000000000000e+05
1.696519861906699678e+00 3.787162531610962901e+01 1.463100000000000000e+05
1.712283893956166425e+00 3.711798207766345570e+01 1.506500000000000000e+05
1.728062756067172412e+00 3.662178271917005645e+01 1.519140000000000000e+05
1.743677627348828585e+00 3.623673385572171668e+01 1.533980000000000000e+05
1.759326903275710174e+00 3.575075063661586228e+01 1.578660000000000000e+05
1.775054497456971747e+00 3.505850626797296599e+01 1.606580000000000000e+05
1.790812710658242546e+00 3.475818698126774819e+01 1.641020000000000000e+05
1.806502375897273804e+00 3.423825411833157517e+01 1.649940000000000000e+05
1.822179186865621636e+00 3.409355019134530096e+01 1.698500000000000000e+05
1.837969883527481585e+00 3.315476685974587667e+01 1.729860000000000000e+05
1.853671301775014824e+00 3.277984864342645466e+01 1.738940000000000000e+05
1.869276135303816311e+00 3.277509362024686368e+01 1.767780000000000000e+05
1.884971321406135658e+00 3.216939307598376274e+01 1.818020000000000000e+05
1.900728707982397125e+00 3.190671257387626980e+01 1.844300000000000000e+05
1.916473119999263952e+00 3.126046506659830726e+01 1.872420000000000000e+05
1.932184555202840048e+00 3.084300657030223647e+01 1.902500000000000000e+05
1.947873548384971176e+00 3.058617385885651885e+01 1.925700000000000000e+05
1.963628993658796507e+00 3.026328850868078391e+01 1.982540000000000000e+05
1.979352447076785815e+00 2.988559073881478767e+01 1.980740000000000000e+05
1.994985104292756439e+00 2.962713932195001121e+01 2.020500000000000000e+05
2.010642935442618739e+00 2.916389378205564853e+01 2.055020000000000000e+05
2.026404838719640278e+00 2.862809613321561031e+01 2.106660000000000000e+05
2.042160439755924539e+00 2.853399066027699149e+01 2.124260000000000000e+05
2.057814152054247447e+00 2.816103366710608924e+01 2.139180000000000000e+05
2.073527659517757193e+00 2.767235762056888149e+01 2.209940000000000000e+05
2.089278401895053872e+00 2.741727232509637702e+01 2.215220000000000000e+05
2.104986979127729807e+00 2.708774534496319220e+01 2.263140000000000000e+05
2.120648321356923383e+00 2.684859697132348089e+01 2.272940000000000000e+05
2.136325257483229656e+00 2.642618324018509668e+01 2.329620000000000000e+05
2.152108829701105730e+00 2.619284915355440191e+01 2.378180000000000000e+05
2.167848322413291839e+00 2.603707455599459664e+01 2.383980000000000000e+05
2.183487000865677263e+00 2.559659180342808327e+01 2.414180000000000000e+05
2.199161537811643807e+00 2.526774992099441519e+01 2.468180000000000000e+05
2.214891256735060487e+00 2.506268556977423501e+01 2.499060000000000000e+05
2.230633713071271895e+00 2.478982104577113432e+01 2.547020000000000000e+05
2.246304443991349320e+00 2.448166599847494851e+01 2.544180000000000000e+05
2.261936208784359970e+00 2.406630203492168363e+01 2.603540000000000000e+05
2.277652670266802293e+00 2.392519266041196602e+01 2.649740000000000000e+05
2.293412982496121355e+00 2.362191409709662793e+01 2.687220000000000000e+05
2.309141221738169047e+00 2.344451359173963922e+01 2.715620000000000000e+05
2.324861988404599789e+00 2.309278228937609256e+01 2.755860000000000000e+05
2.340611247586814159e+00 2.285249473571505163e+01 2.801900000000000000e+05
2.356347504876110666e+00 2.250758218601723826e+01 2.828340000000000000e+05
2.372029085968939910e+00 2.234087561805239019e+01 2.851700000000000000e+05
2.387678571697246621e+00 2.200130568568333800e+01 2.898860000000000000e+05
2.403388139521258626e+00 2.185461195215876629e+01 2.944740000000000000e+05
2.419137128499648348e+00 2.164570548050404142e+01 2.994980000000000000e+05
2.434829956177893884e+00 2.136185065909227276e+01 2.999580000000000000e+05
2.450497304476752181e+00 2.114014673475926642e+01 3.058580000000000000e+05
2.466221630284449073e+00 2.102521927707742222e+01 3.107940000000000000e+05
2.481948461430914410e+00 2.071415954925546643e+01 3.130820000000000000e+05
2.497590267743403203e+00 2.045800927713054307e+01 3.160460000000000000e+05
2.513275415567109317e+00 2.022061771843906897e+01 3.222180000000000000e+05
2.529064511226168488e+00 2.005377828233331883e+01 3.285620000000000000e+05
2.544794397904540872e+00 1.984439921948840180e+01 3.279900000000000000e+05
2.560494206000486273e+00 1.961327926939113908e+01 3.352820000000000000e+05
2.576181416838396743e+00 1.938988600172634236e+01 3.359700000000000000e+05
2.591894431456594372e+00 1.921911784366952958e+01 3.440660000000000000e+05
2.607583386084574517e+00 1.894129198936337133e+01 3.437180000000000000e+05
2.623254195933073518e+00 1.884989530523644419e+01 3.514980000000000000e+05
2.638982638468245323e+00 1.858149202444295156e+01 3.544580000000000000e+05
2.654678623100330981e+00 1.847200933719315330e+01 3.585660000000000000e+05
2.670444987332728282e+00 1.822909986288723161e+01 3.661220000000000000e+05
2.686175436888973866e+00 1.805106065990541353e+01 3.658100000000000000e+05
2.701842624139498383e+00 1.786493533752038587e+01 3.716220000000000000e+05
2.717551210176916143e+00 1.768427813801577742e+01 3.759860000000000000e+05
2.733286152591690943e+00 1.755327079571918247e+01 3.821700000000000000e+05
2.748969669686326611e+00 1.735386100183857039e+01 3.818180000000000000e+05
2.764618652904751617e+00 1.715403492019487786e+01 3.895740000000000000e+05
2.780335698310803405e+00 1.694384147239762228e+01 3.936980000000000000e+05
2.796070939832780322e+00 1.683430298053863083e+01 3.994580000000000000e+05
2.811789110373833278e+00 1.661636981567393079e+01 4.022220000000000000e+05
2.827490318755497611e+00 1.646505104172298317e+01 4.069220000000000000e+05
2.843211165013692643e+00 1.631984512234705065e+01 4.128420000000000000e+05
2.858928238366322816e+00 1.610752842208664504e+01 4.153460000000000000e+05
2.874619182965964193e+00 1.594999192748028172e+01 4.211820000000000000e+05
2.890326122379585971e+00 1.577237905218131964e+01 4.250180000000000000e+05
2.906048410595298837e+00 1.567918276746656403e+01 4.311380000000000000e+05
2.921763637537025282e+00 1.553002196223600251e+01 4.343820000000000000e+05
2.937471882413853042e+00 1.539059620398895056e+01 4.395140000000000000e+05
2.953184966193053373e+00 1.521684564844919940e+01 4.447380000000000000e+05
2.968906669185866321e+00 1.506324541667594730e+01 4.489100000000000000e+05
2.984558054153132023e+00 1.498804752584228872e+01 4.506180000000000000e+05
3.000234266597839206e+00 1.479395022130152171e+01 4.595540000000000000e+05
3.015961738166995865e+00 1.464651829170859365e+01 4.631060000000000000e+05
3.031644318942089189e+00 1.451131249812671342e+01 4.670940000000000000e+05
3.047375183469438475e+00 1.434517979188862569e+01 4.749380000000000000e+05
3.063101994982958765e+00 1.421759020591551348e+01 4.771860000000000000e+05
3.078830638657798602e+00 1.405219737140735070e+01 4.846700000000000000e+05
3.094557820700788220e+00 1.391763208147676778e+01 4.870100000000000000e+05
3.110261604918990841e+00 1.376783650980916818e+01 4.933140000000000000e+05
3.125964826756857384e+00 1.367898461079702166e+01 4.963220000000000000e+05
3.141631907395710410e+00 1.350752139716405331e+01 5.017020000000000000e+05
3.157337759020614865e+00 1.339405913143333571e+01 5.085620000000000000e+05
3.173083732250922218e+00 1.328084053811240750e+01 5.142420000000000000e+05
3.188786566155163538e+00 1.317350113724867100e+01 5.161580000000000000e+05
3.204467208631248454e+00 1.300046211074584512e+01 5.226020000000000000e+05
3.220198682476764773e+00 1.291693614342947782e+01 5.306580000000000000e+05
3.235902901074469540e+00 1.280653985910550574e+01 5.300420000000000000e+05
3.251569839460216826e+00 1.271777656538214529e+01 5.388780000000000000e+05
3.267286640001119125e+00 1.258985444654770092e+01 5.441300000000000000e+05
3.283035953778620897e+00 1.240613239558270209e+01 5.511060000000000000e+05
3.298765470797303756e+00 1.234846258542696340e+01 5.539820000000000000e+05
3.314460854810658219e+00 1.222508607378162182e+01 5.582420000000000000e+05
3.330143183999465961e+00 1.204903320544295653e+01 5.645460000000000000e+05
3.345851390644388967e+00 1.200144260938765406e+01 5.704940000000000000e+05
3.361584614506297086e+00 1.188110433766440899e+01 5.767620000000000000e+05
3.377268741275611497e+00 1.176933905650653500e+01 5.782340000000000000e+05
3.392938742749323389e+00 1.169853978206008271e+01 5.856660000000000000e+05
3.408667877553761993e+00 1.160783654024082878e+01 5.944460000000000000e+05
3.424389245726590758e+00 1.144048719025619398e+01 5.952500000000000000e+05
3.440080490503192756e+00 1.135995406047709544e+01 6.034020000000000000e+05
3.455784632582446392e+00 1.125993114711993393e+01 6.073820000000000000e+05
3.471525169349745088e+00 1.120477869078296962e+01 6.170100000000000000e+05
3.487238775590668638e+00 1.108553239577287108e+01 6.167780000000000000e+05
3.502915637500682244e+00 1.099592634446639217e+01 6.247460000000000000e+05
3.518586117849470174e+00 1.086655218752288832e+01 6.280620000000000000e+05
3.534307361823285198e+00 1.077604432210944374e+01 6.394100000000000000e+05
3.550068718511843802e+00 1.066809367388646734e+01 6.429540000000000000e+05
3.565767899937936303e+00 1.061491251969893490e+01 6.459740000000000000e+05
3.581461234185308484e+00 1.049168158655832528e+01 6.534900000000000000e+05
3.597192479322759873e+00 1.041366954926704125e+01 6.607460000000000000e+05
3.612919168611930854e+00 1.036737225530583295e+01 6.646460000000000000e+05
3.628586482304986038e+00 1.026919854935635179e+01 6.672900000000000000e+05
3.644285394494611641e+00 1.017132352724605937e+01 6.790340000000000000e+05
3.660034289703634869e+00 1.008296715207653982e+01 6.827220000000000000e+05
3.675778468055097559e+00 9.993034237122380148e+00 6.912380000000000000e+05
3.691462948962963786e+00 9.886558563582447334e+00 6.886020000000000000e+05
3.707119074879760223e+00 9.825803409120096532e+00 7.008260000000000000e+05
3.722835664250375487e+00 9.727621722581066166e+00 7.056620000000000000e+05
3.738525251797470528e+00 9.627188127568365061e+00 7.100820000000000000e+05
3.754222032949778853e+00 9.587058965851921855e+00 7.191620000000000000e+05
3.769933086185316640e+00 9.491619937694704134e+00 7.222500000000000000e+05
3.785638995718866973e+00 9.426536205930199586e+00 7.315100000000000000e+05
3.801371660419305520e+00 9.354131078890123518e+00 7.364420000000000000e+05
3.817071936206203997e+00 9.282302692138459932e+00 7.408980000000000000e+05
3.832786102847733023e+00 9.188710245041711744e+00 7.501580000000000000e+05
3.848527046055627121e+00 9.127119250304028597e+00 7.548660000000000000e+05
3.864237159299509283e+00 9.048080638674282028e+00 7.608260000000000000e+05
3.879924927323326056e+00 8.976010229911235427e+00 7.640340000000000000e+05
3.895614328144405114e+00 8.936960971562816880e+00 7.738460000000000000e+05
3.911337128038584687e+00 8.834557927650394049e+00 7.797140000000000000e+05
3.927042484287095014e+00 8.782796176021337331e+00 7.843140000000000000e+05
3.942732759911325768e+00 8.659602927684868945e+00 7.913420000000000000e+05
3.958453369699379998e+00 8.615585183962133797e+00 7.994580000000000000e+05
3.974178216354418591e+00 8.550458282502775731e+00 8.049620000000000000e+05
3.989882109912799013e+00 8.464099190908529025e+00 8.095500000000000000e+05
4.005543243773400874e+00 8.399766798039973281e+00 8.134580000000000000e+05
4.021251057898795445e+00 8.354070935289012567e+00 8.274020000000000000e+05
4.036984636136614846e+00 8.279508169023603870e+00 8.286180000000000000e+05
4.052682677778184583e+00 8.212404919000428904e+00 8.369180000000000000e+05
4.068393456235992467e+00 8.128121759598705864e+00 8.428740000000000000e+05
4.084099822251435974e+00 8.089575057279905224e+00 8.493380000000000000e+05
4.099829813320492455e+00 8.040049269915780172e+00 8.589420000000000000e+05
4.115554009414900349e+00 7.959813723463316393e+00 8.609780000000000000e+05
4.131235359039446386e+00 7.876687403408319632e+00 8.683460000000000000e+05
4.146931044915801223e+00 7.837187512140721068e+00 8.751540000000000000e+05
4.162664159049392687e+00 7.774469259117999798e+00 8.862140000000000000e+05
4.178388788086889960e+00 7.723604997374192038e+00 8.873460000000000000e+05
4.194077965975033351e+00 7.676439631457921742e+00 8.949860000000000000e+05
4.209774792532540388e+00 7.599773032896383285e+00 9.027740000000000000e+05
4.225510803750013977e+00 7.540594158186367579e+00 9.121140000000000000e+05
4.241231113843379141e+00 7.496468952794784535e+00 9.150260000000000000e+05
4.256908196003403866e+00 7.424515455223215099e+00 9.201420000000000000e+05
4.272591924000948893e+00 7.383885876170460882e+00 9.297620000000000000e+05
4.288308084378355645e+00 7.315852225343340010e+00 9.376980000000000000e+05
4.304040323784237287e+00 7.263509751662323488e+00 9.447620000000000000e+05
4.319738418983270378e+00 7.237448510631117493e+00 9.482540000000000000e+05
4.335428335028543856e+00 7.168089113526100675e+00 9.568020000000000000e+05
4.351157550879730884e+00 7.108476341848049884e+00 9.676580000000000000e+05
4.366881330891844826e+00 7.061708133014060529e+00 9.697020000000000000e+05
4.382546060772999574e+00 7.011138087856358503e+00 9.740900000000000000e+05
4.398246218400761798e+00 6.958038689627126239e+00 9.884820000000000000e+05
4.413979276240257654e+00 6.920296896957037092e+00 9.919940000000000000e+05
4.429695644229851403e+00 6.859979720887485755e+00 1.001030000000000000e+06
4.445410080183695989e+00 6.798293301506788566e+00 1.005450000000000000e+06
4.461113024304604657e+00 6.776357895235257445e+00 1.013738000000000000e+06
4.476828248264367538e+00 6.719135566843821294e+00 1.021710000000000000e+06
4.492511743566732996e+00 6.665418326615385247e+00 1.023626000000000000e+06
4.508191947536588806e+00 6.626560819590784135e+00 1.035834000000000000e+06
4.523895481465870283e+00 6.568243135476456551e+00 1.040786000000000000e+06
4.539619934096997156e+00 6.518726630877529793e+00 1.053206000000000000e+06
4.555352618284365995e+00 6.468181706373308693e+00 1.057002000000000000e+06
4.571063001207543941e+00 6.429454703364420709e+00 1.063898000000000000e+06
4.586777862326684385e+00 6.385568083729965316e+00 1.072782000000000000e+06
4.602497075350756361e+00 6.336251629085691839e+00 1.078826000000000000e+06
4.618214180504660149e+00 6.287618965330235454e+00 1.087922000000000000e+06
4.633911241501361467e+00 6.242843151819267078e+00 1.090494000000000000e+06
4.649602871383847535e+00 6.192444446058606999e+00 1.101362000000000000e+06
4.665319460688174047e+00 6.161196772036813485e+00 1.109802000000000000e+06
4.681029772111457099e+00 6.131007326960451032e+00 1.114514000000000000e+06
4.696725943447952467e+00 6.091741360196311739e+00 1.123926000000000000e+06
4.712406639130506392e+00 6.041901941942439791e+00 1.125986000000000000e+06
4.728114319510818397e+00 6.002887489353367023e+00 1.143554000000000000e+06
4.743843011674210075e+00 5.958452359112787811e+00 1.144710000000000000e+06
4.759548004017718270e+00 5.932012758899774418e+00 1.154018000000000000e+06
4.775245153331388437e+00 5.886949744905437321e+00 1.159962000000000000e+06
4.790962201099520534e+00 5.840591603998682046e+00 1.170986000000000000e+06
4.806687457227775795e+00 5.799149847811214897e+00 1.178142000000000000e+06
4.822395257046031780e+00 5.761098578306448559e+00 1.182674000000000000e+06
4.838087143849061356e+00 5.716570585103971425e+00 1.191002000000000000e+06
4.853789225034707222e+00 5.687350783630641615e+00 1.200438000000000000e+06
4.869505077076887289e+00 5.656430594572581683e+00 1.208162000000000000e+06
4.885214479826415435e+00 5.614600356467515319e+00 1.215258000000000000e+06
4.900926872777207954e+00 5.577650812737821262e+00 1.224134000000000000e+06
4.916625834276870499e+00 5.550423529488362817e+00 1.228722000000000000e+06
4.932342625999591945e+00 5.514696087532196422e+00 1.243154000000000000e+06
4.948070313168653200e+00 5.467326249323528842e+00 1.245434000000000000e+06
4.963768791695496674e+00 5.440333408224303113e+00 1.255158000000000000e+06
4.979434313641077026e+00 5.387344000127428423e+00 1.255610000000000000e+06
4.995141420885109262e+00 5.369293623323173392e+00 1.277562000000000000e+06
5.010861277833007499e+00 5.340237552318163772e+00 1.274414000000000000e+06
5.026541148359606304e+00 5.309044210159612476e+00 1.285994000000000000e+06
5.042268620369379839e+00 5.269340628053894804e+00 1.299570000000000000e+06
5.058004053481842455e+00 5.233508073744241429e+00 1.302122000000000000e+06
5.073708460591943137e+00 5.199637629769263469e+00 1.311366000000000000e+06
5.089416057291027862e+00 5.158064897595942000e+00 1.319186000000000000e+06
5.105125712135527571e+00 5.141501950379454122e+00 1.327434000000000000e+06
5.120844156875770103e+00 5.098289904837679742e+00 1.337294000000000000e+06
5.136559512122237159e+00 5.072484043702010226e+00 1.342730000000000000e+06
5.152249183032828306e+00 5.038070222202477133e+00 1.350570000000000000e+06
5.167964432416064291e+00 5.006676256247294177e+00 1.362590000000000000e+06
5.183694924160209716e+00 4.979713776321495367e+00 1.369698000000000000e+06
5.199396868456950926e+00 4.941141773230907752e+00 1.374914000000000000e+06
5.215085298788597612e+00 4.900949355652406858e+00 1.383570000000000000e+06
5.230792912992411559e+00 4.893852830853949953e+00 1.395374000000000000e+06
5.246488594245054315e+00 4.860578499263418450e+00 1.396994000000000000e+06
5.262173859327344161e+00 4.829382301474287154e+00 1.411530000000000000e+06
5.277882164810089982e+00 4.796859987556205240e+00 1.417574000000000000e+06
5.293593858628555360e+00 4.772858848543637400e+00 1.428834000000000000e+06
5.309329156889964985e+00 4.734785805320017360e+00 1.439018000000000000e+06
5.325038538485003414e+00 4.703216079983453035e+00 1.440698000000000000e+06
5.340730702455575241e+00 4.696271011077035595e+00 1.453638000000000000e+06
5.356455193601842524e+00 4.655603699811265095e+00 1.463426000000000000e+06
5.372183381207660702e+00 4.635860779715169855e+00 1.471050000000000000e+06
5.387886700194870926e+00 4.609199411094662580e+00 1.476638000000000000e+06
5.403571860691538831e+00 4.581843908853419300e+00 1.484466000000000000e+06
5.419293096268920529e+00 4.552263791722901409e+00 1.501154000000000000e+06
5.435016687773623012e+00 4.524527437461127732e+00 1.501706000000000000e+06
5.450702718101835487e+00 4.501955670584623981e+00 1.511502000000000000e+06
5.466391329901655105e+00 4.464771212852758353e+00 1.520234000000000000e+06
5.482117701107046770e+00 4.448728672777376048e+00 1.535010000000000000e+06
5.497863840523032231e+00 4.424397644616479219e+00 1.543358000000000000e+06
5.513531058043433575e+00 4.404065690208197381e+00 1.535754000000000000e+06
5.529215137958169990e+00 4.372934722731693924e+00 1.564802000000000000e+06
5.544946163489404611e+00 4.344730582365879279e+00 1.563038000000000000e+06
5.560660431796565106e+00 4.322476315012551140e+00 1.578426000000000000e+06
5.576372624871568817e+00 4.309361092949524519e+00 1.581482000000000000e+06
5.592071612679278658e+00 4.275536190924792201e+00 1.592250000000000000e+06
5.607777081388953810e+00 4.254109272701172451e+00 1.602230000000000000e+06
5.623461069047772654e+00 4.241532347013935222e+00 1.604754000000000000e+06
5.639160434689571844e+00 4.200453291677394674e+00 1.623458000000000000e+06
5.654868627057174635e+00 4.190491165664560036e+00 1.624910000000000000e+06
5.670595730029768688e+00 4.162263345818729476e+00 1.645122000000000000e+06
5.686329334746649700e+00 4.141833472126823068e+00 1.645130000000000000e+06
5.702030598096980540e+00 4.122041594341024684e+00 1.655706000000000000e+06
5.717729473142792784e+00 4.093665652340664707e+00 1.663502000000000000e+06
5.733437455346763301e+00 4.073671124204273575e+00 1.675514000000000000e+06
5.749160590029285700e+00 4.046425320625788302e+00 1.685298000000000000e+06
5.764862617007506351e+00 4.022570293199555280e+00 1.689566000000000000e+06
5.780540238679900078e+00 4.003079777365491587e+00 1.697850000000000000e+06
5.796263103923236848e+00 3.982914626666961500e+00 1.718546000000000000e+06
5.812002103804656983e+00 3.968846194548040440e+00 1.719822000000000000e+06
5.827695391299545058e+00 3.948759285665469854e+00 1.726586000000000000e+06
5.843388778895907798e+00 3.916943041169834494e+00 1.739186000000000000e+06
5.859113417771065535e+00 3.903770000993413092e+00 1.751538000000000000e+06
5.874835560723500549e+00 3.881197875842831380e+00 1.758062000000000000e+06
5.890526541065327137e+00 3.858931032722446197e+00 1.763010000000000000e+06
5.906225317694219434e+00 3.847876076242436216e+00 1.778642000000000000e+06
5.921952321011594300e+00 3.823755913902744830e+00 1.788582000000000000e+06
5.937670655764399896e+00 3.796168092866622601e+00 1.794746000000000000e+06
5.953363581550269679e+00 3.777341137587410191e+00 1.803290000000000000e+06
5.969050809995837703e+00 3.766717852216770801e+00 1.811058000000000000e+06
5.984760752596141486e+00 3.739502876351349148e+00 1.828358000000000000e+06
6.000476440810660783e+00 3.723833136212283623e+00 1.831362000000000000e+06
6.016171166004743220e+00 3.712494938826285562e+00 1.842458000000000000e+06
6.031847027098122815e+00 3.676944425494776070e+00 1.846998000000000000e+06
6.047561666320434348e+00 3.667994919539762311e+00 1.869122000000000000e+06
6.063310221741519790e+00 3.647874912196364505e+00 1.876346000000000000e+06
6.079025995273507732e+00 3.625564643049822511e+00 1.879506000000000000e+06
6.094727650148782594e+00 3.613446126023727167e+00 1.893326000000000000e+06
6.110443441650997620e+00 3.595493751794328396e+00 1.901826000000000000e+06
6.126157369603382641e+00 3.581615638804536594e+00 1.911962000000000000e+06
6.141856103084946561e+00 3.558468172642947902e+00 1.919198000000000000e+06
6.157554247585426133e+00 3.546027907381561928e+00 1.930242000000000000e+06
6.173264897526903994e+00 3.526143122934945140e+00 1.942442000000000000e+06
6.188983783131053684e+00 3.508379727975226459e+00 1.951734000000000000e+06
6.204674330135580007e+00 3.481980431645257834e+00 1.955402000000000000e+06
6.220364153407833108e+00 3.476876884643823384e+00 1.971858000000000000e+06
6.236097253224911263e+00 3.460778085322268716e+00 1.984898000000000000e+06
6.251804727814884721e+00 3.441035439599440249e+00 1.986422000000000000e+06
6.267477703420695434e+00 3.427067959958840948e+00 1.996146000000000000e+06
6.283195068785119908e+00 3.407977815741959127e+00 2.017106000000000000e+06
6.298926466691256110e+00 3.391161355967768465e+00 2.020638000000000000e+06
6.314631082636630310e+00 3.374481483197049325e+00 2.029346000000000000e+06
6.330330969697290477e+00 3.359957266087931327e+00 2.041002000000000000e+06
6.346042618354868381e+00 3.336343561870871888e+00 2.051450000000000000e+06
6.361769829008385280e+00 3.327425133816677150e+00 2.065886000000000000e+06
6.377467710730222450e+00 3.312367222624247542e+00 2.064546000000000000e+06
6.393156758488530933e+00 3.301465440664538065e+00 2.082650000000000000e+06
6.408877231485442749e+00 3.277437234569597901e+00 2.095182000000000000e+06
6.424598957671957322e+00 3.270369801070361682e+00 2.101346000000000000e+06
6.440311953715900373e+00 3.249865047169677279e+00 2.115554000000000000e+06
6.456005935746694568e+00 3.237396804959601138e+00 2.115654000000000000e+06
6.471719753415134946e+00 3.220432719028745616e+00 2.141066000000000000e+06
6.487439387114228850e+00 3.204257107953786043e+00 2.139786000000000000e+06
6.503131318747780831e+00 3.196340538666909481e+00 2.152202000000000000e+06
6.518819434526843537e+00 3.176454106870342020e+00 2.161086000000000000e+06
6.534523450777902198e+00 3.162475448724252569e+00 2.176058000000000000e+06
6.550254613659266312e+00 3.146214564605549047e+00 2.190818000000000000e+06
6.565965738846988309e+00 3.132218671588264947e+00 2.191158000000000000e+06
6.581657291702928347e+00 3.119677968760911302e+00 2.205314000000000000e+06
6.597356411838022794e+00 3.105323544359559929e+00 2.215554000000000000e+06
6.613072568835591802e+00 3.083580729878837801e+00 2.230562000000000000e+06
6.628796834083485301e+00 3.075830477930571849e+00 2.239614000000000000e+06
6.644501868950448475e+00 3.063307708132765317e+00 2.245706000000000000e+06
6.660203335766918364e+00 3.047275624714007591e+00 2.259674000000000000e+06
6.675922241577704419e+00 3.033137883190935469e+00 2.273214000000000000e+06
6.691636876769640807e+00 3.024839367351792596e+00 2.278802000000000000e+06
6.707348854586632214e+00 3.013371423440105890e+00 2.294034000000000000e+06
6.723042755046850338e+00 2.997016700204187867e+00 2.294942000000000000e+06
6.738741204690306574e+00 2.983947044733604947e+00 2.317050000000000000e+06
6.754459451825965743e+00 2.970814631386895943e+00 2.322842000000000000e+06
6.770155876549564411e+00 2.958331652944684365e+00 2.330810000000000000e+06
6.785853403723873356e+00 2.943440163890401973e+00 2.345958000000000000e+06
6.801555230257334550e+00 2.930252389332703267e+00 2.353586000000000000e+06
6.817285949066600459e+00 2.920376986882472270e+00 2.376210000000000000e+06
6.833012673954052651e+00 2.908679588393692672e+00 2.374502000000000000e+06
6.848703343789808606e+00 2.895186196804654610e+00 2.386346000000000000e+06
6.864405076602009714e+00 2.880174979198888874e+00 2.401314000000000000e+06
6.880122619459167588e+00 2.869449501337369757e+00 2.411450000000000000e+06
6.895827031199952550e+00 2.854609871947083377e+00 2.420718000000000000e+06
6.911509854271036701e+00 2.843991187894567840e+00 2.425754000000000000e+06
6.927232044479275430e+00 2.832758842595647142e+00 2.455218000000000000e+06
6.942960195844471549e+00 2.824503395021179752e+00 2.450942000000000000e+06
6.958661448092413160e+00 2.810246926590815875e+00 2.467130000000000000e+06
6.974361211749578793e+00 2.801230082824418322e+00 2.474874000000000000e+06
6.990070831352309000e+00 2.786609938635427053e+00 2.490362000000000000e+06
7.005778159324729693e+00 2.776697441538551470e+00 2.498142000000000000e+06
7.021469697735486015e+00 2.764798431647846666e+00 2.507090000000000000e+06
7.037177120604764191e+00 2.754577990958051892e+00 2.525562000000000000e+06
7.052899061516400003e+00 2.742708679360214674e+00 2.534726000000000000e+06
7.068628793135065536e+00 2.730187112779843606e+00 2.549906000000000000e+06
7.084334935478915796e+00 2.720068096809422187e+00 2.551074000000000000e+06
7.100038328422084710e+00 2.707062701161005780e+00 2.570702000000000000e+06
7.115745931638459254e+00 2.690487259976338308e+00 2.574642000000000000e+06
7.131451190238497162e+00 2.686340478615424576e+00 2.594066000000000000e+06
7.147151468730735147e+00 2.677416041763494903e+00 2.594802000000000000e+06
7.162835307179018507e+00 2.663485488298373394e+00 2.612030000000000000e+06
7.178551581855800556e+00 2.655871449804676931e+00 2.627954000000000000e+06
7.194283665259025184e+00 2.641347605402510457e+00 2.640402000000000000e+06
7.209984529526630936e+00 2.633206370430830834e+00 2.641454000000000000e+06
7.225685108067660956e+00 2.618711196866521540e+00 2.661834000000000000e+06
7.241394735953288198e+00 2.611058139369339504e+00 2.669138000000000000e+06
7.257108192998378726e+00 2.597689151530546248e+00 2.684858000000000000e+06
7.272822849503533860e+00 2.589451577818115524e+00 2.693910000000000000e+06
7.288518104809805997e+00 2.585264475981999155e+00 2.701682000000000000e+06
7.304234199753477874e+00 2.570308568926851223e+00 2.722698000000000000e+06
7.319945495172938799e+00 2.562980917064120678e+00 2.725262000000000000e+06
7.335649438298961655e+00 2.552748454848766446e+00 2.742450000000000000e+06
7.351353846506168743e+00 2.541272069385602794e+00 2.749850000000000000e+06
7.367055388436875241e+00 2.532759663692851770e+00 2.763902000000000000e+06
7.382770533642191602e+00 2.519489306812529694e+00 2.778498000000000000e+06
7.398475089415688544e+00 2.510714016369010260e+00 2.784530000000000000e+06
7.414188731852492609e+00 2.503366135231692269e+00 2.804106000000000000e+06
7.429901641940141133e+00 2.491589407037536397e+00 2.809790000000000000e+06
7.445612173277812218e+00 2.483862101238275333e+00 2.825058000000000000e+06
7.461320649323638143e+00 2.475608168420755373e+00 2.834330000000000000e+06
7.477011404590944821e+00 2.466950642887352885e+00 2.842022000000000000e+06
7.492720686839765776e+00 2.451801969732828823e+00 2.864754000000000000e+06
7.508423522993188826e+00 2.448391619817986697e+00 2.864186000000000000e+06
7.524104703200965361e+00 2.438356430788549911e+00 2.879538000000000000e+06
7.539811207090460599e+00 2.427591712094760101e+00 2.899454000000000000e+06
7.555522870235571453e+00 2.416577487261806656e+00 2.904258000000000000e+06
7.571252185241664989e+00 2.409258100206331576e+00 2.930234000000000000e+06
7.586982910029617777e+00 2.402831891575633705e+00 2.929526000000000000e+06
7.602682376348832705e+00 2.390888588458158104e+00 2.942442000000000000e+06
7.618398087127784990e+00 2.383747352920315699e+00 2.960810000000000000e+06
7.634111360506788735e+00 2.372774923320901674e+00 2.964954000000000000e+06
7.649813471415971122e+00 2.366775078751119921e+00 2.980910000000000000e+06
7.665516544353160100e+00 2.358117980138937586e+00 2.990978000000000000e+06
7.681228381318442544e+00 2.346518982080883831e+00 3.007626000000000000e+06
7.696947282980596938e+00 2.338437171059822628e+00 3.019166000000000000e+06
7.712641051068838571e+00 2.333446206501626818e+00 3.021090000000000000e+06
7.728340175203005202e+00 2.320608832370791852e+00 3.047834000000000000e+06
7.744066325082287428e+00 2.315371663083070963e+00 3.055590000000000000e+06
7.759785182459853381e+00 2.303212009857437348e+00 3.068546000000000000e+06
7.775464898067028230e+00 2.295464637329433177e+00 3.067274000000000000e+06
7.791162210093558471e+00 2.289907580813529187e+00 3.098058000000000000e+06
7.806896787352753719e+00 2.284241451376457288e+00 3.109214000000000000e+06
7.822604758484962950e+00 2.273061014008833425e+00 3.110466000000000000e+06
7.838284799897788702e+00 2.264523407919036391e+00 3.124370000000000000e+06
7.853986825204827937e+00 2.255119627603306753e+00 3.144174000000000000e+06
7.869722202747719386e+00 2.246654371741112044e+00 3.161738000000000000e+06
7.885429030328279687e+00 2.241835791752244678e+00 3.159890000000000000e+06
7.901109098578781520e+00 2.235184954151332004e+00 3.174138000000000000e+06
7.916812369163124252e+00 2.226144003334245003e+00 3.195926000000000000e+06
7.932546153031187153e+00 2.215250206608610828e+00 3.211386000000000000e+06
7.948275829971742645e+00 2.210634625886136018e+00 3.219314000000000000e+06
7.963974762265003449e+00 2.201469759360891398e+00 3.225494000000000000e+06
7.979672909422356852e+00 2.194259045779232586e+00 3.242562000000000000e+06
7.995382124285669967e+00 2.184850726795499742e+00 3.257450000000000000e+06
8.011096558073175444e+00 2.177149463555613451e+00 3.269118000000000000e+06
8.026799325701325927e+00 2.169973283967635780e+00 3.278930000000000000e+06
8.042482997119602572e+00 2.165474267110887752e+00 3.286650000000000000e+06
8.058198313138401403e+00 2.156050455133404320e+00 3.316610000000000000e+06
8.073929632859263350e+00 2.151377432529830713e+00 3.321542000000000000e+06
8.089631173905692307e+00 2.141167489540578561e+00 3.328578000000000000e+06
8.105328344487277903e+00 2.135348874195309055e+00 3.345074000000000000e+06
8.121039774478980178e+00 2.124532898075548903e+00 3.361686000000000000e+06
8.136750954641513545e+00 2.118445824314290515e+00 3.369722000000000000e+06
8.152451824383751600e+00 2.114890452516623220e+00 3.385290000000000000e+06
8.168148505929304193e+00 2.106440170196704820e+00 3.391370000000000000e+06
8.183868116116777003e+00 2.096907039100008863e+00 3.422966000000000000e+06
8.199591131301563252e+00 2.093746728359211051e+00 3.419538000000000000e+06
8.215300984565764963e+00 2.080860079781747807e+00 3.441890000000000000e+06
8.231010872605484252e+00 2.076553944184648781e+00 3.447582000000000000e+06
8.246721005479363598e+00 2.068749859360043519e+00 3.466298000000000000e+06
8.262408288354077257e+00 2.063007292725103969e+00 3.466194000000000000e+06
8.278098173695775941e+00 2.056980087982401617e+00 3.492062000000000000e+06
8.293810268215034753e+00 2.049491395369948066e+00 3.503114000000000000e+06
8.309519053075314687e+00 2.046303593879810645e+00 3.517146000000000000e+06
8.325241433409063418e+00 2.034578949720367014e+00 3.535706000000000000e+06
8.340952984226902345e+00 2.028383565807903466e+00 3.539742000000000000e+06
8.356659711712842054e+00 2.023073185755015047e+00 3.558698000000000000e+06
8.372371429175492707e+00 2.015810524122144898e+00 3.570122000000000000e+06
8.388083579962753333e+00 2.009435385841802812e+00 3.585174000000000000e+06
8.403790832576294889e+00 2.004493207883339956e+00 3.594314000000000000e+06
8.419496525959527133e+00 1.999802339699987996e+00 3.612258000000000000e+06
8.435201663874629219e+00 1.988735822237052142e+00 3.620282000000000000e+06
8.450905678681708721e+00 1.987129294837868487e+00 3.639078000000000000e+06
8.466617353651699318e+00 1.976250051363530602e+00 3.650450000000000000e+06
8.482317771685245589e+00 1.969292088475011804e+00 3.661418000000000000e+06
8.498018574275240766e+00 1.964787717520816157e+00 3.677694000000000000e+06
8.513736467920875128e+00 1.958104864260555633e+00 3.695978000000000000e+06
8.529447827058733722e+00 1.950961972123873567e+00 3.702810000000000000e+06
8.545145453356283838e+00 1.944623781202218904e+00 3.716162000000000000e+06
8.560863155475518127e+00 1.940793867747709012e+00 3.740094000000000000e+06
8.576575892842692284e+00 1.932131082071578687e+00 3.740954000000000000e+06
8.592276429309924524e+00 1.926233054130529698e+00 3.760946000000000000e+06
8.607993113742812952e+00 1.921846010272404426e+00 3.778278000000000000e+06
8.623706693511682175e+00 1.917036335226987465e+00 3.784922000000000000e+06
8.639416117971885356e+00 1.908968650286208657e+00 3.805266000000000000e+06
8.655118251607849089e+00 1.902207666283406873e+00 3.807686000000000000e+06
8.670819176621002100e+00 1.899768074654394567e+00 3.833130000000000000e+06
8.686531013296711734e+00 1.893109863926632164e+00 3.841898000000000000e+06
8.702242672461403927e+00 1.885812195411492809e+00 3.858074000000000000e+06
8.717947060126663317e+00 1.880370092949706917e+00 3.868974000000000000e+06
8.733653634556446832e+00 1.873610875897792960e+00 3.885362000000000000e+06
8.749361177527063660e+00 1.869606160649926130e+00 3.898290000000000000e+06
8.765057838444775484e+00 1.863211719295048585e+00 3.907334000000000000e+06
8.780760279838380811e+00 1.858876532619956112e+00 3.928730000000000000e+06
8.796461536498792810e+00 1.852477959776114957e+00 3.936666000000000000e+06
8.812176163138749629e+00 1.845684269942590161e+00 3.961346000000000000e+06
8.827908468663524744e+00 1.841339573124629148e+00 3.975774000000000000e+06
8.843605203440207063e+00 1.835087526630271526e+00 3.970106000000000000e+06
8.859298780821674768e+00 1.830079162263906101e+00 4.003170000000000000e+06
8.875033023597818982e+00 1.825454938080256717e+00 4.019558000000000000e+06
8.890757701901966570e+00 1.820176011677143713e+00 4.025642000000000000e+06
8.906442147587496194e+00 1.811905084604397587e+00 4.028514000000000000e+06
8.922138549702236077e+00 1.808402871558787872e+00 4.059398000000000000e+06
8.937858770665876307e+00 1.802110070732938274e+00 4.069674000000000000e+06
8.953569902743538478e+00 1.797243331901624552e+00 4.083698000000000000e+06
8.969276596619630837e+00 1.795387782311529845e+00 4.095210000000000000e+06
8.984978332063514372e+00 1.789139106068869944e+00 4.110518000000000000e+06
9.000686439228440250e+00 1.780208997177023855e+00 4.126850000000000000e+06
9.016395212272197313e+00 1.773839802478868855e+00 4.140114000000000000e+06
9.032081625028110849e+00 1.771577579529303170e+00 4.144070000000000000e+06
9.047784840512392179e+00 1.763843328778519792e+00 4.175802000000000000e+06
9.063510534008996089e+00 1.760927838941020562e+00 4.187882000000000000e+06
9.079229438028200150e+00 1.755975948085967797e+00 4.199250000000000000e+06
9.094931536527573357e+00 1.749062557758652936e+00 4.209326000000000000e+06
9.110624252584134553e+00 1.744144069462569835e+00 4.222130000000000000e+06
9.126345788688972505e+00 1.740075237561990784e+00 4.254258000000000000e+06
9.142067210789587506e+00 1.735700572701375455e+00 4.252478000000000000e+06
9.157769224107168426e+00 1.731021018109920373e+00 4.270698000000000000e+06
9.173460189222041095e+00 1.725927755215956871e+00 4.278122000000000000e+06
9.189172851773026451e+00 1.719434659474539773e+00 4.309898000000000000e+06
9.204899411326563197e+00 1.715041520447517565e+00 4.317150000000000000e+06
9.220610370561862723e+00 1.711109643212990861e+00 4.329698000000000000e+06
9.236312329177842173e+00 1.704014742816228889e+00 4.340826000000000000e+06
9.252011696799515406e+00 1.700427448452721535e+00 4.359590000000000000e+06
9.267725419345696380e+00 1.694134937226544180e+00 4.376850000000000000e+06
9.283431809080884278e+00 1.691035166962486791e+00 4.386674000000000000e+06
9.299131961634870436e+00 1.682875708065506348e+00 4.401782000000000000e+06
9.314836560434526902e+00 1.680430438924604308e+00 4.419210000000000000e+06
9.330566699333866509e+00 1.677325804984704849e+00 4.446482000000000000e+06
9.346274096307771728e+00 1.672352202227726403e+00 4.435554000000000000e+06
9.361966720359685468e+00 1.667667613797831905e+00 4.468934000000000000e+06
9.377681860044402740e+00 1.662242470938997130e+00 4.477650000000000000e+06
9.393384317371491932e+00 1.657442925282184065e+00 4.491218000000000000e+06
9.409088966137430177e+00 1.652053007765680759e+00 4.510358000000000000e+06
9.424791439829672157e+00 1.646971823536259372e+00 4.518594000000000000e+06
9.440499207501432011e+00 1.645966397871348796e+00 4.544474000000000000e+06
9.456214212898441218e+00 1.639562790607759224e+00 4.552098000000000000e+06
9.471927439984570540e+00 1.634759092369600708e+00 4.574990000000000000e+06
9.487631754062700651e+00 1.628871517802329416e+00 4.577210000000000000e+06
9.503344281547928318e+00 1.625883156626056314e+00 4.608186000000000000e+06
9.519057247113778431e+00 1.620082044198535520e+00 4.610198000000000000e+06
9.534757011366917112e+00 1.617370484292373733e+00 4.628898000000000000e+06
9.550453458784650351e+00 1.612255099468453023e+00 4.641170000000000000e+06
9.566158712525282937e+00 1.609338049296701989e+00 4.662462000000000000e+06
9.581880158653657276e+00 1.604062060365160969e+00 4.681442000000000000e+06
9.597589579516229819e+00 1.598672312467335876e+00 4.687850000000000000e+06
9.613296380928980867e+00 1.594638505884066859e+00 4.708818000000000000e+06
9.629006062959270196e+00 1.590713102987291849e+00 4.721534000000000000e+06
9.644707396083033402e+00 1.585985374315675545e+00 4.732770000000000000e+06
9.660406197323647248e+00 1.582240804687897739e+00 4.753346000000000000e+06
9.676122008914001427e+00 1.576652469805480461e+00 4.772886000000000000e+06
9.691840694543541801e+00 1.570592180139257277e+00 4.785098000000000000e+06
9.707543237507161749e+00 1.567719148833234710e+00 4.795394000000000000e+06
9.723244122996092642e+00 1.563430595768246834e+00 4.813986000000000000e+06
9.738952330288141113e+00 1.560677942182494338e+00 4.832654000000000000e+06
9.754669949504904736e+00 1.555861575192778012e+00 4.849362000000000000e+06
9.770377600734033052e+00 1.552918168042381808e+00 4.858322000000000000e+06
9.786069629200518705e+00 1.548280577243873690e+00 4.871286000000000000e+06
9.801770721287397237e+00 1.544254521010875791e+00 4.894370000000000000e+06
9.817489821034564912e+00 1.539314396752566427e+00 4.914650000000000000e+06
9.833199646667972971e+00 1.534560735725938541e+00 4.919658000000000000e+06
9.848902655768293712e+00 1.530364425722806843e+00 4.941638000000000000e+06
9.864627278272442013e+00 1.527914777301602189e+00 4.965954000000000000e+06
9.880352198135229358e+00 1.523431594784151244e+00 4.971770000000000000e+06
9.896056604692210712e+00 1.520392715007836459e+00 4.985702000000000000e+06
9.911750273437519354e+00 1.516381776645743251e+00 4.996314000000000000e+06
9.927450557379374985e+00 1.509631948806454682e+00 5.021258000000000000e+06
9.943165753651260985e+00 1.505669181318932015e+00 5.038470000000000000e+06
9.958875512968258903e+00 1.504067983607239256e+00 5.048570000000000000e+06
9.974579326095815546e+00 1.501098112666951589e+00 5.067786000000000000e+06
9.990292534396033375e+00 1.496269964491399262e+00 5.084402000000000000e+06
1.000600856325589305e+01 1.489510187416809295e+00 5.104238000000000000e+06
1.002170444839863528e+01 1.487365956537675338e+00 5.101890000000000000e+06
1.003739052522703901e+01 1.482917458964588597e+00 5.129594000000000000e+06
1.005309882194248416e+01 1.479487913000482102e+00 5.149086000000000000e+06
1.006881895908520086e+01 1.476681201214819383e+00 5.168834000000000000e+06
1.008452231173344416e+01 1.471551470465977784e+00 5.172306000000000000e+06
1.010022729382937889e+01 1.466729035020266636e+00 5.199218000000000000e+06
1.011594565713278016e+01 1.464315118791739145e+00 5.215430000000000000e+06
1.013166058960754867e+01 1.461549825532896252e+00 5.229066000000000000e+06
1.014737047935454051e+01 1.457691060972098551e+00 5.244530000000000000e+06
1.016308234466913696e+01 1.454542673484239712e+00 5.262870000000000000e+06
1.017878958276594581e+01 1.451573068273070977e+00 5.272562000000000000e+06
1.019448555450210314e+01 1.446072076547542329e+00 5.290098000000000000e+06
1.021019673146567186e+01 1.440842619183728246e+00 5.314358000000000000e+06
1.022590751621006078e+01 1.441105556492946915e+00 5.322098000000000000e+06
1.024160880192673417e+01 1.436591209254551416e+00 5.341026000000000000e+06
1.025732775208617475e+01 1.431579333755430117e+00 5.366858000000000000e+06
1.027304584666867804e+01 1.427623379779258128e+00 5.374422000000000000e+06
1.028873472736696293e+01 1.425271722455385470e+00 5.377730000000000000e+06
1.030442576009853184e+01 1.420670276425710199e+00 5.409410000000000000e+06
1.032014867554843818e+01 1.418326673431463458e+00 5.434014000000000000e+06
1.033586943357362209e+01 1.414248461356580222e+00 5.438882000000000000e+06
1.035157161316932140e+01 1.410531236334298555e+00 5.456178000000000000e+06
1.036727210965784174e+01 1.407148193479096365e+00 5.469242000000000000e+06
1.038298135070349915e+01 1.405174581445201687e+00 5.496174000000000000e+06
1.039869418006627910e+01 1.398553545253590435e+00 5.505530000000000000e+06
1.041439794625569881e+01 1.396269870220288922e+00 5.521202000000000000e+06
1.043010482665170713e+01 1.392752257073522459e+00 5.544126000000000000e+06
1.044582478281855487e+01 1.388968303841689345e+00 5.560106000000000000e+06
1.046154309703894825e+01 1.386225539692251596e+00 5.579754000000000000e+06
1.047723959228104285e+01 1.382798447707876521e+00 5.576270000000000000e+06
1.049292720351744279e+01 1.379469882852892182e+00 5.607138000000000000e+06
1.050863523850499526e+01 1.375878262607141744e+00 5.625026000000000000e+06
1.052435348202229015e+01 1.372190614762822447e+00 5.646698000000000000e+06
1.054005549761004978e+01 1.370007590554715993e+00 5.649126000000000000e+06
1.055575482461481052e+01 1.365938104803121167e+00 5.676434000000000000e+06
1.057145826219870344e+01 1.363957511123676802e+00 5.687418000000000000e+06
1.058717117850224376e+01 1.360603971776627397e+00 5.715830000000000000e+06
1.060289400134469062e+01 1.356085132156091166e+00 5.729210000000000000e+06
1.061860918710306834e+01 1.353864502205646136e+00 5.744802000000000000e+06
1.063431091651675153e+01 1.348319951100057423e+00 5.752154000000000000e+06
1.065002180958671651e+01 1.347144899870074353e+00 5.786382000000000000e+06
1.066572980082734468e+01 1.343891561520058398e+00 5.784146000000000000e+06
1.068142742642893950e+01 1.339821470417295046e+00 5.812146000000000000e+06
1.069714023788434787e+01 1.337011501902347188e+00 5.830166000000000000e+06
1.071285364357418146e+01 1.334210422778552285e+00 5.845850000000000000e+06
1.072856242199254062e+01 1.329427031364012857e+00 5.862834000000000000e+06
1.074426756718287557e+01 1.326743521941380566e+00 5.876066000000000000e+06
1.075998381704133955e+01 1.323887705317469576e+00 5.905854000000000000e+06
1.077568840897438562e+01 1.320627524238962902e+00 5.902274000000000000e+06
1.079138304940738280e+01 1.317982964153641579e+00 5.931258000000000000e+06
1.080709884248571484e+01 1.314798858633281942e+00 5.954966000000000000e+06
1.082281622961874490e+01 1.311452931648893427e+00 5.965346000000000000e+06
1.083851693336031374e+01 1.307243378771317577e+00 5.977818000000000000e+06
1.085422396324159422e+01 1.308526062339647078e+00 6.004718000000000000e+06
1.086993137901790796e+01 1.303940013034569523e+00 6.011706000000000000e+06
1.088564351758435222e+01 1.298808174971922469e+00 6.045770000000000000e+06
1.090135356744657535e+01 1.297758568693717196e+00 6.041586000000000000e+06
1.091705034221926418e+01 1.295152396624758895e+00 6.073166000000000000e+06
1.093275207829069018e+01 1.290917429653286375e+00 6.078962000000000000e+06
1.094846122315083825e+01 1.288670595843355082e+00 6.114258000000000000e+06
1.096418118107341577e+01 1.284464402427142105e+00 6.123086000000000000e+06
1.097988849072496542e+01 1.281359330722839474e+00 6.136770000000000000e+06
1.099558679320981724e+01 1.279206089199203644e+00 6.154898000000000000e+06
1.101129673485095672e+01 1.275390419528016794e+00 6.178610000000000000e+06
1.102701485690355909e+01 1.272815893947417010e+00 6.197982000000000000e+06
1.104272390432796591e+01 1.268987652856693016e+00 6.205322000000000000e+06
1.105841361686979951e+01 1.266119861389163770e+00 6.218850000000000000e+06
1.107411347758379350e+01 1.263877256925387327e+00 6.249542000000000000e+06
1.108984077014840963e+01 1.260762341201495662e+00 6.274146000000000000e+06
1.110554794633057796e+01 1.257778886365151561e+00 6.270242000000000000e+06
1.112124931961106533e+01 1.254389932662164808e+00 6.305222000000000000e+06
1.113697510740422381e+01 1.253306547672689231e+00 6.325026000000000000e+06
1.115268911253386719e+01 1.249511759620538509e+00 6.331922000000000000e+06
1.116838422783226115e+01 1.247300628119434540e+00 6.343698000000000000e+06
1.118408594539889478e+01 1.244269789078168653e+00 6.375158000000000000e+06
1.119980416311440052e+01 1.240226883544231606e+00 6.392178000000000000e+06
1.121552521724412621e+01 1.237327505845317033e+00 6.412826000000000000e+06
1.123121923820420243e+01 1.234887884929760427e+00 6.407078000000000000e+06
1.124691480473033778e+01 1.232799039819452824e+00 6.447954000000000000e+06
1.126262248805396560e+01 1.230750387312566696e+00 6.456026000000000000e+06
1.127833175656502007e+01 1.226684556113096569e+00 6.482034000000000000e+06
1.129403915665967872e+01 1.224423668518028530e+00 6.492878000000000000e+06
1.130972772992016750e+01 1.220566083991046602e+00 6.502074000000000000e+06
1.132543464171678238e+01 1.219377557149472713e+00 6.542930000000000000e+06
1.134116092480786619e+01 1.217355021613342858e+00 6.556598000000000000e+06
1.135687931575279030e+01 1.213523673848954321e+00 6.570330000000000000e+06
1.137258152843119419e+01 1.209975277587778120e+00 6.581882000000000000e+06
1.138829329520135047e+01 1.209223875342417154e+00 6.612546000000000000e+06
1.140401544384409860e+01 1.205510738129282222e+00 6.628622000000000000e+06
1.141971418729731447e+01 1.204081892776798446e+00 6.629498000000000000e+06
1.143540805815246841e+01 1.200371888726208036e+00 6.659250000000000000e+06
1.145112342906401892e+01 1.198237108970587217e+00 6.686006000000000000e+06
1.146683855971028443e+01 1.195756556902177525e+00 6.693786000000000000e+06
1.148253750634374093e+01 1.191485235759110362e+00 6.711554000000000000e+06
1.149824439280081201e+01 1.189092248768423898e+00 6.735678000000000000e+06
1.151395944216632472e+01 1.186888079121756423e+00 6.754754000000000000e+06
1.152967750311644046e+01 1.184828903117653986e+00 6.776570000000000000e+06
1.154536786069484400e+01 1.181235568669416924e+00 6.767394000000000000e+06
1.156106414707133290e+01 1.179086967528012453e+00 6.818246000000000000e+06
1.157679140551482533e+01 1.176626608469405699e+00 6.830562000000000000e+06
1.159249865891797526e+01 1.173898034064287943e+00 6.839186000000000000e+06
1.160819828013273636e+01 1.171588066799757799e+00 6.861462000000000000e+06
1.162390472506793770e+01 1.168296466743038220e+00 6.880394000000000000e+06
1.163962004466343636e+01 1.166009693104767431e+00 6.907178000000000000e+06
1.165533434666404133e+01 1.162551897243818688e+00 6.917034000000000000e+06
1.167104051015950716e+01 1.162251471403446645e+00 6.937934000000000000e+06
1.168673926950135034e+01 1.158725898736910231e+00 6.947250000000000000e+06
1.170244721913763897e+01 1.156440048317799896e+00 6.982106000000000000e+06
1.171816433671575730e+01 1.153931018946161124e+00 6.995718000000000000e+06
1.173387031746687015e+01 1.151693483449084843e+00 7.006682000000000000e+06
1.174957622851401240e+01 1.149362210707253418e+00 7.035866000000000000e+06
1.176529536104995444e+01 1.146343337430235643e+00 7.054110000000000000e+06
1.178099828544282701e+01 1.144674519498968257e+00 7.059194000000000000e+06
1.179669856151566165e+01 1.141568250213415459e+00 7.091802000000000000e+06
1.181240716294206905e+01 1.138652134884248879e+00 7.100666000000000000e+06
1.182811135021641213e+01 1.137340845299597225e+00 7.129070000000000000e+06
1.184382402706377313e+01 1.134617532949140362e+00 7.143282000000000000e+06
1.185952830171168593e+01 1.132188002427430451e+00 7.161482000000000000e+06
1.187523683486437243e+01 1.130176038116585069e+00 7.184694000000000000e+06
1.189095187450934432e+01 1.127361251119877172e+00 7.203914000000000000e+06
1.190666038869163401e+01 1.125563904879756105e+00 7.219746000000000000e+06
1.192235843864241396e+01 1.121534649561729102e+00 7.228634000000000000e+06
1.193806809039961259e+01 1.120333430051471346e+00 7.271990000000000000e+06
1.195377948291443992e+01 1.118450715350637781e+00 7.266786000000000000e+06
1.196947381174999947e+01 1.114641091908715298e+00 7.293650000000000000e+06
1.198518648559551458e+01 1.111859759702439332e+00 7.324086000000000000e+06
1.200090807358362710e+01 1.111162202857473691e+00 7.338650000000000000e+06
1.201661637889760037e+01 1.107960908938321554e+00 7.351962000000000000e+06
1.203230565217210035e+01 1.106571190903048674e+00 7.357190000000000000e+06
1.204801118703936780e+01 1.103303694470001650e+00 7.406042000000000000e+06
1.206372840719771133e+01 1.101573085211751790e+00 7.408626000000000000e+06
1.207943832024087349e+01 1.099393930020536203e+00 7.435610000000000000e+06
1.209515324384951640e+01 1.096345737368891182e+00 7.453542000000000000e+06
1.211085873951972935e+01 1.094439551329166260e+00 7.464002000000000000e+06
1.212656505101618798e+01 1.092308234312567183e+00 7.493546000000000000e+06
1.214227798456889929e+01 1.090264347128656830e+00 7.510806000000000000e+06
1.215799402266435081e+01 1.087840545164345585e+00 7.532114000000000000e+06
1.217369248650853386e+01 1.085807181677214350e+00 7.536234000000000000e+06
1.218938816956664795e+01 1.081814113288766199e+00 7.565834000000000000e+06
1.220511056850387632e+01 1.082348203920999063e+00 7.603062000000000000e+06
1.222082302231588535e+01 1.079098064364903964e+00 7.593890000000000000e+06
1.223651649645578665e+01 1.076169770426133931e+00 7.622906000000000000e+06
1.225222107367874180e+01 1.074803096059933516e+00 7.646622000000000000e+06
1.226793902491068877e+01 1.072336262317099331e+00 7.672058000000000000e+06
1.228364718069601835e+01 1.070658490970455068e+00 7.679346000000000000e+06
1.229933962477952214e+01 1.067257129739565213e+00 7.693058000000000000e+06
1.231504373451924117e+01 1.065380712603131164e+00 7.732158000000000000e+06
1.233076331536994985e+01 1.062478620651553518e+00 7.746962000000000000e+06
1.234648244688633945e+01 1.062516005047493328e+00 7.770986000000000000e+06
1.236218576653318735e+01 1.058983975232414831e+00 7.772094000000000000e+06
1.237788516389707461e+01 1.057970790707830400e+00 7.803818000000000000e+06
1.239360390984925964e+01 1.054624334564069121e+00 7.834338000000000000e+06
1.240931454438657155e+01 1.052507049661016492e+00 7.833710000000000000e+06
1.242501025862532238e+01 1.051305900116480840e+00 7.858794000000000000e+06
1.244071609171995973e+01 1.048991412035833237e+00 7.884290000000000000e+06
1.245642554635569788e+01 1.047021953491998225e+00 7.901522000000000000e+06
1.247213990979998322e+01 1.045308890985393147e+00 7.930662000000000000e+06
1.248784889213827753e+01 1.042618520860866260e+00 7.934426000000000000e+06
1.250355459696362281e+01 1.040509220036544225e+00 7.967322000000000000e+06
1.251926642764211373e+01 1.037448881436503934e+00 7.981934000000000000e+06
1.253497567568721927e+01 1.037168376673469838e+00 8.003282000000000000e+06
1.255068061703326165e+01 1.035100776017355173e+00 8.019666000000000000e+06
1.256637936912699516e+01 1.031502279798498511e+00 8.034482000000000000e+06
1.258208508998344399e+01 1.030247720096146402e+00 8.068542000000000000e+06
1.259780313698870202e+01 1.028055250244489294e+00 8.088290000000000000e+06
1.261351163942811127e+01 1.025375040666613780e+00 8.096322000000000000e+06
1.262921162496122385e+01 1.024209660251105491e+00 8.122646000000000000e+06
1.264492727534496019e+01 1.021628713526077759e+00 8.150138000000000000e+06
1.266064123044320411e+01 1.018754312444751120e+00 8.165322000000000000e+06
1.267635049109034462e+01 1.018470715938530002e+00 8.182574000000000000e+06
1.269205751319950970e+01 1.015437976873356352e+00 8.203698000000000000e+06
1.270776623809462613e+01 1.014371002298067204e+00 8.226914000000000000e+06
1.272347983526652904e+01 1.011997602007445707e+00 8.246898000000000000e+06
1.273918476699724422e+01 1.008821773628763019e+00 8.261774000000000000e+06
1.275488532096565741e+01 1.007700775391917158e+00 8.279426000000000000e+06
1.277058911046302292e+01 1.006957207137270993e+00 8.308722000000000000e+06
1.278629950396799053e+01 1.004237880506073877e+00 8.326214000000000000e+06
1.280200365974331511e+01 1.001188406797717922e+00 8.342682000000000000e+06
1.281770065856501084e+01 1.000571354484492970e+00 8.360834000000000000e+06
1.283340848437807935e+01 9.989418848009097296e-01 8.393226000000000000e+06
1.284913125601308792e+01 9.970956574407819906e-01 8.420150000000000000e+06
1.286484437274510917e+01 9.950183958985446830e-01 8.421986000000000000e+06
1.288054190366636220e+01 9.931669483480023430e-01 8.445714000000000000e+06
1.289624751817243542e+01 9.903176006392377939e-01 8.472590000000000000e+06
1.291196350413541616e+01 9.882353564353288933e-01 8.495370000000000000e+06
1.292767561271233312e+01 9.863109702304834192e-01 8.512802000000000000e+06
1.294337627341686670e+01 9.837704689151723914e-01 8.523290000000000000e+06
1.295909254465509619e+01 9.824955880201358127e-01 8.570982000000000000e+06
1.297481202941889933e+01 9.810481652591399593e-01 8.568458000000000000e+06
1.299050877709477980e+01 9.788806798767087924e-01 8.586498000000000000e+06
1.300620190024628187e+01 9.772108616749438648e-01 8.608838000000000000e+06
1.302191363383399469e+01 9.751508569088820355e-01 8.645610000000000000e+06
1.303763169598336091e+01 9.730817036801084896e-01 8.658386000000000000e+06
1.305333181807477239e+01 9.720599571003292194e-01 8.668598000000000000e+06
1.306903073371036683e+01 9.698019850930608143e-01 8.697426000000000000e+06
1.308473895878913140e+01 9.681464001058405211e-01 8.722562000000000000e+06
1.310044895130510945e+01 9.666138397031253104e-01 8.737962000000000000e+06
1.311616215419301668e+01 9.639408502620914199e-01 8.771366000000000000e+06
1.313186858979111094e+01 9.618484074240025716e-01 8.771010000000000000e+06
1.314758318782488900e+01 9.611938315815101719e-01 8.822618000000000000e+06
1.316329275779432884e+01 9.592508895031475191e-01 8.807726000000000000e+06
1.317898595262972350e+01 9.569023783729269095e-01 8.844618000000000000e+06
1.319469240226760220e+01 9.555181682321307601e-01 8.868722000000000000e+06
1.321040689247021405e+01 9.526995429513077651e-01 8.891394000000000000e+06
1.322611949941154208e+01 9.512411110764509292e-01 8.911934000000000000e+06
1.324182463394985909e+01 9.496802868867981751e-01 8.923938000000000000e+06
1.325752875752444560e+01 9.486432508994624424e-01 8.953682000000000000e+06
1.327324685934994797e+01 9.461969684587984153e-01 8.981966000000000000e+06
1.328896030804089534e+01 9.448654471048253400e-01 8.990442000000000000e+06
1.330465770248929935e+01 9.428648757742392750e-01 9.007874000000000000e+06
1.332036222917837698e+01 9.410923708001631693e-01 9.038982000000000000e+06
1.333608106842605068e+01 9.401074259778553488e-01 9.068570000000000000e+06
1.335180331535189246e+01 9.378101868413086795e-01 9.085250000000000000e+06
1.336750361723562541e+01 9.364799459310114704e-01 9.084690000000000000e+06
1.338320275923961589e+01 9.337510217826199277e-01 9.128654000000000000e+06
1.339890831652831338e+01 9.321309030708943011e-01 9.133170000000000000e+06
1.341462514739588485e+01 9.305252342671068710e-01 9.185882000000000000e+06
1.343033068227095939e+01 9.285647871378442941e-01 9.163254000000000000e+06
1.344603079414738112e+01 9.269787953098275191e-01 9.220130000000000000e+06
1.346175097817287813e+01 9.250076192947620513e-01 9.233138000000000000e+06
1.347746169624149459e+01 9.247356957408379152e-01 9.249378000000000000e+06
1.349316675243398933e+01 9.221261817064029254e-01 9.271550000000000000e+06
1.350886780744113125e+01 9.204075136335745366e-01 9.286266000000000000e+06
1.352457420959309786e+01 9.184460455057215089e-01 9.320762000000000000e+06
1.354027528269936731e+01 9.163573938871101277e-01 9.326718000000000000e+06
1.355597266711250448e+01 9.150854306789321102e-01 9.354602000000000000e+06
1.357167854077304803e+01 9.145221044653937259e-01 9.384122000000000000e+06
1.358738838662311110e+01 9.127667070688503248e-01 9.400482000000000000e+06
1.360310113866151482e+01 9.102275524619941605e-01 9.432638000000000000e+06
1.361881507393887070e+01 9.091712567734646644e-01 9.445314000000000000e+06
1.363453202384387275e+01 9.072006871162536790e-01 9.477290000000000000e+06
1.365024566205330991e+01 9.050527221419084611e-01 9.489182000000000000e+06
1.366595033684499860e+01 9.038631256714997342e-01 9.506706000000000000e+06
1.368165392332742947e+01 9.024889715499657683e-01 9.533978000000000000e+06
1.369736167268202998e+01 9.007791985942145141e-01 9.553662000000000000e+06
1.371307055606699343e+01 8.986456086566467771e-01 9.579506000000000000e+06
1.372878654632152795e+01 8.973034178453362930e-01 9.607866000000000000e+06
1.374449164540093271e+01 8.964084795377023074e-01 9.608354000000000000e+06
1.376018948147827103e+01 8.942534640168016136e-01 9.643862000000000000e+06
1.377590285876657106e+01 8.918191859886761552e-01 9.670578000000000000e+06
1.379161550194992891e+01 8.910300385326422878e-01 9.687890000000000000e+06
1.380731081996385612e+01 8.890619638690419047e-01 9.693294000000000000e+06
1.382300999567189415e+01 8.875237083190136156e-01 9.736034000000000000e+06
1.383872564254849102e+01 8.871413982616564997e-01 9.758946000000000000e+06
1.385444081006387584e+01 8.856686076297827226e-01 9.778994000000000000e+06
1.387015071998694360e+01 8.836127745203695705e-01 9.796814000000000000e+06
1.388585452423644107e+01 8.820075457767547755e-01 9.816882000000000000e+06
1.390156760444444295e+01 8.801942720958519928e-01 9.850514000000000000e+06
1.391727461050539816e+01 8.789680909068956494e-01 9.856062000000000000e+06
1.393297592547683017e+01 8.763944229756603921e-01 9.886706000000000000e+06
1.394868876145243419e+01 8.760239059461724098e-01 9.916194000000000000e+06
1.396439742877755918e+01 8.748611314584576748e-01 9.924854000000000000e+06
1.398010702101767677e+01 8.725857276371306037e-01 9.961490000000000000e+06
1.399582173626056658e+01 8.717806960108017700e-01 9.979098000000000000e+06
1.401152670862070160e+01 8.694976690310348699e-01 9.990266000000000000e+06
1.402722014478893797e+01 8.684752643672375427e-01 1.001239800000000000e+07
1.404291897715275006e+01 8.671106498792986450e-01 1.003881800000000000e+07
1.405862735443806244e+01 8.651742509641998646e-01 1.007208200000000000e+07
1.407433479531513143e+01 8.634091961752193845e-01 1.008267000000000000e+07
1.409004917104677368e+01 8.620320241788537174e-01 1.012322600000000000e+07
1.410576653922355916e+01 8.608338330948488437e-01 1.013483400000000000e+07
1.412147260933269344e+01 8.597246698747469384e-01 1.015145000000000000e+07
1.413717993358438640e+01 8.568875576657694060e-01 1.018411800000000000e+07
1.415289157905369954e+01 8.573265580437282596e-01 1.019981000000000000e+07
1.416860366393267157e+01 8.549358743648577397e-01 1.023038600000000000e+07
1.418430896436029265e+01 8.530484549537062922e-01 1.023833400000000000e+07
1.420001284291687682e+01 8.518111210392467214e-01 1.027159400000000000e+07
1.421572657614547808e+01 8.510769323987431578e-01 1.029841800000000000e+07
1.423143337578410517e+01 8.497552201873440625e-01 1.030681400000000000e+07
1.424713778177505397e+01 8.487619455415013059e-01 1.034130600000000000e+07
1.426285025225489456e+01 8.470342402209740662e-01 1.036284200000000000e+07
1.427856427368283398e+01 8.445308684304706492e-01 1.038883400000000000e+07
1.429426790244143852e+01 8.432423046991860405e-01 1.039563000000000000e+07
1.430996575509801971e+01 8.416501028933096595e-01 1.042536200000000000e+07
1.432567210679634506e+01 8.405568861118428714e-01 1.045427400000000000e+07
1.434138366999696146e+01 8.398779419626897225e-01 1.047829400000000000e+07
1.435709809438420237e+01 8.382256291244050139e-01 1.050181800000000000e+07
1.437280392282341523e+01 8.370020951400928277e-01 1.051481000000000000e+07
1.438851160269255303e+01 8.354085690163906008e-01 1.054884200000000000e+07
1.440422192675342039e+01 8.337586412557013160e-01 1.056646200000000000e+07
1.441992714275331444e+01 8.329508133233711753e-01 1.058681000000000000e+07
1.443563532454286502e+01 8.313608330285745529e-01 1.061495400000000000e+07
1.445133980253338457e+01 8.296801991599327408e-01 1.063105400000000000e+07
1.446704700330820970e+01 8.283398181378571756e-01 1.066236200000000000e+07
1.448275628028434348e+01 8.273055446819416181e-01 1.068335400000000000e+07
1.449846208348667354e+01 8.257720272862761890e-01 1.069929800000000000e+07
1.451417198299666467e+01 8.242354672997366238e-01 1.073878200000000000e+07
1.452988075651297706e+01 8.239509085923738541e-01 1.074420200000000000e+07
1.454558861043286200e+01 8.223671897331393810e-01 1.078218600000000000e+07
1.456129125218806841e+01 8.207731948343648387e-01 1.078496600000000000e+07
1.457699892464232683e+01 8.196219140260909697e-01 1.083393800000000000e+07
1.459271566640466311e+01 8.180095054100529062e-01 1.084813800000000000e+07
1.460843060267550619e+01 8.167952115210130870e-01 1.087376600000000000e+07
1.462413856613178353e+01 8.146761679328591299e-01 1.088697000000000000e+07
1.463984038393505038e+01 8.147312947917615400e-01 1.091244200000000000e+07
1.465554487563843367e+01 8.130317761357220840e-01 1.093669800000000000e+07
1.467125359738870749e+01 8.117688062036767516e-01 1.096614200000000000e+07
1.468695215062295389e+01 8.104500733265224133e-01 1.096874600000000000e+07
1.470265208970906734e+01 8.087811979043817434e-01 1.101460200000000000e+07
1.471836994524712061e+01 8.079574932892766848e-01 1.104277400000000000e+07
1.473408908505314230e+01 8.062731060977949005e-01 1.106147400000000000e+07
1.474979494899728394e+01 8.056794115123572242e-01 1.107245000000000000e+07
1.476549319820674455e+01 8.040849525661259989e-01 1.109692200000000000e+07
1.478120959716355998e+01 8.020020767008483320e-01 1.114652600000000000e+07
1.479692708607952589e+01 8.016525262610310065e-01 1.114560200000000000e+07
1.481262773648680664e+01 8.002563831195076416e-01 1.116844200000000000e+07
1.482831807978547367e+01 7.988579105822100068e-01 1.118108600000000000e+07
1.484403479212634736e+01 7.978159154653898799e-01 1.125011400000000000e+07
1.485975910022496826e+01 7.967131781180500916e-01 1.124210600000000000e+07
1.487546116254211981e+01 7.954721899159606924e-01 1.126544600000000000e+07
1.489116101759013233e+01 7.940049568073693775e-01 1.128549000000000000e+07
1.490687605691364404e+01 7.928763094876623008e-01 1.133592200000000000e+07
1.492259047301397423e+01 7.919902949039420159e-01 1.133013000000000000e+07
1.493828361520856873e+01 7.902488009882656650e-01 1.135727000000000000e+07
1.495398746968900205e+01 7.894541780218240490e-01 1.138909800000000000e+07
1.496970470176504620e+01 7.883982888411136258e-01 1.142664200000000000e+07
1.498541811108218447e+01 7.871811905462151593e-01 1.143135800000000000e+07
1.500112369815582269e+01 7.859872426977557724e-01 1.146229800000000000e+07
1.501682771044461795e+01 7.851559716433249569e-01 1.147920200000000000e+07
1.503253401606537842e+01 7.839016603841648667e-01 1.150974600000000000e+07
1.504823456875438481e+01 7.825902524867087706e-01 1.152306200000000000e+07
1.506393551489705551e+01 7.811702971822076513e-01 1.155621000000000000e+07
1.507964770104679175e+01 7.803436264322873850e-01 1.158828200000000000e+07
1.509535661435938536e+01 7.789370468719476470e-01 1.159964600000000000e+07
1.511107216380126061e+01 7.777202150846772577e-01 1.164527400000000000e+07
1.512678669010588095e+01 7.766953796001111465e-01 1.164933800000000000e+07
1.514248358802091232e+01 7.756792617063850148e-01 1.166538600000000000e+07
1.515819551110980434e+01 7.745207344543004746e-01 1.171928600000000000e+07
1.517391026295977774e+01 7.735794452533619747e-01 1.172073800000000000e+07
1.518961803510608810e+01 7.721999027824069106e-01 1.175507400000000000e+07
1.520532275548752743e+01 7.707653652544715905e-01 1.176716600000000000e+07
1.522103567250607448e+01 7.699365615804362184e-01 1.181334600000000000e+07
1.523675395281714806e+01 7.687828370167730796e-01 1.182545000000000000e+07
1.525244943101724004e+01 7.680265324993698073e-01 1.182881400000000000e+07
1.526815365307287742e+01 7.667542491352963285e-01 1.188441800000000000e+07
1.528387066072771638e+01 7.656452593354596825e-01 1.190037800000000000e+07
1.529957321464638476e+01 7.646553132926917629e-01 1.190800200000000000e+07
1.531526583627620397e+01 7.636670081683974987e-01 1.193747000000000000e+07
1.533097536464771871e+01 7.627046243385342539e-01 1.198134600000000000e+07
1.534669338573561426e+01 7.617080094154483616e-01 1.199815400000000000e+07
1.536240004252223734e+01 7.600018741992832227e-01 1.201579800000000000e+07
1.537810801182491893e+01 7.592517083263258248e-01 1.204658600000000000e+07
1.539381960142510408e+01 7.586389089378431372e-01 1.207322600000000000e+07
1.540952845721061593e+01 7.570313424107294464e-01 1.208937000000000000e+07
1.542523709037442003e+01 7.565702508037588370e-01 1.212366200000000000e+07
1.544094016867252428e+01 7.552736750823521028e-01 1.212901800000000000e+07
1.545664017249611355e+01 7.538798316796093690e-01 1.216869800000000000e+07
1.547234727593419557e+01 7.536316336465953558e-01 1.219107000000000000e+07
1.548806833453869558e+01 7.519018508182775395e-01 1.223729000000000000e+07
1.550378623459487315e+01 7.509193512300046391e-01 1.223743400000000000e+07
1.551949330626827894e+01 7.499085939607625928e-01 1.226943000000000000e+07
1.553520078467428966e+01 7.490183763207873824e-01 1.228831400000000000e+07
1.555090402017178697e+01 7.481855533349610621e-01 1.231201800000000000e+07
1.556660515225103758e+01 7.471427633237849308e-01 1.233377000000000000e+07
1.558230564648683369e+01 7.459753383051891396e-01 1.236265400000000000e+07
1.559802032509431058e+01 7.449849991318214792e-01 1.240528200000000000e+07
1.561373656517381825e+01 7.442233255968944139e-01 1.241484200000000000e+07
1.562943874868456007e+01 7.433168469328844674e-01 1.243327800000000000e+07
1.564514468723513119e+01 7.417099337724976094e-01 1.246944200000000000e+07
1.566085762263859849e+01 7.408283965903785795e-01 1.249710600000000000e+07
1.567656801168175562e+01 7.403176869248915271e-01 1.251307400000000000e+07
1.569226784315055134e+01 7.390395328658012630e-01 1.253190200000000000e+07
1.570797061764651303e+01 7.382944677979803583e-01 1.256769000000000000e+07
1.572368763200833186e+01 7.377898617017174532e-01 1.260333800000000000e+07
1.573939902922757739e+01 7.362148357143412092e-01 1.261272600000000000e+07
1.575510155432147918e+01 7.353289746843677532e-01 1.263480200000000000e+07
1.577080131559525533e+01 7.344679227938998300e-01 1.266273000000000000e+07
1.578651124257762106e+01 7.337554844498257456e-01 1.269908600000000000e+07
1.580221945868158429e+01 7.324945161990245035e-01 1.271107400000000000e+07
1.581792010585497543e+01 7.310419466119185694e-01 1.273909800000000000e+07
1.583362809238100866e+01 7.305596386386613572e-01 1.276949000000000000e+07
1.584933934958661794e+01 7.296608682431741100e-01 1.279968600000000000e+07
1.586505742005159547e+01 7.288742379737315202e-01 1.282862600000000000e+07
1.588076352344777042e+01 7.283484017588063297e-01 1.283279400000000000e+07
1.589646872608305905e+01 7.271551083408110960e-01 1.287594200000000000e+07
1.591218765353894682e+01 7.262346941194829375e-01 1.290631400000000000e+07
1.592789674253093146e+01 7.254827298928950841e-01 1.291312200000000000e+07
1.594359563934946422e+01 7.250121470044937899e-01 1.293734600000000000e+07
1.595929854003116333e+01 7.236159999704009360e-01 1.297337400000000000e+07
1.597501474699522639e+01 7.218818634750314711e-01 1.300817000000000000e+07
1.599073061961361475e+01 7.224833618792229073e-01 1.302581000000000000e+07
1.600643059467362406e+01 7.212388912034212174e-01 1.303359000000000000e+07
1.602213644221637878e+01 7.198427386508003956e-01 1.308369800000000000e+07
1.603784671360493164e+01 7.190578390992512503e-01 1.309470600000000000e+07
1.605354767035452213e+01 7.188007136518463902e-01 1.311900200000000000e+07
1.606924881116611203e+01 7.174985421773609762e-01 1.314631800000000000e+07
